58847        374  119.28   26.08  119.00   -1.40   -1.50    1.36    1.42  119.00    0.00  3
                   -2.10   -2.30    1.04    1.04
                       1   -1.10   -2.10    2.15    1.33
59293        381  114.73   23.80  119.00   -0.69   -0.86    1.47    1.52  119.00    0.00  3
                   -0.10   -0.20    1.63    1.48
                       1   -0.20    0.20    1.78    1.04
59431        383  108.22   22.63  116.00   -1.11   -1.21    1.33    1.39  119.00    3.00  3
                   -1.40   -1.85    1.78    1.56
                       1   -2.10    0.35    0.52    0.82
60571        392  357.77   31.62   59.00    0.58    0.10    1.34    0.89   59.00    0.00  3
                    0.20    0.00    0.89    0.59
                       1   -0.20    0.60    0.30    1.26
74004        506  245.60   32.85   98.00   -1.31   -1.49    1.31    1.31  216.00   23.00  3
                   -1.42   -1.50    1.67    1.93
                       0   -1.02   -1.43    1.33    1.78
83566        547  316.42  -19.63  115.00   -0.67   -0.64    1.53    1.43  117.00    2.00  3
                   -0.20   -0.20    0.89    0.74
                       1   -3.25    0.10    1.56    0.44
91925        585  220.97   -9.80   59.00   -0.02    0.00    1.16    1.16   60.00    0.00  2
                   -0.50   -0.40    1.04    1.19
                       1   -0.40   -1.15    1.26    0.37
98646        648  123.97   10.30  107.00    0.78    0.61    1.39    1.35  107.00    0.00  3
                    0.30    0.10    1.19    0.89
                       1    0.70    0.85    2.00    2.00
74626        664  248.05   33.45  135.00    0.18   -0.11    1.49    1.39  138.00    0.00  3
                    0.50    0.00    1.63    1.78
                       3    1.05   -1.25    0.30    1.11
