  04018     337.40   63.97    1.78    1.71    0.68    0.58  0
  07145       2.00   48.77    1.88    1.75    0.45    0.35  0
  07510     359.32   44.83    1.97    1.71    0.42    0.34  0
  08001     351.58   43.37    1.59    1.43    0.49    0.38  0
  15420      26.21   44.50    2.98    2.65    0.60    0.42  0
  33041      30.96   52.40    1.65    1.66    0.45    0.38  0
  37259      47.48   43.01    2.34    2.15    0.68    0.53  0
  38341      71.23   42.51   -3.41   -3.36    0.44    0.40  0
  40265      36.25   32.37    1.56    1.64    0.39    0.34  0
  42027      74.83   34.08   -3.20   -2.72    0.78    0.66  0
  42101      76.47   30.33   -1.85   -1.41    0.51    0.41  0
  43353      76.27    9.95   -1.72   -1.47    0.76    0.65  0
  44231     100.17   49.63   -1.94   -1.87    0.63    0.57  0
  44292     106.98   47.93   -1.98   -1.94    0.58    0.43  0
  48565      98.30    8.10   -2.46   -2.38    0.72    0.67  0
  60390       3.22   36.69    1.83    1.47    0.90    0.42  0
  61052       2.17   13.48    1.90    1.39    0.81    0.79  0
  64458      16.05    1.62    2.58    1.99    0.83    0.51  0
  71909     291.45   63.75    1.66    1.41    0.86    0.71  0
  78897     298.47   16.27    2.15    2.02    0.44    0.37  0
  82026     304.02    2.48   -1.74   -1.67    0.50    0.42  0
  82244     305.22   -2.42    1.89    1.82    0.62    0.48  0
  91285     204.95   19.72   -1.94   -1.88    0.54    0.46  0
  91592     166.45  -22.27    2.27    2.15    0.52    0.47  0
  91680     177.45  -17.75    3.46    3.37    0.51    0.44  0
  96011      95.42    5.52   -1.62   -1.56    0.52    0.45  0
  96147     108.38    3.95    2.47    2.55    0.42    0.36  0
  96441     113.03    3.20   -2.19   -2.24    0.75    0.64  0
  96685     114.75   -3.45    1.81    1.72    0.73    0.68  0
  97072     119.73   -0.68    2.22    2.19    0.92    0.94  0
  98618     118.73    9.75    2.21    2.11    0.51    0.43  0
  SHIP        3.20   56.50    1.58    1.63    0.69    0.66  0
  44212      92.08   49.97   -2.66   -2.46    0.81    0.52  0
  61980      55.53  -20.88   -2.38   -2.32    0.70    0.69  0
  65344       2.38    6.35    1.68    1.50    0.44    0.35  0
  FPUW5GN   327.20   57.70   -2.12   -2.02    0.62    0.46  0
  64870      13.57    7.35    2.29    2.06    0.56    0.53  0
  68816      18.60  -33.98   -1.58   -1.42    0.79    0.73  0
  76225     253.97   28.67    2.06    1.83    0.87    0.90  0
  40394      41.68   27.43    2.09    1.87    0.64    0.58  0
