04018         18  337.40   63.97  226.00    1.78    1.71    0.68    0.58  226.00    0.00  0
                    1.90    1.80    0.59    0.44
                       0    1.40    1.90    0.37    0.59
07145         31    2.00   48.77  112.00    1.88    1.75    0.45    0.35  113.00    0.00  0
                    1.90    1.80    0.44    0.30
                       1    1.70    2.10    0.44    0.44
07510         32  359.32   44.83  115.00    1.97    1.71    0.42    0.34  115.00    0.00  0
                    2.00    1.70    0.44    0.44
                       1    1.95    2.15    0.37    0.59
08001         34  351.58   43.37  114.00    1.59    1.43    0.49    0.38  114.00    0.00  0
                    1.60    1.40    0.52    0.44
                       1    1.60    1.65    0.52    0.44
15420         65   26.21   44.50  114.00    2.98    2.65    0.60    0.42  114.00    0.00  0
                    3.00    2.70    0.59    0.44
                       1    2.80    3.00    0.30    0.59
33041        181   30.96   52.40   59.00    1.65    1.66    0.45    0.38   59.00    0.00  0
                    1.60    1.70    0.44    0.44
                       1    1.85    1.60    0.30    0.22
37259        202   47.48   43.01  115.00    2.34    2.15    0.68    0.53  117.00    2.00  0
                    2.30    2.20    0.44    0.44
                       1    2.45    2.30    0.52    0.44
38341        204   71.23   42.51   48.00   -3.41   -3.36    0.44    0.40  118.00   70.00  0
                   -3.40   -3.40    0.52    0.44
                       1   -2.95   -3.45    0.52    0.22
40265        206   36.25   32.37   57.00    1.56    1.64    0.39    0.34   59.00    0.00  0
                    1.50    1.70    0.44    0.44
                       1    1.70    1.55    0.30    0.67
42027        214   74.83   34.08   41.00   -3.20   -2.72    0.78    0.66   52.00   11.00  0
                   -3.30   -2.90    0.89    0.44
                       5   -3.30   -3.30    0.96    0.37
42101        216   76.47   30.33   59.00   -1.85   -1.41    0.51    0.41   59.00    0.00  0
                   -1.80   -1.40    0.44    0.30
                       1   -1.70   -1.90    0.44    0.59
43353        246   76.27    9.95   76.00   -1.72   -1.47    0.76    0.65   76.00    0.00  0
                   -1.80   -1.60    0.74    0.74
                       1   -1.00   -2.10    0.59    0.67
44231        248  100.17   49.63   59.00   -1.94   -1.87    0.63    0.57   59.00    0.00  0
                   -1.90   -1.90    0.59    0.44
                       1   -1.55   -2.30    1.26    0.52
44292        249  106.98   47.93  119.00   -1.98   -1.94    0.58    0.43  119.00    0.00  0
                   -2.00   -2.00    0.44    0.44
                       1   -2.15   -1.70    0.44    0.67
48565        281   98.30    8.10   58.00   -2.46   -2.38    0.72    0.67   58.00    0.00  0
                   -2.50   -2.40    0.74    0.74
                       1   -2.05   -2.65    0.22    0.82
60390        391    3.22   36.69   59.00    1.83    1.47    0.90    0.42   59.00    0.00  0
                    1.80    1.50    0.59    0.44
                       1    1.80    2.10    0.37    0.82
61052        394    2.17   13.48   91.00    1.90    1.39    0.81    0.79   91.00    0.00  0
                    1.90    1.40    0.89    0.74
                       1    1.65    2.45    0.59    0.67
64458        396   16.05    1.62  112.00    2.58    1.99    0.83    0.51  114.00    2.00  0
                    2.60    2.10    0.82    0.59
                       1    2.40    3.15    0.96    0.82
71909        430  291.45   63.75  116.00    1.66    1.41    0.86    0.71  117.00    1.00  0
                    1.90    1.50    0.59    0.59
                       1    1.65    0.30    0.67    1.19
78897        522  298.47   16.27  116.00    2.15    2.02    0.44    0.37  117.00    0.00  0
                    2.12    2.00    0.48    0.30
                       1    2.05    2.30    0.52    0.30
82026        528  304.02    2.48  118.00   -1.74   -1.67    0.50    0.42  118.00    0.00  0
                   -1.70   -1.65    0.44    0.37
                       1   -1.95   -1.60    0.44    0.44
82244        532  305.22   -2.42  108.00    1.89    1.82    0.62    0.48  111.00    3.00  0
                    1.90    1.80    0.74    0.44
                       3    1.60    1.85    0.44    0.82
91285        574  204.95   19.72  144.00   -1.94   -1.88    0.54    0.46  145.00    0.00  0
                   -1.90   -1.90    0.44    0.44
                       1   -2.00   -2.35    0.74    0.30
91592        581  166.45  -22.27  119.00    2.27    2.15    0.52    0.47  121.00    0.00  0
                    2.30    2.20    0.59    0.44
                       1    2.30    2.50    0.52    0.37
91680        583  177.45  -17.75  110.00    3.46    3.37    0.51    0.44  112.00    2.00  0
                    3.60    3.45    0.59    0.52
                       1    3.45    3.45    0.67    0.52
96011        618   95.42    5.52   66.00   -1.62   -1.56    0.52    0.45   66.00    0.00  0
                   -1.60   -1.50    0.59    0.44
                       1   -1.20   -1.70    0.37    0.67
96147        620  108.38    3.95  118.00    2.47    2.55    0.42    0.36  118.00    0.00  0
                    2.50    2.50    0.44    0.44
                       1    2.55    2.55    0.59    0.44
96441        626  113.03    3.20  111.00   -2.19   -2.24    0.75    0.64  111.00    0.00  0
                   -2.30   -2.10    0.44    0.74
                       1   -2.20   -2.35    0.22    0.37
96685        632  114.75   -3.45  119.00    1.81    1.72    0.73    0.68  119.00    0.00  0
                    2.00    1.90    0.44    0.59
                       1    1.95    2.35    0.67    0.30
97072        637  119.73   -0.68  114.00    2.22    2.19    0.92    0.94  119.00    5.00  0
                    2.50    2.50    0.89    0.89
                       1    2.30    2.65    0.74    1.04
98618        647  118.73    9.75  113.00    2.21    2.11    0.51    0.43  113.00    0.00  0
                    2.20    2.10    0.44    0.44
                       1    2.00    2.40    0.52    0.52
SHIP         652    3.20   56.50   78.00    1.58    1.63    0.69    0.66   79.00    1.00  0
                    1.55    1.70    0.67    0.74
                       3    1.45    1.45    0.37    0.89
44212        679   92.08   49.97   58.00   -2.66   -2.46    0.81    0.52   59.00    0.00  0
                   -2.80   -2.45    0.74    0.52
                       7   -2.50   -2.55    0.74    0.82
61980        683   55.53  -20.88   54.00   -2.38   -2.32    0.70    0.69   55.00    0.00  0
                   -2.20   -2.20    0.59    0.59
                       3   -2.15   -2.10    0.82    0.30
65344        687    2.38    6.35   49.00    1.68    1.50    0.44    0.35   50.00    0.00  0
                    1.70    1.80    0.44    0.44
                       3    1.65    1.70    0.22    0.37
FPUW5GN      721  327.20   57.70   31.00   -2.12   -2.02    0.62    0.46   32.00    0.00  0
                   -1.90   -2.10    0.44    0.59
                      15   -1.90   -2.05    0.37    0.44
64870        739   13.57    7.35   54.00    2.29    2.06    0.56    0.53   55.00    0.00  0
                    2.40    2.05    0.59    0.52
                       3    2.25    2.60    0.59    0.30
68816        747   18.60  -33.98   96.00   -1.58   -1.42    0.79    0.73   97.00    0.00  0
                   -1.50   -1.40    0.74    0.59
                       1   -1.95   -1.10    0.74    0.74
76225        788  253.97   28.67   35.00    2.06    1.83    0.87    0.90   59.00    1.00  0
                    2.20    2.10    0.59    0.37
                       3    2.50    2.15    0.67    0.44
40394        796   41.68   27.43   66.00    2.09    1.87    0.64    0.58   68.00    1.00  0
                    2.15    1.85    0.52    0.37
                       1    2.30    2.25    0.44    0.67
