14567          6   35.91  -31.38  230.00    0.52    0.58    1.48    1.39 1323.00   91.00  3
                    0.04    0.06    0.54    0.44
                       0    0.15    0.43    0.42    1.11
23091         53   89.24   17.83  227.00    0.28    0.15    1.35    1.30  452.00   21.00  3
                   -0.10   -0.20    0.52    0.44
                       0   -0.10    0.10    0.37    0.82
2FRK8         71  287.40   30.30  139.00   -1.29   -1.26    1.41    1.36  168.00    0.00  3
                   -1.40   -1.50    1.48    1.33
                       0   -1.70   -0.32    1.04    0.89
41064        158  283.10   34.20  213.00    0.10   -0.27    1.45    1.42 1272.00   23.00  3
                    0.43    0.17    0.42    0.26
                       0    0.32   -3.05    0.38    4.24
46014        251  231.00   39.20  229.00   -1.28   -1.14    1.67    1.68 8556.00  541.00  3
                   -0.70   -0.56    0.37    0.30
                       0   -5.74   -0.70    1.07    0.34
9HA3553      447  226.60   39.30   56.00    2.11    2.03    2.82    2.71   80.00   14.00  3
                    2.15    2.58    3.49    3.45
                       1    4.20    3.50    4.60    3.30
9HJD9        448  229.90   52.70  165.00   -3.07   -3.16    1.95    1.92  287.00    6.00  3
                   -3.70   -3.75    0.96    0.96
                       0   -0.65   -3.97    2.52    0.70
9HRJ9        449  225.60   58.20  228.00    0.15    0.12    1.51    1.43  657.00    8.00  3
                    0.15    0.22    1.37    1.25
                       0    0.99   -0.43    0.82    1.04
9V9040       462   80.60   -7.50  177.00    0.02    0.08    3.44    3.22 1315.00  179.00  3
                   -0.13   -0.10    4.16    3.86
                       0   -3.87    4.62    2.42    1.46
9V9289       464  184.30   47.90   22.00   -0.18   -0.10    1.40    1.29   22.00    0.00  3
                   -0.55   -0.50    1.11    1.19
                      20 -999.00 -999.00 -999.00 -999.00
9V9375       465   40.20   18.10   62.00    0.31    0.32    1.55    1.51   99.00    0.00  3
                    0.52    0.56    1.71    1.54
                       5    0.47    0.40    1.63    1.93
9V9925       470  154.00   45.60   80.00   -1.33   -1.29    2.72    2.69   85.00    3.00  3
                   -1.45   -1.65    2.52    2.52
                      47   -2.35    0.20    1.85    2.08
A8PQ8        480  285.10   38.60  219.00   -2.46   -2.75    2.11    2.12 1227.00  115.00  3
                   -2.63   -2.97    1.85    1.80
                       0   -1.96   -3.32    1.56    2.17
A8TG2        486  233.40   34.30   62.00   -0.81   -0.73    1.41    1.41   63.00    1.00  3
                   -1.05   -0.90    0.96    0.96
                       1   -1.20   -1.00    0.89    0.67
AVBC         513   56.50   25.20   71.00   -0.90   -0.78    1.39    1.33   74.00    2.00  3
                   -1.10   -0.90    1.48    1.33
                       1   -0.65   -1.00    2.08    1.26
AVEY         515   86.70   19.40   29.00    2.21    2.28    1.59    1.52   29.00    0.00  3
                    2.40    2.30    1.93    1.93
                      16 -999.00 -999.00 -999.00 -999.00
C6LG6        562  119.80   22.20  213.00   -0.78   -0.80    1.67    1.61  339.00    0.00  3
                   -1.50   -1.50    2.22    1.93
                       0    0.70   -2.10    0.82    0.30
C6TH9        570  214.40  -16.00  153.00    1.24    1.31    1.50    1.51  376.00    0.00  3
                    1.30    1.30    1.71    1.84
                       1    0.00    2.20    0.96    0.99
C6XC2        575  126.40   31.30  133.00    0.73    0.72    1.39    1.37  160.00    2.00  3
                    0.70    0.70    1.48    1.48
                       0    0.55    0.05    1.85    1.26
C6YM6        579   65.10   19.10  110.00    4.17    4.04    1.50    1.50  126.00   11.00  3
                    4.30    4.30    1.48    1.48
                       2    4.00    3.55    1.26    2.00
H3GR         666  280.70   31.90  101.00    3.35    2.99    1.36    1.37  142.00   17.00  3
                    3.10    2.80    1.04    1.04
                       0    3.07    3.50    0.85    1.07
H9LA         668  259.40   16.50   33.00   -1.55   -1.58    2.48    2.50   38.00    5.00  3
                   -1.30   -1.30    1.48    1.33
                       3 -999.00 -999.00 -999.00 -999.00
HPYE         674  282.90   25.30  130.00   -2.01   -2.42    1.47    1.46  217.00    0.00  3
                   -2.45   -2.90    0.75    0.69
                       0   -2.65   -2.35    0.67    3.11
KIYI         698  217.10   56.60  105.00   -0.67   -0.51    1.68    1.59  133.00    0.00  3
                   -1.10   -0.90    0.89    0.74
                       2   -1.15   -1.25    0.85    0.89
LAQL7        713   46.10  -25.60   23.00    3.98    3.90    1.41    1.33   30.00    6.00  3
                    3.80    3.80    1.63    1.78
                       0 -999.00 -999.00 -999.00 -999.00
PFAQ         796    3.80   52.90  113.00    0.67    0.70    1.37    1.22  115.00    2.00  3
                    0.70    0.70    1.19    1.04
                       9   -0.05    1.35    1.41    0.67
S6LT4        830  187.70   45.50   66.00   -0.62   -0.49    1.53    1.43   68.00    2.00  3
                   -0.65   -0.50    1.78    1.71
                       0   -0.25   -1.60    1.93    1.41
S6LT5        831  231.00   39.30   76.00    1.89    1.88    2.13    2.02   83.00    1.00  3
                    1.30    1.25    2.22    2.15
                       3    0.25    1.15    0.63    2.00
TBWUK69      864   44.30   -9.10   43.00   -0.48   -0.47    1.44    1.41   50.00    1.00  3
                   -0.70   -0.80    0.44    0.59
                      17 -999.00 -999.00 -999.00 -999.00
V7BY3        884    6.50  -33.50  107.00    2.26    2.26    2.60    2.59  167.00   14.00  3
                    3.00    2.80    2.89    2.67
                       0    4.25    3.35    1.45    2.15
V7NG2        886  292.00   10.40   50.00   -0.72   -0.96    1.46    1.42  199.00    0.00  3
                   -0.97   -1.21    1.48    1.52
                      42 -999.00 -999.00 -999.00 -999.00
VNVZ         909  125.60   -4.60   75.00    1.27    1.12    1.95    1.87   78.00    3.00  3
                    0.60    0.50    0.59    0.44
                       1    0.55    0.50    0.37    0.59
VRBR8        914  282.90  -21.40   88.00    0.54    0.58    1.30    1.19  106.00    2.00  3
                    0.53    0.60    0.96    0.74
                       0    0.00    0.90    0.67    0.67
VRCR9        916  342.10   19.30  173.00   -0.06   -0.12    1.35    1.30  633.00    6.00  3
                   -0.03   -0.17    1.14    1.10
                       2    0.00    0.63    0.74    1.16
VRCT4        918  154.20   -9.40   37.00    0.67    0.66    1.40    1.44   38.00    1.00  3
                    0.90    0.90    1.04    0.89
                       3 -999.00 -999.00 -999.00 -999.00
VRJL6        929  178.60   50.30   66.00   -0.26   -0.36    1.84    1.72   72.00    1.00  3
                    0.05   -0.10    1.71    1.71
                       4    0.05    0.85    1.70    1.56
VRKF2        930   88.60    5.90   96.00   -0.25   -0.30    1.62    1.48  109.00    0.00  3
                   -0.20   -0.30    1.71    1.48
                       0    1.00   -0.45    1.63    0.96
VRLX4        933  349.10   42.60   58.00    0.05    0.20    1.46    1.40   75.00    0.00  3
                    0.10    0.30    1.04    1.11
                      27    0.05    0.18    2.00    0.70
VROB9        938  185.30   50.40  114.00    1.76    1.80    1.69    1.61  115.00    0.00  3
                    1.65    1.70    1.78    1.71
                       0    3.60    1.40    0.89    0.89
VRPY5        942  334.70  -10.60  119.00   -1.26   -1.20    1.59    1.56  148.00    1.00  3
                   -1.20   -1.20    1.48    1.48
                       0   -1.80   -0.25    1.11    0.78
VRPY6        943   56.50  -30.60   86.00   -0.59   -0.61    1.71    1.66  108.00    0.00  3
                   -0.65   -0.70    1.82    1.63
                       0   -2.10   -0.85    1.33    1.70
VRQZ7        946   84.40    5.10   86.00    0.91    0.90    1.37    1.30  149.00    2.00  3
                    0.95    0.90    1.29    1.30
                      16    1.19    0.75    1.20    1.41
VRRB6        947   62.90  -17.90  170.00   -0.37   -0.30    1.74    1.69  695.00   10.00  3
                   -0.51   -0.37    1.87    1.83
                       0   -1.96    1.55    0.63    1.70
VRRI4        949  330.20   -8.60  232.00    0.62    0.57    1.66    1.57 1350.00   26.00  3
                    0.80    0.76    1.56    1.47
                       0    0.32    0.99    1.34    2.14
VRRW9        951   25.30   39.00   32.00    1.96    1.84    1.49    1.48   32.00    0.00  3
                    1.95    1.45    1.41    1.48
                       8 -999.00 -999.00 -999.00 -999.00
VRWW5        953  131.90   37.90   47.00   -2.96   -2.89    1.97    2.10   49.00    0.00  3
                   -3.70   -3.90    2.37    2.22
                       0 -999.00 -999.00 -999.00 -999.00
VRYO7        956  329.30   -0.10   35.00    3.23    3.16    1.55    1.54   36.00    1.00  3
                    3.80    3.70    1.33    1.19
                       1 -999.00 -999.00 -999.00 -999.00
VTXB         959   84.20   17.00  235.00    0.99    1.02    1.74    1.68  469.00    5.00  3
                    0.55    0.50    0.89    0.59
                       0    0.73    0.18    0.44    0.82
WADN         966  301.60   20.30   54.00    1.67    1.59    1.31    1.32   54.00    0.00  3
                    2.25    2.15    1.33    1.48
                       9 -999.00 -999.00 -999.00 -999.00
WAIU         968  286.20   30.40   55.00    0.06    0.12    1.63    1.63   55.00    0.00  3
                   -0.20    0.10    1.48    1.48
                      32 -999.00 -999.00 -999.00 -999.00
WDB7888      978  203.10   58.70   42.00    2.74    2.58    2.09    1.88   46.00    4.00  3
                    3.00    2.70    1.63    1.19
                      57 -999.00 -999.00 -999.00 -999.00
WDD7294      982  237.60   35.20   45.00   -1.00   -0.97    1.71    1.73   46.00    1.00  3
                   -1.20   -1.10    1.33    1.19
                       3 -999.00 -999.00 -999.00 -999.00
WDJ9413      990  212.50   60.60   27.00   -1.27   -1.36    1.92    2.04   29.00    2.00  3
                   -1.80   -2.10    2.82    3.41
                      16 -999.00 -999.00 -999.00 -999.00
WMDK         995   65.10   24.40  118.00    0.77    0.62    1.47    1.46  127.00    2.00  3
                    0.30    0.20    0.74    0.59
                       1    1.60    0.30    3.11    0.52
WSRL        1002  220.60   28.30  125.00   -1.45   -1.42    2.32    2.33  125.00    0.00  3
                   -0.30   -0.30    1.33    1.19
                       1   -4.75   -0.30    0.52    0.52
WTDF        1003  282.90   31.40  150.00   -0.91   -1.23    1.32    1.25  893.00   24.00  3
                   -1.07   -1.33    0.42    0.30
                       5   -0.88   -0.95    0.28    0.23
WTOI        1012  281.40   28.60  118.00   -0.34   -0.68    2.02    2.01  118.00    0.00  3
                   -0.90   -1.30    1.04    1.04
                       0   -0.15   -1.75    2.08    0.67
WYT8569     1014  206.90   58.30  100.00    1.03    0.93    2.14    2.07  129.00    0.00  3
                    1.15    1.10    2.26    2.37
                       1    0.20    1.45    2.22    1.04
2ICH9       1038  136.10    0.90   46.00    0.97    0.84    1.43    1.39   54.00    1.00  3
                    0.35    0.28    0.96    0.85
                       3 -999.00 -999.00 -999.00 -999.00
2ICI7       1041   67.80   18.40   80.00    0.29    0.30    1.60    1.53   91.00    0.00  3
                   -0.25   -0.10    0.96    0.89
                       5   -0.50   -0.35    0.59    0.96
3FZO8       1048  272.70   22.80  117.00    2.58    2.20    2.10    2.11  138.00    6.00  3
                    2.80    2.40    2.22    2.30
                       0    3.10    0.70    0.96    0.96
9HA3667     1054  236.70   48.40   98.00    0.06    0.18    1.65    1.58  174.00    4.00  3
                    0.10    0.30    1.04    0.89
                       2    0.20    0.15    1.17    0.96
9HJF9       1057  225.00   58.30  114.00    0.02   -0.02    2.69    2.58  133.00    0.00  3
                    0.00    0.00    1.63    1.52
                       1    0.30   -3.35    2.74    0.67
9V2735      1058  183.50   29.60   61.00    0.22    0.17    1.64    1.60   76.00    1.00  3
                    0.30    0.10    1.63    1.48
                      23   -0.90    0.80    1.22    0.96
9V2911      1059  196.90   31.00  106.00    2.08    2.02    1.30    1.25  127.00    2.00  3
                    2.10    1.98    1.33    1.11
                       0    2.15    1.95    1.41    0.96
9V7645      1060  257.40   17.40  100.00   -1.18   -1.27    1.77    1.64  128.00    0.00  3
                   -0.80   -1.10    1.19    1.19
                       0   -1.02    0.55    0.56    0.74
9V9725      1062  285.30   37.80  194.00    1.36    1.32    1.70    1.64  204.00    0.00  3
                    1.55    1.80    1.71    1.63
                       0   -0.90    2.05    1.19    0.67
AUFI        1073   64.70   23.50   25.00   -0.67   -0.59    1.96    1.92   42.00   15.00  3
                   -0.70   -0.40    1.04    1.33
                       4 -999.00 -999.00 -999.00 -999.00
BKIF        1078  116.90   20.30   29.00    2.82    2.68    1.45    1.39   39.00    7.00  3
                    2.60    2.50    0.74    0.89
                      35 -999.00 -999.00 -999.00 -999.00
C6DL4       1083  225.70   56.10   85.00   -1.01   -0.85    2.34    2.23   88.00    0.00  3
                   -0.10    0.00    1.04    0.74
                       0    0.20   -0.30    0.67    0.59
C6FN2       1086  242.50   32.20   86.00    2.43    2.16    1.74    1.67  107.00    6.00  3
                    2.70    2.40    1.33    1.33
                       0    3.33    0.50    1.37    2.37
C6YM5       1098   55.30  -17.50   75.00   -0.43   -0.48    1.80    1.76   77.00    1.00  3
                   -0.50   -0.60    2.22    2.22
                      10   -1.65   -0.90    1.41    1.93
H3VS        1125  274.00   21.00   82.00   -1.57   -1.94    2.33    2.28   87.00    0.00  3
                   -0.35   -0.60    1.33    1.04
                       0   -2.35   -0.10    3.34    0.44
TCZF2       1163  340.60   35.40   58.00   -1.38   -1.43    3.06    2.96   68.00    9.00  3
                   -1.60   -1.60    3.34    3.19
                       1   -2.15   -0.95    4.15    2.97
V7QN4       1175   77.80    7.30   44.00   -1.63   -1.54    1.36    1.32   45.00    0.00  3
                   -1.65   -1.50    1.26    1.19
                       0 -999.00 -999.00 -999.00 -999.00
V7UU3       1176  357.90   50.10  110.00    0.78    0.80    1.45    1.45  137.00    1.00  3
                    0.70    0.77    1.19    1.26
                       2    1.10   -0.55    0.70    0.89
V7WS4       1177  310.30  -31.60   36.00   -0.45   -0.35    1.78    1.79   41.00    0.00  3
                   -0.20   -0.18    0.82    0.85
                       2 -999.00 -999.00 -999.00 -999.00
VREZ3       1180   72.10   16.00   20.00    2.32    2.18    2.15    2.10   23.00    2.00  3
                    1.95    1.70    1.78    2.22
                      74 -999.00 -999.00 -999.00 -999.00
VRIV3       1184  131.90   43.00   62.00   -0.71   -0.82    1.58    1.50   70.00    0.00  3
                   -0.80   -1.05    1.41    1.41
                      37   -1.50    0.45    1.56    1.41
VRJZ9       1187  116.50  -12.60   34.00    4.34    4.26    1.72    1.70   78.00   43.00  3
                    4.70    4.55    1.26    1.48
                       0 -999.00 -999.00 -999.00 -999.00
VRKK2       1188  119.70   17.30   39.00   -0.79   -0.84    1.89    1.84   42.00    0.00  3
                   -1.30   -1.40    1.04    0.89
                      16 -999.00 -999.00 -999.00 -999.00
VRQO5       1196  141.50   35.40   34.00   -1.14   -1.06    1.45    1.45   35.00    0.00  3
                   -1.15   -0.90    1.41    1.19
                       3 -999.00 -999.00 -999.00 -999.00
WAZV        1201  234.90   38.60   97.00    2.79    2.84    1.88    1.77  115.00    1.00  3
                    2.40    2.30    1.48    1.33
                       3    1.90    2.20    0.37    3.85
WCQ6174     1202  202.30   58.30  148.00   -1.40   -1.34    1.31    1.27  197.00    7.00  3
                   -1.30   -1.30    1.19    1.19
                       0   -1.95   -1.20    1.48    0.89
WCZ5535     1203  336.60   55.00   63.00   -1.65   -1.61    1.52    1.48   65.00    1.00  3
                   -1.20   -1.10    1.63    1.48
                      32   -0.90   -2.95    0.67    0.96
WGAE        1207  358.20   36.30  100.00    1.21    1.22    1.42    1.39  101.00    0.00  3
                    1.40    1.20    1.33    1.48
                       0    2.50    1.50    1.56    0.44
WMKN        1209  284.20   34.30  112.00   -0.73   -0.70    1.47    1.40  124.00    2.00  3
                   -0.50   -0.60    0.59    0.59
                       1   -0.70   -0.80    0.74    0.52
WNTL        1211   65.30   18.20   98.00    1.16    1.05    1.94    1.90  104.00    1.00  3
                    0.20   -0.05    2.45    1.22
                       0   -0.30    3.45    0.89    0.59
WTAA        1213  291.90   40.30   78.00    0.96    0.90    1.59    1.60   83.00    0.00  3
                    0.30    0.20    0.78    0.59
                       0   -0.20    3.35    0.30    1.19
ZCBU3       1215  353.60   47.60   49.00   -0.53   -0.42    1.37    1.32   57.00    0.00  3
                   -0.50   -0.40    0.89    0.74
                      35 -999.00 -999.00 -999.00 -999.00
ZCBU5       1216  234.50   46.60   45.00   -0.13   -0.03    1.32    1.26   49.00    0.00  3
                   -0.30   -0.25    0.74    0.67
                       5 -999.00 -999.00 -999.00 -999.00
2IYN3       1225  138.40  -10.70   73.00    1.65    1.64    1.41    1.34   85.00    0.00  3
                    1.80    1.80    1.78    1.63
                       1    1.38    2.50    2.19    1.04
9HA4613     1231   14.10  -30.10   29.00   -1.24   -1.25    1.62    1.71   51.00   20.00  3
                   -1.40   -1.70    0.74    0.89
                       1 -999.00 -999.00 -999.00 -999.00
9V2732      1232  319.70    2.70   81.00    0.03   -0.03    1.43    1.37   99.00    1.00  3
                    1.40    1.20    2.08    1.93
                       0    0.20   -0.85    0.89    2.52
C6DF6       1253    5.30   43.30   70.00   -0.81   -0.94    2.47    2.40  143.00    2.00  3
                    0.13    0.20    1.61    1.42
                       2    0.25    0.81    2.52    1.06
C6FZ7       1255  280.60   27.00   89.00   -0.17   -0.60    1.31    1.28   96.00    0.00  3
                    0.30   -0.20    1.78    1.78
                       2    1.00   -1.45    0.56    0.52
C6QM8       1257  233.00   50.70   57.00   -0.05   -0.06    1.53    1.53   63.00    2.00  3
                   -0.30   -0.20    1.48    1.11
                       3   -0.45   -0.10    0.96    1.26
C6SE7       1259  224.90   58.70   49.00    1.72    1.81    2.13    2.06   52.00    2.00  3
                    2.10    2.50    1.78    1.63
                       1 -999.00 -999.00 -999.00 -999.00
IBNY        1289  119.00   38.70  128.00    0.87    0.86    1.31    1.26  163.00    5.00  3
                    0.90    0.90    1.19    1.11
                       0    1.65    0.25    1.33    0.82
ICAZ        1290  122.70   31.00   44.00    1.19    1.11    2.61    2.51   56.00   11.00  3
                    0.95    0.85    2.37    2.52
                      10 -999.00 -999.00 -999.00 -999.00
LAIG7       1296  135.80   38.40   70.00    1.76    1.76    1.46    1.43   71.00    0.00  3
                    1.85    1.75    1.56    1.56
                       0    2.05    2.35    1.48    1.48
LAMG7       1297  162.90   51.40   69.00   -2.07   -1.99    1.88    1.90   93.00    1.00  3
                   -2.95   -2.95    2.89    1.56
                       0   -3.60   -0.20    0.30    0.41
SLKQ        1329   18.20   36.40   99.00   -0.91   -0.89    1.55    1.43  105.00    5.00  3
                   -0.60   -0.60    0.89    0.59
                       0   -0.40   -1.40    0.74    0.96
V7IK7       1336  117.10   22.70  175.00    0.62    0.53    1.37    1.29  244.00    0.00  3
                    0.80    0.00    1.41    1.19
                       2    1.15   -0.18    2.08    1.00
VRBX7       1341  332.70   49.10   33.00    1.48    1.55    1.88    1.85   35.00    1.00  3
                    1.60    1.50    1.48    1.63
                      32 -999.00 -999.00 -999.00 -999.00
ZCEF6       1362  326.20   48.10   89.00   -0.21   -0.17    1.47    1.42  100.00    0.00  3
                   -0.40   -0.40    0.89    0.89
                       0   -0.50   -0.35    0.59    1.11
2HFZ7       1364  124.00   26.40   93.00    0.43    0.39    1.50    1.51  109.00    0.00  3
                    0.30    0.40    0.82    0.74
                       9    0.35    0.50    0.67    0.82
3ELP9       1366  285.60   18.80   65.00    2.21    2.19    2.05    1.96   71.00    1.00  3
                    2.70    2.40    2.37    2.67
                       9    3.85    2.70    1.04    2.08
5BWH2       1368  197.30   58.50   34.00    1.36    1.47    1.37    1.22   39.00    4.00  3
                    1.00    1.35    1.41    1.41
                       2 -999.00 -999.00 -999.00 -999.00
9HA4638     1371  297.00   18.00  139.00    4.24    3.88    1.44    1.40  188.00    2.00  3
                    4.50    4.10    0.74    0.74
                       0    4.20    3.90    0.44    2.05
9V2779      1373  125.50   30.90   38.00    0.64    0.61    2.42    2.33   56.00    0.00  3
                    1.10    1.25    2.60    2.30
                      63 -999.00 -999.00 -999.00 -999.00
9V9376      1375  180.30   50.20   62.00   -2.06   -1.94    1.86    1.82   86.00    6.00  3
                   -2.10   -2.00    1.93    1.78
                       5   -2.00   -2.10    2.22    1.85
9VVN8       1377  183.60  -13.60   54.00   -0.59   -0.60    1.65    1.65   55.00    0.00  3
                   -1.15   -1.60    1.41    0.89
                       5 -999.00 -999.00 -999.00 -999.00
A8WI3       1383  344.70   28.00   21.00    0.76    0.79    1.54    1.51   23.00    0.00  3
                    1.30    1.00    0.74    0.89
                      42 -999.00 -999.00 -999.00 -999.00
A8ZE4       1384   42.00   14.70   37.00   -1.36   -1.31    1.32    1.26   39.00    0.00  3
                   -1.30   -1.10    0.96    0.74
                       1 -999.00 -999.00 -999.00 -999.00
C6AV5       1387  114.60   22.00   27.00   -1.53   -1.63    2.05    2.03   28.00    0.00  3
                   -1.80   -1.90    2.08    1.78
                       6 -999.00 -999.00 -999.00 -999.00
C6SJ5       1393   12.10   54.50   47.00   -0.79   -0.84    1.33    1.33   52.00    2.00  3
                   -1.20   -1.20    1.33    1.33
                       3 -999.00 -999.00 -999.00 -999.00
CQIT6       1398  286.20   39.20   96.00    1.82    1.82    1.32    1.23   98.00    1.00  3
                    1.65    2.05    1.56    1.33
                       0    2.75    1.40    1.11    1.70
D5DY4       1400  272.00   28.40   23.00   -2.58   -2.96    1.39    1.42   27.00    3.00  3
                   -2.70   -3.30    1.48    1.63
                       2 -999.00 -999.00 -999.00 -999.00
ONFI        1415  128.30   31.10   59.00   -2.18   -2.10    1.40    1.33   66.00    0.00  3
                   -2.50   -2.40    1.19    1.19
                       0   -2.75   -1.88    0.74    1.48
UBMO9       1420  145.60   48.20   48.00    2.81    2.89    2.28    2.19   51.00    2.00  3
                    3.95    3.90    1.63    1.33
                      12 -999.00 -999.00 -999.00 -999.00
VRZU4       1435  233.70   48.90   31.00    3.01    2.94    1.75    1.65   33.00    1.00  3
                    3.60    3.70    1.93    1.33
                      38 -999.00 -999.00 -999.00 -999.00
WDDI        1440  234.30   31.20   23.00    1.19    1.15    1.59    1.53   26.00    0.00  3
                    1.60    1.50    0.59    0.44
                       3 -999.00 -999.00 -999.00 -999.00
WMKA        1447  267.60   27.80   33.00    3.63    3.44    1.75    1.72   35.00    0.00  3
                    4.30    4.10    1.33    1.19
                      63 -999.00 -999.00 -999.00 -999.00
WPKW        1449  128.00   30.50   85.00    3.18    3.16    2.00    1.87  109.00   24.00  3
                    3.80    4.00    1.93    1.93
                       0    3.95    2.90    1.85    2.15
ZCDN2       1455  350.90   40.60   53.00    0.94    0.91    1.52    1.52   57.00    0.00  3
                    0.40    0.40    1.63    1.78
                       2 -999.00 -999.00 -999.00 -999.00
9HA3097     1461  155.60  -30.70   31.00   -0.09    0.22    2.09    2.02   32.00    0.00  3
                   -0.20    0.00    1.63    1.63
                      10 -999.00 -999.00 -999.00 -999.00
9HA3739     1462  164.80   48.30   26.00   -0.38   -0.62    2.71    2.52   32.00    0.00  3
                   -1.35   -1.45    3.78    3.63
                      30 -999.00 -999.00 -999.00 -999.00
S6LT6       1484    4.50   53.10  141.00    0.43    0.38    1.45    1.44  199.00    2.00  3
                    0.25    0.30    1.11    1.19
                       8   -0.77    0.40    0.78    0.44
VRKX7       1491  321.20  -20.60   89.00    1.33    1.45    1.44    1.41  105.00    1.00  3
                    1.20    1.40    1.63    1.78
                       2    0.18    2.60    1.00    0.74
VRNR5       1494  178.00   47.80   31.00    2.10    2.05    3.25    3.20   35.00    3.00  3
                    1.20    1.40    3.56    4.00
                      11 -999.00 -999.00 -999.00 -999.00
VRRB5       1495   72.30   11.60   91.00    0.48    0.50    2.85    2.70  430.00   75.00  3
                    0.50    0.42    2.52    2.30
                       0   -1.47   -0.20    3.00    1.56
WROT        1503  220.00   44.40   88.00   -1.32   -1.22    2.37    2.33  138.00    2.00  3
                   -0.58   -0.70    3.04    1.04
                       2   -1.50   -0.65    0.96    0.59
ZCEK6       1508   17.80   57.90   50.00   -0.69   -0.71    1.43    1.38   57.00    1.00  3
                   -0.10   -0.15    0.74    0.59
                       7 -999.00 -999.00 -999.00 -999.00
9HA2583     1513   13.60   54.90   38.00    0.34    0.36    1.36    1.33   43.00    3.00  3
                    0.15    0.15    1.26    1.11
                       5 -999.00 -999.00 -999.00 -999.00
AVBF        1521   55.50   26.20   23.00   -1.56   -1.43    2.14    2.14   25.00    0.00  3
                   -1.40   -1.20    2.37    2.52
                      67 -999.00 -999.00 -999.00 -999.00
TBWUK90     1537   29.70   32.60   37.00    0.97    0.96    1.33    1.31   41.00    0.00  3
                    1.20    1.10    1.19    0.74
                       1 -999.00 -999.00 -999.00 -999.00
VRFT7       1541  119.30    0.30   87.00   -3.07   -3.10    2.19    2.11   93.00    5.00  3
                   -4.00   -4.00    1.19    1.19
                       2   -1.25   -4.50    2.52    0.44
VRLL2       1544  318.40   23.30   63.00    1.16    1.14    2.06    2.07  104.00    1.00  3
                    0.95    0.90    2.30    2.37
                       1    2.61    0.25    1.88    1.22
3FAE4       1560  288.00   35.50   39.00    0.71    0.79    1.87    1.81   40.00    0.00  3
                    1.00    0.80    1.48    1.33
                       1 -999.00 -999.00 -999.00 -999.00
D5QV7       1571   47.90   12.70   29.00    0.34    0.31    1.46    1.45   31.00    1.00  3
                    0.20    0.40    1.63    1.33
                       0 -999.00 -999.00 -999.00 -999.00
VRFX6       1585  302.20   40.80   25.00   -0.72   -0.62    2.39    2.35   26.00    0.00  3
                   -1.20   -0.70    2.37    3.26
                      19 -999.00 -999.00 -999.00 -999.00
9V9401      1591  132.00   40.40   66.00   -3.42   -3.37    1.83    1.73   73.00    5.00  3
                   -3.40   -3.55    1.93    1.56
                       1   -2.70   -3.95    1.85    1.33
PBWQ        1600  223.70   58.70   92.00    1.14    1.19    1.32    1.22  216.00    0.00  3
                    1.02    0.75    1.51    1.37
                       1    1.48    0.17    1.38    0.61
VRGO8       1605  166.00  -31.20   25.00   -1.69   -1.54    2.22    2.17   26.00    0.00  3
                   -0.60   -0.60    2.08    2.37
                       1 -999.00 -999.00 -999.00 -999.00
VRIR7       1606  280.30    9.70   62.00   -0.65   -0.75    2.54    2.52   84.00   16.00  3
                   -0.10   -0.15    2.22    2.08
                       0    1.00   -1.60    0.89    1.48
WBP3210     1609  289.10  -53.10  172.00   -0.20    0.03    2.35    2.28 1382.00  415.00  3
                   -0.12    0.10    1.16    0.80
                       0   -0.25    0.09    0.95    0.54
WDG2742     1612  227.40   56.80   36.00   -0.17   -0.29    1.56    1.53   37.00    0.00  3
                   -0.45   -0.50    1.56    1.78
                       6 -999.00 -999.00 -999.00 -999.00
WDG4379     1613   12.10   54.40   22.00   -0.05    0.03    1.30    1.04   26.00    0.00  3
                    0.18    0.15    0.74    0.59
                      64 -999.00 -999.00 -999.00 -999.00
2HDG2       1619  258.70   16.70   44.00    1.27    1.27    1.62    1.51   46.00    1.00  3
                    1.05    1.15    1.71    1.56
                       2 -999.00 -999.00 -999.00 -999.00
9HSJ7       1623   67.40   21.30   44.00   -2.60   -2.53    1.65    1.67   46.00    1.00  3
                   -2.75   -2.55    1.26    1.48
                       0 -999.00 -999.00 -999.00 -999.00
ONHA        1631   25.90  -34.10  125.00    0.04    0.06    1.53    1.45  486.00    6.00  3
                   -0.10    0.00    1.66    1.48
                       2    0.31    1.79    1.30    0.93
PFRO        1634  299.50   45.10   61.00    1.46    1.39    1.58    1.59   83.00    0.00  3
                    1.90    2.10    1.78    1.33
                      26    2.38   -0.20    0.82    1.04
UFLT        1639  179.90   63.10   65.00   -0.92   -0.82    1.79    1.75   69.00    3.00  3
                   -0.80   -0.80    1.78    1.63
                       0   -1.40   -0.70    1.93    1.33
V7QK9       1641   20.80   57.60   59.00   -3.21   -3.18    2.07    2.07   73.00    3.00  3
                   -3.80   -3.70    1.04    1.04
                       2   -3.90   -3.65    0.89    0.96
VRJT8       1645  280.50   32.50   92.00    3.82    3.75    2.19    2.20  156.00   64.00  3
                    4.10    4.00    1.78    1.93
                      17    5.05    3.05    1.48    1.41
VRLA6       1646  117.60  -16.40   50.00   -1.99   -2.05    1.39    1.38   51.00    0.00  3
                   -1.90   -1.90    1.56    1.48
                       0 -999.00 -999.00 -999.00 -999.00
9HOB8       1654  359.00   56.90   94.00   -0.28   -0.36    1.46    1.38  112.00    1.00  3
                   -0.45   -0.45    1.19    0.96
                       0   -0.80    0.25    1.04    0.82
C6KD6       1658  273.50   18.70   66.00    1.82    1.73    1.46    1.34   72.00    0.00  3
                    2.40    2.20    1.41    1.48
                       0    2.40    2.40    1.19    1.19
V7ZZ5       1670  343.40   39.20  136.00   -1.35   -1.17    1.73    1.67  529.00    5.00  3
                   -0.90   -0.88    1.71    1.74
                       0   -2.33   -0.65    0.53    1.35
VTFG        1673   92.80   11.50  119.00   -2.58   -2.50    1.67    1.61  307.00  105.00  3
                   -2.60   -2.50    1.19    1.11
                       0   -2.22   -3.22    0.56    1.04
ZCDS3       1678  339.80   62.60   50.00    0.86    0.91    2.18    2.11   56.00    0.00  3
                    0.80    0.95    1.96    1.93
                      14 -999.00 -999.00 -999.00 -999.00
VRDU8       1686  139.80   35.50   49.00   -2.47   -2.50    1.73    1.66   50.00    0.00  3
                   -2.50   -2.50    1.78    2.08
                      11 -999.00 -999.00 -999.00 -999.00
VRFU9       1687  347.40   37.30   27.00   -0.80   -0.80    2.47    2.37   29.00    1.00  3
                   -0.20   -0.10    1.48    1.33
                       4 -999.00 -999.00 -999.00 -999.00
VRKJ7       1689    2.30   36.90   29.00    1.74    1.62    1.41    1.33   37.00    2.00  3
                    1.50    1.50    0.89    0.74
                       8 -999.00 -999.00 -999.00 -999.00
A8VG7       1695  193.10   60.30   37.00    1.94    1.94    1.63    1.67   40.00    2.00  3
                    2.40    2.30    1.63    1.33
                       3 -999.00 -999.00 -999.00 -999.00
WDJ9975     1706  209.60   34.10   20.00    0.58    0.78    1.48    1.49   21.00    0.00  3
                    0.25    0.45    2.15    2.08
                       3 -999.00 -999.00 -999.00 -999.00
9V9144      1711  274.30   21.90   48.00   -1.98   -2.00    1.44    1.31   50.00    0.00  3
                   -1.80   -1.90    1.33    1.33
                      12 -999.00 -999.00 -999.00 -999.00
C6AB9       1715   70.30   14.60   36.00    2.29    2.18    1.47    1.35   37.00    0.00  3
                    2.35    2.15    1.85    1.71
                      10 -999.00 -999.00 -999.00 -999.00
CCES        1716  284.50   10.90  128.00   -1.29   -1.54    1.46    1.41  130.00    1.00  3
                   -1.60   -1.90    0.89    0.74
                       0   -1.75   -1.85    1.04    0.52
VRBJ9       1718  105.70    3.80   41.00    1.33    1.27    3.23    3.12   54.00    0.00  3
                    2.50    2.40    2.22    2.22
                       0 -999.00 -999.00 -999.00 -999.00
WDB9918     1722  225.40   51.50   45.00    1.02    1.17    2.89    2.81  118.00    0.00  3
                    1.84    2.12    4.36    4.33
                       1 -999.00 -999.00 -999.00 -999.00
3FAD8       1726  230.70   38.80  132.00   -2.10   -1.96    1.32    1.28  246.00    5.00  3
                   -2.05   -2.05    1.45    1.41
                       0   -1.60   -2.78    1.04    1.00
9V5542      1729   91.80    6.20   28.00    1.27    1.13    2.12    2.12   29.00    1.00  3
                    1.75    1.50    2.15    2.37
                       0 -999.00 -999.00 -999.00 -999.00
9V9915      1730   35.00   26.10   43.00   -0.14   -0.07    1.94    1.90   45.00    1.00  3
                   -0.20   -0.20    2.22    2.22
                       0 -999.00 -999.00 -999.00 -999.00
3EFD9       1745  147.30   39.20   28.00    0.87    0.83    2.25    2.17   34.00    0.00  3
                    0.22   -0.03    2.50    2.08
                      32 -999.00 -999.00 -999.00 -999.00
A8VQ2       1748   67.10   28.60   34.00    1.45    1.47    1.38    1.34   37.00    1.00  3
                    1.25    1.15    1.71    1.26
                       0 -999.00 -999.00 -999.00 -999.00
BKIE        1750  122.80   29.90   65.00    1.52    1.61    1.42    1.37  110.00    3.00  3
                    1.50    1.50    1.48    1.04
                      11    1.90    1.55    2.67    1.26
LAOX5       1755  285.70   33.90   39.00    0.94    0.86    1.41    1.31   40.00    0.00  3
                    0.50    0.50    0.30    0.44
                       0 -999.00 -999.00 -999.00 -999.00
UBSI9       1759  149.90   58.30   57.00   -0.02    0.06    1.37    1.33   58.00    0.00  3
                    0.10    0.20    1.04    0.89
                      17    0.15    0.05    0.96    1.26
WCDP        1761  291.10   37.70   65.00   -0.29   -0.48    1.50    1.40   76.00    2.00  3
                   -0.50   -0.50    1.48    1.33
                       1    0.05   -0.80    1.56    0.67
7KAB        1763  105.00    3.30   25.00    2.39    2.22    2.17    2.08   29.00    0.00  3
                    1.50    1.20    2.22    1.93
                      50 -999.00 -999.00 -999.00 -999.00
9VDD3       1778  152.60   44.60   46.00    0.04   -0.05    1.58    1.47   48.00    1.00  3
                    0.10    0.10    1.33    1.04
                       0 -999.00 -999.00 -999.00 -999.00
PDGS        1794  325.10   61.70   27.00    1.33    1.39    1.63    1.46   43.00    0.00  3
                    1.55    1.40    0.96    0.79
                       4 -999.00 -999.00 -999.00 -999.00
D5KF6       1819  149.50  -38.60  118.00   -1.48   -1.32    2.10    2.02  133.00    0.00  3
                   -1.00   -0.75    2.22    2.15
                       0   -1.45    0.10    1.93    1.48
V7UT9       1827  112.80   11.40   28.00   -0.31   -0.34    1.56    1.53   63.00   33.00  3
                   -0.38   -0.35    0.85    0.82
                       1 -999.00 -999.00 -999.00 -999.00
ZMSF        1832  174.40  -41.20   23.00   -0.01    0.01    1.32    1.28   34.00    0.00  3
                   -0.10   -0.10    0.59    0.44
                       3 -999.00 -999.00 -999.00 -999.00
VRMV3       1838    2.50   36.90   93.00    2.66    2.69    2.11    2.01   95.00    1.00  3
                    3.30    3.30    1.04    1.04
                       1    3.40   -0.65    0.52    2.97
WDG2803     1840  223.00   58.20   30.00   -2.22   -2.18    1.62    1.61   33.00    2.00  3
                   -2.05   -2.05    1.78    1.56
                      22 -999.00 -999.00 -999.00 -999.00
TBWUK64     1847  122.50   37.80  125.00    0.52    0.54    1.41    1.43  128.00    2.00  3
                    0.10    0.20    0.89    1.04
                       1   -0.10    0.90    0.44    1.33
VRON5       1853  106.10   -5.30   69.00   -0.13   -0.07    1.89    1.83   83.00    2.00  3
                   -0.20   -0.10    1.41    1.33
                       1    0.92   -0.32    1.67    1.37
VRLX6       1867  299.70   47.70   39.00   -1.11   -0.97    2.07    2.12   40.00    0.00  3
                   -1.20   -1.20    2.08    1.93
                       0 -999.00 -999.00 -999.00 -999.00
ZCEF3       1871    3.80   39.20   62.00    0.11    0.03    1.34    1.29   82.00    1.00  3
                    0.10   -0.10    0.59    0.59
                       3    0.08    0.10    0.74    0.59
9V2782      1872  126.70    0.60   63.00    4.01    3.85    1.59    1.55   78.00    7.00  3
                    4.30    4.20    1.19    1.19
                       1    3.75    5.07    0.93    0.99
V7UU4       1880  237.50   48.60   38.00   -2.04   -1.92    1.48    1.34   66.00    1.00  3
                   -2.30   -2.13    1.48    1.09
                       1 -999.00 -999.00 -999.00 -999.00
WLPI        1894  292.70   40.30   38.00   -3.20   -3.17    1.44    1.43   39.00    0.00  3
                   -3.30   -3.35    0.59    0.67
                      39 -999.00 -999.00 -999.00 -999.00
S6NQ        1904  135.50   29.40   34.00    2.85    2.84    1.36    1.25   35.00    0.00  3
                    2.90    3.25    1.26    1.41
                      22 -999.00 -999.00 -999.00 -999.00
VRFI2       1907  131.10    9.80   21.00    0.85    0.89    2.06    2.19   24.00    3.00  3
                    0.80    1.10    1.78    2.37
                      23 -999.00 -999.00 -999.00 -999.00
VRPY7       1912  122.70   26.00  169.00   -0.55   -0.50    1.44    1.38  655.00    2.00  3
                    0.40   -0.50    1.87    1.48
                       0   -0.41   -1.72    1.14    1.25
MAZS3       1926  291.10   37.40  146.00    0.48    0.48    2.59    2.53  147.00    0.00  3
                   -0.20   -0.30    2.89    2.45
                       5    1.95   -2.75    0.96    0.82
VRCI9       1927  143.00   41.60   58.00    2.19    2.26    1.35    1.28   60.00    1.00  3
                    2.40    2.35    1.33    1.26
                      26    2.25    2.35    1.19    2.00
9V9920      1929   25.60   33.60   66.00   -1.49   -1.48    2.80    2.83   92.00   10.00  3
                   -2.05   -2.05    3.34    3.41
                       0   -3.50    1.45    1.63    2.00
MAPY4       1951  213.80   40.60   39.00    0.86    0.91    1.33    1.36   45.00    5.00  3
                    0.70    0.70    0.74    1.63
                       2 -999.00 -999.00 -999.00 -999.00
VRGH3       1953  279.20  -22.90   42.00   -1.05   -1.08    3.68    3.65   57.00    9.00  3
                   -1.95   -1.88    4.75    4.71
                       7 -999.00 -999.00 -999.00 -999.00
WDG9588     1957  210.00   61.20   39.00   -1.25   -1.11    2.02    1.97   42.00    2.00  3
                   -0.80   -0.90    1.93    1.78
                       6 -999.00 -999.00 -999.00 -999.00
3FAR9       1960  328.70   47.80   35.00    1.33    1.27    1.42    1.37   38.00    1.00  3
                    1.00    1.00    1.48    1.33
                      15 -999.00 -999.00 -999.00 -999.00
9V9924      1961  102.00   10.40   79.00    3.20    3.12    2.12    2.07   99.00    9.00  3
                    3.60    3.35    2.52    2.30
                       0    4.15    4.10    2.00    1.78
TBWUK77     1966  132.40   36.80   29.00    0.45    0.31    1.35    1.26   30.00    0.00  3
                    0.20    0.10    0.44    0.30
                      36 -999.00 -999.00 -999.00 -999.00
V7DR9       1967  210.70   43.70   21.00    0.88    0.96    3.98    3.95   24.00    2.00  3
                    0.40    0.60    6.67    6.23
                       3 -999.00 -999.00 -999.00 -999.00
KPES        1975  223.60   44.10  131.00    2.57    2.53    1.84    1.70  299.00   24.00  3
                    2.30    2.30    2.13    1.93
                       0    4.85    0.65    1.48    1.04
V7YL7       2031  163.70   37.30   20.00    1.43    1.39    1.93    1.91   21.00    0.00  3
                    2.10    1.95    2.52    2.30
                      30 -999.00 -999.00 -999.00 -999.00
C6UK7       2039  183.60   32.60   44.00    3.01    2.95    1.54    1.44   51.00    4.00  3
                    3.30    3.30    1.63    1.63
                      35 -999.00 -999.00 -999.00 -999.00
UERK        2047  131.70   37.60   28.00   -0.50   -0.36    1.54    1.47   29.00    0.00  3
                   -0.70   -0.40    1.11    0.89
                       4 -999.00 -999.00 -999.00 -999.00
WDF4764     2050  133.80   25.80   56.00    1.34    1.36    1.92    1.89   58.00    1.00  3
                    1.65    1.75    1.78    1.48
                       5    2.00    1.45    1.63    1.19
VRET5       2060  352.80   47.00   68.00    1.78    1.81    1.37    1.39   80.00    0.00  3
                    1.50    1.60    1.04    1.04
                      16    2.00    1.50    1.33    0.74
VRNZ9       2069  267.60   12.10   22.00    1.57    1.53    2.23    2.08   24.00    1.00  3
                    2.05    1.75    1.93    2.00
                       3 -999.00 -999.00 -999.00 -999.00
C6CG4       2076    1.70   38.80  143.00   -0.07   -0.15    2.39    2.31  225.00    2.00  3
                    0.00    0.25    2.08    2.30
                       0   -0.48    4.00    0.55    1.59
3FDX5       2101  270.00   30.00   86.00    0.70    0.44    1.38    1.38   87.00    0.00  3
                    0.50    0.20    1.63    1.56
                       0    0.60    0.35    2.08    1.93
C6AB6       2104  289.70   13.00   95.00    0.78    0.79    1.38    1.33  117.00    1.00  3
                    0.80    0.90    1.19    1.19
                       0    0.12    1.38    1.37    0.85
3EFI        2105  143.10   37.20   28.00   -0.61   -0.47    1.67    1.59   36.00    1.00  3
                   -1.02   -1.00    1.30    1.33
                      57 -999.00 -999.00 -999.00 -999.00
VRMX8       2113  143.10   42.60   23.00   -0.98   -1.04    2.00    1.96   25.00    0.00  3
                   -0.80   -1.00    1.33    1.19
                       2 -999.00 -999.00 -999.00 -999.00
VROG7       2118  232.30   36.80   53.00   -0.71   -0.65    1.30    1.24   71.00    2.00  3
                   -0.70   -0.65    1.33    1.26
                      12 -999.00 -999.00 -999.00 -999.00
TBWUK73     2121   58.00   25.20   46.00   -0.05   -0.04    1.65    1.54   54.00    0.00  3
                   -0.25   -0.15    0.96    0.52
                       1 -999.00 -999.00 -999.00 -999.00
C6AB8       2164   52.90   26.60   33.00   -0.04   -0.04    3.86    3.74   69.00   26.00  3
                   -1.65   -1.30    3.49    3.86
                       3 -999.00 -999.00 -999.00 -999.00
A8CH2       2168  350.40   32.10   25.00   -0.95   -0.94    1.90    1.93   28.00    2.00  3
                   -0.30   -0.20    1.48    1.33
                       6 -999.00 -999.00 -999.00 -999.00
V7UT8       2171    0.50   36.80   30.00    3.02    2.71    1.78    1.84   35.00    4.00  3
                    3.15    3.10    2.08    2.15
                      16 -999.00 -999.00 -999.00 -999.00
ZCDI4       2173  236.40   26.50   23.00    0.59    0.60    2.99    2.97   29.00    3.00  3
                    1.00    1.00    3.56    3.56
                       3 -999.00 -999.00 -999.00 -999.00
CQAH9       2177  192.60   43.80   46.00    3.99    3.86    0.75    0.66   53.00    1.00  2
                    4.00    3.95    0.67    0.67
                       8 -999.00 -999.00 -999.00 -999.00
WCEU        2186  206.40   45.30   55.00   -1.99   -1.84    1.67    1.53   56.00    0.00  3
                   -2.30   -1.40    1.63    2.08
                       1 -999.00 -999.00 -999.00 -999.00
ONDY        2214   52.90   25.10  104.00    3.10    3.10    1.32    1.33  112.00    4.00  3
                    2.85    2.85    1.26    1.33
                       7    2.85    3.65    0.96    1.26
VRUR7       2215  310.10   11.70   59.00   -3.17   -3.08    2.42    2.41  170.00   17.00  3
                   -3.68   -3.70    1.16    1.19
                       1   -3.22   -4.03    1.26    0.89
OWLC2       2220  285.50   21.70   47.00    0.57    0.51    1.61    1.59   53.00    0.00  3
                    0.75    0.70    0.67    0.74
                       1 -999.00 -999.00 -999.00 -999.00
VRBI8       2222  107.10   -5.60   42.00    1.21    1.13    1.32    1.32   43.00    0.00  3
                    1.50    1.55    1.19    0.96
                      15 -999.00 -999.00 -999.00 -999.00
C6CV5       2240  357.50   58.20   71.00   -0.72   -0.75    1.67    1.63  209.00    7.00  3
                   -0.10   -0.30    1.00    1.19
                       8   -0.99   -0.07    2.31    1.00
DARI        2251  273.30   23.90   24.00   -3.50   -3.62    1.31    1.19   25.00    0.00  2
                   -3.20   -3.35    1.04    1.11
                      12 -999.00 -999.00 -999.00 -999.00
9V3867      2260  315.30  -32.30   32.00    1.44    1.52    1.58    1.47   35.00    2.00  3
                    1.70    1.80    1.33    1.19
                       3 -999.00 -999.00 -999.00 -999.00
WPTC        2270  186.70   50.00   34.00    2.24    2.23    1.49    1.48   42.00    0.00  3
                    2.17    2.25    1.33    1.26
                       0 -999.00 -999.00 -999.00 -999.00
VROV6       2282  281.00   -8.20   22.00    1.46    1.23    1.54    1.42   23.00    0.00  3
                    1.55    1.30    0.82    0.82
                       2 -999.00 -999.00 -999.00 -999.00
ICJA        2286   30.10   59.90   68.00   -2.64   -2.72    2.02    2.00  219.00  132.00  3
                   -2.70   -2.82    1.63    1.71
                       0   -2.25   -3.05    1.41    1.70
9V9926      2297  283.70   33.80   58.00   -0.04   -0.07    1.75    1.73   62.00    1.00  3
                   -0.20   -0.20    1.19    1.26
                       5   -0.25    0.15    1.11    1.41
VRDW2       2311  113.60   -6.10   58.00   -1.91   -1.95    2.16    2.15   62.00    3.00  3
                   -0.90   -0.95    1.48    1.48
                       1   -0.65   -3.20    1.11    3.19
9HA4800     2336  336.60   64.50   84.00   -0.16   -0.25    1.89    1.86   99.00    2.00  3
                   -0.25   -0.40    2.22    2.08
                       0   -0.10   -0.15    2.97    1.63
LAPD7       2343  103.10   -7.30   24.00   -0.22   -0.19    2.00    1.97   25.00    0.00  3
                   -0.40   -0.40    2.22    2.00
                       1 -999.00 -999.00 -999.00 -999.00
A8MH2       2377  348.40  -18.90   25.00   -0.92   -0.88    1.45    1.32   26.00    0.00  3
                   -0.80   -0.50    1.33    0.89
                      67 -999.00 -999.00 -999.00 -999.00
UCUD        2386  343.00   23.20   66.00    0.52    0.42    2.43    2.46   67.00    0.00  3
                    0.60    0.55    2.74    2.74
                       2    0.85   -0.45    2.22    2.82
VRMW7       2398  259.30   16.50   35.00    3.27    3.15    2.37    2.22   41.00    3.00  3
                    3.70    3.70    1.93    2.22
                       0 -999.00 -999.00 -999.00 -999.00
V7UT7       2417  113.90   12.60   33.00    0.07    0.11    1.98    1.90   39.00    0.00  3
                    0.30    0.50    2.37    2.22
                       3 -999.00 -999.00 -999.00 -999.00
V7EQ4       2420   35.10   26.30   24.00    0.11    0.09    1.77    1.82   27.00    2.00  3
                    0.30    0.25    1.41    1.78
                       1 -999.00 -999.00 -999.00 -999.00
FIHV        2423  306.40   66.90   29.00   -2.52   -2.54    2.19    2.09   39.00    1.00  2
                   -2.50   -2.50    2.82    2.22
                       0 -999.00 -999.00 -999.00 -999.00
OWHH2       2465  157.00   48.20   40.00    0.35    0.38    2.10    2.02   45.00    1.00  3
                    0.35    0.45    1.71    1.26
                       5 -999.00 -999.00 -999.00 -999.00
4XIM        2484  130.90   35.90   48.00    2.01    2.13    1.44    1.44   50.00    1.00  3
                    2.05    2.30    1.63    1.56
                       9 -999.00 -999.00 -999.00 -999.00
23092       2572   89.14   17.52   45.00    0.38    0.25    1.30    1.26   86.00    1.00  3
                    0.15   -0.05    0.67    0.30
                      35 -999.00 -999.00 -999.00 -999.00
WBA4557     2574  287.80   40.30   41.00   -1.80   -2.00    1.81    1.83  107.00    6.00  3
                   -2.50   -2.93    2.37    2.57
                      36 -999.00 -999.00 -999.00 -999.00
V7RF9       2578  289.80  -20.70   22.00    3.57    3.32    1.55    1.56   39.00    7.00  3
                    3.60    3.60    2.04    1.78
                      37 -999.00 -999.00 -999.00 -999.00
VRCQ2       2600  112.60   12.10   11.00    3.01    2.80    1.68    1.63   12.00    0.00  2
                    3.50    3.30    1.19    0.89
                      45 -999.00 -999.00 -999.00 -999.00
VWTI         964   92.70   11.70    1.00    5.70    5.80    0.00    0.00  406.00  405.00  1
                 -999.00 -999.00 -999.00 -999.00
                       1 -999.00 -999.00 -999.00 -999.00
AVQU        1074   57.00   25.00    2.00    4.85    4.90    0.95    1.00   14.00   12.00  1
                 -999.00 -999.00 -999.00 -999.00
                      65 -999.00 -999.00 -999.00 -999.00
C6UC3       1093  111.40    6.30    6.00    5.02    4.80    2.05    1.99   89.00   83.00  1
                    5.65    5.70    0.59    0.67
                       1 -999.00 -999.00 -999.00 -999.00
WDJ7294     1614  235.40   48.40    3.00   -5.47   -5.27    1.14    1.09   23.00   20.00  1
                 -999.00 -999.00 -999.00 -999.00
                      16 -999.00 -999.00 -999.00 -999.00
VRNM9       2172   22.10   59.30    3.00    3.90    3.87    3.25    3.23   17.00   14.00  1
                 -999.00 -999.00 -999.00 -999.00
                      81 -999.00 -999.00 -999.00 -999.00
