AYNZ           3  146.72   -6.57  175.00   -1.80   -1.81    0.84    0.77  633.00    1.00  0
                   -1.62   -1.64    0.88    0.71
                       0   -1.55   -1.97    0.74    1.07
CWSW          28  245.12   49.75  176.00    2.47    2.22    0.76    0.55  876.00    0.00  0
                    2.54    2.24    0.79    0.51
                       1    2.77    2.62    0.48    0.99
DAAY         279  359.75   33.53  230.00    1.72    1.63    0.60    0.48 1215.00    1.00  0
                    2.81    1.60    1.65    0.39
                       0    1.42    1.94    0.42    0.47
DNKN         313    8.52   12.05  231.00    1.76    1.38    0.63    0.46 1061.00    0.00  0
                    1.77    1.40    0.61    0.42
                       0    1.69    2.16    0.75    0.54
DNMN         315    6.43    9.65  154.00   -3.94   -4.05    0.94    0.84  302.00    0.00  0
                   -4.15   -4.20    0.79    0.59
                       0   -4.32   -3.47    0.67    0.96
DTTF         324    8.82   34.42  238.00   -2.20   -2.37    0.76    0.68 1302.00    0.00  0
                   -2.18   -2.36    0.84    0.74
                       0   -2.67   -1.76    0.84    0.84
DXNG         332    1.10    9.77  229.00    1.61    1.48    0.51    0.40  892.00    0.00  0
                    1.60    1.48    0.54    0.33
                       0    1.62    1.76    0.48    0.39
FMEE         663   55.52  -20.89  238.00   -1.99   -1.95    0.37    0.36 2851.00    0.00  0
                   -2.01   -1.96    0.40    0.40
                       0   -1.99   -2.04    0.30    0.48
FMEP         664   55.42  -21.32  238.00   -1.54   -1.51    0.43    0.40 2852.00    0.00  0
                   -1.56   -1.53    0.40    0.42
                       0   -1.56   -1.25    0.35    0.50
FMSD         668   46.95  -25.03  238.00   -1.51   -1.50    0.49    0.46 1422.00    2.00  0
                   -1.50   -1.50    0.47    0.46
                       0   -1.32   -1.61    0.52    0.38
GANR         684  350.65   15.23  228.00    1.53    1.20    0.79    0.59  440.00    0.00  0
                    1.50    1.20    0.67    0.48
                       0    1.40    1.70    1.00    0.70
GCTS         692  343.43   28.05  238.00   -3.03   -3.01    0.38    0.34 2853.00    0.00  0
                   -3.05   -3.06    0.32    0.30
                       0   -3.19   -2.87    0.36    0.36
HESC         741   34.07   28.68  187.00    1.51    1.55    0.48    0.46  961.00    0.00  0
                    1.50    1.55    0.49    0.44
                       0    1.68    1.47    0.34    0.58
HTAR         756   36.63   -3.37  200.00   -2.36   -2.49    0.53    0.43  892.00    1.00  0
                   -2.43   -2.53    0.55    0.43
                       0   -2.52   -2.28    0.63    0.54
HTKA         761   29.63   -4.88  199.00    1.76    1.62    0.45    0.40  885.00    0.00  0
                    1.75    1.60    0.49    0.37
                       0    1.75    1.77    0.61    0.68
HTSU         768   31.63   -7.97  199.00   -2.97   -3.07    0.32    0.39  877.00    0.00  0
                   -2.95   -3.00    0.27    0.36
                       0   -3.05   -2.84    0.33    0.23
K1FN         804  258.33   47.90  205.00   -2.87   -2.98    0.40    0.23 1175.00    0.00  0
                   -2.90   -2.98    0.35    0.25
                       0   -2.98   -2.86    0.31    0.38
KACJ         917  275.80   32.11  238.00    1.61    1.06    0.32    0.21 4274.00    0.00  0
                    1.59    1.04    0.29    0.21
                       0    1.65    1.38    0.23    0.26
KAIK         951  278.31   33.65  238.00    1.66    1.12    0.31    0.21 4240.00    0.00  0
                    1.68    1.12    0.28    0.16
                       0    1.73    1.46    0.30    0.28
KANK         979  253.95   38.53  238.00    1.82    1.75    0.54    0.46 4247.00    0.00  0
                    1.81    1.74    0.60    0.42
                       0    2.12    1.60    0.36    0.58
KAVC        1026  281.95   36.69  237.00    2.31    1.84    0.37    0.19 4271.00   18.00  0
                    2.30    1.83    0.33    0.17
                       0    2.20    2.28    0.28    0.37
KBDG        1065  250.52   37.58  238.00    1.90    1.90    0.55    0.41 4277.00    0.00  0
                    1.92    1.87    0.46    0.31
                       0    2.01    1.88    0.44    0.50
KCBE        1183  281.23   39.61  197.00    1.61    1.22    0.40    0.28 3419.00   34.00  0
                    1.58    1.22    0.38    0.25
                       0    1.38    1.54    0.45    0.26
KCTJ        1293  274.85   33.63  226.00    1.56    1.04    0.31    0.17 4047.00    0.00  0
                    1.53    1.06    0.28    0.16
                       0    1.49    1.31    0.33    0.28
KCWN        1313  255.15   38.75  205.00   -2.31   -2.45    0.51    0.43 1698.00    0.00  0
                   -2.33   -2.47    0.50    0.44
                       0   -2.13   -2.32    0.43    0.42
KEOE        1479  278.36   34.31  238.00    1.53    1.01    0.33    0.21 4228.00    0.00  0
                    1.54    1.03    0.32    0.18
                       0    1.53    1.37    0.30    0.28
KESN        1489  283.94   38.79  227.00    1.61    1.22    0.30    0.21 2178.00   27.00  0
                    1.63    1.25    0.28    0.17
                       0    1.56    1.58    0.26    0.23
KEZM        1509  276.87   32.21  206.00    1.54    0.98    0.32    0.23 3496.00    0.00  0
                    1.54    0.98    0.32    0.22
                       2    1.60    1.38    0.35    0.16
KHQU        1775  277.48   33.53  238.00    2.29    1.73    0.35    0.23 4273.00    0.00  0
                    2.23    1.77    0.31    0.16
                       0    2.21    2.14    0.37    0.27
KI16        1819  278.44   37.60  236.00    2.00    1.60    0.39    0.29 4247.00   36.00  0
                    2.33    1.63    0.53    0.25
                       0    1.86    1.91    0.43    0.30
KLKU        1976  282.03   38.01  236.00    1.85    1.40    0.43    0.23 4263.00   36.00  0
                    1.85    1.42    0.39    0.22
                       0    1.70    1.69    0.36    0.35
KMYP        2200  253.68   38.47  223.00    2.51    2.47    0.40    0.35 4158.00    0.00  0
                    2.47    2.46    0.44    0.39
                       0    2.80    2.35    0.54    0.53
KNOW        2233  236.60   48.13  238.00   -1.59   -1.78    0.54    0.30 4280.00    0.00  0
                   -1.60   -1.78    0.56    0.32
                       0   -1.70   -1.56    0.51    0.56
KNUW        2247  237.35   48.35  238.00    1.58    1.42    0.47    0.30 1641.00    0.00  0
                    1.58    1.44    0.46    0.31
                       0    1.71    1.63    0.32    0.42
KNXP        2249  243.86   34.28  238.00    2.16    2.14    0.45    0.36 1447.00    0.00  0
                    2.21    2.15    0.38    0.35
                       0    2.09    2.32    0.56    0.28
KPKB        2389  278.57   39.35  223.00    1.57    1.14    0.44    0.29 1918.00   28.00  0
                    1.52    1.15    0.40    0.25
                       0    1.27    1.42    0.31    0.26
KRMN        2501  282.55   38.40  236.00    1.80    1.35    0.39    0.20 4276.00   36.00  0
                    1.79    1.38    0.39    0.18
                       0    1.71    1.69    0.44    0.24
KTRM        2751  243.83   33.63  236.00   -1.50   -1.57    0.75    0.62 1420.00    0.00  0
                   -1.58   -1.60    0.90    0.69
                       0   -1.48   -1.76    1.00    0.89
KUKF        2783  278.91   36.22  228.00    1.91    1.46    0.43    0.27 4066.00   35.00  0
                    1.96    1.46    0.35    0.24
                       0    1.79    1.76    0.26    0.40
KVUJ        2836  279.85   35.42  230.00    1.90    1.40    0.38    0.20 4085.00    0.00  0
                    1.83    1.42    0.37    0.19
                       0    1.83    1.72    0.29    0.16
LECH        2916  358.70   40.86  238.00   -2.37   -2.51    0.99    0.95 2864.00    0.00  0
                   -2.34   -2.48    1.00    0.95
                       0   -2.48   -2.57    0.86    1.17
LGSA        3059   24.13   35.53  238.00   -1.69   -1.50    0.32    0.28 2832.00    0.00  0
                   -1.58   -1.33    0.35    0.36
                       0   -1.51   -1.81    0.24    0.35
LIBQ        3078   16.39   39.33  207.00   -2.63   -2.58    0.81    0.85 1211.00    0.00  0
                   -2.67   -2.57    0.82    0.87
                       0   -3.46   -1.62    0.60    0.67
LQMO        3168   17.82   43.28  221.00   -1.85   -1.89    0.48    0.36 1799.00    0.00  0
                   -1.88   -1.90    0.52    0.36
                       0   -1.73   -2.05    0.46    0.58
LSGS        3190    7.33   46.22  238.00   -1.56   -1.52    0.86    0.65 2852.00    0.00  0
                   -1.58   -1.58    1.08    0.80
                       0   -1.50   -2.08    1.19    0.81
LSZL        3201    8.88   46.16  220.00   -2.26   -2.31    0.67    0.57 2455.00    0.00  0
                   -2.26   -2.30    0.72    0.54
                       0   -2.40   -2.18    0.40    0.71
LTAJ        3209   37.47   36.95  238.00   -1.81   -1.75    0.38    0.41 2854.00    0.00  0
                   -1.80   -1.72    0.40    0.43
                       0   -1.67   -1.68    0.36    0.30
LTAR        3212   36.90   39.79  238.00    1.52    1.52    0.52    0.43 1514.00    0.00  0
                    1.51    1.58    0.58    0.48
                       0    1.80    1.16    0.40    0.66
LTFG        3244   32.29   36.29  238.00   -2.92   -2.90    0.45    0.33 1448.00    0.00  0
                   -2.93   -2.92    0.49    0.35
                       0   -3.14   -3.05    0.35    0.54
MBPV        3264  287.75   21.77  177.00   -1.57   -1.86    0.37    0.35  656.00    1.00  0
                   -1.54   -1.70    0.36    0.35
                       1   -1.59   -1.53    0.26    0.41
MGGT        3270  269.48   14.58  235.00    3.44    3.18    0.35    0.27 1383.00    0.00  0
                    3.43    3.18    0.37    0.27
                       0    3.32    3.51    0.26    0.27
MMAS        3288  257.68   21.70  229.00    1.63    1.24    0.50    0.44 1173.00    0.00  0
                    1.67    1.25    0.44    0.37
                       0    1.67    1.52    0.42    0.62
MMIO        3306  259.07   25.55  209.00   -1.68   -1.95    0.68    0.66 1034.00    0.00  0
                   -1.58   -1.85    0.64    0.69
                       1   -1.90   -1.49    0.77    0.68
MMLO        3308  258.52   21.00  232.00    2.50    2.14    0.48    0.40 1196.00    0.00  0
                    2.46    2.12    0.51    0.39
                       0    2.45    2.53    0.49    0.53
MMOX        3321  263.27   16.97  181.00    1.68    1.48    0.51    0.45  946.00    0.00  0
                    1.72    1.56    0.59    0.45
                       1    1.63    1.74    0.57    0.58
MMPA        3322  262.53   20.50  178.00    1.68    1.38    0.48    0.42  800.00    0.00  0
                    1.67    1.52    0.45    0.44
                       1    1.82    1.45    0.42    0.47
MMPN        3326  257.97   19.39  175.00   -1.60   -1.92    0.42    0.33  793.00    0.00  0
                   -1.62   -1.90    0.41    0.30
                       1   -1.67   -1.65    0.23    0.59
MMPQ        3327  268.02   17.53  178.00   -3.13   -3.43    0.53    0.45  742.00    1.00  0
                   -3.05   -3.42    0.42    0.35
                       1   -3.32   -3.11    0.37    0.48
MMPS        3329  262.92   15.87  193.00    2.76    2.50    0.49    0.40  915.00    3.00  0
                    2.72    2.47    0.52    0.35
                       1    2.53    2.74    0.41    0.42
MMQT        3330  259.82   20.62  237.00    2.26    1.96    0.40    0.35 1044.00    0.00  0
                    2.30    1.95    0.37    0.30
                       0    2.42    2.18    0.32    0.39
MMSL        3333  250.07   22.95  192.00    1.60    1.31    0.41    0.30  844.00    0.00  0
                    1.56    1.27    0.36    0.25
                       1    1.32    1.56    0.35    0.32
MNJG        3349  274.02   13.08  178.00   -4.87   -5.15    0.55    0.52  672.00   29.00  0
                   -4.89   -5.17    0.56    0.52
                       1   -5.00   -5.13    0.37    0.57
MPBO        3354  277.75    9.35  179.00    2.00    1.72    0.56    0.50  718.00    0.00  0
                    2.00    1.73    0.49    0.36
                       1    1.92    2.18    0.43    0.70
MPDA        3355  277.58    8.40  229.00   -2.01   -2.21    0.51    0.43  990.00    0.00  0
                   -2.00   -2.17    0.53    0.41
                       0   -1.94   -1.90    0.41    0.68
MSAC        3363  270.17   13.57  162.00   -2.62   -2.99    0.70    0.63  603.00    0.00  0
                   -2.57   -2.98    0.70    0.61
                       1   -3.01   -2.40    0.68    0.74
MTPP        3369  287.70   18.57  177.00   -1.54   -1.87    0.43    0.36  724.00    1.00  0
                   -1.52   -1.90    0.39    0.30
                       1   -1.89   -1.38    0.50    0.20
OEDR        3419   50.15   26.27  238.00   -1.99   -1.95    0.34    0.26 1382.00    1.00  0
                   -2.00   -1.93    0.34    0.27
                       0   -2.15   -1.69    0.30    0.31
OEKJ        3425   47.58   24.07  233.00    1.91    1.82    0.27    0.28 1303.00    0.00  0
                    1.92    1.85    0.30    0.25
                       0    1.95    1.96    0.25    0.21
OESK        3435   40.10   29.78  238.00    1.62    1.55    0.31    0.28 1417.00    0.00  0
                    1.65    1.55    0.32    0.30
                       0    1.62    1.74    0.37    0.28
OIAH        3444   50.83   30.33  238.00   -2.90   -2.93    0.35    0.31 1413.00    1.00  0
                   -2.87   -2.92    0.37    0.30
                       0   -3.10   -2.59    0.33    0.28
OIIE        3461   51.15   35.40  159.00    5.52    5.50    0.62    0.78 1643.00  920.00  0
                    5.64    5.52    0.68    0.91
                       0    6.20    4.87    0.22    0.60
OIIK        3463   50.00   36.25  238.00   -1.74   -1.63    0.66    0.53 1245.00    0.00  0
                   -1.72   -1.58    0.75    0.56
                       0   -1.54   -1.69    0.59    0.75
OIMD        3469   58.68   34.35  238.00   -3.87   -3.55    0.49    0.46  793.00    1.00  0
                   -3.83   -3.55    0.44    0.52
                       0   -4.19   -3.94    0.44    0.32
OIMQ        3472   58.46   35.22  238.00   -1.58   -1.33    0.35    0.27 1421.00    0.00  0
                   -1.57   -1.33    0.35    0.27
                       0   -1.79   -1.52    0.37    0.26
OINE        3473   55.45   37.38  238.00   -1.53   -1.69    0.71    0.57 1421.00    0.00  0
                   -1.57   -1.57    0.64    0.57
                       0   -1.58   -1.83    0.87    0.42
OING        3474   54.40   36.90  238.00   -2.42   -2.57    0.57    0.43 1567.00    0.00  0
                   -2.43   -2.57    0.57    0.44
                       0   -2.78   -2.39    0.51    0.58
OINN        3475   51.45   36.65  238.00   -2.90   -2.86    0.54    0.40 1423.00    0.00  0
                   -2.87   -2.84    0.52    0.36
                       0   -2.76   -2.90    0.58    0.78
OINR        3476   50.67   36.90  238.00   -6.11   -6.07    0.58    0.46 1305.00   27.00  0
                   -6.07   -6.05    0.61    0.49
                       0   -6.01   -6.12    0.57    0.58
OISF        3478   53.72   28.90  238.00   -3.45   -3.26    0.38    0.32 1412.00    2.00  0
                   -3.38   -3.27    0.38    0.30
                       0   -3.60   -3.27    0.25    0.49
OIZB        3486   61.55   31.10  238.00   -1.79   -1.59    0.75    0.58 1318.00    0.00  0
                   -1.66   -1.50    0.68    0.64
                       0   -1.83   -1.47    0.78    0.40
PAJZ        3579  202.74   59.73  232.00    1.73    1.72    0.51    0.39 2102.00    0.00  0
                    1.74    1.72    0.42    0.36
                       0    2.16    1.49    0.35    0.70
PHTO        3682  204.93   19.72  236.00   -2.48   -2.41    0.37    0.31 2540.00    0.00  0
                   -2.42   -2.37    0.38    0.28
                       0   -2.34   -2.72    0.32    0.27
RJNW        3738  136.94   37.28  177.00   -3.67   -3.71    0.81    0.76  709.00    2.00  0
                   -3.42   -3.73    0.88    0.89
                       0   -4.35   -2.98    0.59    0.40
SBBT        3842  311.40  -20.58  121.00   -4.51   -4.43    1.20    1.19  510.00   69.00  0
                   -4.63   -4.60    1.48    1.48
                       0   -5.03   -3.88    1.87    1.37
SBMG        3886  307.98  -23.48  237.00   -1.65   -1.55    0.51    0.41 1024.00    0.00  0
                   -1.67   -1.56    0.45    0.28
                       0   -1.70   -1.58    0.27    0.41
SBSY        3919  309.33  -11.57  182.00    5.26    4.89    1.20    1.22 1294.00  393.00  0
                    5.54    5.22    1.08    1.06
                       0    5.51    5.28    1.18    0.78
SBTU        3925  310.28   -3.78  125.00    2.32    2.20    0.63    0.51  475.00    0.00  0
                    2.40    2.22    0.56    0.36
                       1    2.44    2.51    0.53    0.49
SCDA        3939  289.82  -20.53  238.00   -2.04   -2.10    0.40    0.33 1426.00    3.00  0
                   -2.03   -2.12    0.41    0.32
                       0   -1.69   -2.15    0.47    0.27
SEAM        3955  281.44   -1.20  102.00    2.30    2.22    0.68    0.61  355.00    0.00  0
                    2.23    2.14    0.77    0.64
                       2    1.83    2.63    0.57    0.94
SELT        3960  281.38   -0.92  232.00    1.69    1.65    0.66    0.60 1348.00    3.00  0
                    1.56    1.53    0.66    0.59
                       0    1.32    1.49    0.47    0.70
SETU        3968  282.30    0.82  117.00    1.77    1.68    0.45    0.43  350.00    0.00  0
                    1.80    1.67    0.44    0.43
                       1    1.60    2.00    0.43    0.30
SKAR        3972  284.28    4.50  237.00   -1.53   -1.68    0.97    0.81 1081.00    0.00  0
                   -1.83   -1.88    0.65    0.68
                       0   -1.83   -1.77    1.05    0.78
SKMD        3984  284.41    6.22  177.00    1.82    1.60    0.83    0.70  715.00    1.00  0
                    1.58    1.48    0.70    0.59
                       1    1.47    1.66    0.56    0.83
SKMZ        3986  284.53    5.03  123.00   -2.52   -2.66    0.69    0.58  293.00    1.00  0
                   -2.50   -2.60    0.74    0.59
                       2   -2.70   -2.59    0.63    0.69
SKRG        3992  284.57    6.18  238.00    2.09    1.92    0.41    0.33 1493.00    1.00  0
                    2.05    1.89    0.39    0.32
                       0    2.01    2.01    0.50    0.44
SKVP        3998  286.75   10.43  185.00    1.52    1.15    0.79    0.59  862.00    0.00  0
                    1.37    1.15    0.87    0.67
                       0    1.28    1.37    1.18    0.96
SLCA        4000  296.47  -20.00  179.00    1.66    1.31    0.84    0.53  826.00    1.00  0
                    1.74    1.30    0.83    0.53
                       1    1.93    1.56    0.94    0.78
SLJE        4005  299.25  -17.82  170.00    2.73    2.24    0.82    0.55  580.00    0.00  0
                    2.66    2.25    0.74    0.48
                       1    2.33    3.19    0.85    1.09
SLTJ        4017  295.28  -21.53  215.00   -1.61   -1.69    0.88    0.78 1103.00    2.00  0
                   -1.60   -1.67    0.89    0.80
                       1   -1.56   -1.42    1.13    0.69
SUCA        4043  302.23  -34.45   89.00   -2.16   -1.92    0.46    0.31  297.00    0.00  0
                   -2.15   -1.90    0.47    0.30
                       1   -2.10   -2.16    0.44    0.51
SVVG        4058  288.33    8.63  104.00   -1.94   -2.29    0.93    0.74  338.00   10.00  0
                   -2.10   -2.34    0.99    0.66
                      48   -2.10   -1.84    0.85    1.80
UAAA        4087   77.03   43.35  238.00   -2.25   -1.99    0.64    0.46 2846.00    0.00  0
                   -2.30   -1.98    0.70    0.52
                       0   -2.03   -2.26    0.59    0.77
URMN        4161   43.63   43.50  238.00   -1.62   -1.67    0.45    0.31 2243.00    0.00  0
                   -1.63   -1.65    0.45    0.29
                       0   -1.55   -1.72    0.35    0.36
UTDK        4181   69.80   37.97  238.00   -1.66   -1.37    0.64    0.42 2849.00    0.00  0
                   -1.72   -1.39    0.64    0.49
                       0   -1.88   -1.84    0.70    0.60
UTSK        4190   65.77   38.83  157.00   -5.28   -5.32    0.94    1.01 2826.00 1496.00  0
                   -5.51   -5.57    0.87    0.93
                       0   -6.17   -4.72    0.26    1.94
VOHS        4258   78.43   17.23  238.00    3.49    3.39    0.73    0.53 2749.00    0.00  0
                    3.51    3.34    0.75    0.64
                       0    3.74    3.53    0.64    1.26
YCCY        4384  140.50  -20.66  238.00   -2.08   -2.09    0.84    0.71 1450.00    0.00  0
                   -2.02   -2.04    0.90    0.73
                       0   -1.92   -2.58    0.73    0.48
YCIN        4387  123.82  -17.57  238.00   -2.11   -2.15    0.51    0.43 2913.00    0.00  0
                   -2.05   -2.10    0.57    0.43
                       0   -1.92   -2.53    0.37    0.53
ZPPP        4470  102.75   25.00  238.00    1.91    1.63    0.53    0.26 1427.00    0.00  0
                    1.82    1.62    0.49    0.23
                       0    1.77    1.89    0.42    0.41
FEFT        4583   15.80    4.25  105.00   -3.46   -3.57    0.98    0.82  195.00    0.00  0
                   -3.50   -3.53    1.04    0.74
                       4   -3.40   -3.30    0.96    1.11
FNSU        4599   13.85  -11.17  147.00    2.63    2.29    0.64    0.62  496.00    2.00  0
                    2.70    2.33    0.59    0.54
                       0    2.28    3.03    0.50    0.42
FOOB        4603   11.48    2.08  170.00   -3.71   -3.75    0.90    0.94  497.00    1.00  0
                   -3.53   -3.55    0.77    0.85
                       0   -3.32   -3.65    0.77    0.96
HCMF        4625   49.18   11.28  116.00   -1.57   -1.14    0.77    0.70  500.00    2.00  0
                   -1.50   -1.03    0.65    0.58
                       0   -1.10   -0.82    0.63    0.59
HKWJ        4630   40.07    1.75  176.00   -1.87   -1.76    0.45    0.42  750.00    5.00  0
                   -1.74   -1.77    0.48    0.40
                       0   -1.76   -1.82    0.38    0.53
LECV        4635  356.27   40.63  178.00    2.85    2.66    0.83    0.80  766.00    0.00  0
                    3.09    3.05    0.84    0.89
                       0    3.35    2.85    0.75    0.73
LIMY        4658    7.80   44.25  101.00   -6.42   -6.48    0.59    0.65  656.00  309.00  0
                   -6.55   -6.65    0.52    0.52
                       0   -6.65   -6.43    0.37    0.54
LIRX        4674   10.40   42.73  150.00   -1.93   -2.06    0.45    0.42  659.00    0.00  0
                   -1.93   -2.08    0.43    0.38
                       0   -1.95   -1.73    0.37    0.73
OEDM        4697   44.12   24.45  186.00    6.60    6.52    0.59    0.52  995.00  592.00  0
                    6.60    6.60    0.54    0.44
                       0    6.67    6.56    0.82    0.65
OITZ        4705   48.37   36.77  181.00   -1.89   -1.78    0.86    0.72  787.00    0.00  0
                   -1.94   -1.80    0.83    0.69
                       0   -2.19   -1.14    0.43    0.64
GQPA        4750  346.94   20.51   74.00    1.83    1.59    0.94    0.85  114.00    1.00  0
                    1.80    1.55    0.59    0.52
                       1    1.67    2.05    0.63    0.74
LTBZ        4761   27.35   38.61  156.00    4.96    4.90    1.16    1.06  688.00   12.00  0
                    4.85    6.48    1.20    2.42
                       0    4.97    4.41    1.12    0.62
SLPO        4787  294.28  -19.53  104.00    1.83    1.70    0.75    0.73  419.00    1.00  0
                    1.79    1.64    0.76    0.79
                       1    1.72    1.70    1.14    0.44
PADM        4811  197.97   61.86  153.00    1.62    1.56    0.51    0.40 1563.00    0.00  0
                    1.75    1.86    0.63    0.61
                       0    1.96    1.66    0.52    0.48
NCMK        4910  202.62  -20.14  209.00   -2.93   -2.81    0.58    0.54 1156.00    3.00  0
                   -2.93   -2.87    0.52    0.48
                       0   -3.25   -2.96    0.86    0.37
FDPP        4971   31.25  -25.96  144.00    1.98    1.89    0.96    0.97  521.00    0.00  0
                    1.85    1.75    0.67    0.59
                       0    3.21    2.08    0.79    0.29
KFWZ        4982  251.22   42.51   71.00   -1.72   -1.66    0.32    0.30 1266.00    0.00  0
                   -1.69   -1.66    0.31    0.30
                      10   -1.59   -1.81    0.37    0.25
