  CXWT      304.67   47.14    2.32    2.49    3.58    3.54  2
  CYBD      233.41   52.38    0.01   -0.07    1.41    1.12  3
  CYMU       56.00    6.00   -0.46   -0.38    3.85    3.84  3
  ENLA        2.84   59.11    0.38    0.46    2.05    2.07  3
  LTCB       43.03   39.71   -4.17   -4.10    1.89    1.84  3
  MSSA      270.43   13.98    1.75    1.37    1.45    1.37  3
  MSSM      271.88   13.45    0.05   -0.58    1.60    1.56  3
  OIBP       52.73   27.38   -0.01    0.08    1.42    1.40  3
  RPMR      122.26   12.56    2.66    2.53    1.35    1.36  3
  SGES      305.15  -25.45   -2.41   -2.36    1.51    1.48  3
  SLMG      295.94  -13.27   -0.50   -0.84    1.65    1.29  3
  SLRY      292.63  -14.30   -0.52   -0.59    1.39    1.16  3
  SPJI      283.28   -7.22    5.60    4.96    2.69    2.54  3
  SVAC      290.77    9.55    0.23   -0.12    1.32    1.12  3
  SVGU      290.27    9.02   -0.79   -1.11    1.45    1.32  3
  SVMI      293.02   10.60   -1.85   -2.08    1.88    1.82  3
  SVMT      296.82    9.75   -0.09   -0.31    1.78    1.64  3
  YPBO      117.75  -23.20   -3.79   -3.76    1.54    1.52  3
  FNMO       12.15  -15.26    0.18   -0.13    1.45    1.39  3
  FNSA       20.43   -9.69    1.29    0.78    1.65    1.57  3
  SBPG      311.48  -25.52    1.37    1.43    1.39    1.37  3
  SVSA      287.55    7.85   -0.60   -0.94    1.32    1.03  3
  FYRN       13.85  -20.01    1.01    0.78    1.66    1.55  3
  SVBI      289.78    8.61    0.17   -0.24    1.35    1.16  3
  CZMD      265.24   53.44    0.25    0.21    1.71    1.67  3
  MHNO      270.82   14.43    1.97    1.52    1.69    1.49  3
  FDMY       31.51  -25.86    6.63    6.17    0.48    0.22  1
  FYGB       18.96  -22.50    2.18    1.69    0.63    0.43  1
