  14932     335.15  -23.36   -2.56   -2.44    0.45    0.38  0
  3ENU5     193.00   54.00    2.48    2.47    0.79    0.73  0
  3FRT8     126.50   37.30   -2.48   -2.43    0.59    0.49  0
  54553     205.60  -29.02   -1.54   -1.34    0.41    0.34  0
  95392     111.20   17.00   -3.19   -3.20    0.74    0.69  0
  9V5639    233.50   27.00   -1.98   -1.99    0.90    0.90  0
  AROP4     293.30   18.48    2.30    2.11    0.26    0.17  0
  C6YM7      66.80   -3.10    4.90    4.74    1.07    0.99  0
  DISW3     269.27   47.08   -1.96   -2.04    0.43    0.26  0
  ELQQ4     309.00   14.40   -1.65   -1.61    0.71    0.67  0
  FBIS1     280.11   32.68    1.63    1.15    0.33    0.21  0
  FCGT2     264.70   28.93    1.57    1.22    0.27    0.16  0
  GDXM6     271.58   30.36    1.66    1.21    0.33    0.23  0
  GTXF1     278.78   29.66    2.47    1.92    0.54    0.48  0
  HPUO      120.30   36.10   -3.52   -3.51    0.63    0.53  0
  ILOH1     204.94   19.73   -2.99   -2.92    0.33    0.27  0
  J8PD      275.50   22.50    1.82    1.37    0.61    0.58  0
  K2L7      242.73   32.98    1.90    1.65    0.57    0.51  0
  K6L9      242.00   33.65    3.50    3.29    0.94    0.91  0
  KWHH1     204.17   20.04   -1.62   -1.65    0.50    0.52  0
  LAMV3     295.28   18.32    1.66    1.51    0.26    0.14  0
  LKWF1     279.97   26.61    1.66    1.13    0.21    0.14  0
  ONIK      315.80   27.50    4.23    4.15    0.88    0.85  0
  PACF1     274.33   30.15    1.54    1.00    0.28    0.17  0
  PTAW1     236.56   48.12   -2.02   -2.21    0.54    0.32  0
  ROAM4     270.69   47.87   -3.09   -3.13    0.48    0.38  0
  SBPT2     266.13   29.73    1.92    1.58    0.30    0.16  0
  SGNW3     272.31   43.75   -1.58   -1.80    0.38    0.24  0
  STDM4     272.78   47.18   -3.44   -3.51    0.41    0.26  0
  V7QJ5      59.10  -18.80    2.60    2.64    0.74    0.65  0
  VDZA2     213.64   61.13   -1.75   -1.81    0.69    0.52  0
  VNSZ      151.20  -33.90   -2.72   -2.44    0.69    0.53  0
  VREM6     120.40   12.70    2.21    2.14    0.58    0.53  0
  VWSK       74.80   12.90   -1.88   -1.76    0.46    0.26  0
  WTDL      282.10   33.30   -3.00   -3.32    0.55    0.54  0
  2FRE8     324.30   41.30    2.02    1.92    0.88    0.89  0
  BLIF1     278.48   30.39    1.79    1.23    0.37    0.27  0
  C6FM9     297.10   16.40    4.72    4.59    1.18    1.19  0
  C6YA7      93.90    5.60    5.36    5.18    0.82    0.75  0
  D5LJ2     304.50   20.10    4.27    4.13    0.88    0.85  0
  D5OY6     289.00  -22.10   -1.75   -1.72    0.73    0.66  0
  UBSH5     125.70   34.10   -3.76   -3.68    0.93    0.81  0
  VRID2     122.70   24.10    5.66    5.52    0.89    0.84  0
  FRDF1     278.53   30.67    1.56    1.03    0.39    0.28  0
  MROS1     281.08   33.65    4.08    3.66    0.61    0.42  0
  TRDF1     279.41   28.42    2.17    1.70    0.34    0.32  0
  J8QB8     296.40   18.00    3.21    3.04    0.79    0.70  0
  MLBD9     138.90   40.40    2.43    2.42    0.71    0.67  0
  VRMV8     353.40   47.80   -2.90   -2.81    0.75    0.70  0
  WDH6745   203.30   21.60    2.11    2.14    0.65    0.66  0
  VRFI7     131.90   -2.50    2.52    2.48    0.84    0.84  0
  9HA3289     2.70   51.80    1.72    1.66    0.79    0.78  0
  WFLH      236.20   32.50    2.47    2.50    0.84    0.82  0
  WLMQ       71.60   13.60   -1.57   -1.59    0.63    0.53  0
  APXF1     275.12   29.79    1.64    1.09    0.31    0.21  0
  WCAJ      217.60   56.10    4.76    4.84    0.57    0.48  0
  WRJP      144.20   41.90    1.63    1.63    0.69    0.63  0
  WDG8555   142.40   41.60    5.40    5.38    0.84    0.76  0
  VREO2     288.10  -29.30    4.08    3.88    1.18    1.11  0
  WTER      280.10   32.90   -2.66   -2.99    0.63    0.57  0
  WTEF      236.00   44.60   -1.88   -1.94    0.51    0.51  0
  SDHN4     285.99   40.47    1.66    1.32    0.45    0.31  0
  C6WW4       2.60   52.90    5.05    4.86    1.68    1.68  0
  VROH8     116.20   22.30    3.38    3.42    1.11    1.11  0
  WTEY      197.90    5.90   -1.63   -1.57    0.39    0.25  0
  15673     350.42  -25.48   -1.74   -1.59    0.39    0.35  0
  VRFN8     107.60    6.60    4.35    4.31    1.16    1.11  0
