14932         14  335.15  -23.36  238.00   -2.56   -2.44    0.45    0.38 1268.00    0.00  0
                   -2.59   -2.48    0.41    0.29
                       0   -2.57   -2.66    0.43    0.38
3ENU5        122  193.00   54.00   63.00    2.48    2.47    0.79    0.73  114.00   43.00  0
                    2.50    2.50    0.44    0.52
                       0    2.35    2.50    0.67    0.30
3FRT8        133  126.50   37.30  193.00   -2.48   -2.43    0.59    0.49  193.00    0.00  0
                   -2.40   -2.00    0.44    0.59
                       0   -2.25   -2.70    0.52    0.74
54553        326  205.60  -29.02  234.00   -1.54   -1.34    0.41    0.34 1386.00    0.00  0
                   -1.54   -1.35    0.32    0.30
                       0   -1.52   -1.56    0.32    0.19
95392        443  111.20   17.00   99.00   -3.19   -3.20    0.74    0.69  129.00    0.00  0
                   -3.20   -3.25    0.59    0.67
                       1   -3.65   -3.30    0.67    0.52
9V5639       457  233.50   27.00  153.00   -1.98   -1.99    0.90    0.90  467.00    2.00  0
                   -1.95   -2.00    0.78    0.89
                       0   -0.93   -2.22    1.07    0.73
AROP4        506  293.30   18.48  237.00    2.30    2.11    0.26    0.17 2773.00    0.00  0
                    2.31    2.11    0.27    0.17
                       0    2.11    2.45    0.17    0.28
C6YM7        580   66.80   -3.10   31.00    4.90    4.74    1.07    0.99   47.00   14.00  0
                    5.20    5.00    0.74    0.59
                       4 -999.00 -999.00 -999.00 -999.00
DISW3        631  269.27   47.08  238.00   -1.96   -2.04    0.43    0.26 1425.00    0.00  0
                   -1.97   -2.03    0.42    0.22
                       0   -1.99   -2.00    0.72    0.61
ELQQ4        642  309.00   14.40   64.00   -1.65   -1.61    0.71    0.67   64.00    0.00  0
                   -1.55   -1.50    0.67    0.44
                      12   -1.90   -1.40    0.59    0.59
FBIS1        646  280.11   32.68  238.00    1.63    1.15    0.33    0.21 1427.00    0.00  0
                    1.63    1.15    0.30    0.20
                       0    1.49    1.58    0.42    0.21
FCGT2        647  264.70   28.93  237.00    1.57    1.22    0.27    0.1613676.00    0.00  0
                    1.56    1.22    0.26    0.14
                       0    1.58    1.49    0.28    0.23
GDXM6        659  271.58   30.36  238.00    1.66    1.21    0.33    0.23 5596.00    0.00  0
                    1.64    1.21    0.29    0.23
                       0    1.56    1.53    0.32    0.23
GTXF1        665  278.78   29.66  238.00    2.47    1.92    0.54    0.48 5684.00    0.00  0
                    2.64    2.11    0.41    0.26
                       0    2.71    1.61    0.34    0.20
HPUO         673  120.30   36.10  209.00   -3.52   -3.51    0.63    0.53  209.00    0.00  0
                   -3.50   -3.50    0.59    0.44
                       1   -3.30   -3.80    0.44    0.44
ILOH1        676  204.94   19.73  237.00   -2.99   -2.92    0.33    0.2713893.00    0.00  0
                   -2.96   -2.92    0.30    0.26
                       0   -2.92   -3.17    0.25    0.28
J8PD         683  275.50   22.50  184.00    1.82    1.37    0.61    0.58  430.00    0.00  0
                    1.90    1.50    0.64    0.59
                       0    2.20    1.27    0.44    0.48
K2L7         689  242.73   32.98  119.00    1.90    1.65    0.57    0.51  183.00    0.00  0
                    1.95    1.65    0.52    0.44
                       2    1.92    1.98    0.52    0.41
K6L9         690  242.00   33.65  119.00    3.50    3.29    0.94    0.91  185.00    0.00  0
                    3.40    3.20    1.19    1.19
                       2    3.32    3.99    0.96    0.80
KWHH1        706  204.17   20.04  237.00   -1.62   -1.65    0.50    0.52 2635.00    1.00  0
                   -1.56   -1.60    0.41    0.41
                       0   -1.42   -1.73    0.52    0.36
LAMV3        709  295.28   18.32  237.00    1.66    1.51    0.26    0.14 2817.00    0.00  0
                    1.63    1.50    0.23    0.15
                       0    1.51    1.78    0.19    0.23
LKWF1        726  279.97   26.61  238.00    1.66    1.13    0.21    0.1414055.00    0.00  0
                    1.69    1.13    0.20    0.14
                       0    1.68    1.64    0.26    0.14
ONIK         773  315.80   27.50  119.00    4.23    4.15    0.88    0.85  140.00    5.00  0
                    4.30    4.30    0.89    0.89
                       5    3.75    4.85    0.89    0.82
PACF1        782  274.33   30.15  237.00    1.54    1.00    0.28    0.1716671.00    0.00  0
                    1.53    1.00    0.27    0.17
                       0    1.49    1.50    0.18    0.17
PTAW1        816  236.56   48.12  237.00   -2.02   -2.21    0.54    0.32 2634.00    0.00  0
                   -2.02   -2.21    0.57    0.35
                       0   -2.20   -1.96    0.61    0.78
ROAM4        826  270.69   47.87  238.00   -3.09   -3.13    0.48    0.38 1419.00    0.00  0
                   -3.04   -3.01    0.41    0.28
                       0   -3.03   -3.18    0.69    0.46
SBPT2        838  266.13   29.73  237.00    1.92    1.58    0.30    0.16 2634.00    0.00  0
                    2.15    1.58    0.44    0.14
                       0    1.91    1.97    0.37    0.25
SGNW3        844  272.31   43.75  238.00   -1.58   -1.80    0.38    0.24 1424.00    0.00  0
                   -1.36   -1.77    0.37    0.17
                       0   -1.45   -1.76    0.31    0.44
STDM4        858  272.78   47.18  238.00   -3.44   -3.51    0.41    0.26 1427.00    0.00  0
                   -3.38   -3.44    0.35    0.23
                       0   -3.48   -3.49    0.36    0.61
V7QJ5        891   59.10  -18.80   65.00    2.60    2.64    0.74    0.65   65.00    0.00  0
                    2.60    2.70    0.59    0.59
                       0    2.40    2.95    0.74    0.52
VDZA2        904  213.64   61.13  228.00   -1.75   -1.81    0.69    0.52 2523.00    0.00  0
                   -1.70   -1.78    0.64    0.40
                       0   -1.36   -1.84    0.21    0.26
VNSZ         906  151.20  -33.90  132.00   -2.72   -2.44    0.69    0.53  686.00    1.00  0
                   -2.69   -2.32    0.61    0.51
                       0   -2.18   -2.89    0.54    0.78
VREM6        923  120.40   12.70  145.00    2.21    2.14    0.58    0.53  147.00    2.00  0
                    2.20    2.20    0.59    0.44
                       0    2.30    2.45    0.37    0.52
VWSK         963   74.80   12.90  211.00   -1.88   -1.76    0.46    0.26  401.00    0.00  0
                   -1.90   -1.75    0.52    0.22
                       0   -1.90   -1.55    0.44    0.67
WTDL        1005  282.10   33.30  159.00   -3.00   -3.32    0.55    0.54  869.00    0.00  0
                   -3.10   -3.44    0.30    0.21
                       0   -3.11   -3.06    0.34    1.43
2FRE8       1036  324.30   41.30   83.00    2.02    1.92    0.88    0.89  121.00    2.00  0
                    1.90    1.85    1.04    1.11
                       0    2.80    1.45    0.59    0.70
BLIF1       1079  278.48   30.39  162.00    1.79    1.23    0.37    0.27  390.00    0.00  0
                    1.75    1.20    0.30    0.30
                       1    1.60    1.72    0.44    0.49
C6FM9       1085  297.10   16.40   45.00    4.72    4.59    1.18    1.19  114.00   63.00  0
                    4.80    4.80    1.19    1.19
                       0 -999.00 -999.00 -999.00 -999.00
C6YA7       1097   93.90    5.60   62.00    5.36    5.18    0.82    0.75  108.00   20.00  0
                    5.35    5.30    0.78    0.59
                      11    5.00    5.65    0.44    0.52
D5LJ2       1110  304.50   20.10   82.00    4.27    4.13    0.88    0.85   83.00    0.00  0
                    4.15    4.00    0.96    0.96
                       3    3.90    5.10    0.52    0.44
D5OY6       1111  289.00  -22.10   90.00   -1.75   -1.72    0.73    0.66  102.00    3.00  0
                   -1.55   -1.65    0.52    0.67
                      12   -1.50   -1.60    0.37    0.67
UBSH5       1166  125.70   34.10  106.00   -3.76   -3.68    0.93    0.81  108.00    1.00  0
                   -3.80   -3.70    1.04    0.74
                       0   -3.75   -4.00    0.74    0.96
VRID2       1183  122.70   24.10   64.00    5.66    5.52    0.89    0.84  124.00   60.00  0
                    5.90    5.80    0.44    0.52
                       0    5.80    6.00    0.74    0.30
FRDF1       1283  278.53   30.67  121.00    1.56    1.03    0.39    0.28  264.00    0.00  0
                    1.55    1.00    0.37    0.30
                       2    1.58    1.50    0.52    0.29
MROS1       1304  281.08   33.65  106.00    4.08    3.66    0.61    0.42  234.00    0.00  0
                    4.10    3.70    0.49    0.30
                       2    4.10    4.02    0.44    0.47
TRDF1       1334  279.41   28.42  125.00    2.17    1.70    0.34    0.32  274.00    0.00  0
                    2.18    1.70    0.36    0.30
                       2    2.25    2.26    0.59    0.34
J8QB8       1409  296.40   18.00   68.00    3.21    3.04    0.79    0.70   73.00    2.00  0
                    3.20    3.20    0.82    0.74
                       0    2.85    3.55    0.67    0.82
MLBD9       1533  138.90   40.40   65.00    2.43    2.42    0.71    0.67   75.00    1.00  0
                    2.40    2.40    0.74    0.74
                       2    2.60    2.40    0.56    0.89
VRMV8       1546  353.40   47.80   56.00   -2.90   -2.81    0.75    0.70   57.00    0.00  0
                   -2.80   -2.80    0.59    0.59
                       1   -2.85   -2.80    0.52    0.59
WDH6745     1555  203.30   21.60   85.00    2.11    2.14    0.65    0.66   86.00    0.00  0
                    2.00    2.10    0.74    0.74
                      11    1.85    2.05    0.82    0.96
VRFI7       1604  131.90   -2.50  132.00    2.52    2.48    0.84    0.84  134.00    1.00  0
                    2.60    2.60    0.74    0.74
                       0    2.65    2.25    0.52    1.19
9HA3289     1652    2.70   51.80   82.00    1.72    1.66    0.79    0.78   91.00    0.00  0
                    2.00    1.90    0.74    0.82
                       5    1.30    2.18    0.96    0.63
WFLH        1675  236.20   32.50   82.00    2.47    2.50    0.84    0.82   86.00    0.00  0
                    2.60    2.67    0.74    0.69
                      10    2.35    2.45    1.04    0.69
WLMQ        1676   71.60   13.60   67.00   -1.57   -1.59    0.63    0.53   69.00    0.00  0
                   -1.60   -1.60    0.59    0.44
                      45   -1.95   -0.95    0.82    0.44
APXF1       1765  275.12   29.79  170.00    1.64    1.09    0.31    0.21 3903.00    0.00  0
                    1.66    1.08    0.29    0.19
                       0    1.71    1.52    0.32    0.21
WCAJ        1771  217.60   56.10   65.00    4.76    4.84    0.57    0.48   82.00    0.00  0
                    4.75    4.80    0.52    0.44
                      17    4.90    4.80    0.89    0.56
WRJP        1786  144.20   41.90   63.00    1.63    1.63    0.69    0.63   66.00    1.00  0
                    1.60    1.60    0.59    0.74
                       1    1.85    1.50    0.74    0.59
WDG8555     1870  142.40   41.60   56.00    5.40    5.38    0.84    0.76   63.00    6.00  0
                    5.55    5.50    0.74    0.74
                       0    5.40    5.70    0.89    0.67
VREO2       1881  288.10  -29.30   31.00    4.08    3.88    1.18    1.11   47.00    3.00  0
                    4.00    3.80    1.04    1.04
                      10 -999.00 -999.00 -999.00 -999.00
WTER        1882  280.10   32.90  164.00   -2.66   -2.99    0.63    0.57 1468.00   19.00  0
                   -2.61   -2.98    0.58    0.60
                       6   -2.43   -3.19    0.34    0.51
WTEF        1915  236.00   44.60  193.00   -1.88   -1.94    0.51    0.51 1170.00    0.00  0
                   -1.90   -1.95    0.46    0.59
                       0   -1.64   -2.11    0.67    0.37
SDHN4       1934  285.99   40.47   90.00    1.66    1.32    0.45    0.31  200.00   21.00  0
                    1.69    1.37    0.43    0.25
                       2    1.40    1.69    0.48    0.32
C6WW4       2043    2.60   52.90   39.00    5.05    4.86    1.68    1.68   48.00    8.00  0
                    5.50    5.30    0.59    0.59
                      18 -999.00 -999.00 -999.00 -999.00
VROH8       2066  116.20   22.30   20.00    3.38    3.42    1.11    1.11   23.00    2.00  0
                    3.40    3.25    0.89    1.11
                      23 -999.00 -999.00 -999.00 -999.00
WTEY        2115  197.90    5.90   81.00   -1.63   -1.57    0.39    0.25  440.00    0.00  0
                   -1.67   -1.55    0.36    0.22
                      37   -1.70   -1.80    0.35    0.27
15673       2457  350.42  -25.48   61.00   -1.74   -1.59    0.39    0.35  145.00    0.00  0
                   -1.80   -1.55    0.37    0.37
                      10   -1.87   -1.50    0.40    0.40
VRFN8       2489  107.60    6.60   22.00    4.35    4.31    1.16    1.11   26.00    1.00  0
                    4.30    4.40    1.11    0.96
                      11 -999.00 -999.00 -999.00 -999.00
