  14567      35.91  -31.38    0.52    0.58    1.48    1.39  3
  23091      89.24   17.83    0.28    0.15    1.35    1.30  3
  2FRK8     287.40   30.30   -1.29   -1.26    1.41    1.36  3
  41064     283.10   34.20    0.10   -0.27    1.45    1.42  3
  46014     231.00   39.20   -1.28   -1.14    1.67    1.68  3
  9HA3553   226.60   39.30    2.11    2.03    2.82    2.71  3
  9HJD9     229.90   52.70   -3.07   -3.16    1.95    1.92  3
  9HRJ9     225.60   58.20    0.15    0.12    1.51    1.43  3
  9V9040     80.60   -7.50    0.02    0.08    3.44    3.22  3
  9V9289    184.30   47.90   -0.18   -0.10    1.40    1.29  3
  9V9375     40.20   18.10    0.31    0.32    1.55    1.51  3
  9V9925    154.00   45.60   -1.33   -1.29    2.72    2.69  3
  A8PQ8     285.10   38.60   -2.46   -2.75    2.11    2.12  3
  A8TG2     233.40   34.30   -0.81   -0.73    1.41    1.41  3
  AVBC       56.50   25.20   -0.90   -0.78    1.39    1.33  3
  AVEY       86.70   19.40    2.21    2.28    1.59    1.52  3
  C6LG6     119.80   22.20   -0.78   -0.80    1.67    1.61  3
  C6TH9     214.40  -16.00    1.24    1.31    1.50    1.51  3
  C6XC2     126.40   31.30    0.73    0.72    1.39    1.37  3
  C6YM6      65.10   19.10    4.17    4.04    1.50    1.50  3
  H3GR      280.70   31.90    3.35    2.99    1.36    1.37  3
  H9LA      259.40   16.50   -1.55   -1.58    2.48    2.50  3
  HPYE      282.90   25.30   -2.01   -2.42    1.47    1.46  3
  KIYI      217.10   56.60   -0.67   -0.51    1.68    1.59  3
  LAQL7      46.10  -25.60    3.98    3.90    1.41    1.33  3
  PFAQ        3.80   52.90    0.67    0.70    1.37    1.22  3
  S6LT4     187.70   45.50   -0.62   -0.49    1.53    1.43  3
  S6LT5     231.00   39.30    1.89    1.88    2.13    2.02  3
  TBWUK69    44.30   -9.10   -0.48   -0.47    1.44    1.41  3
  V7BY3       6.50  -33.50    2.26    2.26    2.60    2.59  3
  V7NG2     292.00   10.40   -0.72   -0.96    1.46    1.42  3
  VNVZ      125.60   -4.60    1.27    1.12    1.95    1.87  3
  VRBR8     282.90  -21.40    0.54    0.58    1.30    1.19  3
  VRCR9     342.10   19.30   -0.06   -0.12    1.35    1.30  3
  VRCT4     154.20   -9.40    0.67    0.66    1.40    1.44  3
  VRJL6     178.60   50.30   -0.26   -0.36    1.84    1.72  3
  VRKF2      88.60    5.90   -0.25   -0.30    1.62    1.48  3
  VRLX4     349.10   42.60    0.05    0.20    1.46    1.40  3
  VROB9     185.30   50.40    1.76    1.80    1.69    1.61  3
  VRPY5     334.70  -10.60   -1.26   -1.20    1.59    1.56  3
  VRPY6      56.50  -30.60   -0.59   -0.61    1.71    1.66  3
  VRQZ7      84.40    5.10    0.91    0.90    1.37    1.30  3
  VRRB6      62.90  -17.90   -0.37   -0.30    1.74    1.69  3
  VRRI4     330.20   -8.60    0.62    0.57    1.66    1.57  3
  VRRW9      25.30   39.00    1.96    1.84    1.49    1.48  3
  VRWW5     131.90   37.90   -2.96   -2.89    1.97    2.10  3
  VRYO7     329.30   -0.10    3.23    3.16    1.55    1.54  3
  VTXB       84.20   17.00    0.99    1.02    1.74    1.68  3
  WADN      301.60   20.30    1.67    1.59    1.31    1.32  3
  WAIU      286.20   30.40    0.06    0.12    1.63    1.63  3
  WDB7888   203.10   58.70    2.74    2.58    2.09    1.88  3
  WDD7294   237.60   35.20   -1.00   -0.97    1.71    1.73  3
  WDJ9413   212.50   60.60   -1.27   -1.36    1.92    2.04  3
  WMDK       65.10   24.40    0.77    0.62    1.47    1.46  3
  WSRL      220.60   28.30   -1.45   -1.42    2.32    2.33  3
  WTDF      282.90   31.40   -0.91   -1.23    1.32    1.25  3
  WTOI      281.40   28.60   -0.34   -0.68    2.02    2.01  3
  WYT8569   206.90   58.30    1.03    0.93    2.14    2.07  3
  2ICH9     136.10    0.90    0.97    0.84    1.43    1.39  3
  2ICI7      67.80   18.40    0.29    0.30    1.60    1.53  3
  3FZO8     272.70   22.80    2.58    2.20    2.10    2.11  3
  9HA3667   236.70   48.40    0.06    0.18    1.65    1.58  3
  9HJF9     225.00   58.30    0.02   -0.02    2.69    2.58  3
  9V2735    183.50   29.60    0.22    0.17    1.64    1.60  3
  9V2911    196.90   31.00    2.08    2.02    1.30    1.25  3
  9V7645    257.40   17.40   -1.18   -1.27    1.77    1.64  3
  9V9725    285.30   37.80    1.36    1.32    1.70    1.64  3
  AUFI       64.70   23.50   -0.67   -0.59    1.96    1.92  3
  BKIF      116.90   20.30    2.82    2.68    1.45    1.39  3
  C6DL4     225.70   56.10   -1.01   -0.85    2.34    2.23  3
  C6FN2     242.50   32.20    2.43    2.16    1.74    1.67  3
  C6YM5      55.30  -17.50   -0.43   -0.48    1.80    1.76  3
  H3VS      274.00   21.00   -1.57   -1.94    2.33    2.28  3
  TCZF2     340.60   35.40   -1.38   -1.43    3.06    2.96  3
  V7QN4      77.80    7.30   -1.63   -1.54    1.36    1.32  3
  V7UU3     357.90   50.10    0.78    0.80    1.45    1.45  3
  V7WS4     310.30  -31.60   -0.45   -0.35    1.78    1.79  3
  VREZ3      72.10   16.00    2.32    2.18    2.15    2.10  3
  VRIV3     131.90   43.00   -0.71   -0.82    1.58    1.50  3
  VRJZ9     116.50  -12.60    4.34    4.26    1.72    1.70  3
  VRKK2     119.70   17.30   -0.79   -0.84    1.89    1.84  3
  VRQO5     141.50   35.40   -1.14   -1.06    1.45    1.45  3
  WAZV      234.90   38.60    2.79    2.84    1.88    1.77  3
  WCQ6174   202.30   58.30   -1.40   -1.34    1.31    1.27  3
  WCZ5535   336.60   55.00   -1.65   -1.61    1.52    1.48  3
  WGAE      358.20   36.30    1.21    1.22    1.42    1.39  3
  WMKN      284.20   34.30   -0.73   -0.70    1.47    1.40  3
  WNTL       65.30   18.20    1.16    1.05    1.94    1.90  3
  WTAA      291.90   40.30    0.96    0.90    1.59    1.60  3
  ZCBU3     353.60   47.60   -0.53   -0.42    1.37    1.32  3
  ZCBU5     234.50   46.60   -0.13   -0.03    1.32    1.26  3
  2IYN3     138.40  -10.70    1.65    1.64    1.41    1.34  3
  9HA4613    14.10  -30.10   -1.24   -1.25    1.62    1.71  3
  9V2732    319.70    2.70    0.03   -0.03    1.43    1.37  3
  C6DF6       5.30   43.30   -0.81   -0.94    2.47    2.40  3
  C6FZ7     280.60   27.00   -0.17   -0.60    1.31    1.28  3
  C6QM8     233.00   50.70   -0.05   -0.06    1.53    1.53  3
  C6SE7     224.90   58.70    1.72    1.81    2.13    2.06  3
  IBNY      119.00   38.70    0.87    0.86    1.31    1.26  3
  ICAZ      122.70   31.00    1.19    1.11    2.61    2.51  3
  LAIG7     135.80   38.40    1.76    1.76    1.46    1.43  3
  LAMG7     162.90   51.40   -2.07   -1.99    1.88    1.90  3
  SLKQ       18.20   36.40   -0.91   -0.89    1.55    1.43  3
  V7IK7     117.10   22.70    0.62    0.53    1.37    1.29  3
  VRBX7     332.70   49.10    1.48    1.55    1.88    1.85  3
  ZCEF6     326.20   48.10   -0.21   -0.17    1.47    1.42  3
  2HFZ7     124.00   26.40    0.43    0.39    1.50    1.51  3
  3ELP9     285.60   18.80    2.21    2.19    2.05    1.96  3
  5BWH2     197.30   58.50    1.36    1.47    1.37    1.22  3
  9HA4638   297.00   18.00    4.24    3.88    1.44    1.40  3
  9V2779    125.50   30.90    0.64    0.61    2.42    2.33  3
  9V9376    180.30   50.20   -2.06   -1.94    1.86    1.82  3
  9VVN8     183.60  -13.60   -0.59   -0.60    1.65    1.65  3
  A8WI3     344.70   28.00    0.76    0.79    1.54    1.51  3
  A8ZE4      42.00   14.70   -1.36   -1.31    1.32    1.26  3
  C6AV5     114.60   22.00   -1.53   -1.63    2.05    2.03  3
  C6SJ5      12.10   54.50   -0.79   -0.84    1.33    1.33  3
  CQIT6     286.20   39.20    1.82    1.82    1.32    1.23  3
  D5DY4     272.00   28.40   -2.58   -2.96    1.39    1.42  3
  ONFI      128.30   31.10   -2.18   -2.10    1.40    1.33  3
  UBMO9     145.60   48.20    2.81    2.89    2.28    2.19  3
  VRZU4     233.70   48.90    3.01    2.94    1.75    1.65  3
  WDDI      234.30   31.20    1.19    1.15    1.59    1.53  3
  WMKA      267.60   27.80    3.63    3.44    1.75    1.72  3
  WPKW      128.00   30.50    3.18    3.16    2.00    1.87  3
  ZCDN2     350.90   40.60    0.94    0.91    1.52    1.52  3
  9HA3097   155.60  -30.70   -0.09    0.22    2.09    2.02  3
  9HA3739   164.80   48.30   -0.38   -0.62    2.71    2.52  3
  S6LT6       4.50   53.10    0.43    0.38    1.45    1.44  3
  VRKX7     321.20  -20.60    1.33    1.45    1.44    1.41  3
  VRNR5     178.00   47.80    2.10    2.05    3.25    3.20  3
  VRRB5      72.30   11.60    0.48    0.50    2.85    2.70  3
  WROT      220.00   44.40   -1.32   -1.22    2.37    2.33  3
  ZCEK6      17.80   57.90   -0.69   -0.71    1.43    1.38  3
  9HA2583    13.60   54.90    0.34    0.36    1.36    1.33  3
  AVBF       55.50   26.20   -1.56   -1.43    2.14    2.14  3
  TBWUK90    29.70   32.60    0.97    0.96    1.33    1.31  3
  VRFT7     119.30    0.30   -3.07   -3.10    2.19    2.11  3
  VRLL2     318.40   23.30    1.16    1.14    2.06    2.07  3
  3FAE4     288.00   35.50    0.71    0.79    1.87    1.81  3
  D5QV7      47.90   12.70    0.34    0.31    1.46    1.45  3
  VRFX6     302.20   40.80   -0.72   -0.62    2.39    2.35  3
  9V9401    132.00   40.40   -3.42   -3.37    1.83    1.73  3
  PBWQ      223.70   58.70    1.14    1.19    1.32    1.22  3
  VRGO8     166.00  -31.20   -1.69   -1.54    2.22    2.17  3
  VRIR7     280.30    9.70   -0.65   -0.75    2.54    2.52  3
  WBP3210   289.10  -53.10   -0.20    0.03    2.35    2.28  3
  WDG2742   227.40   56.80   -0.17   -0.29    1.56    1.53  3
  WDG4379    12.10   54.40   -0.05    0.03    1.30    1.04  3
  2HDG2     258.70   16.70    1.27    1.27    1.62    1.51  3
  9HSJ7      67.40   21.30   -2.60   -2.53    1.65    1.67  3
  ONHA       25.90  -34.10    0.04    0.06    1.53    1.45  3
  PFRO      299.50   45.10    1.46    1.39    1.58    1.59  3
  UFLT      179.90   63.10   -0.92   -0.82    1.79    1.75  3
  V7QK9      20.80   57.60   -3.21   -3.18    2.07    2.07  3
  VRJT8     280.50   32.50    3.82    3.75    2.19    2.20  3
  VRLA6     117.60  -16.40   -1.99   -2.05    1.39    1.38  3
  9HOB8     359.00   56.90   -0.28   -0.36    1.46    1.38  3
  C6KD6     273.50   18.70    1.82    1.73    1.46    1.34  3
  V7ZZ5     343.40   39.20   -1.35   -1.17    1.73    1.67  3
  VTFG       92.80   11.50   -2.58   -2.50    1.67    1.61  3
  ZCDS3     339.80   62.60    0.86    0.91    2.18    2.11  3
  VRDU8     139.80   35.50   -2.47   -2.50    1.73    1.66  3
  VRFU9     347.40   37.30   -0.80   -0.80    2.47    2.37  3
  VRKJ7       2.30   36.90    1.74    1.62    1.41    1.33  3
  A8VG7     193.10   60.30    1.94    1.94    1.63    1.67  3
  WDJ9975   209.60   34.10    0.58    0.78    1.48    1.49  3
  9V9144    274.30   21.90   -1.98   -2.00    1.44    1.31  3
  C6AB9      70.30   14.60    2.29    2.18    1.47    1.35  3
  CCES      284.50   10.90   -1.29   -1.54    1.46    1.41  3
  VRBJ9     105.70    3.80    1.33    1.27    3.23    3.12  3
  WDB9918   225.40   51.50    1.02    1.17    2.89    2.81  3
  3FAD8     230.70   38.80   -2.10   -1.96    1.32    1.28  3
  9V5542     91.80    6.20    1.27    1.13    2.12    2.12  3
  9V9915     35.00   26.10   -0.14   -0.07    1.94    1.90  3
  3EFD9     147.30   39.20    0.87    0.83    2.25    2.17  3
  A8VQ2      67.10   28.60    1.45    1.47    1.38    1.34  3
  BKIE      122.80   29.90    1.52    1.61    1.42    1.37  3
  LAOX5     285.70   33.90    0.94    0.86    1.41    1.31  3
  UBSI9     149.90   58.30   -0.02    0.06    1.37    1.33  3
  WCDP      291.10   37.70   -0.29   -0.48    1.50    1.40  3
  7KAB      105.00    3.30    2.39    2.22    2.17    2.08  3
  9VDD3     152.60   44.60    0.04   -0.05    1.58    1.47  3
  PDGS      325.10   61.70    1.33    1.39    1.63    1.46  3
  D5KF6     149.50  -38.60   -1.48   -1.32    2.10    2.02  3
  V7UT9     112.80   11.40   -0.31   -0.34    1.56    1.53  3
  ZMSF      174.40  -41.20   -0.01    0.01    1.32    1.28  3
  VRMV3       2.50   36.90    2.66    2.69    2.11    2.01  3
  WDG2803   223.00   58.20   -2.22   -2.18    1.62    1.61  3
  TBWUK64   122.50   37.80    0.52    0.54    1.41    1.43  3
  VRON5     106.10   -5.30   -0.13   -0.07    1.89    1.83  3
  VRLX6     299.70   47.70   -1.11   -0.97    2.07    2.12  3
  ZCEF3       3.80   39.20    0.11    0.03    1.34    1.29  3
  9V2782    126.70    0.60    4.01    3.85    1.59    1.55  3
  V7UU4     237.50   48.60   -2.04   -1.92    1.48    1.34  3
  WLPI      292.70   40.30   -3.20   -3.17    1.44    1.43  3
  S6NQ      135.50   29.40    2.85    2.84    1.36    1.25  3
  VRFI2     131.10    9.80    0.85    0.89    2.06    2.19  3
  VRPY7     122.70   26.00   -0.55   -0.50    1.44    1.38  3
  MAZS3     291.10   37.40    0.48    0.48    2.59    2.53  3
  VRCI9     143.00   41.60    2.19    2.26    1.35    1.28  3
  9V9920     25.60   33.60   -1.49   -1.48    2.80    2.83  3
  MAPY4     213.80   40.60    0.86    0.91    1.33    1.36  3
  VRGH3     279.20  -22.90   -1.05   -1.08    3.68    3.65  3
  WDG9588   210.00   61.20   -1.25   -1.11    2.02    1.97  3
  3FAR9     328.70   47.80    1.33    1.27    1.42    1.37  3
  9V9924    102.00   10.40    3.20    3.12    2.12    2.07  3
  TBWUK77   132.40   36.80    0.45    0.31    1.35    1.26  3
  V7DR9     210.70   43.70    0.88    0.96    3.98    3.95  3
  KPES      223.60   44.10    2.57    2.53    1.84    1.70  3
  V7YL7     163.70   37.30    1.43    1.39    1.93    1.91  3
  C6UK7     183.60   32.60    3.01    2.95    1.54    1.44  3
  UERK      131.70   37.60   -0.50   -0.36    1.54    1.47  3
  WDF4764   133.80   25.80    1.34    1.36    1.92    1.89  3
  VRET5     352.80   47.00    1.78    1.81    1.37    1.39  3
  VRNZ9     267.60   12.10    1.57    1.53    2.23    2.08  3
  C6CG4       1.70   38.80   -0.07   -0.15    2.39    2.31  3
  3FDX5     270.00   30.00    0.70    0.44    1.38    1.38  3
  C6AB6     289.70   13.00    0.78    0.79    1.38    1.33  3
  3EFI      143.10   37.20   -0.61   -0.47    1.67    1.59  3
  VRMX8     143.10   42.60   -0.98   -1.04    2.00    1.96  3
  VROG7     232.30   36.80   -0.71   -0.65    1.30    1.24  3
  TBWUK73    58.00   25.20   -0.05   -0.04    1.65    1.54  3
  C6AB8      52.90   26.60   -0.04   -0.04    3.86    3.74  3
  A8CH2     350.40   32.10   -0.95   -0.94    1.90    1.93  3
  V7UT8       0.50   36.80    3.02    2.71    1.78    1.84  3
  ZCDI4     236.40   26.50    0.59    0.60    2.99    2.97  3
  CQAH9     192.60   43.80    3.99    3.86    0.75    0.66  2
  WCEU      206.40   45.30   -1.99   -1.84    1.67    1.53  3
  ONDY       52.90   25.10    3.10    3.10    1.32    1.33  3
  VRUR7     310.10   11.70   -3.17   -3.08    2.42    2.41  3
  OWLC2     285.50   21.70    0.57    0.51    1.61    1.59  3
  VRBI8     107.10   -5.60    1.21    1.13    1.32    1.32  3
  C6CV5     357.50   58.20   -0.72   -0.75    1.67    1.63  3
  DARI      273.30   23.90   -3.50   -3.62    1.31    1.19  2
  9V3867    315.30  -32.30    1.44    1.52    1.58    1.47  3
  WPTC      186.70   50.00    2.24    2.23    1.49    1.48  3
  VROV6     281.00   -8.20    1.46    1.23    1.54    1.42  3
  ICJA       30.10   59.90   -2.64   -2.72    2.02    2.00  3
  9V9926    283.70   33.80   -0.04   -0.07    1.75    1.73  3
  VRDW2     113.60   -6.10   -1.91   -1.95    2.16    2.15  3
  9HA4800   336.60   64.50   -0.16   -0.25    1.89    1.86  3
  LAPD7     103.10   -7.30   -0.22   -0.19    2.00    1.97  3
  A8MH2     348.40  -18.90   -0.92   -0.88    1.45    1.32  3
  UCUD      343.00   23.20    0.52    0.42    2.43    2.46  3
  VRMW7     259.30   16.50    3.27    3.15    2.37    2.22  3
  V7UT7     113.90   12.60    0.07    0.11    1.98    1.90  3
  V7EQ4      35.10   26.30    0.11    0.09    1.77    1.82  3
  FIHV      306.40   66.90   -2.52   -2.54    2.19    2.09  2
  OWHH2     157.00   48.20    0.35    0.38    2.10    2.02  3
  4XIM      130.90   35.90    2.01    2.13    1.44    1.44  3
  23092      89.14   17.52    0.38    0.25    1.30    1.26  3
  WBA4557   287.80   40.30   -1.80   -2.00    1.81    1.83  3
  V7RF9     289.80  -20.70    3.57    3.32    1.55    1.56  3
  VRCQ2     112.60   12.10    3.01    2.80    1.68    1.63  2
  VWTI       92.70   11.70    5.70    5.80    0.00    0.00  1
  AVQU       57.00   25.00    4.85    4.90    0.95    1.00  1
  C6UC3     111.40    6.30    5.02    4.80    2.05    1.99  1
  WDJ7294   235.40   48.40   -5.47   -5.27    1.14    1.09  1
  VRNM9      22.10   59.30    3.90    3.87    3.25    3.23  1
