  13610      20.42   42.03   -0.29   -0.29    1.41    1.20  3
  13625      20.14   40.08    0.32    0.41    1.30    1.20  3
  29771      92.08   55.35    0.75    0.78    1.32    1.28  3
  38705      67.63   39.47   -0.28   -0.27    1.33    1.24  3
  38734      70.20   39.45   -0.76   -0.70    1.63    1.65  3
  38836      68.78   38.54    0.15    0.32    2.06    2.01  3
  41515      71.78   35.57   -1.34   -1.19    1.76    1.70  3
  41560      70.08   33.86   -0.70   -0.63    1.58    1.55  3
  41697      67.88   29.55   -0.52   -0.70    1.36    1.01  3
  41739      64.09   26.97   -0.93   -0.92    1.34    1.20  3
  41744      66.63   27.83   -0.38   -0.51    1.53    1.42  3
  42044      75.08   33.58    1.50    1.52    1.49    1.23  3
  47014     126.88   41.78    1.28    1.26    1.48    1.35  3
  68823      22.02  -33.18    0.18    0.23    1.70    1.69  3
  70260     210.92   64.55    0.13    0.13    1.98    1.99  3
  71568     230.07   50.45   -1.75   -1.61    1.64    1.61  3
  71680     246.15   63.60   -0.65   -0.53    1.71    1.56  3
  71776     242.71   49.49   -0.43   -0.57    1.41    1.00  3
  71777     237.27   50.29   -1.03   -1.02    1.32    0.99  3
  80427     290.77    9.55    0.42    0.07    1.58    1.42  3
  80428     290.27    9.02   -0.28   -0.58    1.34    1.22  3
  82212     293.83   -2.52   -1.33   -1.29    1.33    1.13  3
  82246     305.05   -2.63    1.36    1.18    1.44    1.22  3
  82586     320.71   -5.20   -1.49   -1.26    1.31    1.32  3
  84163     281.94   -1.50   -1.63   -1.79    1.31    1.01  3
  84564     283.80   -9.86   -0.23   -0.45    1.36    1.23  3
  85109     295.30  -13.30    0.42    0.12    1.37    1.01  3
  85114     295.85  -13.33   -0.15   -0.47    1.66    1.31  3
  85766     287.92  -39.65   -0.85   -0.77    1.35    1.22  3
  86128     301.22  -23.50   -0.95   -1.12    1.46    1.11  3
  86192     303.55  -24.66   -0.47   -0.49    1.40    1.21  3
  86221     302.87  -25.63    0.14    0.14    1.40    1.23  3
  86255     301.68  -26.85   -0.05    0.05    1.32    1.11  3
  86260     302.85  -26.67    0.24    0.28    1.32    1.22  3
  87852     288.98  -46.52    0.44    0.33    1.35    1.27  3
  88903     323.50  -54.27   -0.73   -0.66    1.32    1.06  3
  88963     303.02  -63.40    0.03    0.26    1.41    0.96  3
  89055     303.28  -64.23    0.09    0.34    1.30    0.88  3
  89059     303.32  -63.32   -0.49   -0.22    1.35    1.17  3
  ANT        83.00   17.70    2.12    1.97    1.76    1.74  3
  ASW        79.10   11.10   -0.63   -0.50    1.57    1.39  3
  ATN        75.20   33.70   -2.19   -2.14    1.42    1.15  3
  GPR        75.20   33.20   -2.06   -2.07    1.30    0.99  3
  HRN        74.70   34.00   -1.27   -1.20    1.34    1.05  3
  KRD        85.80   20.20    1.38    1.06    1.98    1.89  3
  LUN        92.90   23.00   -2.20   -2.34    1.49    1.45  3
  PAT        86.00   25.00    1.60    1.19    1.40    1.21  3
  40988      64.37   31.55    1.51    1.26    1.31    1.19  3
  42527      94.16   25.63    1.99    1.62    1.58    1.64  3
  42767      78.43   22.46   -0.94   -1.24    1.94    1.91  3
  43302      78.56   12.48    0.31    0.42    1.83    2.04  3
  43341      77.00   10.28   -1.90   -1.83    1.41    1.37  3
  43356      77.13   10.00    0.30    0.32    1.89    1.78  3
  PTL        76.30   20.30   -1.12   -1.33    2.08    2.05  3
  42805      87.95   22.50    2.20    1.71    1.46    1.41  3
  43263      76.33   12.96   -0.94   -1.03    1.58    1.54  3
  37785      44.40   40.34   -1.81   -1.69    1.48    1.29  3
  37897      46.03   39.50    0.99    1.10    1.33    1.26  3
  13611      19.45   41.30   -3.50   -3.28    0.44    0.40  1
  35927      55.08   45.25    0.55    0.30    1.35    1.20  1
  36126      75.70   50.80    3.54    3.28    0.35    0.21  1
  36871      76.75   43.18   -5.21   -4.36    0.58    0.16  1
  38719      68.88   39.07    2.90    2.95    1.55    1.53  1
  38944      69.38   37.47   -2.22   -2.08    2.28    2.14  1
  40732      50.66   36.90   -3.35   -3.95    0.15    0.05  1
  40942      65.26   33.53   -3.77   -3.70    0.83    0.89  1
  41265      58.50   22.73   -3.00   -3.20    0.00    0.00  1
  42056      74.83   32.66   -3.15   -2.55    0.65    0.05  1
  43226      74.45   14.28    3.19    3.29    0.62    0.58  1
  43418      81.25    8.58    3.41    3.48    0.34    0.22  1
  44266      93.90   46.32   -1.80   -1.70    0.00    0.00  1
  44338     102.17   44.65   -3.10   -3.10    0.00    0.00  1
  47776     134.90   34.33    3.28    3.40    0.52    0.35  1
  48926     100.43   20.25    2.30    2.30    0.90    0.60  1
  60710       8.75   36.95   -2.85   -3.30    0.25    0.30  1
  61297     354.32   11.35   -2.97   -3.10    0.68    0.62  1
  63801      29.63   -4.88    2.80    2.60    0.00    0.00  1
  65522     356.82   10.33    3.47    3.44    0.17    0.19  1
  68188      30.07  -23.77    4.60    4.40    0.00    0.00  1
  68352      27.25  -27.66   -0.38   -0.54    1.56    1.52  1
  68380      30.12  -26.07    3.59    3.46    0.31    0.27  1
  68478      29.88  -29.00   -3.44   -3.41    0.36    0.24  1
  72214     275.71   30.44    3.45    3.30    0.05    0.20  1
  73005     292.76   48.36    3.40    3.63    0.32    0.12  1
  76856     263.50   15.67   -3.07   -3.44    0.37    0.34  1
  78714     274.07   14.90    1.57    1.27    3.95    3.88  1
  80036     286.75   10.43    2.50    2.10    0.00    0.00  1
  80099     289.27    7.07   -0.98   -1.27    1.32    1.02  1
  82917     292.20  -10.00   -2.55   -3.30    0.65    0.10  1
  83309     303.55  -14.40   -2.08   -2.23    1.06    0.82  1
  83470     309.08  -17.92   -3.26   -3.21    0.33    0.40  1
  84140     280.52   -1.10    4.20    3.90    0.00    0.00  1
  84474     283.28   -7.22    6.50    3.70    0.00    0.00  1
  91329     151.90    8.55    2.58    2.62    0.91    0.88  1
  96009      97.20    5.23    3.90    3.30    0.60    0.40  1
  96987     114.38   -8.22   -2.99   -3.01    0.90    0.97  1
  97072     119.73   -0.68    2.80    2.75    0.50    0.15  1
  DSI        76.00   32.30    3.60    4.60    0.00    0.00  1
  GYL        88.20   27.30    4.49    4.32    0.31    0.19  1
  MGP        77.00   28.80   -0.06   -0.39    2.19    2.11  1
  NSK        73.70   20.00    3.28    3.25    0.97    0.97  1
  RJK        70.80   22.30    0.05   -0.10    1.05    1.20  1
  SCD        77.30   28.60    1.43    0.95    1.28    1.99  1
  TOL        94.00   24.60   -3.64   -4.30    0.50    0.40  1
  TUR        90.20   25.50    3.89    3.20    0.44    0.46  1
  TWG        91.90   27.60    3.40    3.50    0.00    0.00  1
  VIR        79.00   12.90    1.45    0.92    0.45    0.10  1
  14443      16.27   42.40    3.55    3.60    0.39    0.25  1
  43113      74.05   17.51   -1.77   -1.67    1.59    1.53  1
  43133      79.25   17.00    2.22    1.65    1.20    1.19  1
  43291      76.70   12.30    2.55    2.92    0.96    0.92  1
  68396      31.30  -26.53    3.27    3.27    0.30    0.25  1
  65101       4.58    8.48   -3.17   -3.36    0.33    0.23  1
  43230      75.91   14.50    3.80    3.50    0.00    0.00  1
  43322      76.93   11.93    3.45    3.15    0.35    0.35  1
  44406      80.95   29.25    3.33    3.78    0.31    0.36  1
  44424      82.17   29.28   -3.36   -3.40    1.49    1.57  1
  LEH        77.70   34.00   -4.15   -4.20    0.38    0.28  1
  35907      50.03   45.02    3.55    3.40    0.05    0.10  1
  KCP        79.70   12.80   -2.20   -2.72    0.57    0.35  1
  68116      18.97  -22.47    1.95    1.50    0.55    0.10  1
