CXWT          33  304.67   47.14   88.00    2.32    2.49    3.58    3.54 1178.00  714.00  2
                    3.56    3.62    3.08    3.06
                      11    4.86    5.45    1.33    2.12
CYBD          43  233.41   52.38  175.00    0.01   -0.07    1.41    1.12  853.00    0.00  3
                    0.38    0.19    1.33    0.89
                       1    0.86   -0.09    0.47    1.48
CYMU         130   56.00    6.00  101.00   -0.46   -0.38    3.85    3.84  778.00  304.00  3
                   -1.48   -1.58    4.67    4.46
                       1   -1.56   -1.93    3.31    6.91
ENLA         522    2.84   59.11  225.00    0.38    0.46    2.05    2.07 2694.00   39.00  3
                    0.46    0.42    1.58    1.66
                       0   -1.75    1.85    2.04    2.37
LTCB        3227   43.03   39.71  219.00   -4.17   -4.10    1.89    1.84 1531.00  181.00  3
                   -4.05   -4.43    2.08    1.83
                       0   -5.34   -2.98    1.22    2.21
MSSA        3366  270.43   13.98  105.00    1.75    1.37    1.45    1.37  393.00    0.00  3
                    2.82    1.50    1.61    0.78
                      44    1.93    1.83    1.12    0.90
MSSM        3367  271.88   13.45   27.00    0.05   -0.58    1.60    1.56   97.00    0.00  3
                   -0.23   -1.06    0.77    0.65
                       2 -999.00 -999.00 -999.00 -999.00
OIBP        3450   52.73   27.38  236.00   -0.01    0.08    1.42    1.40 1758.00    0.00  3
                   -0.48   -0.34    0.54    0.53
                       0   -0.41   -1.03    0.39    0.33
RPMR        3803  122.26   12.56  172.00    2.66    2.53    1.35    1.36  577.00   14.00  3
                    2.55    2.45    1.26    1.26
                       0    2.88    1.16    1.09    1.45
SGES        3971  305.15  -25.45  236.00   -2.41   -2.36    1.51    1.48 1583.00    1.00  3
                   -2.23   -2.36    1.58    1.39
                       0   -1.64   -3.88    1.07    1.56
SLMG        4008  295.94  -13.27  179.00   -0.50   -0.84    1.65    1.29  806.00    0.00  3
                   -0.43   -0.78    1.78    1.46
                       1   -1.31    0.73    1.12    1.33
SLRY        4014  292.63  -14.30  179.00   -0.52   -0.59    1.39    1.16  766.00    2.00  3
                   -0.32   -0.50    1.43    1.31
                       1   -0.01    0.47    1.25    1.54
SPJI        4027  283.28   -7.22   56.00    5.60    4.96    2.69    2.54  371.00  277.00  3
                    6.47    5.85    0.75    0.59
                       2    6.65    6.32    0.59    0.97
SVAC        4047  290.77    9.55  105.00    0.23   -0.12    1.32    1.12  281.00    0.00  3
                    0.35    0.12    1.26    1.08
                       0    0.18    1.17    1.06    0.96
SVGU        4051  290.27    9.02  186.00   -0.79   -1.11    1.45    1.32  564.00    4.00  3
                   -0.83   -1.19    1.43    1.11
                       3   -1.20   -0.28    1.24    1.30
SVMI        4055  293.02   10.60  228.00   -1.85   -2.08    1.88    1.82 1193.00   15.00  3
                   -1.40   -1.62    1.75    1.70
                       0   -4.49   -0.37    1.03    1.42
SVMT        4056  296.82    9.75  146.00   -0.09   -0.31    1.78    1.64  363.00    0.00  3
                   -0.42   -0.59    1.43    1.37
                       1   -1.23    0.20    1.28    1.56
YPBO        4423  117.75  -23.20  238.00   -3.79   -3.76    1.54    1.52 1466.00   32.00  3
                   -3.74   -3.73    1.69    1.64
                       0   -3.17   -4.56    1.24    1.72
FNMO        4596   12.15  -15.26  144.00    0.18   -0.13    1.45    1.39  423.00    1.00  3
                    0.20   -0.08    1.71    1.66
                       0    0.37   -0.16    2.04    1.40
FNSA        4597   20.43   -9.69  164.00    1.29    0.78    1.65    1.57  483.00    2.00  3
                    1.42    0.78    1.78    1.66
                       0    0.25    2.97    1.78    0.78
SBPG        4838  311.48  -25.52   71.00    1.37    1.43    1.39    1.37  150.00    0.00  3
                    1.25    1.30    1.52    1.33
                       1    1.28    1.23    1.16    1.89
SVSA        4839  287.55    7.85  128.00   -0.60   -0.94    1.32    1.03  340.00    0.00  3
                   -1.18   -1.23    0.96    0.98
                       0   -1.25   -1.15    1.04    1.19
FYRN        4892   13.85  -20.01   27.00    1.01    0.78    1.66    1.55  121.00    0.00  3
                    1.05    0.84    2.20    1.94
                      44 -999.00 -999.00 -999.00 -999.00
SVBI        4922  289.78    8.61  109.00    0.17   -0.24    1.35    1.16  216.00    0.00  3
                    0.10   -0.25    1.41    1.11
                       6   -0.20    1.01    0.93    1.54
CZMD        4932  265.24   53.44  194.00    0.25    0.21    1.71    1.67 1163.00    0.00  3
                    2.47    1.67    3.45    2.46
                       0   -0.10   -0.07    1.88    1.68
MHNO        4980  270.82   14.43   56.00    1.97    1.52    1.69    1.49  212.00    0.00  3
                    2.13    1.73    1.91    1.47
                       1    2.33    1.75    1.88    1.80
FDMY         652   31.51  -25.86   13.00    6.63    6.17    0.48    0.22  820.00  798.00  1
                    6.45    6.20    0.52    0.30
                       0 -999.00 -999.00 -999.00 -999.00
FYGB        5009   18.96  -22.50    3.00    2.18    1.69    0.63    0.43   88.00   74.00  1
                 -999.00 -999.00 -999.00 -999.00
                      47 -999.00 -999.00 -999.00 -999.00
