01317         96    5.33   60.38  238.00   -2.76   -2.59    0.36    0.25 1292.00    0.00  0
                   -2.75   -2.44    0.30    0.30
                       0   -2.72   -2.55    0.26    0.46
02226        184   14.50   63.20  234.00   -1.99   -1.99    0.38    0.23 1391.00    0.00  0
                   -1.98   -1.98    0.31    0.20
                       0   -1.94   -2.20    0.36    0.41
02460        222   17.95   59.62  205.00   -1.68   -1.65    0.31    0.14 1203.00    0.00  0
                   -1.68   -1.65    0.32    0.15
                       0   -1.61   -1.91    0.40    0.32
02462        223   17.63   59.87  205.00   -1.82   -1.79    0.30    0.15 1187.00    0.00  0
                   -1.83   -1.80    0.30    0.12
                       0   -1.74   -1.97    0.27    0.28
02607        255   12.84   56.29  205.00    2.21    2.18    0.25    0.16 1196.00    0.00  0
                    2.22    2.27    0.25    0.15
                       0    2.24    2.20    0.23    0.19
06456        692    4.65   50.23  238.00    1.93    1.85    0.28    0.17 1419.00    0.00  0
                    1.93    1.87    0.22    0.14
                       0    1.73    2.03    0.36    0.21
06458        693    4.76   50.75  238.00    2.00    1.90    0.28    0.15 1410.00    0.00  0
                    1.98    1.92    0.25    0.15
                       0    1.81    2.10    0.33    0.32
06654        745    8.05   46.19  232.00   -1.64   -1.63    0.44    0.30 1364.00    0.00  0
                   -1.67   -1.41    0.42    0.38
                       0   -1.58   -1.67    0.51    0.74
06655        746    8.42   46.82  232.00   -1.78   -1.74    0.50    0.38 1362.00    0.00  0
                   -1.80   -1.73    0.52    0.47
                       0   -1.75   -1.68    0.73    0.72
06727        794    7.85   46.30  232.00   -1.52   -1.48    0.94    0.77 1363.00   54.00  0
                   -1.58   -1.51    1.14    0.85
                       0   -1.71   -1.73    1.46    1.28
06799        838   10.26   46.81  232.00    2.09    2.07    0.30    0.23 1361.00    0.00  0
                    2.10    2.10    0.30    0.20
                       0    2.10    2.08    0.27    0.40
07678        980    6.47   43.03  208.00   -2.18   -2.32    0.27    0.18 1220.00    0.00  0
                   -2.19   -2.31    0.23    0.16
                       0   -2.15   -2.19    0.16    0.31
08231       1028  357.87   40.07  232.00    1.63    1.48    0.29    0.20 1361.00    0.00  0
                    1.60    1.48    0.27    0.20
                       0    1.52    1.87    0.22    0.28
10500       1114    6.05   50.97  154.00    2.69    2.65    0.34    0.17  573.00    0.00  0
                    2.67    2.65    0.30    0.15
                       0    2.58    2.76    0.37    0.28
10827       1130    8.99   48.18  225.00    3.56    3.59    0.29    0.24  869.00   35.00  0
                    3.58    3.60    0.26    0.22
                       0    3.67    3.65    0.37    0.30
11933       1205   20.08   49.11  237.00    3.37    3.32    0.26    0.24 1428.00   42.00  0
                    3.50    3.32    0.22    0.25
                       0    3.35    3.40    0.17    0.46
11955       1209   21.32   49.03  208.00    2.01    1.90    0.36    0.22 1222.00    0.00  0
                    2.02    1.90    0.37    0.25
                       0    2.05    1.92    0.37    0.34
12142       1222   18.52   54.57  203.00    2.95    2.84    0.23    0.16 1182.00    4.00  0
                    2.97    2.85    0.25    0.15
                       0    3.01    2.94    0.14    0.29
12226       1231   16.07   53.38  202.00   -3.02   -3.02    0.25    0.17 1173.00   27.00  0
                   -3.03   -3.00    0.25    0.17
                       0   -2.78   -3.13    0.20    0.22
12310       1241   14.60   52.35  224.00   -3.29   -3.23    0.34    0.17 1250.00   70.00  0
                   -3.30   -3.24    0.27    0.18
                       0   -3.16   -3.30    0.46    0.35
12336       1244   17.85   52.37  203.00   -1.87   -1.94    0.34    0.25 1180.00    1.00  0
                   -1.93   -1.98    0.27    0.15
                       0   -1.28   -2.00    0.19    0.17
12452       1256   19.14   52.00  201.00    3.10    2.97    0.33    0.23 1179.00  103.00  0
                    3.28    2.93    0.43    0.22
                       0    3.10    2.93    0.37    0.43
12812       1291   16.63   47.27  208.00    2.49    2.28    0.40    0.18 1223.00    0.00  0
                    2.47    2.29    0.37    0.16
                       0    2.31    2.47    0.38    0.29
13601       1361   19.80   41.33  237.00   -2.03   -1.98    0.61    0.48  457.00    1.00  0
                   -2.15   -2.05    0.59    0.44
                       0   -2.12   -2.00    0.52    0.59
13629       1368   20.77   40.60  238.00   -1.78   -1.72    0.51    0.41  462.00    1.00  0
                   -1.80   -1.75    0.59    0.37
                       0   -1.65   -2.00    0.44    0.52
14652       1398   18.27   43.72  226.00    1.57    1.54    0.69    0.68  924.00    0.00  0
                    1.58    1.54    0.62    0.75
                       0    1.23    1.68    0.65    0.76
14654       1399   18.43   43.87  231.00    1.56    1.45    0.88    0.78  948.00    4.00  0
                    1.58    1.40    0.85    0.63
                       0    1.51    1.36    0.61    1.16
15023       1407   26.25   47.65  208.00   -1.68   -1.71    0.32    0.16 1222.00    0.00  0
                   -1.69   -1.67    0.28    0.15
                       0   -1.82   -1.62    0.41    0.35
15162       1445   23.05   46.37  208.00   -3.03   -3.11    0.35    0.21 1222.00    0.00  0
                   -3.03   -3.12    0.37    0.23
                       0   -3.05   -2.98    0.23    0.42
15199       1456   20.63   46.08  208.00   -1.77   -1.88    0.34    0.21 1224.00    0.00  0
                   -1.77   -1.87    0.28    0.22
                       0   -1.69   -1.84    0.33    0.25
15261       1473   26.02   45.68  208.00    1.71    1.60    0.36    0.23 1187.00    0.00  0
                    1.73    1.62    0.35    0.26
                       0    1.50    1.64    0.37    0.43
15600       1562   23.67   42.83  228.00    1.65    1.63    0.80    0.83  455.00   26.00  0
                    1.50    1.52    0.59    0.70
                       0    2.90    1.75    1.93    0.82
16059       1575    7.65   45.22  207.00   -1.94   -2.10    0.53    0.27  404.00    0.00  0
                   -2.00   -2.10    0.59    0.30
                       0   -1.65   -2.00    0.52    0.59
16066       1577    8.73   45.62  207.00   -2.43   -2.56    0.40    0.21  406.00    1.00  0
                   -2.50   -2.50    0.44    0.15
                       0   -2.40   -2.40    0.44    0.33
16111       1589    8.19   44.24  219.00    3.03    2.94    0.34    0.41 1428.00  416.00  0
                    3.05    3.03    0.37    0.48
                       0    3.04    3.20    0.37    0.26
16239       1609   12.55   41.80  237.00   -2.92   -3.08    0.35    0.22  469.00   16.00  0
                   -2.95   -3.10    0.30    0.15
                       0   -2.88   -2.95    0.30    0.11
16314       1626   16.64   40.67  238.00    2.01    2.03    0.25    0.20 1428.00    0.00  0
                    2.04    2.03    0.26    0.22
                       0    1.83    2.18    0.15    0.17
16318       1627   17.20   40.64  220.00   -3.23   -3.19    0.27    0.21 1313.00   21.00  0
                   -3.20   -3.17    0.27    0.22
                       0   -3.35   -3.16    0.23    0.21
16344       1633   16.39   39.33  238.00   -1.84   -1.79    0.76    0.79 1416.00    1.00  0
                   -1.88   -1.79    0.80    0.84
                       0   -2.59   -1.42    0.74    0.54
16405       1638   13.10   38.18  207.00    1.72    1.70    0.33    0.23  404.00    0.00  0
                    1.75    1.75    0.30    0.22
                       0    1.75    1.62    0.15    0.30
16520       1645    8.28   40.63  196.00    1.70    1.65    0.30    0.23  347.00    0.00  0
                    1.70    1.65    0.30    0.22
                       0    1.67    1.73    0.19    0.33
17038       1684   39.72   41.00  238.00   -1.91   -1.84    0.43    0.33  476.00    0.00  0
                   -1.95   -1.80    0.37    0.30
                       0   -2.00   -1.85    0.30    0.33
17202       1730   39.28   38.60  238.00   -1.98   -1.93    0.52    0.38  478.00    0.00  0
                   -2.00   -2.00    0.44    0.37
                       0   -1.98   -2.38    0.48    0.44
17203       1731   40.50   38.86  216.00    3.63    3.60    0.40    0.26  841.00   76.00  0
                    3.66    3.62    0.43    0.26
                       0    3.67    3.72    0.49    0.47
17310       1755   32.00   36.54  234.00   -1.65   -1.66    0.51    0.36 1009.00    0.00  0
                   -1.74   -1.67    0.56    0.41
                       0   -1.66   -1.90    0.61    0.56
23891       1941   96.37   61.67  238.00    1.68    1.50    0.45    0.34  476.00    0.00  0
                    1.65    1.50    0.44    0.30
                       0    1.70    1.80    0.56    0.37
26544       2145   26.62   55.87  212.00    2.95    2.82    0.32    0.19  409.00    5.00  0
                    2.90    2.80    0.30    0.15
                       0    3.10    2.78    0.41    0.26
28886       2332   72.37   53.63  236.00    1.57    1.49    0.44    0.36  238.00    2.00  0
                    1.50    1.50    0.37    0.30
                       0    1.45    1.40    0.30    0.37
28952       2337   63.61   53.21  238.00    2.17    2.18    0.46    0.31  476.00    2.00  0
                    2.15    2.20    0.37    0.22
                       0    1.98    2.43    0.30    0.41
29405       2367   76.63   56.57  238.00   -2.62   -2.46    0.39    0.28  476.00    2.00  0
                   -2.62   -2.45    0.33    0.30
                       0   -2.50   -2.80    0.22    0.33
30385       2454  121.48   56.58  238.00   -1.55   -1.54    0.56    0.40  476.00    0.00  0
                   -1.52   -1.50    0.59    0.37
                       0   -1.40   -1.90    0.44    0.67
32027       2587  141.63   52.22  137.00   -3.24   -2.94    0.47    0.40  476.00  247.00  0
                   -3.35   -3.00    0.44    0.37
                       0   -3.25   -3.03    0.44    0.59
33135       2618   31.28   51.48  238.00    2.21    2.16    0.32    0.22  476.00    1.00  0
                    2.20    2.15    0.30    0.22
                       0    2.12    2.15    0.41    0.33
34560       2709   44.36   48.78  238.00   -2.20   -2.22    0.32    0.20  475.00    0.00  0
                   -2.15   -2.20    0.30    0.15
                       0   -2.03   -2.40    0.37    0.37
34727       2721   38.27   46.73  238.00   -2.20   -2.10    0.31    0.24  476.00    1.00  0
                   -2.25   -2.10    0.30    0.22
                       0   -2.30   -2.20    0.44    0.22
35157       2758   62.70   51.08  220.00   -3.08   -2.72    0.50    0.40  238.00   18.00  0
                   -3.10   -2.70    0.44    0.30
                       0   -3.30   -3.05    0.44    0.37
35345       2772   61.48   49.98  213.00   -2.96   -2.60    0.81    0.75  238.00   25.00  0
                   -3.10   -2.50    0.44    0.44
                       0   -3.00   -3.25    0.37    0.37
35363       2776   66.83   50.22  238.00   -1.72   -1.65    0.44    0.29  238.00    0.00  0
                   -1.70   -1.60    0.44    0.15
                       0   -1.85   -1.45    0.37    0.37
35368       2777   66.15   49.75  231.00    2.13    2.17    0.57    0.45  232.00    1.00  0
                    2.10    2.20    0.44    0.44
                       0    1.80    2.40    0.37    0.37
35404       2780   50.30   49.22  209.00   -2.12   -2.04    0.93    0.80  238.00   29.00  0
                   -2.10   -2.10    1.04    0.89
                       0   -2.85   -1.35    0.82    0.74
35437       2784   58.22   48.82  231.00   -2.34   -2.25    0.45    0.31  237.00    6.00  0
                   -2.30   -2.20    0.44    0.30
                       0   -2.00   -2.60    0.30    0.44
35522       2788   56.03   48.73  238.00   -1.64   -1.63    0.45    0.34  238.00    0.00  0
                   -1.60   -1.70    0.44    0.30
                       0   -1.45   -1.80    0.37    0.30
35715       2801   53.92   46.80  158.00    3.46    3.16    0.49    0.32  238.00   80.00  0
                    3.50    3.20    0.44    0.30
                       0    3.60    3.55    0.44    0.30
35816       2807   54.48   46.23  235.00    2.47    2.17    0.55    0.45  237.00    2.00  0
                    2.50    2.20    0.59    0.44
                       0    2.40    2.60    0.52    0.59
35969       2813   67.06   45.25  237.00    1.73    1.59    0.44    0.37  474.00    1.00  0
                    1.70    1.60    0.44    0.37
                       0    1.83    1.65    0.26    0.41
36001       2815   75.37   51.70  234.00    2.62    2.52    0.48    0.43  238.00    4.00  0
                    2.65    2.60    0.37    0.44
                       0    2.70    2.70    0.30    0.30
36015       2818   77.77   51.48  204.00   -2.53   -2.54    0.78    0.66  238.00   34.00  0
                   -2.60   -2.60    0.74    0.74
                       0   -2.65   -2.15    0.82    0.74
36090       2829   93.68   51.12  207.00    4.16    4.00    0.49    0.34  466.00  116.00  0
                    4.15    4.05    0.52    0.37
                       0    4.38    4.05    0.48    0.67
36335       2844   75.52   49.38  219.00   -3.11   -3.03    0.37    0.29  236.00   17.00  0
                   -3.10   -3.10    0.30    0.30
                       0   -3.20   -3.10    0.30    0.30
36418       2850   83.38   49.03  226.00    3.49    3.14    0.50    0.37  238.00   12.00  0
                    3.50    3.10    0.44    0.30
                       0    3.40    3.40    0.44    0.30
36421       2851   84.28   49.72  192.00    3.43    3.04    0.49    0.41  238.00   46.00  0
                    3.40    3.00    0.44    0.30
                       0    3.50    3.50    0.44    0.44
36439       2853   85.62   49.18  238.00    2.16    1.89    0.79    0.64  238.00    0.00  0
                    2.70    1.80    1.04    0.59
                       0    2.40    1.95    0.44    1.26
36870       2875   76.93   43.23  238.00   -2.04   -1.80    0.51    0.36  476.00    0.00  0
                   -2.05   -1.80    0.44    0.30
                       0   -2.03   -1.98    0.22    0.52
36905       2878   79.48   43.32  238.00   -2.47   -2.39    0.69    0.51  238.00    0.00  0
                   -2.40   -2.15    0.74    0.52
                       0   -2.20   -2.40    0.30    0.89
37054       2887   43.06   44.23  238.00    2.00    1.95    0.44    0.26  475.00    1.00  0
                    2.00    1.95    0.37    0.22
                       0    1.75    1.98    0.63    0.33
38262       2939   59.80   42.95  232.00    2.84    2.64    0.57    0.47  476.00   31.00  0
                    2.93    2.82    0.56    0.48
                       0    2.97    2.80    0.67    0.41
38318       2943   68.13   42.10  230.00   -2.98   -2.88    0.41    0.23  465.00   11.00  0
                   -3.00   -2.90    0.44    0.22
                       0   -2.75   -3.30    0.19    0.44
38343       2947   72.75   42.95  238.00   -1.79   -1.56    0.36    0.29  476.00    0.00  0
                   -1.80   -1.55    0.37    0.30
                       0   -1.85   -1.67    0.37    0.33
38353       2949   74.53   42.85  238.00   -2.43   -2.16    0.72    0.60  476.00    4.00  0
                   -2.40   -2.20    0.89    0.74
                       0   -2.32   -2.30    0.74    0.63
38413       2954   64.62   41.73  234.00    1.83    1.72    0.70    0.59  476.00   12.00  0
                    1.75    1.65    0.59    0.44
                       0    1.60    1.88    0.30    0.67
38611       2964   71.58   40.98  238.00    1.70    1.70    0.65    0.44  474.00    1.00  0
                    1.65    1.92    0.59    0.48
                       0    1.78    1.50    0.56    0.59
38715       2975   68.63   39.58  119.00   -1.61   -1.60    0.69    0.73  119.00    0.00  0
                   -1.70   -1.70    0.59    0.74
                       1   -1.50   -1.85    0.74    0.52
38750       2980   53.96   37.46  238.00    1.60    1.40    0.60    0.49  476.00    1.00  0
                    1.60    1.40    0.56    0.44
                       0    1.58    1.55    0.52    0.41
38763       2981   56.28   38.97  238.00    1.72    1.47    0.55    0.39  475.00    0.00  0
                    1.62    1.45    0.56    0.33
                       0    1.62    1.75    0.48    0.44
38846       2988   69.97   38.33  238.00   -1.68   -1.47    0.76    0.67  470.00    3.00  0
                   -1.08   -1.45    0.93    0.67
                       0   -1.80   -1.67    0.82    0.82
38856       2989   70.88   38.46  119.00   -1.59   -1.32    0.85    0.82  119.00    0.00  0
                   -1.50   -1.20    0.89    0.74
                       1   -1.40   -1.40    1.41    1.41
38947       2998   69.08   37.23  107.00   -2.53   -2.04    0.92    0.84  117.00   10.00  0
                   -2.40   -1.90    0.74    0.74
                       1   -2.20   -2.45    0.74    0.82
40361       3020   40.10   29.78  238.00    1.74    1.69    0.31    0.26  475.00    0.00  0
                    1.75    1.70    0.30    0.22
                       0    1.75    1.85    0.33    0.30
40674       3033   45.27   31.30  191.00    1.73    1.38    0.30    0.22  386.00   47.00  0
                    1.75    1.40    0.30    0.22
                       0    1.75    1.65    0.22    0.33
40691       3037   48.50   29.98  229.00    2.65    2.44    0.45    0.39  403.00    3.00  0
                    2.65    2.45    0.52    0.37
                       0    2.38    3.07    0.33    0.56
40723       3049   57.33   37.46  238.00    1.73    1.69    0.55    0.48  467.00    1.00  0
                    1.73    1.70    0.48    0.44
                       0    1.77    1.48    0.41    0.37
40734       3055   51.50   36.65  238.00   -2.11   -2.07    0.53    0.38  468.00    1.00  0
                   -2.15   -2.05    0.52    0.30
                       0   -2.18   -1.97    0.41    0.70
40741       3061   61.17   36.54   84.00   -3.27   -3.28    0.48    0.41  456.00  346.00  0
                   -3.30   -3.30    0.44    0.30
                       0   -3.47   -3.25    0.30    0.52
40785       3075   51.45   33.97  238.00    1.85    1.83    0.60    0.46  473.00    2.00  0
                    1.85    1.85    0.59    0.44
                       0    1.65    2.50    0.48    0.59
40827       3087   60.03   31.53  238.00    2.24    2.43    0.49    0.48  474.00    1.00  0
                    2.22    2.45    0.56    0.52
                       0    1.77    2.50    0.33    0.41
40835       3091   50.76   30.43   87.00   -4.22   -4.26    0.29    0.25  467.00  369.00  0
                   -4.20   -4.30    0.30    0.15
                       0   -4.22   -4.20    0.26    0.30
40836       3092   51.68   30.83  238.00    1.59    1.61    0.73    0.70  475.00    1.00  0
                    1.55    1.55    0.74    0.67
                       0    1.22    1.73    0.70    0.41
40859       3099   53.68   28.96  238.00   -2.17   -1.98    0.34    0.33  476.00    0.00  0
                   -2.20   -2.00    0.30    0.30
                       0   -2.30   -2.12    0.22    0.30
40877       3102   57.70   27.96  232.00   -3.07   -2.92    0.25    0.28  471.00   53.00  0
                   -3.10   -2.80    0.22    0.30
                       0   -3.10   -3.05    0.22    0.33
40878       3103   62.33   27.33  238.00    1.98    1.97    0.36    0.33  475.00    0.00  0
                    1.95    1.95    0.37    0.37
                       0    1.80    2.20    0.37    0.41
41198       3133   56.33   25.10  161.00   -1.61   -1.56    0.43    0.33  226.00    0.00  0
                   -1.65   -1.55    0.37    0.30
                       0   -1.73   -1.50    0.33    0.30
41240       3138   56.23   26.22  226.00   -1.55   -1.43    0.28    0.25  438.00    0.00  0
                   -1.55   -1.40    0.30    0.22
                       0   -1.45   -1.50    0.37    0.22
41257       3149   57.93   23.30  222.00   -2.41   -2.32    0.34    0.29  429.00    0.00  0
                   -2.45   -2.35    0.30    0.30
                       0   -2.47   -2.38    0.22    0.41
41594       3176   72.67   32.04  233.00    1.70    1.31    0.61    0.37  432.00    3.00  0
                    1.75    1.30    0.52    0.37
                       0    1.92    1.70    0.70    0.44
41710       3188   62.75   28.82  232.00   -1.71   -1.63    0.81    0.68  286.00    1.00  0
                   -1.80   -1.70    0.74    0.74
                       0   -1.88   -1.67    0.93    0.44
41764       3198   68.41   25.38  233.00   -1.73   -1.73    0.60    0.49  437.00    3.00  0
                   -1.80   -1.80    0.52    0.37
                       0   -1.67   -1.48    0.63    0.52
41939       3224   90.18   23.17  221.00    1.53    1.20    0.75    0.70  380.00    3.00  0
                    1.60    1.25    0.59    0.52
                       0    1.83    1.50    0.78    0.63
42111       3247   78.03   30.32  227.00    4.18    3.86    0.55    0.31  455.00   64.00  0
                    4.25    3.90    0.52    0.30
                       0    3.88    4.22    0.70    0.41
43201       3279   75.63   15.41  237.00    2.18    2.10    0.43    0.34  473.00    1.00  0
                    2.15    2.10    0.37    0.30
                       0    2.10    2.53    0.44    0.41
43237       3285   77.63   14.58  237.00    2.40    2.34    0.56    0.38  472.00    8.00  0
                    2.40    2.30    0.52    0.37
                       0    2.43    2.70    0.44    0.59
44217       3341   90.30   48.42  201.00   -3.74   -3.78    0.54    0.50  433.00   99.00  0
                   -3.85   -3.85    0.52    0.52
                       0   -3.70   -4.07    0.52    0.48
44272       3359   96.85   47.75  238.00   -2.16   -2.20    0.46    0.39  476.00    2.00  0
                   -2.08   -2.20    0.48    0.44
                       0   -2.12   -2.45    0.30    0.52
47022       3395  128.15   40.82  229.00    2.71    2.68    0.59    0.50  581.00   46.00  0
                    2.80    2.70    0.59    0.52
                       0    2.94    2.80    0.63    0.56
47037       3400  125.25   39.97  237.00   -1.75   -1.69    0.89    0.81  582.00    8.00  0
                   -1.85   -1.70    0.82    0.74
                       0   -1.81   -1.28    0.91    0.96
47068       3411  124.88   38.20  236.00   -2.39   -2.32    0.64    0.56  582.00   18.00  0
                   -2.43   -2.35    0.54    0.52
                       0   -2.11   -2.67    0.54    0.74
47075       3414  127.28   38.41  235.00    2.60    2.50    0.59    0.47  582.00   15.00  0
                    2.60    2.50    0.52    0.44
                       0    2.62    2.35    0.50    0.37
47157       3447  127.91   35.67  237.00   -1.52   -1.57    0.48    0.36  472.00    0.00  0
                   -1.65   -1.60    0.44    0.37
                       0   -1.50   -1.90    0.44    0.30
47171       3454  126.86   35.56  237.00   -2.75   -2.80    0.41    0.28  476.00   14.00  0
                   -2.80   -2.80    0.37    0.30
                       0   -2.50   -3.10    0.48    0.26
48375       3651   98.55   16.67  238.00   -1.70   -1.83    0.60    0.39  475.00    1.00  0
                   -1.75   -1.85    0.56    0.37
                       0   -1.67   -1.58    0.59    0.67
48437       3693  103.25   15.23  238.00    1.55    1.39    0.67    0.44  476.00    0.00  0
                    1.60    1.40    0.67    0.44
                       0    1.55    1.83    0.59    0.56
48458       3703  101.45   13.56  238.00    1.97    1.88    0.49    0.31  476.00    2.00  0
                    1.95    1.85    0.52    0.30
                       0    2.00    2.17    0.41    0.59
48555       3727   99.63    9.14  238.00    1.74    1.67    0.51    0.37  476.00    1.00  0
                    1.70    1.67    0.52    0.41
                       0    1.88    1.83    0.67    0.56
48866       3780  108.00   13.98  236.00    2.56    2.42    0.43    0.33  458.00    1.00  0
                    2.50    2.40    0.44    0.33
                       0    2.47    2.68    0.44    0.44
48916       3788  103.47    9.27  233.00   -1.68   -1.72    0.64    0.52  233.00    0.00  0
                   -1.70   -1.60    0.59    0.44
                       0   -1.40   -1.20    0.44    0.59
48921       3793  101.88   21.63   67.00   -3.22   -3.46    0.69    0.66  266.00  177.00  0
                   -3.30   -3.70    0.67    0.30
                       0   -3.55   -3.07    0.74    0.89
48925       3795  102.00   20.68  176.00   -2.42   -2.66    0.83    0.50  282.00    4.00  0
                   -2.40   -2.65    1.00    0.52
                       0   -2.55   -2.45    0.93    0.70
48928       3797  104.07   20.42  135.00    3.64    3.34    0.56    0.34  266.00   83.00  0
                    3.60    3.50    0.59    0.30
                       0    3.60    3.47    0.52    0.67
48947       3802  104.75   16.55  229.00    2.00    1.79    0.69    0.53  414.00    9.00  0
                    2.00    1.75    0.74    0.44
                       0    1.70    2.05    0.67    0.78
50756       3817  126.97   47.43  238.00    2.11    2.08    0.46    0.34  238.00    0.00  0
                    2.10    2.10    0.44    0.30
                       0    2.10    2.05    0.44    0.52
51156       3828   85.74   46.80  238.00   -2.19   -2.31    0.51    0.43  238.00    0.00  0
                   -2.20   -2.30    0.44    0.44
                       0   -2.10   -2.60    0.44    0.44
51467       3833   86.33   42.66  139.00   -3.56   -3.67    0.81    0.82  416.00  213.00  0
                   -3.70   -3.90    0.59    0.59
                       0   -3.57   -4.05    0.67    0.52
56144       3940   98.56   31.73  210.00   -3.07   -3.34    0.81    0.66  416.00   65.00  0
                   -3.15   -3.35    0.89    0.78
                       0   -3.42   -3.03    0.93    0.74
56167       3943  101.12   30.98  168.00   -3.43   -3.67    0.64    0.51  416.00  142.00  0
                   -3.45   -3.75    0.74    0.52
                       0   -3.28   -3.70    0.89    0.74
56385       3951  103.33   29.52  234.00   -2.35   -2.47    0.61    0.69  407.00   16.00  0
                   -2.45   -2.60    0.63    0.67
                       0   -2.30   -2.65    0.59    0.67
58968       4024  121.53   25.03  238.00   -2.59   -2.66    0.45    0.31  470.00    0.00  0
                   -2.55   -2.65    0.44    0.30
                       0   -2.35   -2.68    0.41    0.33
59158       4030  120.70   24.15  235.00   -2.10   -2.14    0.54    0.38  408.00    0.00  0
                   -2.10   -2.20    0.44    0.30
                       0   -2.05   -2.03    0.37    0.33
60025       4058  343.43   28.05  238.00   -3.09   -3.07    0.36    0.32 1428.00    4.00  0
                   -3.08   -3.12    0.32    0.31
                       0   -3.28   -2.97    0.32    0.30
60550       4076    1.00   33.67  237.00   -2.28   -2.28    0.47    0.40  475.00    7.00  0
                   -2.30   -2.35    0.37    0.30
                       0   -2.32   -2.28    0.26    0.33
61045       4102   10.30   13.98  235.00    2.38    1.91    0.60    0.44  465.00   19.00  0
                    2.35    1.90    0.59    0.44
                       0    2.35    2.50    0.56    0.67
61291       4120  352.05   12.53  223.00    2.13    1.93    0.61    0.48  387.00    3.00  0
                    2.10    1.90    0.59    0.44
                       0    2.40    2.20    0.63    0.67
61697       4132  343.25   12.03   82.00    3.35    3.34    0.45    0.33  416.00  319.00  0
                    3.50    3.55    0.30    0.22
                       0    3.50    3.25    0.15    0.37
63450       4147   38.75    9.02   73.00    3.42    3.39    0.22    0.17  244.00  163.00  0
                    3.50    3.40    0.15    0.15
                       0    3.50    3.40    0.15    0.15
64390       4166   29.32   -3.32   60.00   -2.29   -2.35    0.89    0.74   70.00    2.00  0
                   -2.25   -2.22    0.82    0.63
                       6   -2.30   -2.28    0.67    0.96
64459       4172   18.07    1.62  236.00    1.54    1.23    0.76    0.48  451.00    1.00  0
                    1.42    1.20    0.70    0.44
                       0    1.33    1.73    0.56    0.89
64810       4181    8.77    3.75  235.00    2.32    2.31    0.72    0.63  439.00    2.00  0
                    2.35    2.35    0.82    0.74
                       0    1.95    2.53    0.85    0.44
65319       4189    1.38   10.32  227.00    3.10    2.96    0.52    0.44  432.00   53.00  0
                    3.15    3.00    0.44    0.30
                       0    3.10    3.45    0.37    0.37
65507       4199    0.35   12.06  227.00   -1.70   -1.84    0.57    0.42  391.00    0.00  0
                   -1.75   -1.90    0.52    0.37
                       0   -1.62   -1.50    0.37    0.59
65510       4200  355.70   11.16  211.00   -2.69   -2.72    0.55    0.41  360.00   29.00  0
                   -2.75   -2.80    0.52    0.37
                       0   -2.62   -2.68    0.48    0.52
65536       4205  354.38    9.42  209.00    1.64    1.50    0.63    0.46  356.00    2.00  0
                    1.60    1.45    0.59    0.44
                       0    1.62    2.10    0.48    0.74
67137       4227   47.10  -21.45  226.00   -2.02   -2.00    0.41    0.39  338.00    4.00  0
                   -2.05   -2.00    0.37    0.30
                       0   -1.85   -1.77    0.52    0.37
67335       4233   33.63  -25.05  231.00   -1.59   -1.55    0.44    0.34  441.00    0.00  0
                   -1.60   -1.55    0.44    0.37
                       0   -1.48   -1.58    0.33    1.15
67775       4234   31.13  -17.91  142.00   -1.67   -1.75    0.35    0.30  200.00    2.00  0
                   -1.70   -1.70    0.33    0.30
                       0   -1.67   -1.50    0.41    0.30
68268       4253   28.32  -24.89  222.00    1.53    1.34    0.33    0.26  433.00    0.00  0
                    1.55    1.35    0.30    0.22
                       0    1.62    1.60    0.37    0.37
68549       4318   26.86  -29.90  144.00    1.80    1.64    0.40    0.32  442.00  163.00  0
                    1.80    1.65    0.37    0.30
                       0    1.85    1.60    0.37    0.30
68674       4344   29.55  -31.63  229.00    1.72    1.81    0.55    0.47  431.00    0.00  0
                    1.70    1.80    0.59    0.44
                       0    2.12    1.60    0.30    0.37
68828       4368   22.38  -34.02  238.00   -1.73   -1.55    0.41    0.28  397.00    0.00  0
                   -1.70   -1.48    0.44    0.26
                       0   -1.75   -1.50    0.52    0.56
68833       4370   23.87  -33.83  236.00   -2.98   -2.80    0.37    0.30  465.00    1.00  0
                   -3.00   -2.80    0.37    0.30
                       0   -2.95   -2.88    0.37    0.22
68925       4387   19.02  -34.13  237.00    1.59    1.69    0.57    0.49  465.00    0.00  0
                    1.70    1.90    0.44    0.37
                       0    1.70    1.90    0.22    0.56
70381       4417  225.42   58.37  232.00   -1.55   -1.57    0.80    0.57  233.00    1.00  0
                   -0.95   -1.50    0.96    0.59
                       0   -1.15   -1.60    0.96    1.19
71113       4478  238.24   49.24  233.00   -1.53   -1.55    0.99    0.64  464.00    0.00  0
                   -1.65   -1.60    1.19    0.74
                       0   -1.60   -1.38    1.67    1.11
71181       4526  304.68   47.13  199.00   -2.15   -1.94    0.37    0.27  396.00    0.00  0
                   -2.15   -1.95    0.37    0.30
                      11   -2.35   -2.12    0.22    0.26
71243       4549  247.24   49.69  210.00    1.62    1.36    0.50    0.24  419.00    0.00  0
                    1.60    1.35    0.44    0.22
                       0    1.55    1.62    0.41    0.48
71321       4598  291.45   63.75  227.00    1.96    1.77    0.56    0.45  449.00    0.00  0
                    1.95    1.80    0.59    0.37
                       0    2.00    1.77    0.52    0.56
71421       4653  296.72   51.86  230.00    1.60    1.62    0.49    0.39  453.00    0.00  0
                    1.60    1.65    0.52    0.37
                       0    1.38    1.98    0.44    0.41
71750       4876  273.71   48.58  186.00    1.87    1.71    0.35    0.26  371.00    0.00  0
                    1.90    1.75    0.37    0.22
                       0    1.95    1.85    0.44    0.41
71769       4885  235.84   49.35  234.00   -1.79   -1.67    0.49    0.24  466.00    0.00  0
                   -1.75   -1.65    0.52    0.22
                       0   -1.75   -1.70    0.44    0.33
71914       4967  236.87   48.77  234.00   -1.75   -1.70    0.36    0.17  466.00    0.00  0
                   -1.80   -1.70    0.37    0.22
                       0   -1.80   -1.60    0.37    0.30
72235       5037  269.92   32.32  237.00    1.74    1.30    0.36    0.28  471.00    1.00  0
                    1.75    1.30    0.37    0.22
                       0    1.75    1.48    0.22    0.19
72274       5057  249.05   32.22  131.00   -3.12   -3.58    0.49    0.32  234.00  103.00  0
                   -3.30   -3.60    0.30    0.30
                       0   -3.10   -3.40    0.44    0.15
72312       5066  277.78   34.90  238.00    1.72    1.20    0.40    0.29  466.00    0.00  0
                    1.70    1.20    0.30    0.22
                       0    1.70    1.55    0.30    0.26
72314       5067  279.07   35.22  238.00    2.21    1.70    0.39    0.26  475.00    2.00  0
                    2.20    1.73    0.30    0.26
                       0    2.20    2.17    0.30    0.33
72327       5074  273.45   36.23   93.00   -3.32   -3.99    0.27    0.23  470.00  349.00  0
                   -3.40   -4.00    0.30    0.22
                       0   -3.40   -3.50    0.26    0.15
72356       5080  264.12   36.20  226.00   -1.72   -2.00    0.55    0.35  227.00    1.00  0
                   -1.75   -2.00    0.52    0.30
                       0   -1.90   -1.70    0.59    0.30
72386       5090  244.83   36.08  222.00    2.71    2.87    0.48    0.28  236.00   14.00  0
                    2.70    2.90    0.44    0.30
                       0    2.80    2.70    0.59    0.44
72407       5099  285.44   39.45  234.00   -1.53   -1.88    0.39    0.28  234.00    0.00  0
                   -1.50   -1.80    0.30    0.30
                       0   -1.65   -1.65    0.37    0.44
72464       5123  255.48   38.28  229.00    1.90    1.81    0.57    0.42  235.00    6.00  0
                    1.90    1.80    0.59    0.44
                       0    2.00    1.90    0.67    0.44
72494       5130  237.62   37.61  219.00   -2.91   -3.17    0.36    0.27  236.00   17.00  0
                   -2.90   -3.20    0.44    0.30
                       0   -2.70   -3.00    0.44    0.30
72506       5134  286.04   40.77   59.00    2.66    2.40    0.77    0.78  238.00  179.00  0
                    2.90    2.60    0.74    0.74
                       0    3.25    2.95    0.74    0.67
72524       5146  278.13   41.42  238.00    1.94    1.62    0.40    0.25  475.00    0.00  0
                    1.95    1.65    0.37    0.22
                       0    1.70    1.77    0.22    0.33
72570       5175  252.47   40.50  235.00    2.49    2.52    0.52    0.45  472.00   21.00  0
                    2.55    2.55    0.59    0.37
                       0    2.50    2.60    0.74    0.44
72672       5199  251.52   43.07   89.00    3.23    3.49    0.34    0.32  233.00  144.00  0
                    3.30    3.50    0.30    0.30
                       0    3.20    3.35    0.22    0.37
76161       5234  248.95   29.10  199.00   -2.08   -2.28    0.55    0.42  388.00    3.00  0
                   -2.15   -2.30    0.52    0.37
                       0   -2.28   -2.20    0.48    0.48
76243       5236  259.48   28.70  201.00    2.93    2.50    0.72    0.62  369.00   51.00  0
                    2.90    2.50    0.59    0.59
                       1    2.85    3.03    0.63    0.41
76256       5237  249.20   27.95  160.00    1.52    1.21    0.51    0.39  294.00    1.00  0
                    1.50    1.20    0.44    0.30
                       1    1.42    1.40    0.41    0.52
76323       5241  254.34   26.91   81.00    3.45    3.13    0.39    0.35  371.00  245.00  0
                    3.50    3.20    0.44    0.30
                       1    3.40    3.45    0.44    0.52
76342       5242  258.58   26.88  217.00    2.82    2.39    0.82    0.64  432.00   14.00  0
                    2.90    2.40    0.89    0.67
                       0    3.05    2.95    0.74    0.74
76412       5248  252.57   24.63  212.00    2.72    2.19    0.64    0.55  395.00   21.00  0
                    2.70    2.22    0.52    0.47
                       1    2.72    2.12    1.11    0.67
76491       5252  260.83   23.73  201.00    1.57    1.14    0.56    0.45  305.00    0.00  0
                    1.50    1.10    0.59    0.44
                       1    1.77    1.60    0.78    0.52
76548       5256  262.15   22.22  133.00    3.52    3.11    0.62    0.53  423.00  232.00  0
                    3.60    3.30    0.44    0.30
                       1    3.53    3.50    0.52    0.67
76571       5258  257.70   21.88  140.00    2.93    2.49    0.51    0.41  274.00    7.00  0
                    3.00    2.55    0.52    0.37
                       1    2.75    3.10    0.56    0.52
76634       5266  261.65   20.07  218.00    2.28    2.06    0.31    0.31  421.00    0.00  0
                    2.30    2.10    0.30    0.30
                       1    2.35    2.35    0.37    0.33
76640       5267  262.59   20.95  227.00    1.93    1.61    0.77    0.69  552.00    2.00  0
                    2.00    1.77    0.74    0.49
                       0    2.38    2.37    0.64    0.42
76658       5272  256.29   19.23  211.00    1.57    1.15    0.60    0.50  428.00    0.00  0
                    1.50    1.17    0.54    0.40
                       0    1.48    1.60    0.79    0.78
76683       5276  261.77   19.32  220.00    2.94    2.71    0.33    0.29  445.00    0.00  0
                    2.95    2.70    0.32    0.30
                       0    2.93    2.90    0.33    0.33
76775       5288  263.30   17.07  220.00    2.36    2.15    0.49    0.46  425.00    1.00  0
                    2.40    2.15    0.44    0.44
                       1    2.25    2.32    0.48    0.63
76903       5296  267.73   14.92  212.00   -1.85   -2.07    0.71    0.66  518.00    9.00  0
                   -1.85   -2.05    0.59    0.52
                       0   -2.03   -1.85    0.40    0.52
78073       5298  282.53   25.05  238.00    1.73    1.33    0.30    0.27  441.00    1.00  0
                    1.70    1.33    0.30    0.26
                       0    1.73    1.62    0.48    0.26
78482       5303  288.91   18.20  175.00    2.00    1.67    0.57    0.50  268.00    0.00  0
                    1.95    1.60    0.59    0.52
                       1    1.70    1.95    0.74    0.59
78526       5304  294.01   18.43  235.00   -1.56   -1.72    0.38    0.30  235.00    0.00  0
                   -1.60   -1.70    0.30    0.30
                       0   -1.60   -1.55    0.30    0.30
78700       5308  272.33   13.28  162.00    2.99    2.43    0.76    0.61  261.00   30.00  0
                    3.07    2.50    0.67    0.56
                       2    2.85    3.00    0.41    0.89
78704       5310  274.07   15.93  174.00    1.62    1.20    0.76    0.71  284.00    4.00  0
                    1.60    1.25    0.59    0.59
                       1    1.50    2.38    0.33    0.74
78705       5311  273.14   15.73  231.00    1.74    1.32    0.53    0.43  387.00    1.00  0
                    1.75    1.40    0.59    0.44
                       0    1.73    2.00    0.52    0.41
78720       5319  272.79   14.05  235.00    1.67    1.32    0.43    0.37  449.00    3.00  0
                    1.65    1.35    0.37    0.30
                       0    1.75    1.60    0.30    0.30
78724       5320  272.82   13.30  112.00    3.06    2.40    0.97    0.85  264.00   91.00  0
                    3.20    2.47    0.96    0.85
                       1    2.45    3.38    1.45    0.93
78858       5328  297.29   17.30  178.00    2.61    2.48    0.36    0.27  279.00    0.00  0
                    2.60    2.45    0.37    0.22
                       1    2.40    2.70    0.30    0.41
80022       5344  284.49   10.45  232.00    1.55    1.22    0.50    0.40  415.00    1.00  0
                    1.55    1.27    0.52    0.40
                       0    1.60    1.65    0.52    0.63
80063       5348  284.16    8.82  216.00    1.84    1.53    0.54    0.45  324.00    2.00  0
                    1.80    1.50    0.44    0.44
                       0    1.80    1.73    0.44    0.48
80091       5349  286.20    7.02  165.00    1.57    1.22    0.88    0.65  236.00    2.00  0
                    1.70    1.30    0.74    0.67
                       1    1.78    1.83    1.07    0.69
80234       5358  286.38    4.17  169.00   -2.80   -2.92    1.03    0.89  249.00    9.00  0
                   -2.90   -3.05    1.33    1.04
                       1   -2.95   -3.20    0.89    1.48
80315       5360  284.70    2.97  206.00   -1.61   -1.68    0.89    0.75  314.00    3.00  0
                   -1.70   -1.77    0.89    0.82
                       0   -1.67   -1.38    1.15    0.93
80342       5361  282.73    1.42  158.00    3.11    2.97    0.47    0.40  225.00   36.00  0
                    3.20    3.00    0.44    0.30
                       1    3.00    3.20    0.44    0.44
82353       5386  307.80   -3.20  119.00   -2.85   -2.81    0.57    0.54  151.00   32.00  0
                   -2.90   -2.90    0.44    0.44
                       1   -3.00   -2.90    0.44    0.52
82392       5387  319.65   -3.70  157.00   -1.74   -1.52    0.50    0.43  157.00    0.00  0
                   -1.70   -1.50    0.44    0.44
                       1   -1.70   -1.70    0.52    0.59
82445       5389  304.03   -4.26  169.00    2.27    2.06    0.66    0.50  175.00    6.00  0
                    2.30    2.10    0.59    0.44
                       1    2.15    2.60    0.44    0.59
82562       5392  310.85   -5.35  124.00    2.10    1.94    0.61    0.52  126.00    2.00  0
                    2.10    1.90    0.59    0.59
                       1    1.85    2.20    0.37    0.74
82824       5402  296.09   -8.76  236.00    1.53    1.25    0.61    0.41  471.00    1.00  0
                    1.58    1.25    0.56    0.30
                       0    1.38    1.60    0.41    0.63
83270       5414  307.50  -13.50  159.00    2.07    1.56    0.87    0.81  162.00    3.00  0
                    2.00    1.50    0.74    0.74
                       1    1.95    2.15    0.37    0.96
83368       5420  307.77  -15.90  174.00    1.84    1.36    0.74    0.58  177.00    3.00  0
                    1.70    1.30    0.74    0.44
                       1    1.50    2.15    0.37    0.59
83442       5427  318.02  -16.85  178.00   -2.86   -2.67    0.64    0.60  178.00    0.00  0
                   -2.90   -2.70    0.59    0.59
                       1   -3.05   -2.35    0.52    0.67
83836       5447  309.37  -25.47  177.00   -2.76   -2.63    0.69    0.53  179.00    2.00  0
                   -2.80   -2.70    0.59    0.44
                       1   -2.65   -2.80    0.52    0.89
83927       5454  302.92  -29.75  100.00   -1.88   -1.65    0.91    0.61  101.00    1.00  0
                   -1.90   -1.60    0.89    0.59
                       1   -2.00   -1.75    0.96    1.19
83948       5456  310.28  -29.33  174.00    2.42    2.30    0.80    0.57  179.00    5.00  0
                    2.30    2.30    0.59    0.44
                       1    2.40    2.85    0.44    0.82
84001       5461  269.74   -0.45  138.00    1.92    1.88    0.53    0.49  183.00    2.00  0
                    1.90    1.95    0.48    0.44
                       2    1.88    2.20    0.63    0.44
84123       5471  281.39   -0.90  142.00    1.53    1.48    0.71    0.65  192.00    0.00  0
                    1.45    1.40    0.82    0.74
                       2    1.25    1.65    0.82    1.07
84135       5473  279.55   -1.03   78.00    3.84    3.48    0.48    0.36  178.00   93.00  0
                    3.80    3.60    0.44    0.30
                       2    3.75    3.85    0.48    0.67
84143       5475  281.42   -1.02  130.00   -2.73   -2.80    0.99    0.93  172.00   12.00  0
                   -2.80   -2.85    1.00    0.96
                       2   -2.60   -2.65    0.96    1.52
84179       5477  282.10   -1.50  140.00   -1.74   -1.87    0.88    0.59  174.00    1.00  0
                   -1.75   -1.80    1.04    0.59
                       2   -2.05   -1.50    1.19    1.04
84265       5484  280.63   -3.98   97.00    3.57    3.44    0.87    0.74  152.00   52.00  0
                    5.20    3.60    2.37    0.89
                       2    3.75    3.50    0.74    1.04
84377       5486  286.75   -3.75  156.00    3.26    3.07    0.54    0.39  443.00  207.00  0
                    3.35    3.10    0.52    0.30
                       0    3.28    3.40    0.48    0.59
84401       5488  279.41   -5.18  225.00    2.79    2.57    0.58    0.48  446.00   42.00  0
                    2.75    2.55    0.59    0.52
                       0    2.57    2.97    0.48    0.74
84455       5492  283.62   -6.45  203.00    3.40    3.09    0.92    0.74  319.00   36.00  0
                    3.30    3.00    1.04    0.89
                       1    2.72    3.55    0.85    1.07
84472       5493  281.53   -7.13  121.00   -3.40   -3.51    0.64    0.58  276.00   99.00  0
                   -3.35   -3.50    0.82    0.82
                       1   -3.28   -3.32    0.74    0.93
84531       5497  281.49   -9.13  100.00    1.64    1.53    0.66    0.55  140.00    1.00  0
                    1.73    1.60    0.82    0.59
                       2    1.73    1.90    0.70    0.78
84686       5503  288.02  -13.55  237.00   -2.69   -2.77    0.57    0.52  441.00    2.00  0
                   -2.75   -2.85    0.67    0.59
                       0   -2.90   -2.32    0.59    0.78
84773       5508  288.67  -17.68   99.00   -1.65   -1.78    0.58    0.45  142.00    0.00  0
                   -1.55   -1.70    0.44    0.37
                       2   -1.65   -1.52    0.59    0.41
85140       5516  292.62  -14.31   87.00   -2.66   -2.86    0.75    0.56  232.00  126.00  0
                   -2.70   -2.90    0.74    0.59
                       1   -3.05   -1.95    0.52    1.00
85175       5521  296.90  -15.72  120.00    1.82    1.36    0.93    0.65  122.00    1.00  0
                    1.90    1.40    0.89    0.52
                       2    2.00    1.95    0.89    1.04
85268       5532  300.25  -18.32  114.00    3.15    2.82    0.87    0.76  121.00    6.00  0
                    3.40    2.95    0.89    0.67
                       2    2.95    3.30    0.96    0.89
85406       5537  289.67  -18.35  237.00    2.31    2.10    0.51    0.41  237.00    0.00  0
                    2.40    2.10    0.44    0.44
                       0    2.55    2.35    0.37    0.37
85418       5538  289.82  -20.53  238.00   -1.66   -1.73    0.64    0.59  238.00    0.00  0
                   -1.70   -1.80    0.52    0.44
                       0   -1.25   -1.85    0.52    0.30
85432       5539  291.10  -22.49  238.00   -3.35   -3.24    0.37    0.38  238.00    0.00  0
                   -3.40   -3.20    0.44    0.37
                       0   -3.40   -3.10    0.44    0.30
85442       5540  289.56  -23.45  202.00   -3.98   -3.80    0.44    0.41  238.00   36.00  0
                   -4.00   -3.80    0.44    0.44
                       0   -3.50   -3.90    0.67    0.30
86134       5558  302.59  -23.43  226.00    2.69    2.55    0.62    0.41  470.00   41.00  0
                    2.75    2.60    0.67    0.44
                       0    2.89    2.32    0.61    0.82
86185       5560  302.92  -24.07  186.00   -2.27   -2.30    0.98    0.84  389.00   74.00  0
                   -2.45   -2.50    0.70    0.59
                       0   -2.50   -2.62    0.48    0.78
87148       5591  299.52  -26.73  238.00   -2.38   -2.24    0.61    0.43  476.00    7.00  0
                   -2.40   -2.25    0.52    0.37
                       0   -2.25   -2.47    0.56    0.44
87222       5597  294.23  -28.60  238.00   -1.78   -1.73    0.88    0.71  475.00    0.00  0
                   -1.85   -1.80    0.85    0.74
                       0   -2.00   -1.95    0.56    0.70
87344       5605  295.78  -31.32  238.00   -2.30   -2.03    0.58    0.34  476.00    2.00  0
                   -2.28   -2.03    0.48    0.30
                       0   -2.07   -2.40    0.26    0.59
87349       5606  296.12  -31.67  238.00   -1.80   -1.50    0.60    0.35  474.00    2.00  0
                   -1.75   -1.45    0.52    0.30
                       0   -1.58   -2.00    0.41    0.37
87393       5609  302.35  -30.25  237.00   -2.19   -1.89    0.63    0.41  237.00    0.00  0
                   -1.30   -1.90    1.33    0.44
                       0   -1.85   -2.20    0.44    0.44
87416       5611  291.58  -33.08  225.00   -2.45   -2.26    0.74    0.49  237.00   12.00  0
                   -2.50   -2.30    0.74    0.44
                       0   -2.25   -2.40    0.67    0.74
87467       5616  297.85  -32.70  238.00   -1.75   -1.41    0.54    0.34  476.00    1.00  0
                   -1.70   -1.40    0.44    0.30
                       0   -1.60   -2.00    0.26    0.30
87640       5630  298.90  -36.25  179.00   -1.81   -1.40    0.67    0.40  179.00    0.00  0
                   -1.80   -1.40    0.74    0.44
                       1   -1.80   -2.10    0.74    0.82
87648       5633  302.27  -36.35  238.00   -1.79   -1.48    0.46    0.29  462.00    0.00  0
                   -1.80   -1.50    0.44    0.30
                       0   -1.75   -2.12    0.41    0.78
87688       5634  299.75  -38.33  173.00   -1.83   -1.48    0.63    0.41  173.00    0.00  0
                   -1.80   -1.40    0.59    0.44
                       1   -1.70   -1.95    0.74    0.89
87800       5642  288.48  -41.97  177.00    2.50    2.34    0.94    0.78  252.00    4.00  0
                    2.40    2.25    0.89    0.67
                       1    2.30    2.80    1.04    0.74
89061       5674  295.92  -64.77  183.00   -2.35   -1.81    1.04    0.73  372.00   28.00  0
                   -2.25   -1.70    1.26    0.67
                       9   -2.35   -1.52    0.82    0.44
91203       5707  139.80   10.02   67.00    2.15    2.07    0.46    0.35   68.00    1.00  0
                    2.20    2.10    0.44    0.30
                       0    2.05    2.30    0.37    0.30
91285       5710  204.93   19.72  234.00   -2.67   -2.60    0.47    0.40  234.00    0.00  0
                   -2.65   -2.60    0.52    0.44
                       0   -2.65   -2.85    0.37    0.37
91425       5720  155.02    3.85  161.00    1.59    1.55    0.51    0.43  161.00    0.00  0
                    1.60    1.50    0.59    0.44
                       0    1.55    1.80    0.37    0.74
94972       6123  147.47  -41.17  238.00   -1.69   -1.42    0.49    0.30  476.00    0.00  0
                   -1.70   -1.40    0.44    0.30
                       0   -1.85   -1.95    0.44    0.33
96035       6281   98.87    3.64  238.00    1.97    1.80    0.49    0.33  476.00    0.00  0
                    2.00    1.80    0.52    0.30
                       0    2.20    2.05    0.44    0.52
96073       6282   98.88    1.55  238.00   -1.60   -1.66    0.60    0.48  475.00    1.00  0
                   -1.65   -1.70    0.56    0.44
                       0   -1.33   -1.62    0.85    0.74
96171       6290  102.31   -0.33  230.00    2.88    2.66    0.51    0.37  474.00   41.00  0
                    2.90    2.65    0.52    0.37
                       0    2.75    2.90    0.59    0.63
96441       6301  113.03    3.20  238.00   -2.03   -2.14    0.43    0.30  476.00    0.00  0
                   -2.05   -2.15    0.41    0.30
                       0   -1.80   -2.10    0.44    0.37
96529       6308  117.45    2.12  238.00    2.62    2.42    0.46    0.34  471.00    7.00  0
                    2.60    2.40    0.44    0.30
                       0    2.72    2.65    0.59    0.37
96565       6312  112.93    0.88  173.00    2.96    2.58    0.59    0.44  293.00   13.00  0
                    3.00    2.55    0.59    0.37
                       0    3.15    3.05    0.67    0.74
96595       6314  114.90   -0.95  217.00    3.21    2.88    0.48    0.35  355.00   47.00  0
                    3.20    2.90    0.44    0.30
                       0    3.32    3.30    0.59    0.37
96655       6318  113.94   -2.22  238.00    1.91    1.67    0.49    0.38  475.00    5.00  0
                    1.85    1.65    0.52    0.37
                       0    1.62    1.95    0.56    0.48
97008       6340  125.47    3.58  238.00    2.10    2.06    0.37    0.32  470.00    1.00  0
                    2.10    2.05    0.37    0.30
                       0    2.15    1.98    0.41    0.44
97028       6343  120.80    1.02  238.00   -1.87   -1.90    0.66    0.59  467.00    0.00  0
                   -1.95   -1.90    0.67    0.59
                       0   -1.65   -1.95    0.74    0.52
97048       6344  123.07    0.52  238.00   -3.29   -3.28    0.36    0.36  474.00   13.00  0
                   -3.30   -3.17    0.37    0.33
                       0   -3.25   -3.45    0.22    0.44
97120       6348  119.00   -2.50  238.00   -1.70   -1.73    0.49    0.46  475.00    0.00  0
                   -1.73   -1.80    0.41    0.44
                       0   -1.52   -2.05    0.44    0.56
97146       6351  122.43   -4.09  178.00    1.64    1.61    0.41    0.42  294.00    0.00  0
                    1.65    1.60    0.37    0.37
                       0    1.70    1.65    0.30    0.41
97192       6354  122.62   -5.47  118.00   -3.55   -3.56    0.27    0.23  466.00  341.00  0
                   -3.57   -3.60    0.26    0.19
                       0   -3.55   -3.55    0.30    0.22
97284       6359  120.45   -8.63  178.00    2.84    2.76    0.40    0.36  294.00    0.00  0
                    2.90    2.80    0.37    0.30
                       0    2.90    2.90    0.33    0.30
97300       6360  122.25   -8.63  238.00   -2.33   -2.34    0.28    0.23  475.00    0.00  0
                   -2.35   -2.35    0.30    0.22
                       0   -2.05   -2.38    0.30    0.26
97406       6366  127.83    1.82  233.00   -3.52   -3.50    0.37    0.33  464.00   11.00  0
                   -3.55   -3.50    0.37    0.30
                       0   -3.38   -3.50    0.33    0.44
97460       6368  127.50   -0.63  238.00   -1.56   -1.52    0.39    0.34  476.00    0.00  0
                   -1.50   -1.50    0.30    0.30
                       0   -1.40   -1.75    0.22    0.33
97796       6387  137.44   -5.00  234.00   -2.74   -2.60    0.49    0.39  472.00   30.00  0
                   -2.75   -2.65    0.52    0.37
                       0   -2.62   -2.88    0.63    0.74
97810       6388  132.75   -5.68  238.00   -1.60   -1.57    0.40    0.31  475.00    3.00  0
                   -1.55   -1.55    0.37    0.22
                       0   -1.45   -1.62    0.26    0.37
98558       6419  125.73   11.03  232.00    1.60    1.49    0.93    0.84  237.00    4.00  0
                    1.50    1.40    0.89    0.89
                       0    1.10    2.25    0.44    0.82
98644       6422  123.85    9.60  238.00   -1.61   -1.72    0.48    0.40  473.00    0.00  0
                   -1.60   -1.75    0.52    0.37
                       0   -1.40   -1.48    0.52    0.52
98653       6425  125.50    9.80  237.00    2.80    2.67    0.39    0.35  472.00   13.00  0
                    2.80    2.65    0.37    0.37
                       0    2.70    2.85    0.26    0.37
98751       6427  125.08    8.15  237.00    3.00    2.91    0.48    0.44  473.00    6.00  0
                    3.60    3.30    0.89    0.67
                       0    3.18    3.00    0.44    0.52
ADL         6434   78.50   19.60  237.00    2.55    2.31    0.69    0.48 1368.00    1.00  0
                    2.62    2.38    0.74    0.50
                       0    3.04    2.66    0.38    0.73
ADT         6435   79.50   11.00  236.00   -1.55   -1.43    0.49    0.23 1343.00    0.00  0
                   -1.51   -1.43    0.46    0.20
                       0   -1.44   -1.49    0.57    0.58
AHW         6436   73.70   20.80  224.00    1.80    1.73    0.37    0.20 1120.00    5.00  0
                    1.83    1.75    0.36    0.20
                       0    1.73    2.08    0.36    0.31
ALG         6439   94.80   28.20  237.00    2.56    2.39    0.85    0.58 1365.00    5.00  0
                    2.48    2.52    0.77    0.52
                       0    2.38    2.93    0.72    0.58
ALI         6440   78.10   27.90  213.00    2.06    1.59    0.57    0.26 1075.00    0.00  0
                    2.10    1.68    0.59    0.24
                       0    2.26    2.26    0.75    0.41
BGG         6453   90.60   26.40  237.00    1.95    1.49    0.61    0.26 1344.00    2.00  0
                    1.95    1.48    0.62    0.20
                       0    2.08    2.01    0.84    0.79
BKN         6460   73.30   28.10  236.00    2.31    1.87    0.52    0.35 1147.00    0.00  0
                    2.34    1.90    0.48    0.35
                       0    2.28    2.16    0.47    0.54
BLH         6463   76.40   31.10  237.00    1.90    1.61    0.55    0.32 1361.00    0.00  0
                    1.92    1.62    0.59    0.32
                       0    1.62    1.89    0.58    0.52
BPR         6467   77.30   27.10  237.00   -1.91   -2.26    0.59    0.29 1282.00    1.00  0
                   -1.88   -2.25    0.56    0.31
                       0   -2.14   -2.03    0.85    0.46
BUI         6473   88.40   22.40   72.00    1.97    1.45    0.80    0.56  258.00    1.00  0
                    2.01    1.60    0.97    0.48
                      78    1.91    2.29    1.18    0.65
CHO         6481   75.70   21.20  236.00    1.59    1.40    0.49    0.24 1357.00    0.00  0
                    1.63    1.40    0.52    0.25
                       0    1.75    1.60    0.42    0.57
CMG         6482   76.90   11.90  234.00    2.41    2.47    0.40    0.23 1269.00    2.00  0
                    2.44    2.53    0.41    0.20
                       0    2.51    2.48    0.50    0.43
CNG         6485   76.90   30.70  112.00    1.76    1.50    0.67    0.28  300.00    0.00  0
                    1.82    1.50    0.62    0.30
                       0    1.50    1.73    0.63    0.56
CNW         6486   74.10   34.10  102.00    4.11    4.05    0.40    0.35 1137.00  793.00  0
                    4.21    4.12    0.43    0.34
                       0    4.19    4.29    0.39    0.46
COI         6487   76.90   11.00  237.00   -2.54   -2.44    0.45    0.27 1367.00    1.00  0
                   -2.48   -2.20    0.49    0.42
                       0   -2.41   -2.50    0.36    0.79
COO         6488   76.80   11.40  216.00    2.71    2.74    0.34    0.23 1109.00    0.00  0
                    2.70    2.74    0.32    0.22
                       0    2.74    2.73    0.37    0.26
DSL         6524   76.30   32.20  153.00   -3.98   -4.13    0.58    0.25 1358.00  829.00  0
                   -4.00   -4.16    0.59    0.28
                       0   -3.91   -3.65    0.47    0.53
DUG         6526   73.80   23.80  237.00    2.92    2.76    0.51    0.31 1250.00    7.00  0
                    2.96    2.75    0.51    0.28
                       0    2.62    3.30    0.56    0.52
DUL         6527   74.80   20.90  237.00    2.35    2.19    0.46    0.23 1358.00    0.00  0
                    2.37    2.22    0.47    0.22
                       0    2.48    2.35    0.40    0.44
ERO         6530   77.70   11.30  192.00   -2.12   -1.91    0.50    0.34  711.00    1.00  0
                   -2.10   -1.90    0.46    0.30
                       0   -2.07   -1.62    0.40    1.04
FRG         6532   81.40   26.20  163.00    2.91    2.40    0.55    0.32  478.00    4.00  0
                    2.93    2.40    0.54    0.32
                       0    2.75    2.90    0.67    0.37
GCR         6535   80.00   20.20  214.00    2.83    2.47    0.83    0.69 1344.00  280.00  0
                    2.81    2.49    0.91    0.86
                       0    1.84    2.53    0.54    0.65
GLT         6540   93.90   26.50  237.00    1.92    1.69    0.77    0.54 1363.00    6.00  0
                    1.85    1.57    0.74    0.47
                       0    1.35    1.44    0.50    0.59
GND         6541   80.10   21.50  235.00    3.34    2.95    0.55    0.31 1370.00  118.00  0
                    3.38    2.97    0.49    0.30
                       0    3.46    3.25    0.40    0.47
GRG         6544   77.00   28.40  190.00    2.08    1.52    0.59    0.26 1035.00    0.00  0
                    2.09    1.52    0.50    0.24
                       0    2.03    1.83    0.75    0.46
GRI         6545   86.30   24.20  162.00    1.57    1.13    0.56    0.36  833.00    0.00  0
                    1.56    1.16    0.48    0.34
                       0    1.54    1.71    0.77    0.54
JAR         6555   72.50   25.40  234.00    2.02    1.80    0.63    0.46 1054.00    0.00  0
                    2.00    1.83    0.57    0.46
                       0    1.88    1.95    0.57    0.62
JAS         6556   84.60   22.90  195.00   -1.67   -1.98    0.55    0.36  922.00    2.00  0
                   -1.62   -1.97    0.47    0.37
                       0   -1.87   -1.64    0.73    0.48
JLD         6558   75.30   31.00  237.00   -2.01   -2.30    0.60    0.22 1267.00    1.00  0
                   -1.90   -2.30    0.59    0.20
                       0   -1.99   -2.07    0.60    0.58
JOY         6563   78.20   30.20  237.00   -1.74   -2.09    0.68    0.37 1360.00    0.00  0
                   -1.77   -2.12    0.72    0.32
                       0   -2.15   -1.75    0.62    0.96
JPR         6565   75.80   26.80  236.00   -2.07   -2.34    0.52    0.24 1267.00    0.00  0
                   -2.04   -2.34    0.54    0.26
                       0   -2.30   -1.92    0.46    0.44
KAJ         6569   90.50   26.50  227.00    2.78    2.31    0.71    0.53  998.00   21.00  0
                    2.78    2.40    0.69    0.44
                       0    2.49    2.97    0.65    0.96
KEJ         6572   85.60   21.60  198.00    3.57    3.17    0.52    0.26 1130.00  360.00  0
                    3.60    3.20    0.59    0.25
                       0    3.59    3.55    0.71    0.48
KMG         6580   88.40   27.10  221.00   -2.45   -2.76    0.50    0.30 1034.00   10.00  0
                   -2.52   -2.63    0.52    0.34
                       0   -2.62   -2.30    0.50    0.73
KOV         6581   77.90    9.20  234.00   -1.73   -1.60    0.64    0.43 1128.00    1.00  0
                   -1.75   -1.61    0.64    0.43
                       0   -1.88   -1.48    0.26    0.48
KWA         6592   75.20   32.90  210.00   -2.94   -3.00    0.92    0.59  925.00  319.00  0
                   -3.05   -3.03    1.04    0.61
                       0   -3.01   -3.69    1.09    1.28
MMG         6608   88.50   27.50   93.00   -3.47   -3.87    0.59    0.42 1290.00 1030.00  0
                   -3.40   -3.90    0.59    0.44
                       0   -3.40   -3.27    0.46    0.45
MNS         6609   75.40   30.10  213.00    1.98    1.63    0.54    0.29  931.00    3.00  0
                    2.00    1.63    0.52    0.27
                       0    2.15    1.73    0.59    0.83
MNY         6610   73.20    8.30  222.00    1.93    1.97    0.42    0.25 1282.00    0.00  0
                    1.95    1.98    0.44    0.22
                       0    1.99    1.98    0.46    0.56
NAU         6619   77.00   30.90  213.00   -1.71   -1.93    0.57    0.57  898.00    0.00  0
                   -1.68   -1.85    0.54    0.59
                       0   -1.71   -1.47    0.33    0.49
NEY         6622   79.50   11.60  198.00    1.91    2.03    0.57    0.31 1008.00    2.00  0
                    1.92    2.03    0.58    0.29
                       0    1.96    2.11    0.43    0.72
NNB         6625   74.20   21.40  237.00   -2.66   -2.78    0.44    0.21 1358.00    5.00  0
                   -2.62   -2.77    0.45    0.22
                       0   -2.55   -2.76    0.43    0.52
NND         6626   73.20   19.00  217.00   -1.98   -1.99    0.89    0.85 1231.00   10.00  0
                   -1.90   -1.97    0.84    0.79
                       0   -1.50   -2.06    0.52    1.56
NYR         6631   77.30    8.20  200.00    3.26    3.33    0.37    0.22 1304.00  614.00  0
                    3.30    3.35    0.31    0.15
                       0    3.28    3.32    0.33    0.53
OSD         6632   76.00   18.10  237.00    1.92    1.76    0.43    0.32 1360.00    0.00  0
                    1.92    1.75    0.42    0.31
                       0    1.76    2.08    0.39    0.52
PCY         6637   79.80   12.00  221.00   -1.68   -1.59    0.93    0.76 1270.00  168.00  0
                   -1.67   -1.60    0.91    0.92
                       0   -1.72   -1.17    0.58    0.84
PLE         6642   78.20   16.50  237.00    1.86    1.76    0.51    0.33 1353.00    0.00  0
                    1.87    1.78    0.49    0.37
                       0    1.78    2.11    0.21    0.65
PTM         6647   77.10   28.70  106.00    2.92    2.37    0.62    0.28  556.00    1.00  0
                    2.94    2.38    0.56    0.23
                      54    2.86    2.95    0.59    1.08
RAS         6648   77.80   23.30  125.00   -2.63   -2.77    0.47    0.26  684.00    6.00  0
                   -2.63   -2.77    0.45    0.25
                       0   -2.57   -2.83    0.51    0.50
RJG         6651   81.00   21.10  120.00    2.25    1.82    0.63    0.39 1225.00  572.00  0
                    2.29    1.91    0.61    0.32
                       0    2.51    2.28    0.40    0.67
SEN         6663   94.00   25.30  195.00    2.64    2.52    0.69    0.68 1200.00  308.00  0
                    2.80    2.62    0.67    0.46
                       0    2.29    2.49    0.58    0.75
SLN         6668   76.00   31.60  237.00   -2.99   -3.20    0.58    0.17 1373.00  186.00  0
                   -2.93   -3.22    0.58    0.17
                       0   -2.89   -3.08    0.65    0.43
SLP         6669   75.90   17.20  223.00    3.19    3.03    0.46    0.34 1297.00  186.00  0
                    3.22    3.02    0.50    0.37
                       0    3.06    3.37    0.42    0.70
SNG         6672   91.80   25.60  237.00   -3.47   -3.71    0.34    0.28 1376.00   28.00  0
                   -3.44   -3.77    0.31    0.27
                       0   -3.53   -3.28    0.32    0.43
SVP         6677   77.60   25.40  171.00    3.47    3.20    0.53    0.23  939.00  134.00  0
                    3.53    3.22    0.49    0.20
                       0    3.52    3.50    0.53    0.58
TIU         6683   77.70    8.70  237.00   -1.76   -1.65    0.50    0.34 1366.00    0.00  0
                   -1.75   -1.65    0.47    0.37
                       0   -1.77   -1.38    0.28    0.80
TRU         6688   79.40   13.60  199.00    1.64    1.68    0.64    0.49  786.00    0.00  0
                    1.70    1.57    0.59    0.43
                       0    1.75    1.87    0.24    0.59
UNA         6696   76.20   31.40  203.00    1.84    1.60    0.61    0.42  732.00  178.00  0
                    1.90    1.67    0.64    0.33
                       0    1.73    2.00    0.96    0.46
UPR         6697   76.00   32.40  203.00   -2.40   -2.46    0.78    0.66  874.00  320.00  0
                   -2.40   -2.53    0.59    0.51
                       0   -2.50   -2.32    0.67    0.80
WKH         6709   94.20   26.10  185.00   -2.14   -2.34    0.67    0.65  651.00   12.00  0
                   -2.17   -2.33    0.56    0.60
                       0   -2.18   -2.18    0.63    0.61
08233       6725  358.70   40.86  225.00    2.11    1.97    0.30    0.21 1290.00    1.00  0
                    2.08    1.95    0.30    0.20
                       0    1.94    2.39    0.22    0.48
11212       6728   13.67   46.60  170.00   -1.58   -1.58    0.38    0.41  275.00    0.00  0
                   -1.55   -1.65    0.37    0.37
                       0   -1.60   -1.70    0.30    0.33
14544       6763   17.47   44.07  165.00    1.66    1.53    0.56    0.43  542.00    0.00  0
                    1.74    1.70    0.53    0.44
                       0    1.76    1.93    0.53    0.72
14549       6764   17.89   44.22   59.00    1.85    1.55    0.74    0.55  230.00    0.00  0
                    1.88    1.63    0.64    0.46
                       0    1.86    2.10    0.53    0.69
14650       6768   18.03   43.77  155.00    3.26    3.15    0.48    0.37  573.00  132.00  0
                    3.30    3.23    0.44    0.35
                       0    3.34    3.50    0.37    0.30
16204       6782   11.76   42.89   92.00    3.48    3.30    0.30    0.28  144.00    1.00  0
                    3.45    3.32    0.30    0.26
                       0    3.45    3.43    0.22    0.41
16450       6791   14.27   37.56  176.00   -2.62   -2.63    0.40    0.37  297.00    2.00  0
                   -2.55   -2.70    0.37    0.37
                       0   -2.60   -2.70    0.22    0.22
16480       6794   15.13   36.68  178.00   -1.75   -1.74    0.43    0.38  776.00    0.00  0
                   -1.77   -1.76    0.44    0.46
                       0   -2.13   -1.77    0.36    0.25
16759       6801   24.75   35.00   67.00   -2.28   -2.18    0.40    0.39   99.00    0.00  0
                   -2.30   -2.20    0.30    0.37
                       0   -2.32   -2.35    0.33    0.41
17046       6809   42.71   41.11  177.00    1.89    1.86    0.56    0.46  696.00    0.00  0
                    1.90    1.83    0.59    0.49
                       0    1.65    2.07    0.61    0.54
17088       6815   39.47   40.47  178.00    1.51    1.49    0.66    0.62  673.00    0.00  0
                    1.40    1.34    0.74    0.69
                       0    1.12    1.42    0.96    1.11
17380       6838   29.65   36.20  178.00   -1.85   -1.86    0.36    0.26  686.00    0.00  0
                   -1.80   -1.83    0.42    0.21
                       0   -2.03   -1.85    0.40    0.44
36278       6863   90.43   50.38  183.00    2.62    2.51    0.73    0.60  329.00    8.00  0
                    2.60    2.55    0.52    0.37
                       0    2.57    2.62    0.44    0.44
40401       6868   38.11   26.48  177.00    2.59    2.51    0.45    0.35  295.00   13.00  0
                    2.60    2.50    0.52    0.37
                       0    2.75    2.43    0.44    0.33
40930       6875   69.02   35.32   91.00   -2.36   -2.25    0.60    0.56  128.00    3.00  0
                   -2.25   -2.15    0.52    0.44
                       0   -2.12   -2.50    0.48    0.59
40954       6877   70.47   34.43   88.00   -2.77   -2.70    0.77    0.70  118.00    2.00  0
                   -2.88   -2.80    0.74    0.67
                       0   -2.97   -2.78    0.78    0.89
42147       6884   79.65   29.47  109.00    4.43    4.10    0.34    0.24  232.00   25.00  0
                    4.45    4.15    0.30    0.22
                       0    4.55    4.45    0.30    0.22
43083       6901   78.27   18.05   57.00   -1.79   -2.14    0.44    0.38   60.00    2.00  0
                   -1.80   -2.20    0.44    0.30
                       0   -1.65   -1.90    0.37    0.37
43097       6903   82.71   18.81   69.00   -2.76   -2.92    0.66    0.55  116.00   47.00  0
                   -2.90   -3.10    0.59    0.44
                       0   -2.90   -2.55    0.44    0.96
43160       6913   75.75   16.70  115.00    2.14    1.98    0.72    0.59  117.00    1.00  0
                    2.10    2.00    0.59    0.44
                       0    2.10    2.10    0.30    1.26
48927       6948  104.23   20.42  170.00    2.09    1.80    0.62    0.41  280.00    6.00  0
                    2.07    1.90    0.56    0.37
                       0    2.10    2.07    0.74    0.59
60423       6964    7.95   36.25  178.00   -1.69   -1.74    0.36    0.25  299.00    0.00  0
                   -1.75   -1.75    0.30    0.22
                       0   -1.83   -1.55    0.26    0.37
60437       6965    2.73   36.28  178.00   -2.35   -2.46    0.58    0.51  299.00    0.00  0
                   -2.40   -2.50    0.59    0.44
                       0   -2.70   -1.80    0.59    0.48
60514       6967    2.31   35.17  178.00    1.63    1.53    0.52    0.35  299.00    2.00  0
                    1.60    1.50    0.44    0.37
                       0    1.55    1.90    0.37    0.44
60549       6971  359.72   33.53  178.00    2.09    1.98    0.50    0.37  299.00    3.00  0
                    2.10    2.00    0.44    0.33
                       0    2.00    2.62    0.33    0.52
60560       6973  359.40   32.77  178.00   -1.57   -1.70    0.55    0.42  299.00    0.00  0
                   -1.60   -1.75    0.44    0.37
                       0   -1.60   -1.58    0.52    0.41
60729       6977   10.08   36.43  164.00    1.65    1.48    0.45    0.30  238.00    1.00  0
                    1.60    1.50    0.37    0.30
                       0    1.75    1.83    0.59    0.52
63332       6987   37.42   11.60  101.00   -2.35   -2.38    0.78    0.76  134.00    4.00  0
                   -2.50   -2.50    0.89    0.74
                       0   -2.47   -2.80    0.74    0.59
64040       6989   25.18    0.52   68.00   -2.76   -2.69    0.69    0.55  105.00   14.00  0
                   -2.90   -2.78    0.59    0.52
                       0   -2.80   -3.00    0.78    0.44
64247       6990   23.62   -6.17  110.00    1.76    1.20    0.64    0.47  144.00    3.00  0
                    1.77    1.20    0.56    0.44
                       1    1.88    1.90    0.67    0.44
67067       7003   48.50  -17.63  100.00   -1.87   -1.78    0.83    0.82  199.00    2.00  0
                   -1.90   -1.85    0.89    0.85
                       0   -2.32   -1.33    0.41    0.48
67217       7006   35.25  -13.28  148.00    3.15    2.95    0.42    0.37  212.00    4.00  0
                    3.15    2.90    0.37    0.30
                       0    3.22    3.30    0.33    0.33
67991       7014   30.00  -22.22  116.00   -1.97   -2.03    0.80    0.72  166.00    3.00  0
                   -1.80   -2.00    0.74    0.56
                       0   -2.10   -2.10    0.41    0.89
68394       7020   31.70  -26.73  139.00    2.16    2.09    0.60    0.50  184.00    1.00  0
                    2.10    2.20    0.59    0.44
                       0    2.10    2.45    0.30    0.70
91676       7040  181.05  -17.23   90.00    3.31    3.29    0.29    0.23  180.00   59.00  0
                    3.30    3.30    0.30    0.22
                       0    3.30    3.32    0.30    0.30
BMR         7045   71.40   25.80  103.00    3.57    3.17    0.55    0.32  397.00  111.00  0
                    3.63    3.20    0.49    0.33
                       0    3.40    3.67    0.79    0.55
KKI         7051   77.50   31.10  106.00    2.50    2.23    0.55    0.51  202.00    0.00  0
                    2.55    2.30    0.66    0.53
                       0    2.68    2.36    0.56    0.48
SGG         7061   73.90   29.90   64.00    2.54    1.63    0.48    0.29  217.00    0.00  0
                    2.58    1.67    0.44    0.20
                       0    2.68    2.54    0.32    0.45
60540       7095    0.07   34.15   75.00   -2.09   -2.07    0.53    0.38  114.00    0.00  0
                   -2.05   -2.10    0.67    0.44
                       1   -2.07   -1.88    0.37    0.48
76061       7138  246.45   31.30  142.00    1.57    1.41    0.41    0.29  259.00    0.00  0
                    1.55    1.42    0.37    0.26
                       1    1.48    1.55    0.56    0.22
76253       7139  247.70   27.32  100.00    1.89    1.55    0.43    0.36  138.00    0.00  0
                    1.85    1.50    0.52    0.37
                       1    1.91    1.75    0.51    0.37
78859       7142  297.42   17.20   93.00    1.86    1.77    0.56    0.54  122.00    0.00  0
                    1.90    1.80    0.44    0.30
                       6    1.70    2.00    0.37    0.44
82287       7146  318.22   -3.08   72.00   -3.43   -3.15    0.29    0.30  109.00   37.00  0
                   -3.50   -3.00    0.30    0.44
                       1   -3.55   -3.45    0.22    0.37
82979       7151  317.90   -9.63  117.00    1.55    1.50    0.57    0.52  118.00    0.00  0
                    1.50    1.40    0.44    0.44
                       1    1.25    1.60    0.22    0.59
83718       7165  317.63  -22.03   59.00   -1.83   -1.83    0.56    0.50   60.00    0.00  0
                   -1.90   -1.80    0.44    0.30
                       1   -1.90   -1.80    0.37    0.67
63333       7206   39.72   11.12   81.00    3.82    3.79    0.39    0.37  173.00   50.00  0
                    4.20    3.80    0.59    0.44
                       0    3.90    3.68    0.30    0.56
63453       7271   39.90    8.86  100.00   -2.20   -2.19    0.98    0.88  136.00    4.00  0
                   -2.22   -2.20    0.93    0.74
                       0   -2.10   -2.85    1.04    0.74
37801       7297   45.13   40.35  195.00   -1.54   -1.43    0.97    0.91  236.00    1.00  0
                   -1.60   -1.40    0.89    0.89
                       0   -1.42   -1.38    0.59    1.26
62271       7319   23.30   24.22  149.00    3.26    2.97    0.43    0.41  304.00   65.00  0
                    3.30    3.00    0.30    0.30
                       1    3.20    3.35    0.52    0.22
63331       7320   37.42   12.55   81.00    2.79    2.72    0.60    0.59   99.00    3.00  0
                    2.90    2.80    0.67    0.59
                       2    2.70    2.97    0.59    0.67
63602       7322   30.92    3.05   63.00    1.52    1.34    0.65    0.48   73.00    0.00  0
                    1.40    1.40    0.59    0.59
                       0    1.38    1.38    0.96    0.56
BIL         7332   74.60   25.40  197.00    2.16    1.93    0.49    0.26 1029.00    0.00  0
                    2.22    1.92    0.53    0.23
                       0    2.16    2.29    0.65    0.37
TRV         7333   77.00    8.50   96.00    3.04    3.04    0.52    0.45  294.00   58.00  0
                    3.10    3.10    0.51    0.32
                       1    3.00    3.09    0.33    0.67
RGJ         7358   88.10   25.60  117.00    2.69    2.29    0.51    0.30  520.00    2.00  0
                    2.72    2.33    0.57    0.31
                      11    2.75    2.65    0.72    0.55
78224       7396  277.60   22.98  198.00    2.21    1.80    0.49    0.46  199.00    0.00  0
                    2.20    1.80    0.44    0.44
                       0    2.00    2.25    0.44    0.67
91735       7414  187.61  -13.45  204.00   -3.82   -3.73    0.24    0.21  788.00  117.00  0
                   -3.74   -3.73    0.24    0.20
                       0   -3.89   -3.90    0.24    0.32
82361       7435  310.28   -3.72  127.00    1.94    1.81    0.83    0.66  133.00    5.00  0
                    1.90    1.80    0.89    0.74
                       1    1.90    1.85    0.74    0.67
16613       7456   21.40   40.78  119.00    4.07    4.19    0.37    0.22  314.00  148.00  0
                    4.05    4.20    0.22    0.22
                       0    4.07    4.00    0.19    0.30
62751       7503   33.47   14.40   60.00    1.87    1.44    0.90    0.65   84.00    4.00  0
                    1.95    1.40    0.96    0.63
                       0    1.48    2.05    1.15    0.67
16060       7520    7.61   45.13  119.00    1.84    1.75    0.49    0.24  720.00    0.00  0
                    1.77    1.77    0.44    0.22
                       0    1.72    2.02    0.56    0.53
