13610       1362   20.42   42.03  237.00   -0.29   -0.29    1.41    1.20  463.00    2.00  3
                   -0.45   -0.30    1.41    1.19
                       0   -0.48   -0.70    0.96    0.93
13625       1367   20.14   40.08  238.00    0.32    0.41    1.30    1.20  462.00    1.00  3
                    0.65    0.98    1.78    1.59
                       0   -0.05    0.38    0.96    2.15
29771       2416   92.08   55.35  236.00    0.75    0.78    1.32    1.28  475.00    7.00  3
                    0.70    0.75    1.33    1.33
                       0    0.77    0.80    1.33    1.30
38705       2973   67.63   39.47  238.00   -0.28   -0.27    1.33    1.24  472.00    1.00  3
                    0.30   -0.20    1.33    1.04
                       0    0.25   -0.70    0.82    1.41
38734       2979   70.20   39.45  112.00   -0.76   -0.70    1.63    1.65  118.00    6.00  3
                   -1.20   -1.15    1.63    1.56
                       1    1.40   -1.75    1.04    0.89
38836       2986   68.78   38.54  215.00    0.15    0.32    2.06    2.01  472.00   60.00  3
                    0.15    0.20    2.60    2.37
                       0    3.03   -1.50    0.70    0.78
41515       3172   71.78   35.57  212.00   -1.34   -1.19    1.76    1.70  232.00   20.00  3
                   -1.25   -1.10    2.15    2.08
                       0   -1.20   -1.15    1.93    2.45
41560       3174   70.08   33.86  232.00   -0.70   -0.63    1.58    1.55  447.00    9.00  3
                   -0.70   -0.27    1.71    1.59
                       0   -0.05   -1.53    1.30    1.45
41697       3186   67.88   29.55  164.00   -0.52   -0.70    1.36    1.01  168.00    4.00  3
                   -0.40   -0.60    1.19    1.04
                       0    0.20   -1.15    0.82    1.26
41739       3193   64.09   26.97  219.00   -0.93   -0.92    1.34    1.20  283.00   14.00  3
                   -1.05   -0.90    1.26    1.04
                       0   -1.45   -0.60    0.82    0.74
41744       3194   66.63   27.83  224.00   -0.38   -0.51    1.53    1.42  293.00   15.00  3
                    0.77    0.28    1.96    1.56
                       0   -1.20   -1.35    0.67    1.67
42044       3243   75.08   33.58  175.00    1.50    1.52    1.49    1.23  285.00    5.00  3
                    1.85    1.75    1.33    1.04
                       0    2.03    2.05    1.22    2.30
47014       3392  126.88   41.78  235.00    1.28    1.26    1.48    1.35  583.00   27.00  3
                    1.30    1.55    1.63    1.56
                       0    2.55    0.05    1.22    1.11
68823       4366   22.02  -33.18  148.00    0.18    0.23    1.70    1.69  450.00  172.00  3
                    0.73    0.83    1.22    1.00
                       0    0.67   -2.22    2.59    0.93
70260       4404  210.92   64.55   44.00    0.13    0.13    1.98    1.99  191.00  147.00  3
                    0.35    0.40    3.56    1.63
                       0 -999.00 -999.00 -999.00 -999.00
71568       4749  230.07   50.45  174.00   -1.75   -1.61    1.64    1.61  452.00  139.00  3
                   -2.30   -2.18    1.26    1.30
                       0   -2.53   -0.62    1.26    1.89
71680       4827  246.15   63.60  208.00   -0.65   -0.53    1.71    1.56  233.00   20.00  3
                   -0.70   -0.60    1.63    1.48
                       0   -0.95   -1.05    1.41    0.59
71776       4892  242.71   49.49  234.00   -0.43   -0.57    1.41    1.00  468.00    0.00  3
                   -0.10   -0.30    1.71    1.11
                       0   -0.53   -0.03    2.08    1.15
71777       4893  237.27   50.29  232.00   -1.03   -1.02    1.32    0.99  468.00   16.00  3
                   -0.88   -0.85    1.59    0.96
                       0   -1.23   -0.35    1.89    1.00
80427       5367  290.77    9.55   69.00    0.42    0.07    1.58    1.42   93.00    5.00  3
                    0.70    0.40    1.63    1.19
                       0    0.75    1.10    1.41    1.63
80428       5368  290.27    9.02  152.00   -0.28   -0.58    1.34    1.22  216.00   10.00  3
                   -0.40   -0.75    1.33    1.04
                       1   -0.85    0.47    1.41    1.19
82212       5382  293.83   -2.52  155.00   -1.33   -1.29    1.33    1.13  166.00   11.00  3
                   -1.20   -1.20    1.63    1.33
                       1   -2.35   -0.40    1.63    0.89
82246       5383  305.05   -2.63  156.00    1.36    1.18    1.44    1.22  163.00    7.00  3
                    1.25    1.10    1.41    1.19
                       1    0.95    2.20    1.19    1.48
82586       5395  320.71   -5.20  131.00   -1.49   -1.26    1.31    1.32  163.00   32.00  3
                   -1.50   -1.30    1.48    1.33
                       1   -2.15   -0.65    1.41    0.82
84163       5476  281.94   -1.50  129.00   -1.63   -1.79    1.31    1.01  154.00    1.00  3
                   -1.60   -1.70    1.63    1.19
                       3   -1.55   -2.15    1.56    1.96
84564       5499  283.80   -9.86  119.00   -0.23   -0.45    1.36    1.23  170.00    0.00  3
                    0.05   -0.20    1.71    1.48
                       2    0.40   -0.20    1.85    1.85
85109       5513  295.30  -13.30  174.00    0.42    0.12    1.37    1.01  231.00    0.00  3
                    0.62    0.20    1.22    0.93
                       1    0.22    0.85    1.67    1.04
85114       5514  295.85  -13.33  172.00   -0.15   -0.47    1.66    1.31  231.00    3.00  3
                   -0.20   -0.47    1.78    1.52
                       1   -0.90    1.20    1.11    0.93
85766       5548  287.92  -39.65  238.00   -0.85   -0.77    1.35    1.22  238.00    0.00  3
                   -0.90   -0.90    1.33    1.04
                       0   -1.10   -0.90    1.41    0.89
86128       5557  301.22  -23.50   52.00   -0.95   -1.12    1.46    1.11  153.00   92.00  3
                    0.10   -0.85    1.71    0.85
                       7 -999.00 -999.00 -999.00 -999.00
86192       5561  303.55  -24.66  222.00   -0.47   -0.49    1.40    1.21  410.00   12.00  3
                   -0.65   -0.60    1.41    1.11
                       0   -1.10    1.42    0.89    1.52
86221       5564  302.87  -25.63  231.00    0.14    0.14    1.40    1.23  429.00    6.00  3
                    0.20    0.15    1.48    1.26
                       0   -0.10    0.58    0.74    1.22
86255       5567  301.68  -26.85  226.00   -0.05    0.05    1.32    1.11  422.00    4.00  3
                   -0.28   -0.15    1.15    0.96
                       1    1.58   -0.20    2.08    1.11
86260       5568  302.85  -26.67  210.00    0.24    0.28    1.32    1.22  399.00   40.00  3
                    0.10    0.10    1.19    1.08
                       0    0.70   -0.10    1.59    1.26
87852       5645  288.98  -46.52  159.00    0.44    0.33    1.35    1.27  159.00    0.00  3
                    0.70    1.00    1.33    1.48
                       1    0.60    0.35    1.26    1.56
88903       5658  323.50  -54.27  226.00   -0.73   -0.66    1.32    1.06 1096.00    0.00  3
                   -0.77   -0.77    1.35    0.98
                       0   -1.40    0.80    1.20    0.70
88963       5659  303.02  -63.40  237.00    0.03    0.26    1.41    0.96  444.00    4.00  3
                    0.15    0.35    1.11    0.82
                       0    0.55    0.22    1.48    1.52
89055       5669  303.28  -64.23  237.00    0.09    0.34    1.30    0.88  463.00    1.00  3
                    0.45    0.45    1.33    0.82
                       0    0.57    0.50    0.82    0.52
89059       5673  303.32  -63.32  231.00   -0.49   -0.22    1.35    1.17  236.00    5.00  3
                    0.20   -0.20    1.33    1.04
                       0    0.10    0.05    1.04    0.82
ANT         6444   83.00   17.70  218.00    2.12    1.97    1.76    1.74 1298.00  150.00  3
                    2.57    2.40    1.49    1.40
                       0    2.54   -0.05    0.46    3.30
ASW         6447   79.10   11.10  236.00   -0.63   -0.50    1.57    1.39 1352.00    6.00  3
                   -0.70   -0.55    1.29    1.26
                       0   -0.89    0.39    0.51    2.31
ATN         6448   75.20   33.70  236.00   -2.19   -2.14    1.42    1.15 1290.00   28.00  3
                   -2.33   -2.06    1.85    1.35
                       0   -1.79   -2.30    1.50    2.40
GPR         6543   75.20   33.20  237.00   -2.06   -2.07    1.30    0.99 1313.00    4.00  3
                   -2.14   -2.30    1.40    0.89
                       0   -2.70   -2.43    1.26    1.53
HRN         6552   74.70   34.00  236.00   -1.27   -1.20    1.34    1.05 1272.00    0.00  3
                   -1.25   -1.21    1.51    1.17
                       0   -0.70   -1.65    1.74    1.84
KRD         6587   85.80   20.20  111.00    1.38    1.06    1.98    1.89  516.00  302.00  3
                    1.90    1.60    1.85    1.71
                       0    2.60    0.32    0.85    2.37
LUN         6597   92.90   23.00  230.00   -2.20   -2.34    1.49    1.45 1246.00   64.00  3
                   -2.69   -2.84    0.71    0.54
                       0   -2.77   -2.67    0.57    0.46
PAT         6634   86.00   25.00  230.00    1.60    1.19    1.40    1.21 1323.00   97.00  3
                    1.34    0.93    1.49    1.35
                       0    0.43    0.52    0.57    1.01
40988       6878   64.37   31.55   79.00    1.51    1.26    1.31    1.19  112.00    7.00  3
                    1.40    1.10    1.41    1.26
                       0    2.67    0.80    1.15    1.48
42527       6887   94.16   25.63   48.00    1.99    1.62    1.58    1.64  111.00   63.00  3
                    2.20    2.20    1.63    1.78
                       0 -999.00 -999.00 -999.00 -999.00
42767       6892   78.43   22.46  107.00   -0.94   -1.24    1.94    1.91  115.00    7.00  3
                   -1.50   -1.60    1.93    2.08
                       0   -2.20   -0.70    1.19    1.63
43302       6933   78.56   12.48   98.00    0.31    0.42    1.83    2.04  113.00   14.00  3
                    0.70    0.80    2.22    2.37
                       0    0.75    0.75    2.37    2.30
43341       6939   77.00   10.28   65.00   -1.90   -1.83    1.41    1.37  119.00   54.00  3
                   -2.10   -2.00    1.63    1.78
                       0   -3.25   -1.05    0.74    1.33
43356       6941   77.13   10.00   52.00    0.30    0.32    1.89    1.78   60.00    7.00  3
                    0.50    0.50    2.15    1.71
                       1 -999.00 -999.00 -999.00 -999.00
PTL         7059   76.30   20.30  153.00   -1.12   -1.33    2.08    2.05  659.00   71.00  3
                   -1.26   -1.45    2.61    2.67
                       0   -3.41    0.91    0.74    1.08
42805       7073   87.95   22.50   63.00    2.20    1.71    1.46    1.41  102.00   38.00  3
                    2.30    2.00    1.04    0.89
                       0    2.25    2.35    1.41    0.74
43263       7242   76.33   12.96   34.00   -0.94   -1.03    1.58    1.54   52.00   16.00  3
                   -1.40   -1.30    1.52    1.56
                       4 -999.00 -999.00 -999.00 -999.00
37785       7293   44.40   40.34  192.00   -1.81   -1.69    1.48    1.29  239.00    4.00  3
                   -1.77   -1.65    1.56    1.26
                       0   -3.15   -1.05    1.26    1.82
37897       7299   46.03   39.50  193.00    0.99    1.10    1.33    1.26  238.00    3.00  3
                    1.15    1.20    1.26    1.19
                       0    1.60    1.10    0.63    1.56
13611       1363   19.45   41.30   14.00   -3.50   -3.28    0.44    0.40  347.00  329.00  1
                   -3.65   -3.40    0.30    0.19
                       0 -999.00 -999.00 -999.00 -999.00
35927       2811   55.08   45.25    2.00    0.55    0.30    1.35    1.20  238.00  236.00  1
                 -999.00 -999.00 -999.00 -999.00
                       0 -999.00 -999.00 -999.00 -999.00
36126       2835   75.70   50.80   27.00    3.54    3.28    0.35    0.21  238.00  211.00  1
                    3.60    3.20    0.30    0.30
                       0 -999.00 -999.00 -999.00 -999.00
36871       2876   76.75   43.18    9.00   -5.21   -4.36    0.58    0.16  382.00  372.00  1
                   -5.20   -4.40    0.37    0.15
                       0 -999.00 -999.00 -999.00 -999.00
38719       2977   68.88   39.07   23.00    2.90    2.95    1.55    1.53  120.00   97.00  1
                    3.40    3.50    0.89    0.74
                       1 -999.00 -999.00 -999.00 -999.00
38944       2997   69.38   37.47    4.00   -2.22   -2.08    2.28    2.14  475.00  471.00  1
                 -999.00 -999.00 -999.00 -999.00
                       0 -999.00 -999.00 -999.00 -999.00
40732       3054   50.66   36.90    2.00   -3.35   -3.95    0.15    0.05  476.00  474.00  1
                 -999.00 -999.00 -999.00 -999.00
                       0 -999.00 -999.00 -999.00 -999.00
40942       3111   65.26   33.53   11.00   -3.77   -3.70    0.83    0.89  336.00  323.00  1
                   -4.00   -3.90    0.44    0.22
                       0 -999.00 -999.00 -999.00 -999.00
41265       3153   58.50   22.73    1.00   -3.00   -3.20    0.00    0.00  465.00  464.00  1
                 -999.00 -999.00 -999.00 -999.00
                       0 -999.00 -999.00 -999.00 -999.00
42056       3245   74.83   32.66    2.00   -3.15   -2.55    0.65    0.05  465.00  463.00  1
                 -999.00 -999.00 -999.00 -999.00
                       0 -999.00 -999.00 -999.00 -999.00
43226       3283   74.45   14.28   63.00    3.19    3.29    0.62    0.58  461.00  376.00  1
                    3.20    3.40    0.30    0.22
                       0    3.20    3.40    0.30    0.37
43418       3314   81.25    8.58   10.00    3.41    3.48    0.34    0.22  394.00  384.00  1
                    3.50    3.60    0.44    0.15
                       0 -999.00 -999.00 -999.00 -999.00
44266       3358   93.90   46.32    1.00   -1.80   -1.70    0.00    0.00  432.00  431.00  1
                 -999.00 -999.00 -999.00 -999.00
                       0 -999.00 -999.00 -999.00 -999.00
44338       3377  102.17   44.65    1.00   -3.10   -3.10    0.00    0.00  432.00  431.00  1
                 -999.00 -999.00 -999.00 -999.00
                       0 -999.00 -999.00 -999.00 -999.00
47776       3569  134.90   34.33    8.00    3.28    3.40    0.52    0.35 1360.00 1349.00  1
                    3.30    3.50    0.52    0.22
                       0 -999.00 -999.00 -999.00 -999.00
48926       3796  100.43   20.25    2.00    2.30    2.30    0.90    0.60  270.00  268.00  1
                 -999.00 -999.00 -999.00 -999.00
                       0 -999.00 -999.00 -999.00 -999.00
60710       4080    8.75   36.95    2.00   -2.85   -3.30    0.25    0.30  463.00  461.00  1
                 -999.00 -999.00 -999.00 -999.00
                       0 -999.00 -999.00 -999.00 -999.00
61297       4123  354.32   11.35   52.00   -2.97   -3.10    0.68    0.62  387.00  326.00  1
                   -3.10   -3.30    0.59    0.30
                       0 -999.00 -999.00 -999.00 -999.00
63801       4153   29.63   -4.88    1.00    2.80    2.60    0.00    0.00  444.00  443.00  1
                 -999.00 -999.00 -999.00 -999.00
                       0 -999.00 -999.00 -999.00 -999.00
65522       4203  356.82   10.33   10.00    3.47    3.44    0.17    0.19  390.00  380.00  1
                    3.50    3.50    0.22    0.15
                       0 -999.00 -999.00 -999.00 -999.00
68188       4244   30.07  -23.77    1.00    4.60    4.40    0.00    0.00  469.00  468.00  1
                 -999.00 -999.00 -999.00 -999.00
                       0 -999.00 -999.00 -999.00 -999.00
68352       4274   27.25  -27.66   22.00   -0.38   -0.54    1.56    1.52  450.00  428.00  1
                   -0.15   -0.35    1.48    1.78
                       0 -999.00 -999.00 -999.00 -999.00
68380       4280   30.12  -26.07   75.00    3.59    3.46    0.31    0.27  440.00  363.00  1
                    3.60    3.50    0.30    0.15
                       0    3.60    3.70    0.30    0.15
68478       4299   29.88  -29.00   33.00   -3.44   -3.41    0.36    0.24  438.00  399.00  1
                   -3.50   -3.50    0.30    0.15
                       0 -999.00 -999.00 -999.00 -999.00
72214       5027  275.71   30.44    2.00    3.45    3.30    0.05    0.20  230.00  228.00  1
                 -999.00 -999.00 -999.00 -999.00
                       0 -999.00 -999.00 -999.00 -999.00
73005       5227  292.76   48.36    9.00    3.40    3.63    0.32    0.12  460.00  450.00  1
                    3.30    3.70    0.44    0.00
                       0 -999.00 -999.00 -999.00 -999.00
76856       5295  263.50   15.67   24.00   -3.07   -3.44    0.37    0.34  338.00  310.00  1
                   -3.12   -3.45    0.33    0.22
                       0 -999.00 -999.00 -999.00 -999.00
78714       5316  274.07   14.90    3.00    1.57    1.27    3.95    3.88  275.00  272.00  1
                 -999.00 -999.00 -999.00 -999.00
                       2 -999.00 -999.00 -999.00 -999.00
80036       5347  286.75   10.43    1.00    2.50    2.10    0.00    0.00  284.00  283.00  1
                 -999.00 -999.00 -999.00 -999.00
                       1 -999.00 -999.00 -999.00 -999.00
80099       5352  289.27    7.07    4.00   -0.98   -1.27    1.32    1.02  265.00  261.00  1
                 -999.00 -999.00 -999.00 -999.00
                       2 -999.00 -999.00 -999.00 -999.00
82917       5407  292.20  -10.00    2.00   -2.55   -3.30    0.65    0.10  230.00  228.00  1
                 -999.00 -999.00 -999.00 -999.00
                       0 -999.00 -999.00 -999.00 -999.00
83309       5415  303.55  -14.40   24.00   -2.08   -2.23    1.06    0.82  140.00  116.00  1
                   -1.95   -2.30    1.11    1.04
                       1 -999.00 -999.00 -999.00 -999.00
83470       5429  309.08  -17.92    7.00   -3.26   -3.21    0.33    0.40  177.00  170.00  1
                   -3.20   -3.20    0.44    0.44
                       1 -999.00 -999.00 -999.00 -999.00
84140       5474  280.52   -1.10    1.00    4.20    3.90    0.00    0.00  200.00  199.00  1
                 -999.00 -999.00 -999.00 -999.00
                       2 -999.00 -999.00 -999.00 -999.00
84474       5494  283.28   -7.22    1.00    6.50    3.70    0.00    0.00  138.00  137.00  1
                 -999.00 -999.00 -999.00 -999.00
                       2 -999.00 -999.00 -999.00 -999.00
91329       5713  151.90    8.55    5.00    2.58    2.62    0.91    0.88   89.00   84.00  1
                    2.70    2.70    0.89    1.04
                       0 -999.00 -999.00 -999.00 -999.00
96009       6278   97.20    5.23    2.00    3.90    3.30    0.60    0.40  476.00  474.00  1
                 -999.00 -999.00 -999.00 -999.00
                       0 -999.00 -999.00 -999.00 -999.00
96987       6337  114.38   -8.22    4.00   -2.99   -3.01    0.90    0.97  472.00  467.00  1
                 -999.00 -999.00 -999.00 -999.00
                       0 -999.00 -999.00 -999.00 -999.00
97072       6345  119.73   -0.68    2.00    2.80    2.75    0.50    0.15  475.00  473.00  1
                 -999.00 -999.00 -999.00 -999.00
                       0 -999.00 -999.00 -999.00 -999.00
DSI         6523   76.00   32.30    1.00    3.60    4.60    0.00    0.00 1074.00 1073.00  1
                 -999.00 -999.00 -999.00 -999.00
                       0 -999.00 -999.00 -999.00 -999.00
GYL         6548   88.20   27.30   93.00    4.49    4.32    0.31    0.19 1290.00 1087.00  1
                    4.46    4.40    0.28    0.15
                       0    4.45    4.45    0.26    0.41
MGP         6603   77.00   28.80   15.00   -0.06   -0.39    2.19    2.11  614.00  598.00  1
                    0.40    0.60    2.82    2.37
                       0 -999.00 -999.00 -999.00 -999.00
NSK         6629   73.70   20.00   32.00    3.28    3.25    0.97    0.97 1276.00 1227.00  1
                    3.47    3.50    0.28    0.15
                       0 -999.00 -999.00 -999.00 -999.00
RJK         6652   70.80   22.30    2.00    0.05   -0.10    1.05    1.20 1293.00 1291.00  1
                 -999.00 -999.00 -999.00 -999.00
                       0 -999.00 -999.00 -999.00 -999.00
SCD         6659   77.30   28.60    4.00    1.43    0.95    1.28    1.99  773.00  769.00  1
                 -999.00 -999.00 -999.00 -999.00
                       0 -999.00 -999.00 -999.00 -999.00
TOL         6685   94.00   24.60   43.00   -3.64   -4.30    0.50    0.40  581.00  472.00  1
                   -3.55   -4.27    0.52    0.34
                       0 -999.00 -999.00 -999.00 -999.00
TUR         6689   90.20   25.50   15.00    3.89    3.20    0.44    0.46 1347.00 1308.00  1
                    4.20    3.20    0.44    0.59
                       0 -999.00 -999.00 -999.00 -999.00
TWG         6691   91.90   27.60    1.00    3.40    3.50    0.00    0.00 1223.00 1222.00  1
                 -999.00 -999.00 -999.00 -999.00
                       0 -999.00 -999.00 -999.00 -999.00
VIR         6707   79.00   12.90    3.00    1.45    0.92    0.45    0.10 1273.00 1256.00  1
                 -999.00 -999.00 -999.00 -999.00
                       0 -999.00 -999.00 -999.00 -999.00
14443       6754   16.27   42.40    4.00    3.55    3.60    0.39    0.25  347.00  343.00  1
                 -999.00 -999.00 -999.00 -999.00
                       0 -999.00 -999.00 -999.00 -999.00
43113       6905   74.05   17.51    4.00   -1.77   -1.67    1.59    1.53  120.00  116.00  1
                 -999.00 -999.00 -999.00 -999.00
                       0 -999.00 -999.00 -999.00 -999.00
43133       6908   79.25   17.00    8.00    2.22    1.65    1.20    1.19   58.00   50.00  1
                    2.40    1.65    1.48    1.63
                       0 -999.00 -999.00 -999.00 -999.00
43291       6931   76.70   12.30    6.00    2.55    2.92    0.96    0.92  117.00  111.00  1
                    2.95    3.30    0.44    0.30
                       0 -999.00 -999.00 -999.00 -999.00
68396       7021   31.30  -26.53   13.00    3.27    3.27    0.30    0.25   72.00   58.00  1
                    3.30    3.20    0.30    0.59
                       4 -999.00 -999.00 -999.00 -999.00
65101       7115    4.58    8.48   13.00   -3.17   -3.36    0.33    0.23  122.00  105.00  1
                   -3.20   -3.20    0.30    0.30
                       1 -999.00 -999.00 -999.00 -999.00
43230       7240   75.91   14.50    1.00    3.80    3.50    0.00    0.00   17.00   16.00  1
                 -999.00 -999.00 -999.00 -999.00
                       4 -999.00 -999.00 -999.00 -999.00
43322       7244   76.93   11.93    2.00    3.45    3.15    0.35    0.35   14.00   12.00  1
                 -999.00 -999.00 -999.00 -999.00
                      18 -999.00 -999.00 -999.00 -999.00
44406       7422   80.95   29.25    4.00    3.33    3.78    0.31    0.36   72.00   68.00  1
                 -999.00 -999.00 -999.00 -999.00
                      30 -999.00 -999.00 -999.00 -999.00
44424       7426   82.17   29.28    5.00   -3.36   -3.40    1.49    1.57   71.00   66.00  1
                   -3.70   -4.10    0.89    0.44
                      30 -999.00 -999.00 -999.00 -999.00
LEH         7464   77.70   34.00   45.00   -4.15   -4.20    0.38    0.28  671.00  554.00  1
                   -4.20   -4.30    0.30    0.27
                       0 -999.00 -999.00 -999.00 -999.00
35907       7583   50.03   45.02    2.00    3.55    3.40    0.05    0.10   72.00   70.00  1
                 -999.00 -999.00 -999.00 -999.00
                       9 -999.00 -999.00 -999.00 -999.00
KCP         7585   79.70   12.80    3.00   -2.20   -2.72    0.57    0.35   97.00   88.00  1
                 -999.00 -999.00 -999.00 -999.00
                      19 -999.00 -999.00 -999.00 -999.00
68116       7606   18.97  -22.47    2.00    1.95    1.50    0.55    0.10   26.00   22.00  1
                 -999.00 -999.00 -999.00 -999.00
                      51 -999.00 -999.00 -999.00 -999.00
