  AYNZ      146.72   -6.57   -1.80   -1.81    0.84    0.77  0
  CWSW      245.12   49.75    2.47    2.22    0.76    0.55  0
  DAAY      359.75   33.53    1.72    1.63    0.60    0.48  0
  DNKN        8.52   12.05    1.76    1.38    0.63    0.46  0
  DNMN        6.43    9.65   -3.94   -4.05    0.94    0.84  0
  DTTF        8.82   34.42   -2.20   -2.37    0.76    0.68  0
  DXNG        1.10    9.77    1.61    1.48    0.51    0.40  0
  FMEE       55.52  -20.89   -1.99   -1.95    0.37    0.36  0
  FMEP       55.42  -21.32   -1.54   -1.51    0.43    0.40  0
  FMSD       46.95  -25.03   -1.51   -1.50    0.49    0.46  0
  GANR      350.65   15.23    1.53    1.20    0.79    0.59  0
  GCTS      343.43   28.05   -3.03   -3.01    0.38    0.34  0
  HESC       34.07   28.68    1.51    1.55    0.48    0.46  0
  HTAR       36.63   -3.37   -2.36   -2.49    0.53    0.43  0
  HTKA       29.63   -4.88    1.76    1.62    0.45    0.40  0
  HTSU       31.63   -7.97   -2.97   -3.07    0.32    0.39  0
  K1FN      258.33   47.90   -2.87   -2.98    0.40    0.23  0
  KACJ      275.80   32.11    1.61    1.06    0.32    0.21  0
  KAIK      278.31   33.65    1.66    1.12    0.31    0.21  0
  KANK      253.95   38.53    1.82    1.75    0.54    0.46  0
  KAVC      281.95   36.69    2.31    1.84    0.37    0.19  0
  KBDG      250.52   37.58    1.90    1.90    0.55    0.41  0
  KCBE      281.23   39.61    1.61    1.22    0.40    0.28  0
  KCTJ      274.85   33.63    1.56    1.04    0.31    0.17  0
  KCWN      255.15   38.75   -2.31   -2.45    0.51    0.43  0
  KEOE      278.36   34.31    1.53    1.01    0.33    0.21  0
  KESN      283.94   38.79    1.61    1.22    0.30    0.21  0
  KEZM      276.87   32.21    1.54    0.98    0.32    0.23  0
  KHQU      277.48   33.53    2.29    1.73    0.35    0.23  0
  KI16      278.44   37.60    2.00    1.60    0.39    0.29  0
  KLKU      282.03   38.01    1.85    1.40    0.43    0.23  0
  KMYP      253.68   38.47    2.51    2.47    0.40    0.35  0
  KNOW      236.60   48.13   -1.59   -1.78    0.54    0.30  0
  KNUW      237.35   48.35    1.58    1.42    0.47    0.30  0
  KNXP      243.86   34.28    2.16    2.14    0.45    0.36  0
  KPKB      278.57   39.35    1.57    1.14    0.44    0.29  0
  KRMN      282.55   38.40    1.80    1.35    0.39    0.20  0
  KTRM      243.83   33.63   -1.50   -1.57    0.75    0.62  0
  KUKF      278.91   36.22    1.91    1.46    0.43    0.27  0
  KVUJ      279.85   35.42    1.90    1.40    0.38    0.20  0
  LECH      358.70   40.86   -2.37   -2.51    0.99    0.95  0
  LGSA       24.13   35.53   -1.69   -1.50    0.32    0.28  0
  LIBQ       16.39   39.33   -2.63   -2.58    0.81    0.85  0
  LQMO       17.82   43.28   -1.85   -1.89    0.48    0.36  0
  LSGS        7.33   46.22   -1.56   -1.52    0.86    0.65  0
  LSZL        8.88   46.16   -2.26   -2.31    0.67    0.57  0
  LTAJ       37.47   36.95   -1.81   -1.75    0.38    0.41  0
  LTAR       36.90   39.79    1.52    1.52    0.52    0.43  0
  LTFG       32.29   36.29   -2.92   -2.90    0.45    0.33  0
  MBPV      287.75   21.77   -1.57   -1.86    0.37    0.35  0
  MGGT      269.48   14.58    3.44    3.18    0.35    0.27  0
  MMAS      257.68   21.70    1.63    1.24    0.50    0.44  0
  MMIO      259.07   25.55   -1.68   -1.95    0.68    0.66  0
  MMLO      258.52   21.00    2.50    2.14    0.48    0.40  0
  MMOX      263.27   16.97    1.68    1.48    0.51    0.45  0
  MMPA      262.53   20.50    1.68    1.38    0.48    0.42  0
  MMPN      257.97   19.39   -1.60   -1.92    0.42    0.33  0
  MMPQ      268.02   17.53   -3.13   -3.43    0.53    0.45  0
  MMPS      262.92   15.87    2.76    2.50    0.49    0.40  0
  MMQT      259.82   20.62    2.26    1.96    0.40    0.35  0
  MMSL      250.07   22.95    1.60    1.31    0.41    0.30  0
  MNJG      274.02   13.08   -4.87   -5.15    0.55    0.52  0
  MPBO      277.75    9.35    2.00    1.72    0.56    0.50  0
  MPDA      277.58    8.40   -2.01   -2.21    0.51    0.43  0
  MSAC      270.17   13.57   -2.62   -2.99    0.70    0.63  0
  MTPP      287.70   18.57   -1.54   -1.87    0.43    0.36  0
  OEDR       50.15   26.27   -1.99   -1.95    0.34    0.26  0
  OEKJ       47.58   24.07    1.91    1.82    0.27    0.28  0
  OESK       40.10   29.78    1.62    1.55    0.31    0.28  0
  OIAH       50.83   30.33   -2.90   -2.93    0.35    0.31  0
  OIIE       51.15   35.40    5.52    5.50    0.62    0.78  0
  OIIK       50.00   36.25   -1.74   -1.63    0.66    0.53  0
  OIMD       58.68   34.35   -3.87   -3.55    0.49    0.46  0
  OIMQ       58.46   35.22   -1.58   -1.33    0.35    0.27  0
  OINE       55.45   37.38   -1.53   -1.69    0.71    0.57  0
  OING       54.40   36.90   -2.42   -2.57    0.57    0.43  0
  OINN       51.45   36.65   -2.90   -2.86    0.54    0.40  0
  OINR       50.67   36.90   -6.11   -6.07    0.58    0.46  0
  OISF       53.72   28.90   -3.45   -3.26    0.38    0.32  0
  OIZB       61.55   31.10   -1.79   -1.59    0.75    0.58  0
  PAJZ      202.74   59.73    1.73    1.72    0.51    0.39  0
  PHTO      204.93   19.72   -2.48   -2.41    0.37    0.31  0
  RJNW      136.94   37.28   -3.67   -3.71    0.81    0.76  0
  SBBT      311.40  -20.58   -4.51   -4.43    1.20    1.19  0
  SBMG      307.98  -23.48   -1.65   -1.55    0.51    0.41  0
  SBSY      309.33  -11.57    5.26    4.89    1.20    1.22  0
  SBTU      310.28   -3.78    2.32    2.20    0.63    0.51  0
  SCDA      289.82  -20.53   -2.04   -2.10    0.40    0.33  0
  SEAM      281.44   -1.20    2.30    2.22    0.68    0.61  0
  SELT      281.38   -0.92    1.69    1.65    0.66    0.60  0
  SETU      282.30    0.82    1.77    1.68    0.45    0.43  0
  SKAR      284.28    4.50   -1.53   -1.68    0.97    0.81  0
  SKMD      284.41    6.22    1.82    1.60    0.83    0.70  0
  SKMZ      284.53    5.03   -2.52   -2.66    0.69    0.58  0
  SKRG      284.57    6.18    2.09    1.92    0.41    0.33  0
  SKVP      286.75   10.43    1.52    1.15    0.79    0.59  0
  SLCA      296.47  -20.00    1.66    1.31    0.84    0.53  0
  SLJE      299.25  -17.82    2.73    2.24    0.82    0.55  0
  SLTJ      295.28  -21.53   -1.61   -1.69    0.88    0.78  0
  SUCA      302.23  -34.45   -2.16   -1.92    0.46    0.31  0
  SVVG      288.33    8.63   -1.94   -2.29    0.93    0.74  0
  UAAA       77.03   43.35   -2.25   -1.99    0.64    0.46  0
  URMN       43.63   43.50   -1.62   -1.67    0.45    0.31  0
  UTDK       69.80   37.97   -1.66   -1.37    0.64    0.42  0
  UTSK       65.77   38.83   -5.28   -5.32    0.94    1.01  0
  VOHS       78.43   17.23    3.49    3.39    0.73    0.53  0
  YCCY      140.50  -20.66   -2.08   -2.09    0.84    0.71  0
  YCIN      123.82  -17.57   -2.11   -2.15    0.51    0.43  0
  ZPPP      102.75   25.00    1.91    1.63    0.53    0.26  0
  FEFT       15.80    4.25   -3.46   -3.57    0.98    0.82  0
  FNSU       13.85  -11.17    2.63    2.29    0.64    0.62  0
  FOOB       11.48    2.08   -3.71   -3.75    0.90    0.94  0
  HCMF       49.18   11.28   -1.57   -1.14    0.77    0.70  0
  HKWJ       40.07    1.75   -1.87   -1.76    0.45    0.42  0
  LECV      356.27   40.63    2.85    2.66    0.83    0.80  0
  LIMY        7.80   44.25   -6.42   -6.48    0.59    0.65  0
  LIRX       10.40   42.73   -1.93   -2.06    0.45    0.42  0
  OEDM       44.12   24.45    6.60    6.52    0.59    0.52  0
  OITZ       48.37   36.77   -1.89   -1.78    0.86    0.72  0
  GQPA      346.94   20.51    1.83    1.59    0.94    0.85  0
  LTBZ       27.35   38.61    4.96    4.90    1.16    1.06  0
  SLPO      294.28  -19.53    1.83    1.70    0.75    0.73  0
  PADM      197.97   61.86    1.62    1.56    0.51    0.40  0
  NCMK      202.62  -20.14   -2.93   -2.81    0.58    0.54  0
  FDPP       31.25  -25.96    1.98    1.89    0.96    0.97  0
  KFWZ      251.22   42.51   -1.72   -1.66    0.32    0.30  0
