  35700        196   51.92   47.12   26.00
    119.00    1.88    1.80    0.81    0.76  403.00    3.00  0
               1    1.86    1.76    0.80    0.72
            1.87    1.90    0.78    0.48
     68.00    2.02    1.92    1.27    1.19   89.00    0.00  0
               2    3.38    3.23    2.05    1.98
            2.16    2.23    0.71    1.30
     53.00    1.76    1.60    1.22    1.14   69.00    1.00  0
               3    1.78    1.66    0.98    1.02
            1.93    1.16    0.87    1.07
    117.00    1.86    1.65    1.00    0.93  194.00    1.00  0
               4    1.89    1.63    1.05    0.96
            2.57    1.57    1.23    1.03
     55.00    1.58    1.31    1.16    0.98   71.00    0.00  0
               5    1.56    1.32    1.26    1.09
            1.36    1.65    1.25    1.47
     62.00    1.55    1.21    1.20    0.94   77.00    0.00  0
               6    1.72    1.28    1.26    0.90
            2.08    2.00    1.21    0.78
    118.00    1.62    1.29    1.28    1.00  185.00    1.00  0
               7    1.63    1.33    1.20    0.96
            2.19    1.13    1.96    1.71
     57.00    1.51    1.18    1.43    1.17   69.00    0.00  0
               8    1.49    2.01    1.35    1.45
            0.86    1.82    0.88    1.29
     69.00    1.75    1.28    1.47    1.08   98.00    2.00  0
              10    1.75    1.36    1.65    1.32
            1.65    2.66    1.25    1.38
     66.00    1.65    1.07    1.83    1.45   95.00    1.00  0
              12    1.43    1.03    1.77    1.48
            1.55    1.71    1.83    1.05
    117.00    1.88    1.36    1.68    1.39  216.00    2.00  0
              13    2.05    1.42    1.56    1.43
            2.09    2.59    1.30    1.31
     56.00    1.87    1.35    1.66    1.36   76.00    0.00  0
              15    1.97    1.56    1.59    1.30
            2.07    1.14    1.65    1.68
     58.00    1.75    1.36    1.48    1.21   77.00    3.00  0
              16    1.86    1.39    1.22    1.23
            1.60    0.95    0.89    1.08
     53.00    1.62    1.28    1.78    1.49   72.00    3.00  0
              17    2.59    1.42    1.41    1.59
            1.86    1.19    2.03    2.15
     59.00    1.92    1.57    1.53    1.33   81.00    2.00  0
              18    3.07    1.67    1.44    1.17
            2.03    0.93    0.78    2.19
     68.00    1.90    1.49    1.64    1.33   94.00    4.00  0
              19    2.15    1.66    1.39    1.14
            1.96    2.47    1.10    1.04
     62.00    1.96    1.53    1.70    1.42   88.00    3.00  0
              20    2.18    1.65    1.62    1.32
            2.12    2.19    1.83    1.26
    112.00    2.20    1.87    1.65    1.33  186.00    5.00  0
              21    2.24    1.90    1.23    0.96
            2.51    2.68    2.04    1.08
     60.00    1.93    1.62    1.66    1.28   80.00    1.00  0
              22    2.17    1.74    1.17    1.22
            1.88    2.20    2.27    0.40
     63.00    2.19    2.03    1.71    1.45   98.00    3.00  0
              23    2.20    2.13    1.42    1.35
            1.61    1.81    1.80    1.26
     63.00    2.04    1.77    1.77    1.40   85.00    2.00  0
              24    2.25    1.80    1.34    1.26
            2.01    1.94    3.40    1.81
    111.00    2.07    1.92    1.51    1.33  198.00    5.00  0
              25    2.32    2.09    1.17    1.12
            1.68    2.29    1.19    1.15
     65.00    1.87    1.77    1.57    1.31  101.00    2.00  0
              26    2.03    1.92    1.28    1.41
            1.49    1.94    1.71    1.24
     61.00    1.76    1.63    1.65    1.29   79.00    0.00  0
              27    1.82    1.81    1.36    1.15
            1.31    1.77    2.07    0.72
     72.00    1.71    1.59    1.64    1.35  105.00    3.00  0
              28    1.70    1.65    1.60    1.35
            0.97    1.59    1.92    0.80
    107.00    1.95    1.85    1.54    1.46  209.00   37.00  0
              29    1.87    1.86    1.29    1.22
            2.25    1.60    1.36    0.55
  42101        216   76.47   30.33    4.00
     59.00    1.70    1.53    0.75    0.72   64.00    0.00  0
               2    1.65    1.53    0.73    0.73
            1.49    2.49    0.70    1.03
     58.00    1.69    1.28    0.72    0.65   69.00    0.00  0
               7    1.72    1.29    0.59    0.61
            1.51    2.14    0.72    1.34
     28.00    1.75    1.13    1.84    1.47   34.00    0.00  0
              17    1.71    1.13    1.54    1.37
            1.56    1.78    1.56    1.68
     32.00    1.77    1.07    1.70    1.23   45.00    0.00  0
              19    1.61    1.01    1.53    1.21
            1.96    1.61    1.94    1.24
  42647        227   72.63   23.07    7.00
     30.00    1.50    1.02    1.02    0.66   37.00    0.00  0
               8    1.40    1.10    1.03    0.52
            1.35    1.42    1.03    0.99
     31.00    2.12    1.46    1.07    1.02   45.00    0.00  0
               9    2.02    1.28    0.94    0.78
            2.42    1.88    0.96    0.64
     34.00    1.91    1.33    1.31    1.02   46.00    0.00  0
              10    1.96    1.31    1.12    1.06
            2.22    2.03    1.47    0.97
     48.00    1.54    1.08    1.21    1.01   71.00    0.00  0
              11    1.61    1.12    1.11    1.46
            2.22    1.40    0.84    1.11
    109.00    1.70    1.26    1.14    0.96  146.00    1.00  0
              13    1.55    1.19    0.98    0.86
            2.03    1.50    1.09    1.68
     30.00    1.67    1.09    1.80    1.32   35.00    0.00  0
              14    1.38    0.98    1.63    1.10
            1.11    1.60    1.19    1.47
     40.00    1.83    1.24    1.64    1.31   59.00    0.00  0
              16    1.78    1.16    1.82    1.20
            2.00    1.92    1.94    2.35
  43311        244   72.73   11.12    4.00
    112.00    1.62    1.41    0.98    0.84  132.00    6.00  0
               7    1.54    1.39    0.86    0.72
            1.10    1.74    0.91    1.58
     29.00    1.96    1.52    0.95    0.91   32.00    0.00  0
               9    1.99    1.43    0.77    0.86
            2.07    1.92    0.89    1.01
     29.00    1.80    1.63    0.99    1.02   32.00    0.00  0
              10    1.98    1.73    1.21    0.64
            1.92    1.67    1.25    0.57
     41.00    1.79    1.62    1.03    0.96   44.00    0.00  0
              11    1.92    1.57    1.22    1.14
            1.82    2.27    1.28    1.19
  43333        245   92.72   11.67    5.00
     34.00    1.70    1.58    0.60    0.48   39.00    0.00  0
               6    1.80    1.68    0.64    0.51
            1.69    1.86    0.74    0.40
    119.00    1.78    1.67    0.58    0.56  150.00    0.00  0
               7    1.78    1.71    0.50    0.50
            2.05    1.88    0.29    0.42
     29.00    1.81    1.65    1.09    0.91   33.00    0.00  0
              11    1.63    1.71    1.01    1.03
            1.71    1.60    1.13    0.76
     33.00    2.06    1.80    1.08    0.94   40.00    0.00  0
              12    1.98    1.73    0.71    0.59
            1.95    1.88    0.94    0.76
    119.00    1.83    1.59    1.01    0.84  177.00    0.00  0
              13    1.77    1.57    0.88    0.70
            1.29    1.78    0.91    0.69
