  04417         25  321.54   72.58    4.00
      0.00 -999.00 -999.00 -999.00 -999.00  114.00  114.00  1
               1 -999.00 -999.00 -999.00 -999.00
         -999.00 -999.00 -999.00 -999.00
      0.00 -999.00 -999.00 -999.00 -999.00  114.00  114.00  1
               4 -999.00 -999.00 -999.00 -999.00
         -999.00 -999.00 -999.00 -999.00
      0.00 -999.00 -999.00 -999.00 -999.00  114.00  114.00  1
               7 -999.00 -999.00 -999.00 -999.00
         -999.00 -999.00 -999.00 -999.00
      0.00 -999.00 -999.00 -999.00 -999.00  114.00  114.00  1
              13 -999.00 -999.00 -999.00 -999.00
         -999.00 -999.00 -999.00 -999.00
  42027        214   74.83   34.08    6.00
      0.00 -999.00 -999.00 -999.00 -999.00   46.00   46.00  1
               1 -999.00 -999.00 -999.00 -999.00
         -999.00 -999.00 -999.00 -999.00
      0.00 -999.00 -999.00 -999.00 -999.00   52.00   52.00  1
               4 -999.00 -999.00 -999.00 -999.00
         -999.00 -999.00 -999.00 -999.00
      0.00 -999.00 -999.00 -999.00 -999.00   68.00   68.00  1
               7 -999.00 -999.00 -999.00 -999.00
         -999.00 -999.00 -999.00 -999.00
      0.00 -999.00 -999.00 -999.00 -999.00   63.00   63.00  1
               8 -999.00 -999.00 -999.00 -999.00
         -999.00 -999.00 -999.00 -999.00
      0.00 -999.00 -999.00 -999.00 -999.00   23.00   23.00  1
               9 -999.00 -999.00 -999.00 -999.00
         -999.00 -999.00 -999.00 -999.00
      1.00    1.58    1.15    0.00    0.00   19.00   18.00  1
              11 -999.00 -999.00 -999.00 -999.00
         -999.00 -999.00 -999.00 -999.00
  89532        569   39.58  -69.00    5.00
      0.00 -999.00 -999.00 -999.00 -999.00  140.00  140.00  1
              25 -999.00 -999.00 -999.00 -999.00
         -999.00 -999.00 -999.00 -999.00
      0.00 -999.00 -999.00 -999.00 -999.00   33.00   33.00  1
              26 -999.00 -999.00 -999.00 -999.00
         -999.00 -999.00 -999.00 -999.00
      0.00 -999.00 -999.00 -999.00 -999.00   32.00   32.00  1
              27 -999.00 -999.00 -999.00 -999.00
         -999.00 -999.00 -999.00 -999.00
      0.00 -999.00 -999.00 -999.00 -999.00   48.00   48.00  1
              28 -999.00 -999.00 -999.00 -999.00
         -999.00 -999.00 -999.00 -999.00
      0.00 -999.00 -999.00 -999.00 -999.00  166.00  166.00  1
              29 -999.00 -999.00 -999.00 -999.00
         -999.00 -999.00 -999.00 -999.00
  89625        721  123.40  -75.10    4.00
      0.00 -999.00 -999.00 -999.00 -999.00   55.00   55.00  1
               1 -999.00 -999.00 -999.00 -999.00
         -999.00 -999.00 -999.00 -999.00
      0.00 -999.00 -999.00 -999.00 -999.00   55.00   55.00  1
               4 -999.00 -999.00 -999.00 -999.00
         -999.00 -999.00 -999.00 -999.00
      0.00 -999.00 -999.00 -999.00 -999.00   55.00   55.00  1
               7 -999.00 -999.00 -999.00 -999.00
         -999.00 -999.00 -999.00 -999.00
      0.00 -999.00 -999.00 -999.00 -999.00   55.00   55.00  1
              13 -999.00 -999.00 -999.00 -999.00
         -999.00 -999.00 -999.00 -999.00
