  04417     321.54   72.58       4
   1200.00  987.50 -999.00 -999.00 -999.00 -999.00  1
    937.50  912.50 -999.00 -999.00 -999.00 -999.00  1
    862.50  837.50 -999.00 -999.00 -999.00 -999.00  1
    712.50  687.50 -999.00 -999.00 -999.00 -999.00  1
  42027      74.83   34.08       6
   1200.00  987.50 -999.00 -999.00 -999.00 -999.00  1
    937.50  912.50 -999.00 -999.00 -999.00 -999.00  1
    862.50  837.50 -999.00 -999.00 -999.00 -999.00  1
    837.50  812.50 -999.00 -999.00 -999.00 -999.00  1
    812.50  787.50 -999.00 -999.00 -999.00 -999.00  1
    762.50  737.50    1.58    1.15    0.00    0.00  1
  89532      39.58  -69.00       5
    412.50  387.50 -999.00 -999.00 -999.00 -999.00  1
    387.50  362.50 -999.00 -999.00 -999.00 -999.00  1
    362.50  337.50 -999.00 -999.00 -999.00 -999.00  1
    337.50  312.50 -999.00 -999.00 -999.00 -999.00  1
    312.50  287.50 -999.00 -999.00 -999.00 -999.00  1
  89625     123.40  -75.10       4
   1200.00  987.50 -999.00 -999.00 -999.00 -999.00  1
    937.50  912.50 -999.00 -999.00 -999.00 -999.00  1
    862.50  837.50 -999.00 -999.00 -999.00 -999.00  1
    712.50  687.50 -999.00 -999.00 -999.00 -999.00  1
