  35700      51.92   47.12      26
   1200.00  987.50    1.88    1.80    0.81    0.76  0
    987.50  962.50    2.02    1.92    1.27    1.19  0
    962.50  937.50    1.76    1.60    1.22    1.14  0
    937.50  912.50    1.86    1.65    1.00    0.93  0
    912.50  887.50    1.58    1.31    1.16    0.98  0
    887.50  862.50    1.55    1.21    1.20    0.94  0
    862.50  837.50    1.62    1.29    1.28    1.00  0
    837.50  812.50    1.51    1.18    1.43    1.17  0
    787.50  762.50    1.75    1.28    1.47    1.08  0
    737.50  712.50    1.65    1.07    1.83    1.45  0
    712.50  687.50    1.88    1.36    1.68    1.39  0
    662.50  637.50    1.87    1.35    1.66    1.36  0
    637.50  612.50    1.75    1.36    1.48    1.21  0
    612.50  587.50    1.62    1.28    1.78    1.49  0
    587.50  562.50    1.92    1.57    1.53    1.33  0
    562.50  537.50    1.90    1.49    1.64    1.33  0
    537.50  512.50    1.96    1.53    1.70    1.42  0
    512.50  487.50    2.20    1.87    1.65    1.33  0
    487.50  462.50    1.93    1.62    1.66    1.28  0
    462.50  437.50    2.19    2.03    1.71    1.45  0
    437.50  412.50    2.04    1.77    1.77    1.40  0
    412.50  387.50    2.07    1.92    1.51    1.33  0
    387.50  362.50    1.87    1.77    1.57    1.31  0
    362.50  337.50    1.76    1.63    1.65    1.29  0
    337.50  312.50    1.71    1.59    1.64    1.35  0
    312.50  287.50    1.95    1.85    1.54    1.46  0
  42101      76.47   30.33       4
    987.50  962.50    1.70    1.53    0.75    0.72  0
    862.50  837.50    1.69    1.28    0.72    0.65  0
    612.50  587.50    1.75    1.13    1.84    1.47  0
    562.50  537.50    1.77    1.07    1.70    1.23  0
  42647      72.63   23.07       7
    837.50  812.50    1.50    1.02    1.02    0.66  0
    812.50  787.50    2.12    1.46    1.07    1.02  0
    787.50  762.50    1.91    1.33    1.31    1.02  0
    762.50  737.50    1.54    1.08    1.21    1.01  0
    712.50  687.50    1.70    1.26    1.14    0.96  0
    687.50  662.50    1.67    1.09    1.80    1.32  0
    637.50  612.50    1.83    1.24    1.64    1.31  0
  43311      72.73   11.12       4
    862.50  837.50    1.62    1.41    0.98    0.84  0
    812.50  787.50    1.96    1.52    0.95    0.91  0
    787.50  762.50    1.80    1.63    0.99    1.02  0
    762.50  737.50    1.79    1.62    1.03    0.96  0
  43333      92.72   11.67       5
    887.50  862.50    1.70    1.58    0.60    0.48  0
    862.50  837.50    1.78    1.67    0.58    0.56  0
    762.50  737.50    1.81    1.65    1.09    0.91  0
    737.50  712.50    2.06    1.80    1.08    0.94  0
    712.50  687.50    1.83    1.59    1.01    0.84  0
