  3ETA8     273.00   19.80    2.17    2.13    0.68    0.67  0
  46025     240.90   33.70    1.67    1.45    0.53    0.51  0
  46053     240.10   34.30    1.97    1.75    0.85    0.75  0
  66022      14.20   54.10    2.05    1.94    0.60    0.56  0
  VOFG      298.60   45.60    2.12    1.94    0.64    0.62  0
  VREM6     120.40   12.70    2.20    2.19    0.90    0.88  0
  VVFH       87.60   20.80    1.85    1.76    0.90    0.91  0
  VRRD7     280.60    7.70    1.61    1.54    0.96    0.95  0
  WDC7379   145.60    4.00    2.47    2.45    0.71    0.70  0
  VREK5      74.80   -8.60   -4.11   -4.04    1.29    1.26  0
  SDIA2     225.61   58.28    1.72    1.65    0.81    0.71  0
  46081     211.70   60.80    1.70    1.67    0.96    0.93  0
  J8NY      280.00   25.20    1.79    1.71    0.93    0.88  0
  9V8896    353.50   49.50   -6.96   -6.88    1.19    1.18  0
