5BYB4         73  299.80   39.10  105.00   -0.13   -0.15    1.44    1.46  105.00    0.00  3
                   -0.35   -0.35    1.06    1.10
                       1   -0.47   -0.92    0.80    0.66
62001         74  355.00   45.20  238.00   -0.09   -0.08    1.65    1.56 1407.00    0.00  3
                    0.27    0.25    0.42    0.40
                       0    0.26    0.24    0.29    0.27
9HJD9        157  229.20   53.70   54.00    5.51    5.45    3.17    3.17  137.00   70.00  3
                    6.36    6.45    3.33    3.52
                       1 -999.00 -999.00 -999.00 -999.00
9V9040       168   80.60   -7.50  195.00    2.35    2.22    2.13    2.00 1315.00    0.00  3
                    4.81    4.35    4.52    3.96
                       0    4.28    1.41    1.91    1.27
9V9925       175  154.00   45.60   83.00    0.72    0.73    1.67    1.63   85.00    0.00  3
                    0.58    0.54    1.00    0.86
                      47   -0.32    1.11    1.18    1.17
A8YN2        194  230.50   36.10  153.00    0.70    0.69    1.50    1.48  163.00    0.00  3
                    0.37    0.37    1.08    1.01
                       0   -0.34    0.87    1.00    0.89
BKIZ         219   65.00   10.10  129.00    0.91    0.91    1.32    1.29  130.00    1.00  3
                    0.88    0.84    1.21    1.13
                       0    0.91    1.27    1.07    0.80
CQFA         249   86.90    5.80  131.00    1.00    0.98    1.36    1.37  159.00    0.00  3
                    0.66    0.83    0.78    0.92
                       2    1.45    0.32    1.53    0.39
S6LT5        364  231.00   39.30   77.00   -0.95   -0.90    1.61    1.59   83.00    0.00  3
                   -0.49   -0.62    1.70    1.55
                       3   -1.03   -1.38    0.85    1.44
TBWUK51      376   92.60    6.20   64.00    1.72    1.61    1.59    1.56   66.00    0.00  3
                    1.31    1.13    0.97    0.79
                       4    0.71    1.88    0.31    0.95
V7BY3        386    6.50  -33.50  118.00    1.36    1.34    1.40    1.38  167.00    0.00  3
                    1.06    1.01    1.04    1.11
                       0    2.94    1.36    2.53    1.72
VRBH9        404   68.40  -12.60  150.00   -0.63   -0.62    1.38    1.37  153.00    0.00  3
                   -0.46   -0.39    1.69    1.67
                       0    0.47    0.54    1.15    0.58
VRCT4        409  154.20   -9.40   37.00    2.79    2.74    1.77    1.72   38.00    1.00  3
                    2.74    2.69    1.02    1.06
                       3 -999.00 -999.00 -999.00 -999.00
VRHE3        417  263.30    5.30   81.00   -0.69   -0.69    1.64    1.62  110.00    0.00  3
                   -0.85   -0.84    1.14    1.08
                       2   -1.16   -0.32    1.72    1.34
VRNL2        426  237.10   37.90   81.00   -0.24   -0.22    1.54    1.50   89.00    0.00  3
                   -0.61   -0.59    1.51    1.47
                      12   -0.87   -0.85    0.78    1.92
VROB9        429  185.30   50.40  114.00   -0.54   -0.51    1.53    1.49  115.00    0.00  3
                   -0.61   -0.57    1.88    1.74
                       0   -2.03   -0.53    0.64    1.65
VRPT5        431  318.90  -24.80   72.00    1.74    1.74    1.39    1.36   88.00    0.00  3
                    1.90    1.90    1.59    1.58
                       1    1.02    2.15    1.85    1.36
VRRI4        437  330.20   -8.60  232.00    1.21    1.17    1.41    1.34 1350.00   12.00  3
                    1.00    0.99    1.08    1.05
                       0    2.38    0.28    1.24    1.05
WTEE         480  144.00   16.90  164.00    1.06    1.01    1.30    1.24 1087.00    2.00  3
                    0.73    0.69    0.81    0.73
                       0    1.82    0.49    0.28    0.29
WTEG         481  234.70   45.10  197.00   -1.86   -1.84    1.56    1.45 1216.00    0.00  3
                   -1.28   -1.32    1.18    1.16
                      10   -4.17   -0.57    0.74    0.33
2FRE8        499  324.30   41.30   85.00    1.71    1.69    1.63    1.59  121.00    0.00  3
                    1.49    1.50    1.72    1.60
                       0    3.36    1.25    1.66    1.29
9HJF9        519  225.00   58.30  106.00    0.78    0.82    1.36    1.36  121.00    1.00  3
                    0.67    0.70    1.22    1.17
                       1    0.51    1.16    1.39    1.75
9V2735       520  183.50   29.60   61.00    0.77    0.76    1.45    1.45   76.00    0.00  3
                    0.47    0.49    1.10    1.14
                      23   -0.03    1.64    0.63    1.88
C6BR3        539  291.70   36.00   77.00    1.97    1.94    1.66    1.63   78.00    0.00  3
                    1.90    1.80    1.61    1.49
                       1    2.09    1.18    1.46    1.28
C6UC3        551  111.40    6.30   86.00   -0.94   -0.93    1.39    1.37   89.00    0.00  3
                   -0.92   -0.87    1.39    1.35
                       1   -1.26   -1.60    0.79    1.04
PDUJ         592  281.90   58.40  105.00    0.87    0.86    1.34    1.29  143.00    3.00  3
                    0.70    0.79    1.11    1.06
                       0    0.31    2.23    1.50    1.06
TBWUK47      596   51.80   25.90   55.00    2.91    2.82    1.54    1.51   62.00    0.00  3
                    3.03    2.77    2.01    1.78
                      38 -999.00 -999.00 -999.00 -999.00
TBWUK66      599   38.70   22.50   62.00    2.08    1.99    1.61    1.54   66.00    0.00  3
                    1.92    1.92    1.90    1.61
                       6    3.24    1.33    1.47    1.61
TBWUK70      600   74.60   11.20   63.00    0.61    0.57    1.57    1.50   70.00    1.00  3
                    0.59    0.60    1.04    0.91
                       0    0.40    0.79    1.54    0.76
V7DI6        608  269.50   26.90   43.00    1.79    1.73    1.64    1.63   44.00    0.00  3
                    1.90    1.82    1.33    1.29
                       8 -999.00 -999.00 -999.00 -999.00
VREZ3        616   72.10   16.00   22.00    2.02    2.00    1.30    1.31   23.00    0.00  3
                    1.75    1.80    0.71    0.62
                      74 -999.00 -999.00 -999.00 -999.00
VRLU4        628  139.70   41.10   37.00    2.13    2.11    1.71    1.67   39.00    1.00  3
                    2.04    2.05    1.94    1.91
                       2 -999.00 -999.00 -999.00 -999.00
VRPN7        631  124.70   30.40   22.00    1.90    1.86    1.71    1.69   23.00    0.00  3
                    1.64    1.61    1.02    1.12
                      44 -999.00 -999.00 -999.00 -999.00
ZCBU3        646  353.60   47.60   48.00    2.00    1.94    1.43    1.42   56.00    0.00  3
                    1.89    1.86    1.33    1.22
                      35 -999.00 -999.00 -999.00 -999.00
PDAN         703  208.40   60.40   95.00    0.63    0.65    1.58    1.53  180.00    5.00  3
                    2.58    0.81    3.43    1.48
                       1   -0.27    1.16    0.58    1.76
PHOS         706  224.70   58.20   63.00    0.38    0.39    1.64    1.64   80.00    0.00  3
                    0.39    0.39    0.82    0.78
                       1    0.04    0.66    0.73    0.79
VRDK7        717  269.10   12.10  172.00    1.34    1.30    1.96    1.89  506.00    0.00  3
                    1.03    1.04    1.83    1.79
                       0    2.05    4.15    1.57    2.42
VRPJ6        722  126.70   32.60   93.00    0.36    0.37    1.45    1.43  103.00    0.00  3
                    0.37    0.37    0.98    0.98
                       1   -0.33    0.65    1.76    1.22
CQEG         758  149.10  -39.30   76.00    1.01    0.98    1.61    1.57   77.00    0.00  3
                    0.85    0.67    1.77    1.68
                       1    1.53    0.22    1.45    1.47
J8PE4        768  285.50   24.50   68.00   -0.15   -0.18    1.40    1.39   82.00    0.00  3
                    0.38    0.29    1.15    0.98
                       1    0.25   -0.31    0.75    1.30
TBWUK75      779  312.30  -30.10   69.00    1.05    1.04    1.64    1.65   71.00    1.00  3
                    0.85    0.88    2.27    2.26
                       1   -0.27    2.52    1.44    0.81
ZCAO7        796  116.70  -20.40  107.00    0.75    0.77    1.32    1.27  122.00    0.00  3
                    1.01    0.57    1.48    1.06
                       0    0.32   -0.01    0.92    1.11
VCBT         819  296.40   44.70  110.00    1.36    1.30    1.70    1.64  477.00    0.00  3
                    0.80    0.70    0.90    0.83
                      10    1.90    0.55    3.13    0.57
VRRB5        826   72.30   11.60  103.00    1.05    1.01    1.74    1.69  430.00   11.00  3
                    0.92    0.89    1.86    1.90
                       0    1.75    0.86    3.24    1.27
3FLO4        881  358.00   45.90   33.00    1.65    1.65    1.56    1.53   37.00    2.00  3
                    1.50    1.51    1.57    1.37
                       9 -999.00 -999.00 -999.00 -999.00
CQIK         886  140.50  -38.10   91.00   -0.14   -0.12    1.42    1.40   92.00    0.00  3
                    0.05    0.09    0.96    1.02
                       0    0.33   -0.11    0.76    0.96
VRFX6        895  302.20   40.80   25.00    2.10    2.04    2.37    2.29   26.00    0.00  3
                    2.03    2.15    1.35    1.52
                      19 -999.00 -999.00 -999.00 -999.00
C6WR2        950  337.10   64.00  126.00    0.58    0.56    1.32    1.30  232.00   20.00  3
                    0.53    0.42    1.02    0.98
                       1   -0.46    1.14    1.26    1.96
V7ZZ5        960  343.40   39.20  133.00    1.73    1.66    1.82    1.77  529.00   10.00  3
                    1.60    1.55    1.49    1.35
                       0    2.75    1.95    2.15    0.71
WRJP        1049  144.20   41.90   64.00    0.77    0.76    1.50    1.49   66.00    0.00  3
                    0.99    0.96    1.35    1.21
                       1    0.40    1.02    1.66    0.91
A8BX6       1080   70.60   11.90   24.00    1.92    1.92    1.30    1.32   25.00    0.00  3
                    1.96    1.90    1.26    1.84
                      22 -999.00 -999.00 -999.00 -999.00
VRMV3       1093    2.50   36.90   94.00    1.88    1.88    1.49    1.45   95.00    0.00  3
                    1.63    1.59    1.22    1.28
                       1    1.81    1.44    2.98    1.32
LAJF7       1096  286.20   35.90   83.00    1.10    1.07    1.51    1.50   84.00    0.00  3
                    0.70    0.74    1.36    1.39
                       0    1.03    0.54    1.33    1.57
VRCI9       1163  143.00   41.60   59.00    0.14    0.12    1.50    1.47   60.00    0.00  3
                    0.27    0.19    1.27    1.27
                      26   -0.30    0.47    1.08    0.89
A8HZ4       1208  262.00   15.30   30.00    2.18    2.16    2.10    2.06   31.00    0.00  3
                    2.11    2.17    1.64    1.54
                       0 -999.00 -999.00 -999.00 -999.00
9V8402      1327  283.40   31.60   35.00   -5.93   -5.81    2.51    2.45   36.00    0.00  3
                   -6.85   -6.72    0.77    0.72
                       1 -999.00 -999.00 -999.00 -999.00
CQGR        1339  341.00   50.60   83.00   -0.06   -0.04    1.64    1.62   84.00    0.00  3
                    0.10    0.07    1.28    1.29
                       0   -0.12    0.27    1.71    0.74
VRUR7       1368  310.10   11.70   65.00   -1.92   -1.89    1.68    1.63  170.00    0.00  3
                   -2.08   -2.08    1.16    1.10
                       1   -1.67   -2.86    0.71    1.28
A8JE6       1386  135.90    8.50   42.00    1.78    1.79    1.36    1.36   43.00    0.00  3
                    1.90    1.95    1.54    1.49
                       0 -999.00 -999.00 -999.00 -999.00
TBWUK96     1401  108.00    6.80   50.00    2.45    2.39    1.31    1.28   52.00    0.00  3
                    2.40    2.35    1.35    1.43
                       1 -999.00 -999.00 -999.00 -999.00
VROV6       1416  281.00   -8.20   21.00    4.01    3.96    1.53    1.50   23.00    1.00  3
                    5.42    5.35    2.79    2.65
                       2 -999.00 -999.00 -999.00 -999.00
VRDW2       1434  113.60   -6.10   61.00    1.75    1.73    1.40    1.37   62.00    0.00  3
                    1.48    1.73    1.49    1.47
                       1    2.03    1.27    1.67    1.22
9HJC9       1460  288.20   38.80   33.00    2.20    2.24    1.31    1.20   40.00    0.00  3
                    2.46    1.94    1.57    1.44
                       1 -999.00 -999.00 -999.00 -999.00
A8MH2       1483  348.40  -18.90   23.00    2.49    2.42    1.47    1.43   24.00    0.00  3
                    1.98    1.96    1.10    1.19
                      67 -999.00 -999.00 -999.00 -999.00
