3ETA8         18  273.00   19.80   99.00    2.17    2.13    0.68    0.67  131.00    0.00  0
                    2.09    2.04    0.60    0.57
                       0    2.03    1.61    0.39    0.38
46025         58  240.90   33.70  238.00    1.67    1.45    0.53    0.51 8243.00    0.00  0
                    1.65    1.46    0.54    0.55
                       0    1.20    1.48    0.29    0.49
46053         61  240.10   34.30  231.00    1.97    1.75    0.85    0.75 7841.00    0.00  0
                    1.95    1.70    0.85    0.74
                       0    1.08    1.76    0.35    0.75
66022        146   14.20   54.10  238.00    2.05    1.94    0.60    0.56 1186.00    0.00  0
                    2.07    2.32    0.59    0.68
                       0    2.66    1.89    0.67    0.49
VOFG         403  298.60   45.60  213.00    2.12    1.94    0.64    0.62 1089.00    0.00  0
                    2.41    1.96    0.63    0.56
                       0    2.59    1.70    0.40    0.54
VREM6        414  120.40   12.70  146.00    2.20    2.19    0.90    0.88  146.00    0.00  0
                    2.01    2.02    0.73    0.73
                       0    2.12    1.83    0.60    0.79
VVFH         445   87.60   20.80   70.00    1.85    1.76    0.90    0.91   71.00    1.00  0
                    1.86    1.76    0.71    0.66
                       1    1.68    2.09    0.80    0.55
VRRD7        634  280.60    7.70   72.00    1.61    1.54    0.96    0.95  117.00    0.00  0
                    1.48    1.47    0.94    0.97
                       0    1.71    2.02    0.58    1.22
WDC7379      637  145.60    4.00  165.00    2.47    2.45    0.71    0.70  166.00    0.00  0
                    2.42    2.41    0.66    0.72
                       0    2.41    2.34    0.84    0.85
VREK5        719   74.80   -8.60   28.00   -4.11   -4.04    1.29    1.26   29.00    0.00  0
                   -3.81   -3.71    1.23    1.09
                       0 -999.00 -999.00 -999.00 -999.00
SDIA2       1024  225.61   58.28  223.00    1.72    1.65    0.81    0.71 3947.00    0.00  0
                    1.62    1.60    0.82    0.75
                       0    1.03    2.35    0.25    0.47
46081       1155  211.70   60.80  208.00    1.70    1.67    0.96    0.93 1243.00    0.00  0
                    1.77    1.72    0.96    0.97
                       0    0.61    2.04    1.06    0.38
J8NY        1161  280.00   25.20   76.00    1.79    1.71    0.93    0.88  116.00    1.00  0
                    1.85    1.75    1.07    0.99
                      28    2.07    1.71    1.11    0.96
9V8896      1253  353.50   49.50   39.00   -6.96   -6.88    1.19    1.18   40.00    0.00  0
                   -6.96   -6.84    0.90    0.50
                       1 -999.00 -999.00 -999.00 -999.00
