  5BYB4     299.80   39.10   -0.13   -0.15    1.44    1.46  3
  62001     355.00   45.20   -0.09   -0.08    1.65    1.56  3
  9HJD9     229.20   53.70    5.51    5.45    3.17    3.17  3
  9V9040     80.60   -7.50    2.35    2.22    2.13    2.00  3
  9V9925    154.00   45.60    0.72    0.73    1.67    1.63  3
  A8YN2     230.50   36.10    0.70    0.69    1.50    1.48  3
  BKIZ       65.00   10.10    0.91    0.91    1.32    1.29  3
  CQFA       86.90    5.80    1.00    0.98    1.36    1.37  3
  S6LT5     231.00   39.30   -0.95   -0.90    1.61    1.59  3
  TBWUK51    92.60    6.20    1.72    1.61    1.59    1.56  3
  V7BY3       6.50  -33.50    1.36    1.34    1.40    1.38  3
  VRBH9      68.40  -12.60   -0.63   -0.62    1.38    1.37  3
  VRCT4     154.20   -9.40    2.79    2.74    1.77    1.72  3
  VRHE3     263.30    5.30   -0.69   -0.69    1.64    1.62  3
  VRNL2     237.10   37.90   -0.24   -0.22    1.54    1.50  3
  VROB9     185.30   50.40   -0.54   -0.51    1.53    1.49  3
  VRPT5     318.90  -24.80    1.74    1.74    1.39    1.36  3
  VRRI4     330.20   -8.60    1.21    1.17    1.41    1.34  3
  WTEE      144.00   16.90    1.06    1.01    1.30    1.24  3
  WTEG      234.70   45.10   -1.86   -1.84    1.56    1.45  3
  2FRE8     324.30   41.30    1.71    1.69    1.63    1.59  3
  9HJF9     225.00   58.30    0.78    0.82    1.36    1.36  3
  9V2735    183.50   29.60    0.77    0.76    1.45    1.45  3
  C6BR3     291.70   36.00    1.97    1.94    1.66    1.63  3
  C6UC3     111.40    6.30   -0.94   -0.93    1.39    1.37  3
  PDUJ      281.90   58.40    0.87    0.86    1.34    1.29  3
  TBWUK47    51.80   25.90    2.91    2.82    1.54    1.51  3
  TBWUK66    38.70   22.50    2.08    1.99    1.61    1.54  3
  TBWUK70    74.60   11.20    0.61    0.57    1.57    1.50  3
  V7DI6     269.50   26.90    1.79    1.73    1.64    1.63  3
  VREZ3      72.10   16.00    2.02    2.00    1.30    1.31  3
  VRLU4     139.70   41.10    2.13    2.11    1.71    1.67  3
  VRPN7     124.70   30.40    1.90    1.86    1.71    1.69  3
  ZCBU3     353.60   47.60    2.00    1.94    1.43    1.42  3
  PDAN      208.40   60.40    0.63    0.65    1.58    1.53  3
  PHOS      224.70   58.20    0.38    0.39    1.64    1.64  3
  VRDK7     269.10   12.10    1.34    1.30    1.96    1.89  3
  VRPJ6     126.70   32.60    0.36    0.37    1.45    1.43  3
  CQEG      149.10  -39.30    1.01    0.98    1.61    1.57  3
  J8PE4     285.50   24.50   -0.15   -0.18    1.40    1.39  3
  TBWUK75   312.30  -30.10    1.05    1.04    1.64    1.65  3
  ZCAO7     116.70  -20.40    0.75    0.77    1.32    1.27  3
  VCBT      296.40   44.70    1.36    1.30    1.70    1.64  3
  VRRB5      72.30   11.60    1.05    1.01    1.74    1.69  3
  3FLO4     358.00   45.90    1.65    1.65    1.56    1.53  3
  CQIK      140.50  -38.10   -0.14   -0.12    1.42    1.40  3
  VRFX6     302.20   40.80    2.10    2.04    2.37    2.29  3
  C6WR2     337.10   64.00    0.58    0.56    1.32    1.30  3
  V7ZZ5     343.40   39.20    1.73    1.66    1.82    1.77  3
  WRJP      144.20   41.90    0.77    0.76    1.50    1.49  3
  A8BX6      70.60   11.90    1.92    1.92    1.30    1.32  3
  VRMV3       2.50   36.90    1.88    1.88    1.49    1.45  3
  LAJF7     286.20   35.90    1.10    1.07    1.51    1.50  3
  VRCI9     143.00   41.60    0.14    0.12    1.50    1.47  3
  A8HZ4     262.00   15.30    2.18    2.16    2.10    2.06  3
  9V8402    283.40   31.60   -5.93   -5.81    2.51    2.45  3
  CQGR      341.00   50.60   -0.06   -0.04    1.64    1.62  3
  VRUR7     310.10   11.70   -1.92   -1.89    1.68    1.63  3
  A8JE6     135.90    8.50    1.78    1.79    1.36    1.36  3
  TBWUK96   108.00    6.80    2.45    2.39    1.31    1.28  3
  VROV6     281.00   -8.20    4.01    3.96    1.53    1.50  3
  VRDW2     113.60   -6.10    1.75    1.73    1.40    1.37  3
  9HJC9     288.20   38.80    2.20    2.24    1.31    1.20  3
  A8MH2     348.40  -18.90    2.49    2.42    1.47    1.43  3
