  06714       7.23   46.41   -1.88   -1.93    1.40    1.45  3
  06748       7.75   46.03    0.94    0.88    1.67    1.74  3
  08548     351.54   40.15   -0.67   -0.70    3.42    3.40  3
  08568     352.45   40.42    0.03    0.03    1.47    1.46  3
  11930      20.22   49.20   -2.10   -2.01    1.33    1.31  3
  24802     102.80   61.73   -0.24   -0.21    1.51    1.52  3
  24843     124.55   61.91   -0.23   -0.25    1.46    1.47  3
  28867      65.55   53.32   -0.19   -0.17    1.34    1.33  3
  31016     128.50   58.63    0.77    0.81    1.54    1.54  3
  35163      67.56   51.60   -0.17   -0.16    1.42    1.41  3
  35167      66.34   51.08   -5.04   -5.04    1.61    1.61  2
  35235      58.66   50.71   -1.38   -1.37    1.56    1.56  3
  36467      74.97   48.30    0.30    0.30    1.57    1.58  3
  36871      76.75   43.18    1.44    1.41    1.79    1.79  3
  38718      68.38   39.10    2.94    2.92    1.55    1.57  3
  38725      69.66   39.43    1.84    1.82    1.48    1.45  3
  38744      71.87   39.28    2.83    2.80    1.65    1.64  3
  38856      70.88   38.46    3.55    3.55    1.77    1.77  3
  38869      72.63   38.16    1.71    1.72    1.35    1.39  3
  40153      35.50   32.97   -0.98   -1.05    1.38    1.36  3
  40738      54.26   36.85    2.18    2.16    1.32    1.33  3
  41515      71.78   35.57    2.43    2.44    2.03    2.07  3
  41560      70.08   33.86    3.43    3.42    2.07    2.09  3
  41739      64.09   26.97    0.00    0.06    1.56    1.53  3
  47639     138.72   35.35   -4.00   -3.90    1.50    1.53  3
  56172     102.23   31.90    2.99    3.00    1.34    1.36  3
  56462     101.50   29.00    3.18    3.20    1.35    1.32  3
  60010     343.50   28.30   -5.19   -5.20    2.26    2.26  3
  68352      27.25  -27.66    2.72    2.70    2.00    2.03  3
  68593      31.05  -29.77    0.93    0.94    1.44    1.43  3
  68674      29.55  -31.63    0.11    0.09    1.67    1.66  3
  68813      18.37  -33.79   -0.15   -0.14    2.21    2.22  3
  70260     210.92   64.55    2.66    2.64    2.28    2.29  3
  71411     295.34   43.98   -0.08   -0.07    1.33    1.29  3
  71920     294.53   43.45   -0.44   -0.38    1.40    1.35  3
  72212     276.90   29.62   -0.84   -1.02    3.08    3.03  3
  80407     288.27   10.57    1.61    1.57    1.46    1.44  3
  80427     290.77    9.55    1.69    1.73    1.77    1.78  3
  80438     288.82    8.60    3.22    3.23    1.51    1.50  3
  81909     319.64   -7.07    2.62    2.63    1.72    1.72  3
  83368     307.77  -15.90    1.89    1.82    1.46    1.47  3
  83623     310.02  -20.42    2.19    2.18    1.51    1.52  3
  84239     281.02   -2.88    1.52    1.51    1.41    1.41  3
  84735     289.85  -15.48   -0.39   -0.44    1.43    1.46  3
  85201     291.82  -16.51   -0.13   -0.19    1.50    1.48  3
  85242     292.94  -17.96    1.82    1.78    1.66    1.68  3
  85766     287.92  -39.65    1.92    1.97    1.37    1.41  3
  86128     301.22  -23.50    0.75    0.75    1.33    1.35  3
  86185     302.92  -24.07    0.66    0.67    1.40    1.38  3
  86285     304.67  -26.83    1.13    1.15    1.42    1.38  3
  87007     294.41  -22.10   -0.54   -0.57    1.47    1.47  3
  87016     295.69  -23.15    0.84    0.83    1.61    1.55  3
  87244     296.32  -29.90    0.79    0.80    1.39    1.39  3
  88963     303.02  -63.40    0.59    0.58    2.15    2.03  3
  89055     303.28  -64.23    0.79    0.81    2.24    2.03  3
  89059     303.32  -63.32    1.83    1.79    2.73    2.67  3
  89061     295.92  -64.77    3.62    3.42    2.53    2.46  3
  94213     128.19  -17.02    0.23    0.25    1.61    1.60  3
  94323     131.53  -24.28    1.67    1.70    2.11    2.10  3
  94324     131.80  -22.25    1.86    1.90    1.50    1.52  3
  94410     115.20  -25.05    2.39    2.47    1.50    1.51  3
  94439     120.22  -26.58    2.03    2.09    1.71    1.71  3
  94514     147.97  -26.48    0.88    0.91    1.76    1.74  3
  94642     123.87  -32.45    1.97    1.99    1.59    1.57  3
  94665     137.66  -34.36    1.87    2.11    1.53    1.59  3
  ALI        78.10   27.90    2.19    2.17    1.55    1.56  3
  ANI        95.90   28.80    3.11    3.06    1.36    1.35  3
  ATN        75.20   33.70    0.42    0.33    2.41    2.44  3
  BEP        88.20   24.10    2.17    2.22    1.54    1.54  3
  BGG        90.60   26.40    2.06    2.07    2.52    2.51  3
  BHJ        69.70   23.20   -1.83   -1.81    3.40    3.41  3
  BLH        76.40   31.10    1.51    1.44    1.44    1.46  3
  BMH        74.40   34.30    3.47    3.42    1.49    1.51  3
  BWL        76.60   28.10    2.49    2.42    4.03    4.00  3
  CACP      294.52   43.45   -0.47   -0.40    1.38    1.34  3
  COI        76.90   11.00    3.96    4.01    1.37    1.39  3
  DHE        94.60   27.50    2.22    2.22    2.07    2.06  3
  DUG        73.80   23.80    1.91    1.91    1.77    1.78  3
  DUN        77.20   28.70    0.93    0.82    3.14    3.10  3
  FRG        81.40   26.20    1.20    1.22    1.73    1.73  3
  GHN        78.60   30.40   -0.20   -0.21    2.26    2.30  3
  GLP        90.60   26.20   -1.03   -1.02    1.79    1.81  3
  GOA        73.80   15.40    9.32    9.31    5.13    5.14  3
  GPR        75.20   33.20    3.40    3.36    1.44    1.44  3
  GRG        77.00   28.40    2.78    2.68    1.55    1.51  3
  GRS        79.30   30.00   -0.49   -0.50    2.71    2.73  3
  GYL        88.20   27.30    3.19    3.24    3.61    3.58  3
  JLD        75.30   31.00    9.21    9.19    1.18    1.25  3
  JPR        75.80   26.80    1.04    1.01    1.43    1.45  3
  JSP        78.80   29.30    1.79    1.80    1.86    1.87  3
  KAJ        90.50   26.50    1.73    1.72    2.35    2.33  3
  KJT        73.00   19.00    2.23    2.25    2.18    2.18  3
  KKM        76.70   32.70    2.48    2.42    2.38    2.39  3
  KMG        88.40   27.10    1.18    1.18    1.70    1.68  3
  KPG        74.50   19.90    2.12    2.15    2.96    2.93  3
  KPL        75.30   31.30    2.22    2.19    2.58    2.63  3
  KRD        85.80   20.20   -1.91   -1.99    3.37    3.42  3
  KYL        77.00   32.30    2.12    2.06    1.97    1.96  3
  MGI        92.00   26.40    2.37    2.36    1.63    1.65  3
  MLR        75.00   33.90    1.13    1.09    2.01    2.04  3
  MRN        78.00   26.50    0.47    0.49    1.57    1.58  3
  NDL        77.20   28.60    1.44    1.28    2.59    2.57  3
  NGP        79.00   21.10    2.01    2.06    1.93    1.97  3
  NMI        88.40   27.20    2.17    2.16    2.27    2.29  3
  NNT        79.40   29.40   -3.68   -3.64    1.49    1.51  3
  PDR        82.20   17.10    7.39    7.33    6.61    6.62  3
  PNK        77.00   30.70    3.08    3.04    1.92    1.94  3
  PTM        77.10   28.70    4.69    4.57    3.67    3.67  3
  REO        78.20   31.30    4.49    4.46    1.36    1.36  3
  RGN        73.80   18.50   12.87   12.89    2.89    2.91  3
  RNT        86.60   21.10    1.95    1.95    1.59    1.59  3
  SBG        77.10   31.60    5.51    5.48    2.02    2.02  3
  SIR        74.80   14.60    2.21    2.20    1.48    1.43  3
  TDR        77.60   17.20    2.89    2.87    1.49    1.51  3
  TKM        78.80   24.70   -2.14   -2.10    3.67    3.69  3
  TOL        94.00   24.60    2.79    2.77    1.98    2.02  3
  TPT        78.20    8.80    0.88    0.93    1.78    1.77  3
  TWG        91.90   27.60   -2.49   -2.46    1.45    1.44  3
  UJH        77.00   29.40    2.09    2.06    1.46    1.45  3
  VDR        73.20   22.40   -0.22   -0.23    1.84    1.84  3
  VSL        85.20   25.70   -3.89   -3.89    1.71    1.71  3
  42062      76.38   32.27    3.08    3.03    2.31    2.33  3
  42065      77.17   32.27    5.11    5.07    1.73    1.75  3
  42078      76.97   31.72    0.83    0.79    1.99    2.03  3
  BMR        71.40   25.80    5.63    5.66    1.39    1.40  3
  JOD        73.00   26.20   -2.41   -2.42    1.80    1.77  3
  LTR        76.60   18.40    2.77    2.76    1.39    1.39  3
  NCM        77.40   28.60    6.82    6.69    3.40    3.46  3
  PTL        76.30   20.30    4.21    4.22    1.42    1.44  3
  83970     309.10  -31.25   -0.05    0.03    1.58    1.64  3
  84688     286.66  -13.72    0.10    0.03    2.01    2.01  3
  AMA        84.70   19.10    2.73    2.76    2.57    2.56  3
  37609      43.87   41.02    0.99    0.91    1.74    1.77  3
  BIL        74.60   25.40    3.02    3.03    1.33    1.36  3
  TRV        77.00    8.50    1.84    1.87    1.81    1.82  3
  94229     131.12  -17.38    1.80    1.89    2.05    2.09  3
  BTL        77.90   21.80    2.65    2.66    1.66    1.70  3
  RGJ        88.10   25.60    1.79    1.81    2.06    2.07  3
  BHA        79.60   21.20    1.14    1.20    2.07    2.08  3
  DML        77.30   30.10   -0.26   -0.27    1.72    1.72  3
  LEH        77.70   34.00    3.22    3.19    3.16    3.17  3
  06747       7.81   45.95   -1.89   -1.91    1.50    1.57  3
  91636     177.15   -7.23   15.17   15.23    0.00    0.00  1
