01232         75    7.84   62.44  238.00    1.79    1.80    0.96    0.95 1216.00    0.00  0
                    1.90    2.26    1.11    0.88
                       0    1.17    1.84    0.97    0.92
01321         95    6.57   61.92  216.00    1.61    1.59    0.89    0.91 1015.00    0.00  0
                    1.64    1.65    0.94    1.01
                       0    0.76    1.59    0.77    1.34
01329         98    6.27   60.35  238.00    1.93    1.91    0.65    0.66 1289.00    0.00  0
                    1.96    1.91    0.67    0.67
                       0    1.73    1.63    0.72    0.68
01337         99    6.42   60.62  238.00    1.73    1.71    0.66    0.67 1292.00    0.00  0
                    1.72    1.77    0.70    0.70
                       0    1.11    1.41    0.38    0.53
01338        100    6.65   61.17  238.00    1.93    1.90    0.75    0.78 1290.00    0.00  0
                    1.88    1.84    0.65    0.66
                       0    1.32    1.57    0.67    0.68
01355        104    7.50   61.10  238.00    2.22    2.19    1.04    1.06 1289.00    0.00  0
                    2.35    2.32    0.93    0.96
                       0    1.16    1.80    1.00    1.28
02545        235   14.57   58.57  159.00    1.78    1.73    0.55    0.54  918.00    0.00  0
                    1.76    1.71    0.52    0.53
                       0    1.84    1.53    0.47    0.36
02793        307   29.66   62.54  205.00    2.03    2.07    0.70    0.71 1148.00    0.00  0
                    1.98    1.95    0.70    0.68
                       0    2.05    2.17    0.90    0.64
02950        374   21.79   60.21  199.00    2.14    2.15    0.83    0.81 1163.00    0.00  0
                    2.23    2.23    0.82    0.86
                       0    2.51    2.02    0.81    0.88
06615        705    7.22   46.07  225.00    2.11    2.05    0.88    0.89 1311.00    0.00  0
                    2.62    2.57    1.13    1.13
                       0    2.32    1.94    0.93    0.54
06637        723    8.16   46.73  233.00    2.21    2.20    0.95    0.95 1365.00    0.00  0
                    2.09    2.13    0.90    0.95
                       0    2.30    2.22    0.79    0.69
06657        738    8.19   46.84  233.00    2.01    2.00    1.02    1.02 1360.00    0.00  0
                    1.94    1.90    0.95    1.09
                       0    1.65    2.07    0.76    0.90
06672        747    8.62   46.88  233.00    2.02    2.00    0.91    0.92 1360.00    0.00  0
                    1.87    1.93    0.83    0.92
                       0    1.98    1.87    0.88    0.91
06680        753    9.35   47.25  233.00   -2.07   -2.07    0.97    1.01 1364.00    0.00  0
                   -2.16   -2.16    0.90    0.97
                       0   -1.83   -1.56    1.19    1.22
06734        786    7.88   46.67  232.00    2.01    1.99    0.83    0.82 1358.00    0.00  0
                    1.92    1.90    0.73    0.75
                       0    2.23    1.99    0.75    0.77
06756        799    8.93   46.45  228.00    2.29    2.25    0.98    1.00 1327.00    0.00  0
                    2.30    2.28    0.93    0.98
                       0    1.79    2.84    1.04    1.07
06758        800    9.16   46.25  232.00    2.48    2.46    0.89    0.90 1362.00    0.00  0
                    2.39    2.39    0.83    0.84
                       0    1.75    2.63    0.77    1.07
06760        802    8.77   46.17  233.00    1.78    1.75    0.99    1.01 1365.00    0.00  0
                    1.77    1.67    0.94    0.93
                       0    1.47    1.81    1.06    1.83
06762        803    8.88   46.17  232.00    2.19    2.16    0.93    0.93 1361.00    0.00  0
                    2.10    2.10    0.88    0.81
                       0    1.87    2.13    0.91    1.30
06770        804    8.96   46.00  232.00    1.85    1.82    0.82    0.83 1366.00    0.00  0
                    1.82    1.76    0.63    0.61
                       0    1.64    2.05    0.47    1.13
06791        818    9.82   46.42  233.00   -1.62   -1.64    0.96    0.99 1364.00    0.00  0
                   -1.27   -1.53    0.77    0.85
                       0   -1.48   -1.65    0.87    1.57
06794        820   10.07   46.35  232.00    2.46    2.43    1.01    1.02 1362.00    0.00  0
                    2.64    2.65    0.94    0.90
                       0    2.32    2.39    1.17    1.26
07497        923    6.77   45.62  232.00    2.16    2.11    0.99    1.00 1268.00    0.00  0
                    2.32    2.44    0.98    1.05
                       0    1.78    2.32    1.12    1.44
07591        942    6.50   44.57  238.00    1.83    1.77    0.69    0.69 1281.00    0.00  0
                    1.79    1.70    0.62    0.67
                       0    1.58    1.08    0.84    1.00
12935       1300   18.03   46.92  208.00    1.69    1.69    0.53    0.53 1223.00    0.00  0
                    1.67    1.68    0.51    0.55
                       0    1.67    2.11    0.35    0.50
13600       1354   19.53   42.10  238.00    2.22    2.17    1.03    1.04  461.00    0.00  0
                    2.24    2.20    0.91    0.97
                       0    2.31    2.33    0.92    0.73
13615       1358   19.78   41.33  238.00    1.60    1.57    0.54    0.55 1258.00    0.00  0
                    1.71    1.55    0.50    0.56
                       0    1.78    1.49    0.77    0.44
13629       1363   20.77   40.60  238.00    1.93    1.87    0.96    0.99  462.00    0.00  0
                    2.12    2.04    0.78    0.85
                       0    1.82    2.12    1.02    0.56
14008       1365   13.85   46.38  229.00   -1.70   -1.70    1.03    1.05  447.00    0.00  0
                   -1.63   -1.41    1.01    0.99
                       0   -1.07   -1.28    0.81    1.03
15277       1473   24.25   45.63  208.00    1.72    1.71    0.55    0.57 1222.00    0.00  0
                    1.71    1.68    0.48    0.54
                       0    1.86    1.22    0.42    0.33
15296       1480   23.37   45.42  208.00    1.95    1.98    0.64    0.64 1210.00    0.00  0
                    2.17    2.05    0.69    0.66
                       0    2.02    1.53    0.27    0.77
15336       1498   29.17   45.18  207.00    1.71    1.69    0.65    0.66 1180.00    0.00  0
                    1.61    1.61    0.57    0.64
                       0    1.65    1.44    0.39    0.44
15340       1501   23.28   45.03  208.00    1.78    1.75    0.53    0.55 1224.00    0.00  0
                    1.75    1.72    0.50    0.49
                       0    1.55    1.38    0.28    0.38
15341       1502   22.85   44.99  208.00    1.67    1.66    0.69    0.69 1207.00    0.00  0
                    1.54    1.53    0.61    0.66
                       0    1.46    0.95    0.26    0.54
15640       1560   26.32   42.67  237.00    2.83    2.80    0.62    0.62  456.00    0.00  0
                    2.86    2.86    0.50    0.48
                       0    2.58    2.68    0.38    0.67
15730       1563   25.37   41.65  236.00    2.82    2.77    0.73    0.71  466.00    0.00  0
                    2.89    2.82    0.80    0.80
                       0    2.10    2.39    0.41    0.58
16089       1577   10.55   45.46  238.00    3.07    3.08    0.80    0.85 1427.00    0.00  0
                    3.11    3.09    0.84    0.92
                       0    2.68    3.15    0.80    0.98
16098       1578   12.10   45.68  238.00    1.90    1.89    0.70    0.71 1428.00    0.00  0
                    1.83    1.83    0.59    0.59
                       0    2.13    1.45    0.74    0.45
16227       1601   13.58   41.88  237.00    2.71    2.66    0.83    0.82 1412.00    0.00  0
                    2.79    2.71    0.83    0.81
                       0    2.87    2.67    0.80    1.22
16245       1605   12.43   41.65  238.00    2.05    2.03    0.72    0.69  472.00    0.00  0
                    2.03    2.00    0.76    0.71
                       0    1.90    2.05    1.04    0.41
16253       1607   14.07   41.05  238.00    1.77    1.69    0.95    0.91  476.00    0.00  0
                    1.83    1.75    0.89    0.80
                       0    2.41    1.63    0.99    0.62
16280       1614   12.95   40.92  238.00    2.44    2.50    0.69    0.72 1374.00    0.00  0
                    2.50    2.54    0.69    0.74
                       0    2.36    1.49    0.85    0.60
16310       1618   15.28   40.02  238.00    2.54    2.49    0.74    0.72 1407.00    0.00  0
                    2.56    2.51    0.68    0.64
                       0    2.60    2.75    0.75    0.41
16333       1625   18.13   40.22  197.00    1.72    1.62    0.49    0.45 1180.00    0.00  0
                    1.67    1.58    0.47    0.45
                       0    1.68    1.51    0.25    0.45
16334       1626   18.51   40.11  238.00    3.11    3.03    0.93    0.88 1424.00    0.00  0
                    3.01    2.94    1.08    1.02
                       0    3.11    3.77    0.84    1.23
16420       1634   15.55   38.20  237.00    1.89    1.82    0.77    0.77 1400.00    0.00  0
                    1.86    1.79    0.79    0.77
                       0    2.42    1.53    1.03    0.77
16459       1637   14.92   37.40  238.00    3.49    3.43    1.00    1.01  476.00    0.00  0
                    3.50    3.40    0.92    0.93
                       0    3.80    3.53    1.02    1.09
16546       1643    8.97   39.35  238.00    1.97    1.85    1.01    0.97  476.00    0.00  0
                    2.08    1.99    1.06    1.01
                       0    2.60    1.92    0.83    1.14
16641       1651   19.92   39.61  238.00    1.63    1.66    0.60    0.63  476.00    0.00  0
                    1.62    1.63    0.61    0.65
                       0    1.47    2.15    1.10    0.94
17069       1687   30.42   40.78  229.00    1.60    1.57    0.56    0.55 1119.00    0.00  0
                    1.65    1.58    0.50    0.45
                       0    1.64    0.77    0.37    0.38
17119       1701   29.28   40.65  219.00    1.68    1.65    0.59    0.55  827.00    0.00  0
                    1.67    1.63    0.60    0.51
                       0    1.66    1.28    0.38    0.60
17310       1749   32.00   36.54  234.00    2.14    2.07    0.89    0.89 1009.00    0.00  0
                    2.74    2.06    1.17    0.87
                       0    1.96    2.38    0.69    1.40
30439       2452  109.75   55.12  177.00    1.64    1.54    0.98    0.96  177.00    0.00  0
                    1.57    1.52    0.97    0.92
                       0    1.70    0.93    0.51    0.60
36078       2823   90.30   50.95  238.00    1.81    1.80    0.76    0.76  476.00    0.00  0
                    1.78    1.80    0.72    0.69
                       0    1.67    1.97    0.84    0.73
36083       2824   92.16   52.05  237.00    2.25    2.26    0.86    0.87  465.00    0.00  0
                    2.26    2.23    0.80    0.83
                       0    2.23    2.46    0.81    0.90
36091       2826   93.00   52.27  238.00    1.72    1.70    1.00    1.00  475.00    0.00  0
                    1.73    1.76    0.94    0.94
                       0    2.13    1.47    0.79    0.78
36104       2830   95.67   51.50  238.00    1.85    1.86    0.79    0.78  475.00    0.00  0
                    1.82    1.79    0.71    0.71
                       0    1.19    1.93    0.45    0.77
37107       2892   40.20   43.68  238.00    2.73    2.74    0.93    0.92  476.00    0.00  0
                    2.63    2.60    0.93    0.83
                       0    3.06    3.12    0.67    0.98
37193       2897   41.73   43.45  238.00    1.67    1.67    0.84    0.84  475.00    0.00  0
                    1.56    1.64    0.73    0.78
                       0    1.87    1.02    0.71    0.97
37308       2904   43.15   42.52  237.00    2.38    2.31    0.99    1.01  438.00    0.00  0
                    2.21    2.06    0.82    0.84
                       0    1.99    2.14    0.86    0.82
37545       2911   44.76   41.75  238.00    1.62    1.57    0.82    0.82  469.00    0.00  0
                    1.77    1.85    0.87    0.86
                       0    1.87    0.86    0.77    0.65
37575       2912   46.65   41.66  238.00    3.53    3.48    1.05    1.08  468.00    0.00  0
                    3.42    3.41    1.07    1.05
                       0    3.25    2.83    1.61    0.78
38579       2963   67.83   40.11  238.00    2.91    2.90    0.39    0.40  476.00    0.00  0
                    2.94    2.93    0.35    0.37
                       0    3.18    2.98    0.33    0.46
38583       2964   68.68   40.82  238.00    1.85    1.84    0.76    0.77  475.00    0.00  0
                    1.72    2.00    0.81    0.88
                       0    1.59    2.06    1.07    0.76
38618       2969   71.75   40.36  238.00    1.91    1.89    0.59    0.60  475.00    0.00  0
                    1.94    1.90    0.64    0.66
                       0    1.97    1.50    0.62    0.65
38774       2985   57.42   38.43  238.00    1.79    1.74    0.68    0.66  475.00    0.00  0
                    1.72    1.70    0.65    0.64
                       0    1.69    1.40    0.73    0.46
38846       2991   69.97   38.33  238.00    4.05    4.03    0.65    0.64  470.00    0.00  0
                    4.04    4.02    0.59    0.61
                       0    4.62    4.34    0.83    1.19
38911       2997   65.20   37.83  238.00    1.69    1.69    0.52    0.52  462.00    0.00  0
                    1.76    1.74    0.49    0.47
                       0    1.87    1.86    0.22    0.74
38933       2999   68.78   37.82  238.00    2.50    2.48    0.75    0.75  469.00    0.00  0
                    2.83    2.84    0.79    0.82
                       0    2.65    2.85    0.68    0.76
38947       3001   69.08   37.23  117.00    2.34    2.31    0.55    0.53  117.00    0.00  0
                    2.33    2.30    0.56    0.54
                       1    2.47    2.13    0.48    0.68
38957       3003   71.65   36.72  116.00    4.14    4.23    0.93    1.01  119.00    0.00  0
                    4.28    4.37    0.90    1.04
                       1    4.11    5.12    1.15    1.21
40357       3021   41.13   30.90  238.00    1.81    1.81    0.47    0.47  476.00    0.00  0
                    1.70    1.70    0.45    0.46
                       0    1.76    1.58    0.48    0.28
40400       3028   36.47   26.20  238.00    2.23    2.19    0.59    0.60  476.00    0.00  0
                    2.29    2.25    0.61    0.63
                       0    2.25    2.51    0.61    0.56
40439       3034   38.07   24.15  238.00    1.66    1.62    0.76    0.76  470.00    0.00  0
                    1.57    1.50    0.70    0.74
                       0    1.99    1.57    1.05    0.63
40732       3058   50.66   36.90  238.00    2.36    2.36    0.74    0.76  476.00    0.00  0
                    2.32    2.34    0.78    0.77
                       0    2.24    2.28    0.71    0.74
40872       3105   51.93   27.83  237.00    1.97    1.92    1.00    0.99  466.00    0.00  0
                    2.09    1.96    0.94    0.93
                       0    1.72    1.65    1.14    0.78
40893       3112   57.77   25.65  237.00    2.13    2.09    0.61    0.62  465.00    0.00  0
                    2.08    2.08    0.56    0.57
                       0    2.73    1.95    0.31    0.84
41198       3138   56.33   25.10  161.00    1.62    1.53    0.89    0.88  226.00    0.00  0
                    1.61    1.52    0.93    0.95
                       0    2.28    1.71    1.09    1.57
41242       3145   56.25   25.62  223.00    2.08    1.97    0.91    0.92  425.00    0.00  0
                    2.00    1.92    0.98    1.02
                       0    2.41    2.28    1.01    1.03
41246       3147   56.63   24.47  238.00    1.82    1.73    0.76    0.76  476.00    0.00  0
                    1.81    1.80    0.83    0.82
                       0    2.68    2.38    0.69    1.11
41253       3150   57.42   23.40  231.00    1.72    1.69    1.01    1.00  451.00    0.00  0
                    1.74    1.73    1.01    1.00
                       0    0.46    2.22    0.58    1.39
41256       3153   58.28   23.58  235.00    2.28    2.26    0.88    0.87  466.00    0.00  0
                    2.42    2.41    0.87    0.84
                       0    2.37    3.18    1.18    0.64
41258       3155   58.57   23.63  223.00    1.82    1.80    0.81    0.81  433.00    0.00  0
                    1.88    1.80    0.84    0.90
                       0    2.18    2.73    0.62    0.53
41529       3179   71.93   34.03  234.00    2.11    2.06    0.88    0.91  436.00    0.00  0
                    2.10    2.08    0.79    0.85
                       0    1.76    2.57    0.48    1.40
41571       3181   73.09   33.61  228.00    1.62    1.58    0.62    0.63  411.00    0.00  0
                    1.58    1.54    0.57    0.58
                       0    1.39    1.85    0.32    0.93
41598       3183   73.72   32.93  234.00    1.82    1.77    0.82    0.84  346.00    0.00  0
                    1.82    1.75    0.63    0.67
                       0    1.82    2.88    0.31    1.73
41624       3186   70.92   31.82  230.00    2.05    1.97    0.71    0.74  306.00    0.00  0
                    2.44    2.32    0.80    0.86
                       0    1.60    2.28    0.35    1.33
41697       3191   67.88   29.55  168.00    1.80    1.82    0.77    0.80  168.00    0.00  0
                    1.73    1.77    0.78    0.83
                       0    1.60    2.55    0.38    0.52
41715       3195   68.47   28.30  223.00    1.91    1.91    0.74    0.74  271.00    0.00  0
                    1.78    1.78    0.62    0.62
                       0    1.41    2.75    0.40    1.01
41718       3196   70.68   28.65  228.00    1.66    1.67    0.62    0.62  280.00    0.00  0
                    1.63    1.68    0.54    0.56
                       0    1.21    2.05    0.55    0.70
42027       3249   74.83   34.08  234.00    2.86    2.81    0.90    0.91  429.00    0.00  0
                    2.77    2.68    0.89    0.93
                       0    2.77    3.37    0.67    2.08
42044       3250   75.08   33.58  177.00    2.98    2.92    0.84    0.85  284.00    0.00  0
                    3.08    2.98    0.75    0.77
                       0    2.88    3.48    0.77    0.57
42056       3252   74.83   32.66  237.00    1.62    1.54    0.98    1.01  463.00    0.00  0
                    1.57    1.50    0.81    0.77
                       0    1.39    2.62    0.55    2.65
42079       3253   76.90   31.53  208.00    2.12    2.06    0.99    0.97  302.00    0.00  0
                    1.81    1.79    0.56    0.56
                       0    1.79    3.31    0.35    1.94
42111       3254   78.03   30.32  235.00    2.07    2.09    0.84    0.84  454.00    0.00  0
                    1.95    1.95    0.56    0.54
                       0    2.21    2.97    0.46    1.23
43311       3301   72.73   11.12  237.00    2.05    2.02    0.53    0.54  471.00    0.00  0
                    2.05    2.02    0.50    0.49
                       0    2.39    2.58    0.25    0.52
47146       3460  127.15   35.82  238.00    1.61    1.66    0.62    0.62  476.00    0.00  0
                    1.60    1.71    0.49    0.51
                       0    1.58    1.65    0.40    0.39
47637       3542  137.82   35.52  232.00    1.65    1.65    0.72    0.74 1362.00    0.00  0
                    1.64    1.65    0.69    0.74
                       0    1.54    1.67    0.33    0.78
48300       3641   97.97   19.29  238.00    1.67    1.67    0.42    0.41  475.00    0.00  0
                    1.67    1.81    0.39    0.41
                       0    1.46    1.85    0.21    0.40
48307       3645  100.88   19.42  238.00    1.78    1.78    0.47    0.49  475.00    0.00  0
                    1.83    1.80    0.46    0.44
                       0    1.59    2.06    0.30    0.35
48431       3706  102.08   14.97  238.00    1.65    1.62    0.38    0.38  476.00    0.00  0
                    1.67    1.62    0.36    0.38
                       0    1.62    1.79    0.37    0.47
48625       3771  101.10    4.57  224.00    1.70    1.71    0.70    0.72  224.00    0.00  0
                    1.64    1.63    0.64    0.70
                       0    1.53    1.39    0.60    0.55
48803       3781  103.97   22.50  235.00    2.60    2.56    0.64    0.64  464.00    0.00  0
                    2.53    2.46    0.67    0.67
                       0    2.42    2.52    0.63    0.98
48924       3814  101.46   21.05  177.00    1.77    1.76    0.60    0.52  285.00    0.00  0
                    1.78    1.76    0.62    0.46
                       0    1.50    2.30    0.57    0.65
48930       3818  102.13   19.88  236.00    1.66    1.62    0.72    0.69  432.00    0.00  0
                    1.71    1.58    0.66    0.68
                       0    1.39    2.03    0.63    0.66
51467       3855   86.33   42.66  238.00    1.88    1.89    0.87    0.88  416.00    0.00  0
                    1.79    1.80    0.81    0.91
                       0    2.53    1.31    0.64    0.58
51656       3859   85.81   41.72  238.00    1.66    1.65    0.62    0.63  238.00    0.00  0
                    1.68    1.67    0.66    0.63
                       0    1.53    1.37    0.77    0.82
51711       3861   78.45   40.93  238.00    1.82    1.78    0.86    0.86  416.00    0.00  0
                    1.77    1.70    0.96    0.96
                       0    1.44    1.87    0.91    0.96
51777       3864   88.17   39.03  238.00    1.66    1.65    0.91    0.91  238.00    0.00  0
                    1.60    1.57    1.03    1.00
                       0    1.28    1.85    0.90    1.26
52908       3886   93.08   35.22  238.00    1.83    1.87    0.76    0.78  414.00    0.00  0
                    1.84    1.83    0.68    0.69
                       0    1.44    2.21    0.66    0.69
53915       3910  106.66   35.53  238.00    1.68    1.67    0.74    0.74  238.00    0.00  0
                    1.57    1.61    0.60    0.72
                       0    1.41    1.95    0.44    1.01
55578       3949   88.88   29.25  238.00    1.72    1.70    0.59    0.61  475.00    0.00  0
                    1.70    1.69    0.56    0.58
                       0    1.71    0.92    0.30    0.47
55591       3950   91.13   29.67  238.00    1.77    1.75    0.66    0.65  476.00    0.00  0
                    1.71    2.03    0.68    0.76
                       0    1.71    1.72    0.71    1.11
55664       3951   87.08   28.63  238.00    2.07    2.03    0.56    0.55  475.00    0.00  0
                    2.04    2.00    0.56    0.58
                       0    2.14    1.55    0.43    0.62
55696       3952   92.47   28.42  238.00    2.25    2.19    0.82    0.80  415.00    0.00  0
                    2.26    2.23    0.84    0.82
                       0    2.22    2.32    0.84    1.19
56137       3966   97.17   31.15  238.00    1.98    1.94    0.79    0.80  475.00    0.00  0
                    1.91    1.91    0.75    0.77
                       0    1.14    1.87    0.63    0.69
56167       3970  101.12   30.98  238.00    2.31    2.31    1.00    1.00  416.00    0.00  0
                    2.18    2.22    1.06    1.05
                       0    2.21    2.12    0.94    0.78
56247       3973   99.10   30.00  238.00    2.65    2.60    0.97    0.97  475.00    0.00  0
                    2.58    2.55    1.01    0.97
                       0    2.20    2.41    0.90    1.20
56312       3975   94.47   29.57  238.00    2.12    2.05    1.00    0.97  474.00    0.00  0
                    2.20    2.10    0.94    1.01
                       0    1.90    2.03    1.16    0.94
56385       3978  103.33   29.52  233.00   -1.83   -1.79    0.81    0.86  405.00    0.00  0
                   -0.95   -1.14    1.23    1.11
                       0   -1.87   -2.18    0.98    0.71
56444       3979   98.88   28.45  238.00    1.61    1.56    0.49    0.49  475.00    0.00  0
                    1.56    1.55    0.46    0.47
                       0    1.59    1.56    0.39    0.61
56571       3982  102.27   27.90  238.00    2.02    1.98    0.97    0.96  476.00    0.00  0
                    2.02    2.06    1.15    1.16
                       0    1.94    2.75    0.96    0.64
57447       4009  109.47   30.28  238.00    1.81    1.81    0.89    0.90  238.00    0.00  0
                    2.38    2.43    1.16    1.24
                       0    1.40    2.00    0.82    0.83
59158       4058  120.70   24.15  235.00    1.70    1.64    0.57    0.58  408.00    0.00  0
                    1.46    1.58    0.50    0.53
                       0    1.75    1.39    0.57    0.45
60720       4111   11.08   36.85  202.00    1.86    1.84    0.57    0.56  374.00    0.00  0
                    1.87    1.85    0.59    0.55
                       0    1.99    1.96    0.86    0.72
61080       4134    7.08   13.47  236.00    1.73    1.68    0.67    0.66  406.00    0.00  0
                    1.74    1.70    0.66    0.66
                       0    2.04    2.27    0.46    0.97
61085       4135   12.78   13.42  235.00    1.93    1.86    0.64    0.67  426.00    0.00  0
                    1.89    1.85    0.61    0.65
                       0    1.63    2.43    0.36    0.40
61090       4136    8.98   13.78  235.00    1.62    1.54    0.62    0.65  435.00    0.00  0
                    1.66    1.51    0.58    0.61
                       0    1.79    2.04    0.51    0.48
61832       4162  346.37    9.57  160.00    1.90    1.88    0.47    0.46  160.00    0.00  0
                    1.88    1.84    0.39    0.37
                       0    2.00    1.84    0.45    0.38
64700       4208   15.03   12.13  238.00    1.66    1.59    0.56    0.61  460.00    0.00  0
                    1.65    1.62    0.55    0.56
                       0    1.59    1.94    0.28    0.53
70381       4449  225.42   58.37  233.00    1.72    1.66    0.97    0.89  233.00    0.00  0
                    1.89    1.73    1.01    0.92
                       0    0.37    1.98    0.73    0.64
71216       4569  242.20   50.25  234.00    1.85    1.80    0.76    0.77  468.00    0.00  0
                    1.85    1.90    0.86    0.82
                       0    1.01    2.47    0.38    0.46
71218       4570  240.72   50.70  234.00    1.99    1.98    0.81    0.81  468.00    0.00  0
                    2.02    1.94    0.79    0.76
                       0    1.50    2.74    0.80    0.61
71404       4670  249.58   58.97  229.00    1.76    1.72    0.80    0.79  395.00    0.00  0
                    1.98    1.91    0.74    0.77
                       0    1.99    1.35    0.72    0.67
71445       4698  262.38   52.81  233.00    1.66    1.59    0.95    0.94  462.00    0.00  0
                    1.53    1.46    1.05    1.01
                       0    2.90    1.22    0.55    0.73
71482       4729  232.54   52.18  231.00    1.65    1.64    0.85    0.82  456.00    0.00  0
                    1.52    1.52    0.71    0.66
                       0    1.25    1.86    0.78    1.02
71685       4854  241.82   50.96  190.00    2.80    2.81    0.95    0.94  253.00    0.00  0
                    2.84    2.76    0.85    0.90
                       0    1.87    3.10    0.71    0.86
71776       4915  242.71   49.49  234.00    2.08    2.08    0.99    1.01  468.00    0.00  0
                    1.97    1.93    1.02    1.02
                       0    1.31    3.31    0.37    0.75
76040       5253  244.82   32.40  228.00    2.65    2.55    0.89    0.92  416.00    0.00  0
                    2.57    2.53    0.95    0.98
                       0    2.23    2.75    0.93    1.10
76055       5254  245.15   31.03   78.00    2.13    2.04    0.96    0.97   99.00    0.00  0
                    2.06    2.02    0.99    1.07
                       1    2.09    2.15    0.93    1.25
76122       5256  252.08   30.42  200.00    1.71    1.68    0.59    0.60  344.00    0.00  0
                    1.72    1.68    0.52    0.52
                       1    1.82    1.48    0.58    0.41
76382       5267  256.57   21.51  215.00    2.01    1.90    0.89    0.92  399.00    0.00  0
                    2.03    1.96    0.92    0.92
                       0    2.44    2.38    0.78    0.39
76390       5268  259.02   25.45  225.00    1.69    1.64    1.03    1.01  461.00    0.00  0
                    1.70    1.67    0.88    0.81
                       1    3.02    2.21    1.47    1.10
76393       5269  259.70   25.73  178.00    1.78    1.71    0.52    0.53  396.00    0.00  0
                    1.77    1.80    0.54    0.49
                       1    1.89    1.63    0.52    0.32
76491       5277  260.83   23.73  201.00    2.20    2.15    0.89    0.91  305.00    0.00  0
                    2.15    2.10    0.93    0.98
                       1    1.97    2.01    1.23    0.59
76585       5289  261.20   21.27  158.00    2.08    2.04    0.52    0.53  330.00    0.00  0
                    2.10    2.04    0.50    0.53
                       1    2.14    2.08    0.71    0.35
76640       5295  262.59   20.95  228.00    2.16    2.15    0.82    0.82  552.00    0.00  0
                    2.10    2.10    1.02    0.98
                       0    2.23    2.12    0.85    0.97
76644       5296  270.35   20.98  219.00    1.66    1.59    0.86    0.79  571.00    0.00  0
                    1.43    1.44    0.75    0.75
                       0    1.59    1.58    0.55    0.85
76695       5308  269.45   19.85  210.00    1.68    1.67    1.04    0.99  457.00    0.00  0
                    1.42    1.35    1.01    1.04
                       1    2.04    2.10    1.10    1.65
76737       5310  262.90   18.85  234.00    2.50    2.46    0.83    0.86  513.00    0.00  0
                    2.51    2.51    0.77    0.86
                       0    2.97    2.81    0.76    0.73
76762       5315  260.50   17.55  228.00    1.64    1.65    1.01    1.02  477.00    0.00  0
                    1.52    1.50    0.64    0.71
                       2    1.57    1.59    0.53    0.58
76840       5319  266.10   16.23  227.00    2.35    2.35    0.95    0.97  409.00    0.00  0
                    2.29    2.26    1.07    1.11
                       0    2.26    2.78    1.14    1.30
76903       5325  267.73   14.92  215.00    1.75    1.76    0.71    0.70  514.00    0.00  0
                    1.75    1.83    0.69    0.68
                       0    1.83    1.74    1.01    0.70
78700       5337  272.33   13.28  164.00    1.70    1.64    0.51    0.52  257.00    0.00  0
                    1.69    1.75    0.51    0.60
                       2    1.68    1.71    0.50    0.86
78708       5343  272.07   15.45  234.00    1.66    1.60    0.79    0.77  416.00    0.00  0
                    1.50    1.46    0.76    0.73
                       0    2.59    1.37    0.40    0.59
80036       5376  286.75   10.43  178.00    1.64    1.64    0.69    0.68  284.00    0.00  0
                    1.60    1.61    0.66    0.68
                       1    1.37    2.17    0.67    0.69
80097       5380  287.48    7.93  211.00    1.64    1.60    0.87    0.89  300.00    0.00  0
                    1.74    1.40    0.99    0.79
                       0    1.41    1.67    0.73    1.44
80110       5382  284.41    6.22  159.00    1.89    1.81    0.83    0.75  206.00    1.00  0
                    1.87    1.81    0.81    0.77
                       1    2.04    1.97    0.74    0.97
80112       5383  284.57    6.18  231.00    1.63    1.57    0.67    0.71  433.00    0.00  0
                    1.59    1.53    0.57    0.61
                       0    1.54    1.61    0.54    0.55
80210       5385  284.20    4.82  204.00    3.08    3.04    0.54    0.52  301.00    0.00  0
                    3.13    3.05    0.46    0.51
                       0    3.17    3.14    0.63    0.33
80234       5387  286.38    4.17  175.00    2.61    2.53    0.84    0.81  249.00    0.00  0
                    2.60    2.53    0.80    0.66
                       1    2.60    2.17    0.67    0.77
80428       5398  290.27    9.02  156.00    1.85    1.87    0.90    0.89  210.00    1.00  0
                    1.90    1.92    0.94    0.91
                       1    1.38    2.14    0.72    0.80
82246       5414  305.05   -2.63  163.00    2.10    1.97    0.53    0.54  163.00    0.00  0
                    2.65    2.21    0.83    0.55
                       1    1.75    2.16    0.44    0.51
82445       5420  304.03   -4.26  175.00    1.93    1.84    0.89    0.90  175.00    0.00  0
                    1.82    1.71    0.71    0.67
                       1    1.81    1.98    0.94    0.73
82460       5421  315.18   -4.25  107.00    1.80    1.79    0.65    0.68  107.00    0.00  0
                    1.70    1.69    0.61    0.63
                       1    1.60    1.66    0.58    0.38
82476       5422  316.67   -4.84  163.00    2.21    2.17    0.71    0.66  163.00    0.00  0
                    2.29    2.24    0.66    0.58
                       1    2.11    2.34    0.45    0.66
82765       5429  312.54   -7.33  141.00    1.93    1.86    0.83    0.84  141.00    0.00  0
                    1.77    1.70    0.79    0.83
                       1    1.57    1.94    1.25    0.50
82861       5434  310.80   -8.25  175.00    2.03    1.98    0.59    0.59  175.00    0.00  0
                    1.93    1.88    0.59    0.64
                       1    2.24    1.75    0.96    0.30
83309       5446  303.55  -14.40  139.00    2.81    2.78    0.72    0.68  139.00    0.00  0
                    2.94    2.97    0.57    0.49
                       1    2.82    3.17    0.49    0.29
83319       5447  307.65  -14.70  173.00    1.70    1.60    0.65    0.68  173.00    0.00  0
                    1.57    1.47    0.79    0.78
                       1    2.13    1.48    0.60    0.62
84027       5499  282.30    0.82   65.00    1.71    1.71    0.65    0.65   82.00    0.00  0
                    1.66    1.63    0.65    0.60
                       2    1.78    1.46    0.51    0.75
84123       5506  281.39   -0.90  142.00    2.61    2.62    0.90    0.91  192.00    0.00  0
                    2.98    2.56    0.80    0.79
                       2    2.76    2.38    0.98    0.97
84160       5511  281.41   -1.35  153.00    2.36    2.44    0.82    0.88  190.00    0.00  0
                    2.39    2.53    0.67    0.72
                       2    2.35    2.11    0.67    0.67
84163       5512  281.94   -1.50  129.00    3.35    3.36    1.11    1.12  153.00    0.00  0
                    3.35    3.34    1.08    1.09
                       3    2.93    2.82    0.68    1.18
84179       5513  282.10   -1.50  141.00    2.47    2.47    1.04    1.03  174.00    0.00  0
                    2.27    2.28    0.92    0.91
                       2    2.04    2.23    0.68    0.99
84425       5525  283.92   -5.90  173.00    2.31    2.23    0.79    0.78  221.00    0.00  0
                    2.29    2.25    0.69    0.71
                       1    2.47    2.22    0.69    0.50
84455       5528  283.62   -6.45  213.00    2.19    2.14    0.81    0.82  318.00    0.00  0
                    2.05    2.01    0.73    0.77
                       1    2.36    1.61    0.80    0.39
84474       5530  283.28   -7.22   98.00    2.63    2.60    0.65    0.67  136.00    0.00  0
                    2.50    2.55    0.48    0.72
                       2    2.51    2.35    0.46    0.44
84501       5531  280.97   -8.10  237.00    1.61    1.60    0.56    0.55  443.00    0.00  0
                    1.70    1.67    0.59    0.60
                       0    2.12    0.79    0.52    0.09
84534       5534  284.00   -9.28  109.00    3.09    3.05    0.47    0.46  147.00    0.00  0
                    3.10    3.05    0.47    0.45
                       2    3.17    2.92    0.40    0.45
84564       5535  283.80   -9.86  119.00    2.28    2.19    0.70    0.68  170.00    0.00  0
                    2.25    2.16    0.77    0.75
                       2    2.52    2.15    0.89    1.09
85268       5570  300.25  -18.32  120.00    1.82    1.88    0.87    0.79  121.00    0.00  0
                    1.97    1.93    0.68    0.56
                       2    1.25    1.94    1.01    0.40
85289       5571  302.27  -19.00  120.00    1.71    1.73    0.90    0.85  121.00    0.00  0
                    1.85    1.79    0.84    0.77
                       2    1.05    1.93    0.75    0.48
87418       5654  291.22  -32.83  238.00    1.72    1.71    0.90    0.89  476.00    0.00  0
                    1.68    1.71    0.65    0.68
                       0    1.53    2.67    0.45    1.20
91317       5738  143.91    7.38  120.00    1.86    1.86    0.84    0.85  120.00    0.00  0
                    1.66    1.69    0.62    0.61
                       0    2.11    1.63    1.38    0.55
91324       5739  149.19    7.35  108.00    1.63    1.63    0.80    0.79  108.00    0.00  0
                    1.59    1.61    0.90    0.93
                       0    1.55    1.47    0.83    1.34
91329       5740  151.90    8.55   88.00    1.88    1.87    0.47    0.47   88.00    0.00  0
                    1.85    1.83    0.41    0.45
                       0    1.87    1.82    0.38    0.45
91425       5748  155.02    3.85  160.00    2.05    2.06    0.67    0.67  160.00    0.00  0
                    1.90    1.95    0.76    0.77
                       0    1.71    1.90    0.91    0.96
92047       5785  146.72   -6.57   64.00    2.44    2.39    0.54    0.53   77.00    0.00  0
                    2.44    2.46    0.58    0.58
                       0    2.67    2.24    0.77    0.49
94201       5855  123.00  -16.45   57.00    1.80    1.87    0.99    0.92   57.00    0.00  0
                    1.83    1.94    0.74    0.75
                       3    1.91    1.71    0.69    0.86
95606       6192  115.32  -31.02   58.00    1.99    2.06    0.67    0.70   58.00    0.00  0
                    1.97    2.05    0.69    0.76
                       3    1.82    2.07    0.72    0.68
96015       6293   96.12    4.25  237.00    1.80    1.77    0.70    0.71  468.00    0.00  0
                    1.79    1.78    0.73    0.73
                       0    1.66    1.42    0.57    0.91
97028       6361  120.80    1.02  237.00    1.79    1.79    0.60    0.60  465.00    0.00  0
                    2.37    1.83    0.93    0.55
                       0    1.63    1.96    0.38    0.63
97096       6365  120.73   -1.38  238.00    1.62    1.62    0.57    0.56  447.00    0.00  0
                    1.58    1.61    0.46    0.48
                       0    1.62    2.01    0.38    0.61
97126       6367  120.37   -2.54  238.00    2.73    2.75    0.82    0.83  473.00    0.00  0
                    2.57    2.61    0.76    0.72
                       0    2.26    3.37    0.38    0.80
97686       6396  138.94   -4.07  235.00    2.25    2.26    0.94    0.93  394.00    0.00  0
                    2.24    2.23    1.00    0.98
                       0    2.45    2.36    0.84    1.13
98431       6424  121.18   13.42  238.00    1.64    1.64    0.56    0.57  475.00    0.00  0
                    1.60    1.59    0.55    0.55
                       0    1.37    1.48    0.39    0.50
98751       6447  125.08    8.15  238.00    1.89    1.90    0.52    0.53  472.00    0.00  0
                    2.46    2.32    0.93    0.78
                       0    2.22    1.78    0.33    0.52
AKL         6458   77.00   20.70  237.00    2.01    2.02    0.43    0.44 1160.00    0.00  0
                    2.04    2.05    0.42    0.48
                       0    1.87    2.51    0.41    0.40
ASW         6465   79.10   11.10  237.00    2.07    2.10    0.51    0.52 1164.00    0.00  0
                    2.09    2.13    0.54    0.57
                       0    2.41    2.25    0.35    0.83
BHT         6473   77.40   27.20  174.00    2.07    2.04    0.47    0.47  535.00    0.00  0
                    2.06    2.05    0.44    0.47
                       0    1.90    1.98    0.38    1.02
BKR         6478   73.50   28.00  222.00    2.39    2.38    0.77    0.76 1252.00    0.00  0
                    2.54    2.55    0.64    0.66
                       0    2.62    1.30    0.43    1.31
BLP         6482   76.80   31.30  177.00   -3.28   -3.33    0.86    0.90  725.00    0.00  0
                   -3.46   -3.49    0.74    0.86
                       0   -3.52   -3.37    0.64    0.96
BLY         6483   76.90   15.20  214.00    2.44    2.41    0.63    0.65 1148.00    0.00  0
                    2.46    2.43    0.54    0.55
                       0    2.20    2.84    0.60    1.05
BOK         6485   85.90   23.80  196.00    1.85    1.90    0.78    0.78  783.00    0.00  0
                    1.94    1.96    0.89    0.87
                       0    1.55    2.29    0.66    0.56
BPR         6486   77.30   27.10  237.00    1.67    1.64    0.49    0.48 1051.00    0.00  0
                    1.72    1.69    0.38    0.44
                       0    1.59    1.72    0.40    0.90
BRA         6487   76.50   25.10  126.00    1.73    1.75    0.65    0.66  316.00    0.00  0
                    1.69    1.74    0.46    0.53
                       5    1.55    2.00    0.48    1.19
BSR         6490   94.70   28.00   90.00    2.95    2.91    0.75    0.76  228.00    0.00  0
                    3.02    2.96    0.59    0.70
                       4    3.09    2.98    0.73    0.64
CDG         6497   76.80   30.70  197.00    2.59    2.54    0.85    0.86  840.00    0.00  0
                    2.63    2.58    0.73    0.71
                       0    2.59    3.13    0.56    0.95
CNG         6505   76.90   30.70  110.00    2.26    2.20    0.94    0.95  272.00    0.00  0
                    2.16    2.01    0.79    0.81
                       0    2.18    2.53    0.65    1.41
DSL         6543   76.30   32.20  237.00    3.10    3.01    1.03    1.03 1179.00    0.00  0
                    2.99    2.83    0.98    0.92
                       0    2.32    3.69    0.62    1.30
EPT         6547   80.30   13.20  217.00    2.15    2.11    0.43    0.45  803.00    0.00  0
                    2.15    2.16    0.46    0.46
                       0    2.11    2.31    0.24    0.52
ERO         6548   77.70   11.30  184.00    1.89    1.92    0.39    0.40  502.00    0.00  0
                    1.90    1.96    0.30    0.32
                       0    2.03    2.03    0.21    0.27
FDT         6549   74.70   30.70  170.00    3.11    3.06    0.91    0.96  557.00    0.00  0
                    2.96    2.91    0.56    0.53
                       0    2.75    3.34    0.71    0.68
FZP         6551   74.60   30.90  233.00    2.85    2.82    0.86    0.88 1011.00    0.00  0
                    2.86    2.83    0.77    0.70
                       0    2.62    3.07    0.68    1.86
GCR         6552   80.00   20.20  126.00    2.03    2.13    0.34    0.34  416.00    0.00  0
                    1.96    2.08    0.27    0.27
                       0    1.93    2.27    0.18    0.43
GLT         6557   93.90   26.50  237.00    1.80    1.77    0.44    0.48 1137.00    0.00  0
                    1.86    1.84    0.39    0.48
                       0    1.85    1.96    0.57    0.34
HNM         6567   74.40   29.60  216.00    2.03    1.97    0.69    0.70 1105.00    0.00  0
                    1.96    1.85    0.64    0.69
                       0    1.90    2.53    0.39    0.54
HRN         6568   74.70   34.00  199.00    3.30    3.26    0.75    0.77  579.00    0.00  0
                    3.43    3.22    0.65    0.82
                       0    3.36    3.85    0.91    1.17
HSP         6569   76.00   31.40  131.00    2.08    2.05    0.58    0.61  366.00    0.00  0
                    2.09    2.06    0.48    0.50
                       0    2.26    2.21    0.31    0.69
JFR         6573   76.90   28.60   83.00    3.10    2.94    0.68    0.68  165.00    0.00  0
                    3.11    2.93    0.57    0.62
                      15    2.99    2.90    0.42    0.57
JLG         6575   75.30   21.40  157.00    1.61    1.64    0.73    0.73  472.00    0.00  0
                    2.10    1.66    0.87    0.80
                       0    1.80    2.05    0.81    0.65
JLW         6577   76.10   24.60  236.00   -2.22   -2.21    0.59    0.59 1030.00    0.00  0
                   -2.29   -2.24    0.40    0.35
                       0   -2.36   -2.08    0.25    0.92
JOR         6579   94.20   26.70   72.00    2.79    2.76    0.82    0.88  145.00    0.00  0
                    2.66    2.60    0.63    0.71
                       4    2.56    3.13    0.47    1.30
JOY         6580   78.20   30.20  236.00    1.98    1.99    0.67    0.68 1132.00    0.00  0
                    1.92    1.95    0.50    0.54
                       0    2.04    2.89    0.26    1.00
JRP         6582   93.80   25.80   97.00    2.99    2.99    0.64    0.65  188.00    0.00  0
                    3.03    2.98    0.65    0.67
                       0    3.08    2.99    0.41    0.78
KIP         6590   94.80   25.90  184.00    1.63    1.63    0.54    0.54  613.00    0.00  0
                    1.65    1.65    0.51    0.52
                       0    1.79    1.63    0.44    0.75
KLI         6594   77.00   26.60  167.00    1.77    1.77    0.52    0.53  559.00    0.00  0
                    1.78    1.82    0.52    0.53
                       0    1.37    2.09    0.26    1.07
KLR         6596   78.20   12.90  232.00    1.79    1.76    0.52    0.51  922.00    0.00  0
                    1.74    1.71    0.55    0.55
                       0    1.86    2.15    0.37    0.35
KPK         6601   79.80   10.90  224.00    1.60    1.65    0.70    0.71 1294.00    0.00  0
                    1.62    1.74    0.87    0.82
                       0    1.45    1.93    0.49    0.61
KSN         6607   88.50   23.40  135.00    2.13    2.17    0.83    0.82  552.00    0.00  0
                    1.90    2.38    0.72    0.91
                       0    2.11    2.27    0.35    1.22
KUL         6608   76.60   29.80  175.00    1.78    1.73    0.68    0.69  889.00    0.00  0
                    1.87    1.83    0.72    0.71
                       0    1.86    1.41    0.73    0.60
KUM         6609   76.40    9.60   59.00    3.69    3.73    1.03    1.02  140.00    0.00  0
                    3.94    3.94    0.34    0.38
                       0    3.99    3.70    0.23    0.60
LAM         6613   80.40   16.40  228.00    1.76    1.73    0.45    0.45  919.00    0.00  0
                    2.04    1.75    0.48    0.40
                       0    1.70    1.80    0.33    0.51
LDN         6614   75.50   30.60  113.00    2.59    2.55    0.85    0.87  321.00    0.00  0
                    2.68    2.63    0.52    0.52
                       1    2.70    2.95    0.52    0.65
MGP         6622   77.00   28.80   25.00    3.62    3.49    1.09    1.03   48.00    0.00  0
                    3.92    3.75    0.68    0.53
                      43 -999.00 -999.00 -999.00 -999.00
MJN         6623   88.80   25.30   88.00    3.07    3.09    0.44    0.42  192.00    0.00  0
                    3.08    3.08    0.41    0.38
                       4    2.80    3.17    0.39    0.57
MLD         6624   73.70   16.00  147.00    1.75    1.76    0.46    0.45  439.00    0.00  0
                    1.77    1.79    0.41    0.38
                       0    1.97    1.34    0.33    0.36
MMG         6628   88.50   27.50   64.00    7.82    7.81    0.95    0.94  127.00    0.00  0
                    7.85    7.84    0.83    0.85
                       0    7.84    7.95    0.84    0.78
MNY         6630   73.20    8.30  222.00    2.76    2.76    0.36    0.36 1277.00    0.00  0
                    2.75    2.73    0.37    0.38
                       0    2.60    2.73    0.25    0.55
MVM         6636   80.20   13.20  111.00    2.38    2.41    0.46    0.44  385.00    0.00  0
                    2.32    2.43    0.37    0.39
                       0    2.23    2.52    0.22    0.45
NMN         6642   78.20   11.20  232.00   -2.43   -2.41    0.90    0.91 1290.00    0.00  0
                   -2.30   -2.33    0.82    0.88
                       0   -2.80   -2.40    0.84    1.54
NNB         6643   74.20   21.40  141.00    2.05    2.09    0.40    0.39  428.00    0.00  0
                    2.23    2.30    0.41    0.43
                       0    1.92    2.12    0.37    0.49
NWS         6649   76.10   31.10  210.00    2.42    2.36    0.96    0.97  472.00    0.00  0
                    2.37    2.34    0.84    0.87
                       0    2.34    2.03    0.60    1.97
OSD         6651   76.00   18.10  226.00    2.41    2.39    0.51    0.51  918.00    0.00  0
                    2.53    2.42    0.49    0.55
                       0    2.68    2.56    0.66    0.56
PAT         6652   86.00   25.00  140.00    2.36    2.38    0.43    0.40  388.00    0.00  0
                    2.33    2.35    0.36    0.35
                       1    2.02    2.53    0.37    0.74
PCR         6654   77.30    8.40  237.00   -2.56   -2.50    0.99    1.02 1016.00    0.00  0
                   -2.71   -2.57    1.16    1.26
                       0   -2.24   -2.89    0.91    1.24
PHG         6657   75.30   34.00  148.00    4.17    4.15    1.09    1.12  406.00    0.00  0
                    4.33    4.37    0.89    1.00
                       0    4.01    4.87    0.88    1.02
PKR         6658   87.80   24.50   61.00    1.68    1.77    0.52    0.53  151.00    0.00  0
                    1.65    1.69    0.42    0.49
                       1    1.70    1.69    0.48    0.31
POR         6661   92.70   11.60  206.00    1.77    1.68    0.68    0.68  909.00    0.00  0
                    2.20    1.59    0.85    0.60
                       0    1.78    1.37    0.60    0.78
RTN         6672   73.30   17.00   63.00    2.42    2.43    0.33    0.33  162.00    0.00  0
                    2.41    2.46    0.34    0.35
                       0    2.63    2.22    0.26    0.19
SMP         6687   76.40   26.10  106.00    1.80    1.81    0.85    0.87  254.00    0.00  0
                    1.82    1.85    0.47    0.48
                       5    1.57    2.23    0.35    0.67
SNH         6690   79.70   22.30  135.00    1.64    1.75    0.51    0.49  406.00    0.00  0
                    1.60    1.71    0.49    0.41
                       0    1.64    1.88    0.35    0.55
SUR         6693   87.50   23.90   73.00    3.32    3.37    0.56    0.57  141.00    0.00  0
                    3.24    3.32    0.60    0.66
                       0    2.93    3.25    0.39    0.66
THN         6697   73.00   19.20  119.00    2.91    2.95    0.60    0.60  329.00    0.00  0
                    2.94    2.97    0.28    0.23
                       0    2.87    3.06    0.19    0.38
TRT         6703   75.00   31.40  227.00    2.28    2.26    0.91    0.95 1065.00    0.00  0
                    2.32    2.29    0.83    0.80
                       0    2.31    2.77    0.61    2.17
TUT         6706   79.60   13.20  194.00    2.02    1.97    1.01    1.03  593.00    0.00  0
                    2.04    1.97    0.56    0.56
                       0    2.06    2.16    0.67    0.70
UDU         6709   92.10   26.70  179.00    1.76    1.75    0.41    0.42  500.00    0.00  0
                    1.74    1.73    0.35    0.38
                       0    1.66    1.89    0.26    0.32
ULB         6712   88.10   22.50   98.00    2.70    2.74    0.98    0.99  253.00    0.00  0
                    2.84    2.89    0.33    0.33
                       0    2.86    2.95    0.31    0.29
UNA         6713   76.20   31.40   97.00    2.54    2.52    0.62    0.64  179.00    0.00  0
                    2.55    2.51    0.50    0.53
                       0    2.28    2.69    0.33    0.89
14549       6776   17.89   44.22   59.00    1.99    1.97    0.56    0.55  230.00    0.00  0
                    1.99    1.98    0.55    0.45
                       0    1.86    2.08    0.40    0.56
14640       6779   17.02   43.83  173.00    1.89    1.92    0.55    0.55  526.00    0.00  0
                    1.90    1.98    0.52    0.49
                       0    1.87    1.70    0.51    0.55
14648       6780   17.80   43.35  187.00    2.18    2.15    0.69    0.71  829.00    0.00  0
                    2.19    2.13    0.72    0.74
                       0    2.03    2.31    0.66    0.51
16036       6783   12.60   46.03  146.00    2.09    2.12    0.82    0.84  245.00    0.00  0
                    2.07    2.00    0.61    0.54
                       2    2.15    2.14    0.35    1.01
16084       6787    9.73   44.92  163.00    2.14    2.14    1.02    1.06  274.00    0.00  0
                    2.06    2.03    1.18    1.13
                       0    2.15    1.50    0.88    0.68
16114       6788    7.82   44.38  178.00    2.56    2.53    0.89    0.92  299.00    0.00  0
                    2.56    2.77    0.71    0.83
                       0    2.72    1.88    0.65    0.83
16125       6790    9.98   44.08   82.00    2.16    2.16    0.80    0.82  111.00    0.00  0
                    2.21    2.15    0.63    0.74
                       0    2.44    1.98    0.46    0.71
16234       6798   12.73   42.00  106.00    1.75    1.66    0.59    0.64  175.00    0.00  0
                    1.93    1.72    0.60    0.64
                       0    1.92    1.41    0.59    0.66
16400       6803   13.18   38.70  177.00    2.47    2.51    0.66    0.65  755.00    0.00  0
                    2.51    2.50    0.63    0.62
                       0    2.79    2.25    0.71    0.46
16470       6806   11.97   36.82  178.00    1.63    1.66    1.01    1.01  834.00    0.00  0
                    1.50    1.53    1.15    1.21
                       0    1.71    0.96    0.99    0.66
16480       6807   15.13   36.68  178.00    1.76    1.78    0.49    0.47  776.00    0.00  0
                    1.74    1.78    0.46    0.44
                       0    1.60    1.43    0.45    0.74
16539       6808    8.47   39.75  178.00    3.01    2.92    1.01    1.02  298.00    0.00  0
                    3.26    3.10    0.86    0.91
                       0    3.64    3.19    0.32    0.93
17024       6816   33.78   41.98  178.00    1.86    1.86    0.72    0.72  550.00    0.00  0
                    1.85    1.82    0.61    0.62
                       0    1.51    1.77    0.59    0.47
17026       6817   35.17   42.02  183.00    2.02    2.03    0.64    0.63  723.00    0.00  0
                    2.01    2.34    0.61    1.05
                       0    1.69    2.12    0.48    0.75
17042       6821   41.43   41.40  178.00    1.63    1.64    0.79    0.78  549.00    0.00  0
                    1.54    1.52    0.78    0.81
                       0    1.50    2.75    0.69    0.85
17072       6826   31.16   40.83  227.00    1.88    1.85    0.63    0.61  898.00    0.00  0
                    1.83    1.81    0.67    0.61
                       0    1.68    1.64    0.51    0.34
40845       6886   50.27   29.27  175.00    1.71    1.66    0.86    0.81  289.00    0.00  0
                    1.54    1.51    0.78    0.76
                       0    1.10    1.55    0.59    0.65
40890       6888   54.83   25.83  174.00    1.67    1.61    0.75    0.76  287.00    0.00  0
                    1.65    1.53    0.66    0.73
                       0    1.74    2.27    1.37    0.39
40913       6889   68.92   36.67   94.00    1.66    1.64    0.57    0.57  130.00    0.00  0
                    1.59    1.59    0.62    0.59
                       0    1.40    2.11    0.46    0.76
42081       6899   77.17   31.83  115.00    3.14    3.07    1.01    1.03  222.00    0.00  0
                    3.15    3.01    0.91    0.98
                       0    2.99    3.57    1.17    0.97
42299       6906   88.62   27.33  118.00    2.44    2.46    0.57    0.56  237.00    0.00  0
                    2.33    2.35    0.52    0.57
                       0    2.40    2.17    0.71    0.86
42811       6914   88.20   22.18  118.00    1.73    1.75    0.43    0.46  237.00    0.00  0
                    1.77    1.77    0.45    0.45
                       0    1.73    1.51    0.49    0.42
43133       6929   79.25   17.00   57.00    1.72    1.73    0.41    0.43   58.00    0.00  0
                    1.80    1.73    0.38    0.50
                       0    1.76    1.69    0.30    0.59
43302       6953   78.56   12.48  112.00    1.70    1.68    0.65    0.65  113.00    0.00  0
                    1.77    1.69    0.69    0.66
                       0    1.90    1.45    0.40    0.46
43356       6962   77.13   10.00   59.00    1.73    1.76    0.77    0.80   60.00    0.00  0
                    1.60    1.59    0.85    0.83
                       1    1.32    2.08    0.50    1.10
60127       6979  356.00   34.22  178.00    1.87    1.85    0.90    0.88  297.00    0.00  0
                    2.40    1.92    0.99    0.88
                       0    1.22    1.85    0.52    0.70
60353       6981    5.88   36.81   86.00    2.13    2.05    0.58    0.56  134.00    0.00  0
                    2.10    2.02    0.58    0.59
                       1    2.55    1.98    0.58    0.48
64247       7014   23.62   -6.17  108.00    1.87    1.69    0.98    0.99  139.00    0.00  0
                    1.74    1.50    0.90    0.98
                       1    2.35    1.45    1.04    0.58
64380       7015   28.92   -2.47  133.00    3.62    3.55    0.64    0.65  174.00    0.00  0
                    3.58    3.54    0.57    0.57
                       0    3.46    3.58    0.69    0.24
64381       7016   29.25   -1.67  132.00    2.94    2.86    0.78    0.79  173.00    0.00  0
                    2.94    2.88    0.90    0.89
                       0    3.19    2.75    0.81    0.63
67223       7027   39.03  -13.13   74.00    1.79    1.76    0.67    0.65  138.00    0.00  0
                    1.76    1.83    0.80    0.81
                       0    1.68    1.73    0.99    0.74
68014       7034   18.12  -19.60  132.00    1.71    1.69    0.62    0.62  158.00    0.00  0
                    1.87    1.98    0.49    0.60
                       0    1.59    1.75    0.41    0.20
76680       7051  260.80   19.39  204.00    2.26    2.19    0.62    0.63  368.00    0.00  0
                    2.30    2.10    0.74    0.72
                       1    2.34    2.01    0.78    0.55
CRU         7065   75.10   28.30  219.00    1.64    1.59    0.90    0.91  773.00    0.00  0
                    1.57    1.51    1.11    1.11
                       0    1.38    1.06    1.21    0.56
PLN         7074   75.60   28.30   83.00    2.07    2.00    0.69    0.70  152.00    0.00  0
                    2.05    2.04    0.83    0.79
                       4    1.97    2.54    1.00    0.94
42805       7087   87.95   22.50  101.00    1.69    1.71    0.73    0.76  102.00    0.00  0
                    1.77    1.77    0.66    0.67
                       0    1.79    1.49    0.61    1.33
64184       7128   29.23   -1.68   88.00    1.80    1.74    0.84    0.85  107.00    0.00  0
                    1.76    1.77    0.96    1.00
                       0    1.34    1.70    0.70    0.78
80211       7166  284.28    4.50  223.00    3.34    3.30    0.93    0.90  341.00    0.00  0
                    3.15    3.11    0.76    0.76
                       0    3.26    3.21    0.78    0.70
82979       7174  317.90   -9.63  117.00    1.70    1.68    0.95    0.94  118.00    0.00  0
                    1.49    1.50    0.73    0.73
                       1    1.15    1.15    0.39    0.25
83242       7179  318.62  -12.56  118.00    1.83    1.85    0.83    0.82  119.00    0.00  0
                    2.33    2.43    1.20    1.29
                       1    2.18    1.19    1.22    0.42
DIB         7200   90.90   26.50  225.00    2.84    2.84    0.99    0.99  916.00    0.00  0
                    2.75    2.78    0.94    0.93
                       0    2.40    3.53    0.60    1.22
63333       7228   39.72   11.12  109.00    1.95    1.94    0.67    0.68  173.00    0.00  0
                    1.99    1.94    0.68    0.71
                       0    2.12    2.27    0.65    0.83
76681       7230  260.82   19.30   71.00    3.04    3.07    0.97    0.98   98.00    0.00  0
                    3.16    3.11    0.97    0.96
                       6    2.66    3.28    1.32    0.61
37785       7314   44.40   40.34  196.00    4.73    4.65    1.05    1.07  239.00    0.00  0
                    4.76    4.66    1.04    1.01
                       0    4.93    5.23    1.11    1.43
76518       7354  256.63   22.38  179.00    2.10    2.00    0.96    1.02  289.00    0.00  0
                    2.02    1.95    0.78    0.86
                       1    1.72    2.08    0.80    0.58
82784       7404  320.71   -7.32  105.00    3.19    3.22    0.95    0.94  106.00    0.00  0
                    3.35    3.34    0.63    0.63
                       1    3.20    3.54    0.52    0.85
91735       7450  187.61  -13.45  146.00    2.18    2.16    0.97    0.95  430.00    0.00  0
                    2.16    2.12    1.00    0.98
                       0    2.51    2.40    1.18    0.85
44454       7468   85.37   27.70   64.00    1.90    1.89    0.63    0.65  107.00    0.00  0
                    1.84    1.86    0.65    0.69
                      30    1.70    2.25    0.78    0.71
16054       7518    7.35   45.73  175.00    2.46    2.41    1.04    1.07 1056.00    0.00  0
                    2.51    2.51    1.04    0.96
                       0    2.76    2.56    0.93    1.07
FAZ         7544   81.80   26.50  143.00    1.99    2.00    0.86    0.89  792.00    0.00  0
                    1.97    1.97    0.99    1.02
                       0    2.07    2.48    0.69    1.08
16023       7568   11.12   46.02  124.00    1.68    1.73    1.01    1.05  742.00    0.00  0
                    1.65    1.67    0.83    0.76
                       0    1.47    1.33    0.75    0.91
16231       7569   14.21   42.41  124.00    1.64    1.63    0.56    0.58  746.00    0.00  0
                    1.73    1.72    0.48    0.54
                       0    1.33    1.77    0.52    0.35
DAP         7592   73.10   17.70   83.00    1.62    1.63    0.83    0.84  375.00    0.00  0
                    1.71    1.73    0.79    0.80
                       0    1.67    1.85    0.48    0.97
MRD         7613   72.90   18.30   76.00    2.18    2.21    0.42    0.39  333.00    0.00  0
                    2.22    2.22    0.35    0.32
                       0    2.31    2.16    0.25    0.51
11120       7652   11.35   47.27   63.00    1.88    1.90    0.74    0.70  124.00    0.00  0
                    1.99    1.94    0.93    0.72
                       9    2.03    1.91    0.84    0.73
