  01232       7.84   62.44    1.79    1.80    0.96    0.95  0
  01321       6.57   61.92    1.61    1.59    0.89    0.91  0
  01329       6.27   60.35    1.93    1.91    0.65    0.66  0
  01337       6.42   60.62    1.73    1.71    0.66    0.67  0
  01338       6.65   61.17    1.93    1.90    0.75    0.78  0
  01355       7.50   61.10    2.22    2.19    1.04    1.06  0
  02545      14.57   58.57    1.78    1.73    0.55    0.54  0
  02793      29.66   62.54    2.03    2.07    0.70    0.71  0
  02950      21.79   60.21    2.14    2.15    0.83    0.81  0
  06615       7.22   46.07    2.11    2.05    0.88    0.89  0
  06637       8.16   46.73    2.21    2.20    0.95    0.95  0
  06657       8.19   46.84    2.01    2.00    1.02    1.02  0
  06672       8.62   46.88    2.02    2.00    0.91    0.92  0
  06680       9.35   47.25   -2.07   -2.07    0.97    1.01  0
  06734       7.88   46.67    2.01    1.99    0.83    0.82  0
  06756       8.93   46.45    2.29    2.25    0.98    1.00  0
  06758       9.16   46.25    2.48    2.46    0.89    0.90  0
  06760       8.77   46.17    1.78    1.75    0.99    1.01  0
  06762       8.88   46.17    2.19    2.16    0.93    0.93  0
  06770       8.96   46.00    1.85    1.82    0.82    0.83  0
  06791       9.82   46.42   -1.62   -1.64    0.96    0.99  0
  06794      10.07   46.35    2.46    2.43    1.01    1.02  0
  07497       6.77   45.62    2.16    2.11    0.99    1.00  0
  07591       6.50   44.57    1.83    1.77    0.69    0.69  0
  12935      18.03   46.92    1.69    1.69    0.53    0.53  0
  13600      19.53   42.10    2.22    2.17    1.03    1.04  0
  13615      19.78   41.33    1.60    1.57    0.54    0.55  0
  13629      20.77   40.60    1.93    1.87    0.96    0.99  0
  14008      13.85   46.38   -1.70   -1.70    1.03    1.05  0
  15277      24.25   45.63    1.72    1.71    0.55    0.57  0
  15296      23.37   45.42    1.95    1.98    0.64    0.64  0
  15336      29.17   45.18    1.71    1.69    0.65    0.66  0
  15340      23.28   45.03    1.78    1.75    0.53    0.55  0
  15341      22.85   44.99    1.67    1.66    0.69    0.69  0
  15640      26.32   42.67    2.83    2.80    0.62    0.62  0
  15730      25.37   41.65    2.82    2.77    0.73    0.71  0
  16089      10.55   45.46    3.07    3.08    0.80    0.85  0
  16098      12.10   45.68    1.90    1.89    0.70    0.71  0
  16227      13.58   41.88    2.71    2.66    0.83    0.82  0
  16245      12.43   41.65    2.05    2.03    0.72    0.69  0
  16253      14.07   41.05    1.77    1.69    0.95    0.91  0
  16280      12.95   40.92    2.44    2.50    0.69    0.72  0
  16310      15.28   40.02    2.54    2.49    0.74    0.72  0
  16333      18.13   40.22    1.72    1.62    0.49    0.45  0
  16334      18.51   40.11    3.11    3.03    0.93    0.88  0
  16420      15.55   38.20    1.89    1.82    0.77    0.77  0
  16459      14.92   37.40    3.49    3.43    1.00    1.01  0
  16546       8.97   39.35    1.97    1.85    1.01    0.97  0
  16641      19.92   39.61    1.63    1.66    0.60    0.63  0
  17069      30.42   40.78    1.60    1.57    0.56    0.55  0
  17119      29.28   40.65    1.68    1.65    0.59    0.55  0
  17310      32.00   36.54    2.14    2.07    0.89    0.89  0
  30439     109.75   55.12    1.64    1.54    0.98    0.96  0
  36078      90.30   50.95    1.81    1.80    0.76    0.76  0
  36083      92.16   52.05    2.25    2.26    0.86    0.87  0
  36091      93.00   52.27    1.72    1.70    1.00    1.00  0
  36104      95.67   51.50    1.85    1.86    0.79    0.78  0
  37107      40.20   43.68    2.73    2.74    0.93    0.92  0
  37193      41.73   43.45    1.67    1.67    0.84    0.84  0
  37308      43.15   42.52    2.38    2.31    0.99    1.01  0
  37545      44.76   41.75    1.62    1.57    0.82    0.82  0
  37575      46.65   41.66    3.53    3.48    1.05    1.08  0
  38579      67.83   40.11    2.91    2.90    0.39    0.40  0
  38583      68.68   40.82    1.85    1.84    0.76    0.77  0
  38618      71.75   40.36    1.91    1.89    0.59    0.60  0
  38774      57.42   38.43    1.79    1.74    0.68    0.66  0
  38846      69.97   38.33    4.05    4.03    0.65    0.64  0
  38911      65.20   37.83    1.69    1.69    0.52    0.52  0
  38933      68.78   37.82    2.50    2.48    0.75    0.75  0
  38947      69.08   37.23    2.34    2.31    0.55    0.53  0
  38957      71.65   36.72    4.14    4.23    0.93    1.01  0
  40357      41.13   30.90    1.81    1.81    0.47    0.47  0
  40400      36.47   26.20    2.23    2.19    0.59    0.60  0
  40439      38.07   24.15    1.66    1.62    0.76    0.76  0
  40732      50.66   36.90    2.36    2.36    0.74    0.76  0
  40872      51.93   27.83    1.97    1.92    1.00    0.99  0
  40893      57.77   25.65    2.13    2.09    0.61    0.62  0
  41198      56.33   25.10    1.62    1.53    0.89    0.88  0
  41242      56.25   25.62    2.08    1.97    0.91    0.92  0
  41246      56.63   24.47    1.82    1.73    0.76    0.76  0
  41253      57.42   23.40    1.72    1.69    1.01    1.00  0
  41256      58.28   23.58    2.28    2.26    0.88    0.87  0
  41258      58.57   23.63    1.82    1.80    0.81    0.81  0
  41529      71.93   34.03    2.11    2.06    0.88    0.91  0
  41571      73.09   33.61    1.62    1.58    0.62    0.63  0
  41598      73.72   32.93    1.82    1.77    0.82    0.84  0
  41624      70.92   31.82    2.05    1.97    0.71    0.74  0
  41697      67.88   29.55    1.80    1.82    0.77    0.80  0
  41715      68.47   28.30    1.91    1.91    0.74    0.74  0
  41718      70.68   28.65    1.66    1.67    0.62    0.62  0
  42027      74.83   34.08    2.86    2.81    0.90    0.91  0
  42044      75.08   33.58    2.98    2.92    0.84    0.85  0
  42056      74.83   32.66    1.62    1.54    0.98    1.01  0
  42079      76.90   31.53    2.12    2.06    0.99    0.97  0
  42111      78.03   30.32    2.07    2.09    0.84    0.84  0
  43311      72.73   11.12    2.05    2.02    0.53    0.54  0
  47146     127.15   35.82    1.61    1.66    0.62    0.62  0
  47637     137.82   35.52    1.65    1.65    0.72    0.74  0
  48300      97.97   19.29    1.67    1.67    0.42    0.41  0
  48307     100.88   19.42    1.78    1.78    0.47    0.49  0
  48431     102.08   14.97    1.65    1.62    0.38    0.38  0
  48625     101.10    4.57    1.70    1.71    0.70    0.72  0
  48803     103.97   22.50    2.60    2.56    0.64    0.64  0
  48924     101.46   21.05    1.77    1.76    0.60    0.52  0
  48930     102.13   19.88    1.66    1.62    0.72    0.69  0
  51467      86.33   42.66    1.88    1.89    0.87    0.88  0
  51656      85.81   41.72    1.66    1.65    0.62    0.63  0
  51711      78.45   40.93    1.82    1.78    0.86    0.86  0
  51777      88.17   39.03    1.66    1.65    0.91    0.91  0
  52908      93.08   35.22    1.83    1.87    0.76    0.78  0
  53915     106.66   35.53    1.68    1.67    0.74    0.74  0
  55578      88.88   29.25    1.72    1.70    0.59    0.61  0
  55591      91.13   29.67    1.77    1.75    0.66    0.65  0
  55664      87.08   28.63    2.07    2.03    0.56    0.55  0
  55696      92.47   28.42    2.25    2.19    0.82    0.80  0
  56137      97.17   31.15    1.98    1.94    0.79    0.80  0
  56167     101.12   30.98    2.31    2.31    1.00    1.00  0
  56247      99.10   30.00    2.65    2.60    0.97    0.97  0
  56312      94.47   29.57    2.12    2.05    1.00    0.97  0
  56385     103.33   29.52   -1.83   -1.79    0.81    0.86  0
  56444      98.88   28.45    1.61    1.56    0.49    0.49  0
  56571     102.27   27.90    2.02    1.98    0.97    0.96  0
  57447     109.47   30.28    1.81    1.81    0.89    0.90  0
  59158     120.70   24.15    1.70    1.64    0.57    0.58  0
  60720      11.08   36.85    1.86    1.84    0.57    0.56  0
  61080       7.08   13.47    1.73    1.68    0.67    0.66  0
  61085      12.78   13.42    1.93    1.86    0.64    0.67  0
  61090       8.98   13.78    1.62    1.54    0.62    0.65  0
  61832     346.37    9.57    1.90    1.88    0.47    0.46  0
  64700      15.03   12.13    1.66    1.59    0.56    0.61  0
  70381     225.42   58.37    1.72    1.66    0.97    0.89  0
  71216     242.20   50.25    1.85    1.80    0.76    0.77  0
  71218     240.72   50.70    1.99    1.98    0.81    0.81  0
  71404     249.58   58.97    1.76    1.72    0.80    0.79  0
  71445     262.38   52.81    1.66    1.59    0.95    0.94  0
  71482     232.54   52.18    1.65    1.64    0.85    0.82  0
  71685     241.82   50.96    2.80    2.81    0.95    0.94  0
  71776     242.71   49.49    2.08    2.08    0.99    1.01  0
  76040     244.82   32.40    2.65    2.55    0.89    0.92  0
  76055     245.15   31.03    2.13    2.04    0.96    0.97  0
  76122     252.08   30.42    1.71    1.68    0.59    0.60  0
  76382     256.57   21.51    2.01    1.90    0.89    0.92  0
  76390     259.02   25.45    1.69    1.64    1.03    1.01  0
  76393     259.70   25.73    1.78    1.71    0.52    0.53  0
  76491     260.83   23.73    2.20    2.15    0.89    0.91  0
  76585     261.20   21.27    2.08    2.04    0.52    0.53  0
  76640     262.59   20.95    2.16    2.15    0.82    0.82  0
  76644     270.35   20.98    1.66    1.59    0.86    0.79  0
  76695     269.45   19.85    1.68    1.67    1.04    0.99  0
  76737     262.90   18.85    2.50    2.46    0.83    0.86  0
  76762     260.50   17.55    1.64    1.65    1.01    1.02  0
  76840     266.10   16.23    2.35    2.35    0.95    0.97  0
  76903     267.73   14.92    1.75    1.76    0.71    0.70  0
  78700     272.33   13.28    1.70    1.64    0.51    0.52  0
  78708     272.07   15.45    1.66    1.60    0.79    0.77  0
  80036     286.75   10.43    1.64    1.64    0.69    0.68  0
  80097     287.48    7.93    1.64    1.60    0.87    0.89  0
  80110     284.41    6.22    1.89    1.81    0.83    0.75  0
  80112     284.57    6.18    1.63    1.57    0.67    0.71  0
  80210     284.20    4.82    3.08    3.04    0.54    0.52  0
  80234     286.38    4.17    2.61    2.53    0.84    0.81  0
  80428     290.27    9.02    1.85    1.87    0.90    0.89  0
  82246     305.05   -2.63    2.10    1.97    0.53    0.54  0
  82445     304.03   -4.26    1.93    1.84    0.89    0.90  0
  82460     315.18   -4.25    1.80    1.79    0.65    0.68  0
  82476     316.67   -4.84    2.21    2.17    0.71    0.66  0
  82765     312.54   -7.33    1.93    1.86    0.83    0.84  0
  82861     310.80   -8.25    2.03    1.98    0.59    0.59  0
  83309     303.55  -14.40    2.81    2.78    0.72    0.68  0
  83319     307.65  -14.70    1.70    1.60    0.65    0.68  0
  84027     282.30    0.82    1.71    1.71    0.65    0.65  0
  84123     281.39   -0.90    2.61    2.62    0.90    0.91  0
  84160     281.41   -1.35    2.36    2.44    0.82    0.88  0
  84163     281.94   -1.50    3.35    3.36    1.11    1.12  0
  84179     282.10   -1.50    2.47    2.47    1.04    1.03  0
  84425     283.92   -5.90    2.31    2.23    0.79    0.78  0
  84455     283.62   -6.45    2.19    2.14    0.81    0.82  0
  84474     283.28   -7.22    2.63    2.60    0.65    0.67  0
  84501     280.97   -8.10    1.61    1.60    0.56    0.55  0
  84534     284.00   -9.28    3.09    3.05    0.47    0.46  0
  84564     283.80   -9.86    2.28    2.19    0.70    0.68  0
  85268     300.25  -18.32    1.82    1.88    0.87    0.79  0
  85289     302.27  -19.00    1.71    1.73    0.90    0.85  0
  87418     291.22  -32.83    1.72    1.71    0.90    0.89  0
  91317     143.91    7.38    1.86    1.86    0.84    0.85  0
  91324     149.19    7.35    1.63    1.63    0.80    0.79  0
  91329     151.90    8.55    1.88    1.87    0.47    0.47  0
  91425     155.02    3.85    2.05    2.06    0.67    0.67  0
  92047     146.72   -6.57    2.44    2.39    0.54    0.53  0
  94201     123.00  -16.45    1.80    1.87    0.99    0.92  0
  95606     115.32  -31.02    1.99    2.06    0.67    0.70  0
  96015      96.12    4.25    1.80    1.77    0.70    0.71  0
  97028     120.80    1.02    1.79    1.79    0.60    0.60  0
  97096     120.73   -1.38    1.62    1.62    0.57    0.56  0
  97126     120.37   -2.54    2.73    2.75    0.82    0.83  0
  97686     138.94   -4.07    2.25    2.26    0.94    0.93  0
  98431     121.18   13.42    1.64    1.64    0.56    0.57  0
  98751     125.08    8.15    1.89    1.90    0.52    0.53  0
  AKL        77.00   20.70    2.01    2.02    0.43    0.44  0
  ASW        79.10   11.10    2.07    2.10    0.51    0.52  0
  BHT        77.40   27.20    2.07    2.04    0.47    0.47  0
  BKR        73.50   28.00    2.39    2.38    0.77    0.76  0
  BLP        76.80   31.30   -3.28   -3.33    0.86    0.90  0
  BLY        76.90   15.20    2.44    2.41    0.63    0.65  0
  BOK        85.90   23.80    1.85    1.90    0.78    0.78  0
  BPR        77.30   27.10    1.67    1.64    0.49    0.48  0
  BRA        76.50   25.10    1.73    1.75    0.65    0.66  0
  BSR        94.70   28.00    2.95    2.91    0.75    0.76  0
  CDG        76.80   30.70    2.59    2.54    0.85    0.86  0
  CNG        76.90   30.70    2.26    2.20    0.94    0.95  0
  DSL        76.30   32.20    3.10    3.01    1.03    1.03  0
  EPT        80.30   13.20    2.15    2.11    0.43    0.45  0
  ERO        77.70   11.30    1.89    1.92    0.39    0.40  0
  FDT        74.70   30.70    3.11    3.06    0.91    0.96  0
  FZP        74.60   30.90    2.85    2.82    0.86    0.88  0
  GCR        80.00   20.20    2.03    2.13    0.34    0.34  0
  GLT        93.90   26.50    1.80    1.77    0.44    0.48  0
  HNM        74.40   29.60    2.03    1.97    0.69    0.70  0
  HRN        74.70   34.00    3.30    3.26    0.75    0.77  0
  HSP        76.00   31.40    2.08    2.05    0.58    0.61  0
  JFR        76.90   28.60    3.10    2.94    0.68    0.68  0
  JLG        75.30   21.40    1.61    1.64    0.73    0.73  0
  JLW        76.10   24.60   -2.22   -2.21    0.59    0.59  0
  JOR        94.20   26.70    2.79    2.76    0.82    0.88  0
  JOY        78.20   30.20    1.98    1.99    0.67    0.68  0
  JRP        93.80   25.80    2.99    2.99    0.64    0.65  0
  KIP        94.80   25.90    1.63    1.63    0.54    0.54  0
  KLI        77.00   26.60    1.77    1.77    0.52    0.53  0
  KLR        78.20   12.90    1.79    1.76    0.52    0.51  0
  KPK        79.80   10.90    1.60    1.65    0.70    0.71  0
  KSN        88.50   23.40    2.13    2.17    0.83    0.82  0
  KUL        76.60   29.80    1.78    1.73    0.68    0.69  0
  KUM        76.40    9.60    3.69    3.73    1.03    1.02  0
  LAM        80.40   16.40    1.76    1.73    0.45    0.45  0
  LDN        75.50   30.60    2.59    2.55    0.85    0.87  0
  MGP        77.00   28.80    3.62    3.49    1.09    1.03  0
  MJN        88.80   25.30    3.07    3.09    0.44    0.42  0
  MLD        73.70   16.00    1.75    1.76    0.46    0.45  0
  MMG        88.50   27.50    7.82    7.81    0.95    0.94  0
  MNY        73.20    8.30    2.76    2.76    0.36    0.36  0
  MVM        80.20   13.20    2.38    2.41    0.46    0.44  0
  NMN        78.20   11.20   -2.43   -2.41    0.90    0.91  0
  NNB        74.20   21.40    2.05    2.09    0.40    0.39  0
  NWS        76.10   31.10    2.42    2.36    0.96    0.97  0
  OSD        76.00   18.10    2.41    2.39    0.51    0.51  0
  PAT        86.00   25.00    2.36    2.38    0.43    0.40  0
  PCR        77.30    8.40   -2.56   -2.50    0.99    1.02  0
  PHG        75.30   34.00    4.17    4.15    1.09    1.12  0
  PKR        87.80   24.50    1.68    1.77    0.52    0.53  0
  POR        92.70   11.60    1.77    1.68    0.68    0.68  0
  RTN        73.30   17.00    2.42    2.43    0.33    0.33  0
  SMP        76.40   26.10    1.80    1.81    0.85    0.87  0
  SNH        79.70   22.30    1.64    1.75    0.51    0.49  0
  SUR        87.50   23.90    3.32    3.37    0.56    0.57  0
  THN        73.00   19.20    2.91    2.95    0.60    0.60  0
  TRT        75.00   31.40    2.28    2.26    0.91    0.95  0
  TUT        79.60   13.20    2.02    1.97    1.01    1.03  0
  UDU        92.10   26.70    1.76    1.75    0.41    0.42  0
  ULB        88.10   22.50    2.70    2.74    0.98    0.99  0
  UNA        76.20   31.40    2.54    2.52    0.62    0.64  0
  14549      17.89   44.22    1.99    1.97    0.56    0.55  0
  14640      17.02   43.83    1.89    1.92    0.55    0.55  0
  14648      17.80   43.35    2.18    2.15    0.69    0.71  0
  16036      12.60   46.03    2.09    2.12    0.82    0.84  0
  16084       9.73   44.92    2.14    2.14    1.02    1.06  0
  16114       7.82   44.38    2.56    2.53    0.89    0.92  0
  16125       9.98   44.08    2.16    2.16    0.80    0.82  0
  16234      12.73   42.00    1.75    1.66    0.59    0.64  0
  16400      13.18   38.70    2.47    2.51    0.66    0.65  0
  16470      11.97   36.82    1.63    1.66    1.01    1.01  0
  16480      15.13   36.68    1.76    1.78    0.49    0.47  0
  16539       8.47   39.75    3.01    2.92    1.01    1.02  0
  17024      33.78   41.98    1.86    1.86    0.72    0.72  0
  17026      35.17   42.02    2.02    2.03    0.64    0.63  0
  17042      41.43   41.40    1.63    1.64    0.79    0.78  0
  17072      31.16   40.83    1.88    1.85    0.63    0.61  0
  40845      50.27   29.27    1.71    1.66    0.86    0.81  0
  40890      54.83   25.83    1.67    1.61    0.75    0.76  0
  40913      68.92   36.67    1.66    1.64    0.57    0.57  0
  42081      77.17   31.83    3.14    3.07    1.01    1.03  0
  42299      88.62   27.33    2.44    2.46    0.57    0.56  0
  42811      88.20   22.18    1.73    1.75    0.43    0.46  0
  43133      79.25   17.00    1.72    1.73    0.41    0.43  0
  43302      78.56   12.48    1.70    1.68    0.65    0.65  0
  43356      77.13   10.00    1.73    1.76    0.77    0.80  0
  60127     356.00   34.22    1.87    1.85    0.90    0.88  0
  60353       5.88   36.81    2.13    2.05    0.58    0.56  0
  64247      23.62   -6.17    1.87    1.69    0.98    0.99  0
  64380      28.92   -2.47    3.62    3.55    0.64    0.65  0
  64381      29.25   -1.67    2.94    2.86    0.78    0.79  0
  67223      39.03  -13.13    1.79    1.76    0.67    0.65  0
  68014      18.12  -19.60    1.71    1.69    0.62    0.62  0
  76680     260.80   19.39    2.26    2.19    0.62    0.63  0
  CRU        75.10   28.30    1.64    1.59    0.90    0.91  0
  PLN        75.60   28.30    2.07    2.00    0.69    0.70  0
  42805      87.95   22.50    1.69    1.71    0.73    0.76  0
  64184      29.23   -1.68    1.80    1.74    0.84    0.85  0
  80211     284.28    4.50    3.34    3.30    0.93    0.90  0
  82979     317.90   -9.63    1.70    1.68    0.95    0.94  0
  83242     318.62  -12.56    1.83    1.85    0.83    0.82  0
  DIB        90.90   26.50    2.84    2.84    0.99    0.99  0
  63333      39.72   11.12    1.95    1.94    0.67    0.68  0
  76681     260.82   19.30    3.04    3.07    0.97    0.98  0
  37785      44.40   40.34    4.73    4.65    1.05    1.07  0
  76518     256.63   22.38    2.10    2.00    0.96    1.02  0
  82784     320.71   -7.32    3.19    3.22    0.95    0.94  0
  91735     187.61  -13.45    2.18    2.16    0.97    0.95  0
  44454      85.37   27.70    1.90    1.89    0.63    0.65  0
  16054       7.35   45.73    2.46    2.41    1.04    1.07  0
  FAZ        81.80   26.50    1.99    2.00    0.86    0.89  0
  16023      11.12   46.02    1.68    1.73    1.01    1.05  0
  16231      14.21   42.41    1.64    1.63    0.56    0.58  0
  DAP        73.10   17.70    1.62    1.63    0.83    0.84  0
  MRD        72.90   18.30    2.18    2.21    0.42    0.39  0
  11120      11.35   47.27    1.88    1.90    0.74    0.70  0
