06714        772    7.23   46.41  233.00   -1.88   -1.93    1.40    1.45 1364.00    0.00  3
                   -1.67   -1.74    1.20    1.24
                       0   -0.89   -1.22    0.78    1.43
06748        792    7.75   46.03  233.00    0.94    0.88    1.67    1.74 1363.00    0.00  3
                    2.45    2.38    2.67    2.77
                       0    0.54    1.10    1.34    2.02
08548       1058  351.54   40.15  195.00   -0.67   -0.70    3.42    3.40  828.00    0.00  3
                    0.75    0.67    0.88    0.78
                       1    0.65    0.70    1.33    0.81
08568       1066  352.45   40.42  238.00    0.03    0.03    1.47    1.46 1367.00    0.00  3
                    0.39    0.38    0.66    0.63
                       0    0.06    0.65    1.47    0.61
11930       1192   20.22   49.20  238.00   -2.10   -2.01    1.33    1.31 1428.00    0.00  3
                   -1.13   -1.43    1.60    1.22
                       0   -2.42   -2.73    0.75    2.24
24802       2002  102.80   61.73  233.00   -0.24   -0.21    1.51    1.52  234.00    0.00  3
                   -0.18   -0.13    1.14    1.22
                       0    0.47   -1.32    0.81    1.90
24843       2006  124.55   61.91  237.00   -0.23   -0.25    1.46    1.47  469.00    0.00  3
                   -0.03   -0.08    1.34    1.38
                       0    0.53   -1.38    0.96    1.24
28867       2322   65.55   53.32  238.00   -0.19   -0.17    1.34    1.33  476.00    0.00  3
                   -0.39    0.48    1.36    1.63
                       0   -0.22   -0.45    1.66    1.82
31016       2507  128.50   58.63  238.00    0.77    0.81    1.54    1.54  474.00    0.00  3
                    0.86    1.53    1.45    1.60
                       0    1.31   -1.01    0.95    0.89
35163       2755   67.56   51.60  236.00   -0.17   -0.16    1.42    1.41  236.00    0.00  3
                   -0.12   -0.05    1.28    1.31
                       0   -0.33   -0.92    1.02    2.01
35167       2756   66.34   51.08  234.00   -5.04   -5.04    1.61    1.61  466.00    0.00  2
                   -4.86   -4.89    1.76    1.72
                       0   -4.20   -6.14    1.31    1.94
35235       2763   58.66   50.71  234.00   -1.38   -1.37    1.56    1.56  466.00    0.00  3
                   -1.17   -1.18    1.22    1.25
                       0   -1.19   -0.18    0.82    0.96
36467       2850   74.97   48.30  238.00    0.30    0.30    1.57    1.58  238.00    0.00  3
                    0.27    0.17    1.62    1.65
                       0   -0.23    0.86    1.86    1.77
36871       2874   76.75   43.18  208.00    1.44    1.41    1.79    1.79  382.00    0.00  3
                    0.99    1.60    0.97    1.87
                       0    0.93    1.23    0.69    1.12
38718       2978   68.38   39.10  119.00    2.94    2.92    1.55    1.57  119.00    0.00  3
                    3.07    3.10    2.05    1.98
                       1    3.09    2.61    1.97    2.09
38725       2980   69.66   39.43  117.00    1.84    1.82    1.48    1.45  117.00    0.00  3
                    1.77    1.79    1.54    1.49
                       1    1.48    2.42    1.32    1.75
38744       2982   71.87   39.28  238.00    2.83    2.80    1.65    1.64  470.00    0.00  3
                    2.77    2.72    1.87    1.90
                       0    3.06    3.83    1.87    2.03
38856       2992   70.88   38.46  119.00    3.55    3.55    1.77    1.77  119.00    0.00  3
                    3.92    3.92    1.94    2.08
                       1    2.47    5.44    2.16    1.01
38869       2993   72.63   38.16  110.00    1.71    1.72    1.35    1.39  111.00    0.00  3
                    2.00    2.08    1.16    1.09
                       1    2.00    1.96    1.36    0.91
40153       3009   35.50   32.97  214.00   -0.98   -1.05    1.38    1.36  414.00    0.00  3
                   -0.61   -0.61    0.90    0.80
                       0   -0.44   -0.74    0.54    1.62
40738       3062   54.26   36.85  238.00    2.18    2.16    1.32    1.33  476.00    0.00  3
                    1.93    1.91    1.37    1.40
                       0    3.97    2.14    1.91    1.30
41515       3178   71.78   35.57  231.00    2.43    2.44    2.03    2.07  231.00    0.00  3
                    2.72    2.75    2.14    2.40
                       0    2.25    2.93    2.58    2.16
41560       3180   70.08   33.86  235.00    3.43    3.42    2.07    2.09  447.00    0.00  3
                    3.46    3.47    2.39    2.44
                       0    1.63    5.31    1.38    2.20
41739       3198   64.09   26.97  230.00    0.00    0.06    1.56    1.53  283.00    0.00  3
                    0.39    0.43    1.36    1.24
                       0    0.08    0.05    1.37    1.20
47639       3544  138.72   35.35  230.00   -4.00   -3.90    1.50    1.53 1359.00    0.00  3
                   -2.05   -1.38    2.61    3.54
                       0   -3.79   -5.64    0.75    3.16
56172       3971  102.23   31.90  238.00    2.99    3.00    1.34    1.36  475.00    0.00  3
                    2.78    2.74    1.45    1.55
                       0    2.79    3.06    0.66    1.06
56462       3980  101.50   29.00  238.00    3.18    3.20    1.35    1.32  474.00    0.00  3
                    3.01    3.04    1.17    0.98
                       0    2.87    2.75    1.17    1.07
60010       4083  343.50   28.30  231.00   -5.19   -5.20    2.26    2.26  453.00    0.00  3
                   -5.70   -5.70    2.47    2.40
                       0   -5.09   -4.45    2.46    1.92
68352       4305   27.25  -27.66  235.00    2.72    2.70    2.00    2.03  448.00    1.00  3
                    2.36    2.38    1.71    1.73
                       0    2.29    2.90    1.34    0.72
68593       4363   31.05  -29.77  238.00    0.93    0.94    1.44    1.43  474.00    0.00  3
                    0.54    0.53    1.03    1.06
                       0    1.01    2.43    1.10    1.64
68674       4375   29.55  -31.63  160.00    0.11    0.09    1.67    1.66  295.00    0.00  3
                    0.54    0.43    1.46    1.37
                       0   -0.66    0.59    1.02    1.43
68813       4393   18.37  -33.79  139.00   -0.15   -0.14    2.21    2.22  259.00    0.00  3
                    0.56    0.57    0.78    0.75
                       0   -4.93    0.27    5.00    0.61
70260       4436  210.92   64.55  191.00    2.66    2.64    2.28    2.29  191.00    0.00  3
                    2.30    2.27    1.80    1.86
                       0    1.86    0.59    0.98    1.23
71411       4674  295.34   43.98  228.00   -0.08   -0.07    1.33    1.29  454.00    0.00  3
                    0.24    0.23    1.26    1.22
                       0   -0.98    0.75    0.80    0.58
71920       4993  294.53   43.45  232.00   -0.44   -0.38    1.40    1.35  463.00    0.00  3
                   -0.10   -0.05    1.50    1.44
                       0   -1.63    0.63    0.52    0.58
72212       5046  276.90   29.62  232.00   -0.84   -1.02    3.08    3.03  366.00    0.00  3
                    0.54    0.41    0.93    0.78
                       0   -0.42    0.53    4.35    0.54
80407       5394  288.27   10.57   53.00    1.61    1.57    1.46    1.44   60.00    0.00  3
                    1.74    1.77    1.06    1.01
                      28 -999.00 -999.00 -999.00 -999.00
80427       5397  290.77    9.55   70.00    1.69    1.73    1.77    1.78   88.00    0.00  3
                    1.50    1.45    0.95    0.98
                       0    1.50    1.69    0.88    1.13
80438       5400  288.82    8.60  173.00    3.22    3.23    1.51    1.50  247.00    1.00  3
                    3.09    3.11    1.42    1.47
                       2    3.40    3.49    0.91    1.84
81909       5405  319.64   -7.07  230.00    2.62    2.63    1.72    1.72  230.00    0.00  3
                    2.63    2.66    2.03    2.05
                       0    1.45    3.25    1.81    2.50
83368       5452  307.77  -15.90  177.00    1.89    1.82    1.46    1.47  177.00    0.00  3
                    1.55    1.46    0.92    0.97
                       1    1.42    1.62    1.19    2.55
83623       5470  310.02  -20.42  160.00    2.19    2.18    1.51    1.52  160.00    0.00  3
                    2.16    2.13    1.60    1.66
                       1    0.85    1.38    0.88    1.22
84239       5518  281.02   -2.88  139.00    1.52    1.51    1.41    1.41  190.00    0.00  3
                    1.27    1.19    1.31    1.17
                       2    1.22    0.93    1.17    1.31
84735       5542  289.85  -15.48  193.00   -0.39   -0.44    1.43    1.46  291.00    0.00  3
                   -0.28   -0.28    1.03    1.01
                       0    0.33   -0.24    1.02    0.87
85201       5561  291.82  -16.51  238.00   -0.13   -0.19    1.50    1.48  464.00    0.00  3
                    0.43    0.31    1.46    1.47
                       0   -0.06   -0.71    1.13    1.64
85242       5565  292.94  -17.96  136.00    1.82    1.78    1.66    1.68  194.00    0.00  3
                    2.07    2.06    1.56    1.58
                       1    2.14    1.92    1.17    2.50
85766       5588  287.92  -39.65  238.00    1.92    1.97    1.37    1.41  238.00    0.00  3
                    2.01    2.04    1.45    1.48
                       0    2.22    2.13    1.74    0.94
86128       5597  301.22  -23.50  120.00    0.75    0.75    1.33    1.35  153.00    0.00  3
                    0.55    0.60    1.07    1.13
                       7    0.81    0.44    0.80    0.51
86185       5600  302.92  -24.07  224.00    0.66    0.67    1.40    1.38  389.00    0.00  3
                    0.42    0.48    1.18    1.13
                       0    0.57    0.07    0.55    0.89
86285       5611  304.67  -26.83  173.00    1.13    1.15    1.42    1.38  225.00    0.00  3
                    0.88    0.94    1.21    1.22
                       1    0.73    0.78    0.85    1.37
87007       5624  294.41  -22.10  238.00   -0.54   -0.57    1.47    1.47  472.00    0.00  3
                   -0.17   -0.27    0.92    1.03
                       0    0.21   -0.62    0.82    1.50
87016       5625  295.69  -23.15  237.00    0.84    0.83    1.61    1.55  237.00    0.00  3
                    0.71    0.72    1.27    1.22
                       0    0.17   -0.16    1.95    1.32
87244       5640  296.32  -29.90  238.00    0.79    0.80    1.39    1.39  238.00    0.00  3
                    0.95    0.96    1.11    1.07
                       0    0.22    1.04    1.89    1.17
88963       5701  303.02  -63.40  237.00    0.59    0.58    2.15    2.03  443.00    0.00  3
                    0.51    0.40    1.74    1.65
                       0    0.95    1.07    1.19    2.33
89055       5710  303.28  -64.23  237.00    0.79    0.81    2.24    2.03  463.00    1.00  3
                    1.09    1.04    1.58    1.53
                       0    0.78    1.82    1.01    1.04
89059       5714  303.32  -63.32  235.00    1.83    1.79    2.73    2.67  236.00    1.00  3
                    1.04    0.99    1.64    1.75
                       0    1.39    0.33    1.18    1.88
89061       5715  295.92  -64.77  189.00    3.62    3.42    2.53    2.46  372.00    3.00  3
                    2.97    2.83    1.94    2.00
                       9    3.00    1.91    1.66    3.36
94213       5861  128.19  -17.02   59.00    0.23    0.25    1.61    1.60   59.00    0.00  3
                   -0.08   -0.08    1.07    1.07
                       3    0.57    0.08    1.31    1.36
94323       5901  131.53  -24.28   30.00    1.67    1.70    2.11    2.10   30.00    0.00  3
                    1.07    1.16    1.60    1.61
                       7 -999.00 -999.00 -999.00 -999.00
94324       5902  131.80  -22.25   29.00    1.86    1.90    1.50    1.52   29.00    0.00  3
                    1.88    2.21    1.32    1.50
                       3 -999.00 -999.00 -999.00 -999.00
94410       5943  115.20  -25.05   24.00    2.39    2.47    1.50    1.51   24.00    0.00  3
                    2.37    2.45    1.02    1.14
                       3 -999.00 -999.00 -999.00 -999.00
94439       5948  120.22  -26.58   40.00    2.03    2.09    1.71    1.71   40.00    0.00  3
                    1.78    1.81    1.35    1.34
                       3 -999.00 -999.00 -999.00 -999.00
94514       5963  147.97  -26.48   58.00    0.88    0.91    1.76    1.74   58.00    0.00  3
                    0.41    0.49    0.84    1.01
                       3    0.46    0.20    0.86    0.92
94642       6013  123.87  -32.45   43.00    1.97    1.99    1.59    1.57   43.00    0.00  3
                    1.54    1.55    1.23    1.91
                       7 -999.00 -999.00 -999.00 -999.00
94665       6026  137.66  -34.36   40.00    1.87    2.11    1.53    1.59   40.00    0.00  3
                    1.49    1.67    1.50    1.48
                       3 -999.00 -999.00 -999.00 -999.00
ALI         6460   78.10   27.90  212.00    2.19    2.17    1.55    1.56 1019.00    0.00  3
                    2.25    2.16    1.25    1.25
                       0    1.54    3.17    0.90    1.96
ANI         6463   95.90   28.80  120.00    3.11    3.06    1.36    1.35  292.00    0.00  3
                    3.21    3.19    0.99    1.02
                       0    3.17    3.27    1.06    0.91
ATN         6466   75.20   33.70   58.00    0.42    0.33    2.41    2.44  111.00    0.00  3
                    0.28    0.08    2.79    2.94
                       2    1.09   -0.11    2.94    2.48
BEP         6469   88.20   24.10  122.00    2.17    2.22    1.54    1.54  312.00    0.00  3
                    2.57    2.65    0.40    0.37
                       0    2.38    2.92    0.48    0.26
BGG         6470   90.60   26.40  124.00    2.06    2.07    2.52    2.51  284.00    0.00  3
                    3.01    3.02    0.72    0.69
                       0    3.37    2.76    0.42    1.90
BHJ         6472   69.70   23.20  146.00   -1.83   -1.81    3.40    3.41  545.00    0.00  3
                   -2.90   -2.75    2.77    2.78
                       2   -4.40    2.20    1.36    2.71
BLH         6480   76.40   31.10  165.00    1.51    1.44    1.44    1.46  805.00    0.00  3
                    1.73    1.68    0.57    0.68
                       0    1.66    1.69    0.50    0.70
BMH         6484   74.40   34.30  216.00    3.47    3.42    1.49    1.51  797.00    0.00  3
                    3.23    4.14    1.34    2.29
                       0    3.76    2.93    1.11    1.10
BWL         6494   76.60   28.10  140.00    2.49    2.42    4.03    4.00  604.00    2.00  3
                    2.00    1.96    3.12    3.07
                       0    2.37    3.18    1.93    5.84
CACP        6495  294.52   43.45  234.00   -0.47   -0.40    1.38    1.34  917.00    0.00  3
                   -0.24   -0.16    1.46    1.41
                       0   -1.08    0.59    0.90    0.80
COI         6507   76.90   11.00  122.00    3.96    4.01    1.37    1.39  416.00    0.00  3
                    4.12    4.14    1.68    1.70
                       0    3.95    5.28    1.62    1.33
DHE         6539   94.60   27.50   59.00    2.22    2.22    2.07    2.06  137.00    0.00  3
                    2.63    2.67    0.60    0.47
                       4    2.57    2.70    0.57    0.57
DUG         6544   73.80   23.80  170.00    1.91    1.91    1.77    1.78  643.00    0.00  3
                    2.26    2.23    1.45    1.50
                       0    3.56    1.67    0.80    1.55
DUN         6546   77.20   28.70   82.00    0.93    0.82    3.14    3.10  208.00    0.00  3
                    2.51    2.32    1.50    1.51
                      58    2.52    2.96    1.10    1.62
FRG         6550   81.40   26.20  122.00    1.20    1.22    1.73    1.73  227.00    0.00  3
                    1.64    1.64    1.14    1.08
                       0    1.83    1.58    0.89    1.42
GHN         6555   78.60   30.40  233.00   -0.20   -0.21    2.26    2.30  951.00    0.00  3
                   -0.74   -0.71    2.50    2.62
                       0   -1.46   -0.22    1.39    2.58
GLP         6556   90.60   26.20  236.00   -1.03   -1.02    1.79    1.81 1128.00    0.00  3
                   -0.59   -0.21    0.98    1.13
                       0   -0.74   -2.47    0.33    4.04
GOA         6559   73.80   15.40  190.00    9.32    9.31    5.13    5.14  528.00   98.00  3
                   10.22   10.13    1.73    1.73
                       0    8.99   11.37    3.20    2.14
GPR         6560   75.20   33.20  199.00    3.40    3.36    1.44    1.44  564.00    0.00  3
                    3.30    3.29    1.08    1.07
                       0    3.64    3.29    0.90    3.14
GRG         6561   77.00   28.40  186.00    2.78    2.68    1.55    1.51  960.00    0.00  3
                    2.68    2.61    1.31    1.36
                       0    1.67    3.19    0.65    2.56
GRS         6563   79.30   30.00  188.00   -0.49   -0.50    2.71    2.73  531.00    1.00  3
                   -0.98   -1.03    2.90    2.90
                       0   -1.60    0.70    2.25    4.05
GYL         6565   88.20   27.30   87.00    3.19    3.24    3.61    3.58  154.00    0.00  3
                    4.71    4.76    1.01    1.15
                       0    4.84    4.74    0.87    1.47
JLD         6574   75.30   31.00   95.00    9.21    9.19    1.18    1.25  213.00    0.00  3
                    9.20    9.08    0.94    1.04
                       0    8.81    8.77    1.02    1.28
JPR         6581   75.80   26.80   66.00    1.04    1.01    1.43    1.45  251.00    0.00  3
                    1.20    1.18    0.52    0.50
                       4    0.92    1.41    0.22    0.44
JSP         6583   78.80   29.30  152.00    1.79    1.80    1.86    1.87  475.00    0.00  3
                    2.65    2.69    0.86    0.84
                       0    2.65    2.99    0.74    0.82
KAJ         6585   90.50   26.50  122.00    1.73    1.72    2.35    2.33  254.00    0.00  3
                    2.65    2.69    0.75    0.75
                       0    2.80    2.19    0.30    2.76
KJT         6592   73.00   19.00   86.00    2.23    2.25    2.18    2.18  182.00    0.00  3
                    3.01    3.03    0.40    0.41
                       0    2.72    3.07    0.35    0.33
KKM         6593   76.70   32.70   80.00    2.48    2.42    2.38    2.39  195.00    0.00  3
                    2.59    2.62    2.39    2.36
                      10    3.17    2.52    1.97    4.11
KMG         6598   88.40   27.10  118.00    1.18    1.18    1.70    1.68  308.00    0.00  3
                    1.19    1.20    1.09    1.17
                       2    0.71    1.00    0.69    3.16
KPG         6600   74.50   19.90   24.00    2.12    2.15    2.96    2.93   57.00    0.00  3
                    2.95    2.96    3.34    3.44
                       5 -999.00 -999.00 -999.00 -999.00
KPL         6602   75.30   31.30  100.00    2.22    2.19    2.58    2.63  247.00    0.00  3
                    3.11    3.10    0.78    0.91
                       0    3.23    3.09    0.85    0.69
KRD         6605   85.80   20.20   30.00   -1.91   -1.99    3.37    3.42   42.00    0.00  3
                   -2.68   -2.78    3.04    2.97
                      10 -999.00 -999.00 -999.00 -999.00
KYL         6612   77.00   32.30  219.00    2.12    2.06    1.97    1.96  809.00    0.00  3
                    1.96    1.86    1.81    1.84
                       0    2.09    3.86    1.55    2.54
MGI         6621   92.00   26.40  131.00    2.37    2.36    1.63    1.65  282.00    0.00  3
                    2.82    2.84    0.42    0.43
                       0    2.93    2.74    0.41    0.70
MLR         6627   75.00   33.90  237.00    1.13    1.09    2.01    2.04 1140.00    0.00  3
                    0.76    0.56    2.56    2.40
                       0    0.51    1.59    2.28    3.00
MRN         6633   78.00   26.50  195.00    0.47    0.49    1.57    1.58  556.00    0.00  3
                    0.62    0.69    1.96    1.98
                       0    0.41    1.79    1.95    1.45
NDL         6638   77.20   28.60   83.00    1.44    1.28    2.59    2.57  123.00    0.00  3
                    2.77    2.52    0.69    0.81
                       0    2.41    2.98    0.86    0.69
NGP         6640   79.00   21.10  115.00    2.01    2.06    1.93    1.97  283.00    0.00  3
                    2.59    2.63    0.60    0.58
                       0    2.26    2.58    0.71    0.60
NMI         6641   88.40   27.20   92.00    2.17    2.16    2.27    2.29  191.00    0.00  3
                    2.79    2.85    1.10    1.07
                       0    2.95    2.26    1.26    1.92
NNT         6645   79.40   29.40  213.00   -3.68   -3.64    1.49    1.51  644.00    0.00  3
                   -3.87   -3.79    1.57    1.51
                       0   -3.56   -1.17    1.19    3.11
PDR         6656   82.20   17.10  219.00    7.39    7.33    6.61    6.62 1239.00   50.00  3
                   10.25   10.23    4.71    4.83
                       0   11.80    5.69    1.38   10.04
PNK         6659   77.00   30.70  224.00    3.08    3.04    1.92    1.94 1156.00    0.00  3
                    3.16    3.10    1.38    1.48
                       0    2.68    5.32    2.03    1.75
PTM         6663   77.10   28.70   97.00    4.69    4.57    3.67    3.67  358.00    1.00  3
                    4.66    4.52    3.24    3.31
                      54    5.52    4.92    1.12    5.09
REO         6664   78.20   31.30  141.00    4.49    4.46    1.36    1.36  509.00    0.00  3
                    4.63    4.57    1.04    1.01
                       0    5.02    3.96    0.96    1.20
RGN         6665   73.80   18.50  163.00   12.87   12.89    2.89    2.91 1231.00  525.00  3
                   12.67   12.59    2.60    2.89
                       0   13.86   11.92    0.91    3.11
RNT         6671   86.60   21.10  135.00    1.95    1.95    1.59    1.59  346.00    0.00  3
                    2.38    2.35    0.33    0.35
                       0    2.32    2.50    0.23    0.45
SBG         6674   77.10   31.60  101.00    5.51    5.48    2.02    2.02  234.00    0.00  3
                    5.87    5.74    1.29    1.34
                       0    5.99    4.79    1.28    1.64
SIR         6683   74.80   14.60   49.00    2.21    2.20    1.48    1.43  122.00    0.00  3
                    2.32    2.30    0.56    0.51
                       0 -999.00 -999.00 -999.00 -999.00
TDR         6696   77.60   17.20  237.00    2.89    2.87    1.49    1.51 1318.00    0.00  3
                    2.53    2.63    1.56    1.67
                       0    3.45    2.22    1.73    1.79
TKM         6699   78.80   24.70  172.00   -2.14   -2.10    3.67    3.69  614.00    0.00  3
                   -3.53   -3.67    2.75    2.49
                       0    1.97    1.33    3.23    4.04
TOL         6701   94.00   24.60  140.00    2.79    2.77    1.98    2.02  454.00    0.00  3
                    3.04    3.04    1.19    1.24
                       0    2.78    4.12    1.06    1.36
TPT         6702   78.20    8.80  221.00    0.88    0.93    1.78    1.77 1151.00    0.00  3
                    1.27    1.46    1.85    1.76
                       0    1.48    0.57    0.79    3.10
TWG         6707   91.90   27.60  220.00   -2.49   -2.46    1.45    1.44 1215.00    0.00  3
                   -2.79   -2.76    1.21    1.21
                       0   -3.22   -1.11    1.09    2.00
UJH         6710   77.00   29.40  137.00    2.09    2.06    1.46    1.45  625.00    0.00  3
                    2.17    2.17    1.40    1.39
                       0    2.63    1.94    1.11    1.22
VDR         6715   73.20   22.40  122.00   -0.22   -0.23    1.84    1.84  266.00    0.00  3
                   -0.31   -0.27    2.12    2.16
                       4   -0.44    0.74    1.76    1.98
VSL         6720   85.20   25.70  101.00   -3.89   -3.89    1.71    1.71  382.00    0.00  3
                   -4.16   -4.11    1.32    1.37
                       4   -3.44   -4.38    0.86    1.18
42062       6896   76.38   32.27  112.00    3.08    3.03    2.31    2.33  113.00    0.00  3
                    2.66    2.25    2.48    2.44
                       0    1.67    4.43    1.61    2.81
42065       6897   77.17   32.27   93.00    5.11    5.07    1.73    1.75   94.00    0.00  3
                    4.82    4.82    1.56    1.64
                       0    4.15    6.33    0.84    1.51
42078       6898   76.97   31.72   57.00    0.83    0.79    1.99    2.03   58.00    0.00  3
                    0.59    0.46    1.44    1.49
                       0   -0.55    1.43    0.75    1.53
BMR         7063   71.40   25.80  115.00    5.63    5.66    1.39    1.40  395.00    0.00  3
                    5.40    5.37    1.38    1.38
                       0    5.66    6.36    1.52    2.02
JOD         7066   73.00   26.20   59.00   -2.41   -2.42    1.80    1.77   93.00    0.00  3
                   -2.31   -2.20    2.16    2.07
                       1   -3.98   -1.38    1.00    1.21
LTR         7071   76.60   18.40   90.00    2.77    2.76    1.39    1.39  293.00    0.00  3
                    3.13    3.15    1.26    1.25
                       0    3.08    3.66    1.06    1.03
NCM         7073   77.40   28.60   81.00    6.82    6.69    3.40    3.46  210.00    0.00  3
                    7.02    6.94    3.65    3.61
                      31    6.47    7.67    4.12    4.29
PTL         7075   76.30   20.30  163.00    4.21    4.22    1.42    1.44  470.00    0.00  3
                    4.41    4.36    0.89    1.00
                       0    4.31    3.41    0.68    0.77
83970       7187  309.10  -31.25  133.00   -0.05    0.03    1.58    1.64  134.00    0.00  3
                    0.06    0.15    1.47    1.48
                       1   -0.69    0.09    1.73    0.98
84688       7189  286.66  -13.72  116.00    0.10    0.03    2.01    2.01  166.00    0.00  3
                    0.77    0.64    2.10    2.17
                       1    1.46   -0.19    1.61    2.86
AMA         7305   84.70   19.10   63.00    2.73    2.76    2.57    2.56  170.00    0.00  3
                    3.37    3.38    0.34    0.39
                       0    3.34    3.35    0.38    0.38
37609       7308   43.87   41.02  195.00    0.99    0.91    1.74    1.77  232.00    0.00  3
                    0.87    0.78    1.96    1.93
                       0    2.18    0.73    1.38    2.72
BIL         7356   74.60   25.40  180.00    3.02    3.03    1.33    1.36  894.00    0.00  3
                    3.54    3.65    2.15    1.67
                       0    2.69    4.82    1.36    1.66
TRV         7357   77.00    8.50   99.00    1.84    1.87    1.81    1.82  245.00    0.00  3
                    1.90    1.95    1.16    1.22
                       5    1.69    1.99    0.88    1.03
94229       7367  131.12  -17.38   51.00    1.80    1.89    2.05    2.09   52.00    0.00  3
                    0.76    0.78    1.15    1.07
                       3 -999.00 -999.00 -999.00 -999.00
BTL         7369   77.90   21.80   75.00    2.65    2.66    1.66    1.70  225.00    0.00  3
                    3.17    3.23    1.70    1.73
                       6    3.02    3.52    0.74    1.73
RGJ         7386   88.10   25.60   61.00    1.79    1.81    2.06    2.07  133.00    0.00  3
                    2.56    2.54    0.50    0.50
                      11    2.46    2.62    0.48    0.46
BHA         7430   79.60   21.20   80.00    1.14    1.20    2.07    2.08  281.00    0.00  3
                    1.47    1.52    0.99    0.92
                      25    1.06    2.12    0.45    1.26
DML         7502   77.30   30.10   57.00   -0.26   -0.27    1.72    1.72  226.00    0.00  3
                    0.07    0.15    1.22    1.24
                       0   -0.84    0.30    1.74    0.79
LEH         7509   77.70   34.00  154.00    3.22    3.19    3.16    3.17  454.00    4.00  3
                    2.48    2.39    1.76    1.78
                       0    1.79    7.12    1.00    4.79
06747       7649    7.81   45.95   65.00   -1.89   -1.91    1.50    1.57  374.00    0.00  3
                   -1.71   -1.75    1.78    1.61
                       9   -2.02   -1.67    2.10    1.51
91636       7511  177.15   -7.23    1.00   15.17   15.23    0.00    0.00    8.00    7.00  1
                 -999.00 -999.00 -999.00 -999.00
                      21 -999.00 -999.00 -999.00 -999.00
