FDST         646   31.95  -26.43  229.00   -0.12   -0.18    2.03    2.00  818.00    0.00  3
                    0.53    0.43    0.86    0.82
                       0    1.00    0.24    0.94    1.07
K0CO         770  254.23   39.79  234.00    1.00    1.00    1.62    1.62 4410.00    0.00  3
                    1.08    1.21    1.73    1.59
                       0    0.80    1.62    1.39    1.36
K2C8         833  262.37   48.78  189.00    0.73    0.72    1.82    1.82 3250.00    0.00  3
                    1.11    1.01    0.66    0.69
                       0    0.86    0.75    3.54    1.11
K7L2         883  259.75   46.22  182.00    2.23    2.20    1.85    1.85 3181.00    0.00  3
                    1.73    1.55    1.09    1.09
                       0    3.72    1.58    3.60    0.97
KAQV         985  266.72   31.40  168.00   -2.89   -2.96    2.44    2.44 1186.00    0.00  3
                    0.42   -2.28    4.82    2.94
                       0   -0.01   -4.53    0.83    2.08
KCBG        1177  266.73   45.57  238.00    0.56    0.54    1.44    1.35 4553.00    0.00  3
                    0.50    0.54    1.44    1.44
                       0    0.74   -0.79    0.81    1.16
KEVU        1487  265.09   40.35  235.00   -1.46   -1.47    1.51    1.55 3924.00    0.00  3
                   -1.73   -1.75    1.66    1.75
                       1   -1.78   -2.61    1.03    1.34
KLRJ        1988  263.80   42.78  238.00    0.80    0.79    2.03    2.03 4228.00   35.00  3
                    0.54    0.50    0.92    0.84
                       0    1.22   -0.34    2.43    0.94
KMKJ        2101  278.66   36.90  205.00   -1.34   -1.36    3.82    3.80 3631.00    0.00  3
                    1.00    0.95    1.31    1.36
                      12    1.16    1.38    0.68    0.42
KMZZ        2193  274.32   40.49  185.00   -3.63   -3.70    1.65    1.68 2979.00    0.00  3
                   -3.72   -3.85    2.02    2.04
                       0   -2.37   -4.14    2.09    1.87
KNSI        2228  240.55   33.22  165.00    0.35    0.15    1.55    1.66  693.00    0.00  3
                    0.36    0.23    0.70    1.00
                       5    0.68    0.23    0.85    0.69
KONX        2289  283.98   36.40  189.00    0.16    0.08    1.38    1.36 3314.00    0.00  3
                    0.62    0.54    0.45    0.41
                       0   -3.18    0.80    0.96    0.37
KP69        2334  244.40   46.15  238.00    0.68    0.70    1.43    1.41 1392.00    0.00  3
                    0.99    1.10    1.24    1.21
                       0    1.31    0.32    0.52    1.72
KRPD        2500  268.23   45.42  238.00   -1.41   -1.44    2.13    2.10 4246.00    0.00  3
                   -0.67   -0.62    1.87    1.81
                       0    0.14   -1.60    0.72    1.89
KU68        2757  251.55   44.91  122.00   -3.71   -3.72    1.53    1.48 1365.00    0.00  3
                   -3.94   -3.88    1.57    1.43
                       0   -3.78   -3.34    1.34    1.86
KY19        2857  259.11   46.76  182.00    2.27    2.23    1.56    1.54 3175.00    0.00  3
                    1.76    1.81    0.96    1.10
                       0    1.25    5.02    0.57    1.32
LIVE        3106   10.50   46.83  207.00    2.32    2.30    1.36    1.31 1179.00    0.00  3
                    2.59    2.57    1.34    1.30
                       0    2.03    2.64    2.06    1.64
LTCB        3208   43.03   39.71  238.00    5.57    5.51    1.33    1.37 1531.00    0.00  3
                    5.55    5.45    1.24    1.35
                       0    6.94    6.11    1.62    1.52
LTCS        3220   38.88   37.47  238.00    4.26    4.30    2.11    2.12 2858.00    0.00  3
                    3.81    3.79    1.92    1.92
                       0    6.08    2.33    3.13    1.07
OING        3455   54.40   36.90  238.00    2.41    2.39    1.36    1.37 1567.00    0.00  3
                    2.20    2.17    1.45    1.43
                       0    4.31    2.38    1.86    0.96
PALJ        3573  205.68   60.20  148.00    1.46    1.43    1.40    1.43  259.00    0.00  3
                    1.35    1.32    1.20    1.13
                       1    1.29    1.71    0.97    1.12
PAPT        3599  207.26   62.09  150.00    2.55    2.51    1.45    1.47  328.00    0.00  3
                    2.67    2.72    1.13    1.22
                       1    2.22    1.83    0.47    0.90
PHSF        3662  204.45   19.78  197.00   -1.35   -1.34    1.38    1.31 1634.00    0.00  3
                   -1.21   -1.20    1.40    1.34
                       0   -1.74   -0.66    1.32    1.18
SBBT        3823  311.40  -20.58  134.00    4.03    4.00    1.73    1.73  509.00    0.00  3
                    3.79    3.84    1.43    1.32
                       0    4.23    2.14    0.99    1.66
SLLP        3987  291.82  -16.52  238.00   -0.09   -0.15    1.46    1.43 1472.00    0.00  3
                    0.08   -0.03    1.28    1.35
                       0   -0.14   -0.68    1.13    1.42
SLOR        3989  292.92  -17.97  141.00    2.04    2.00    1.40    1.42  551.00    0.00  3
                    2.12    2.12    1.49    1.54
                       1    2.15    2.05    0.78    2.03
SPJL        4008  289.85  -15.48  190.00   -0.62   -0.66    1.40    1.45  822.00    3.00  3
                   -0.41   -0.41    0.92    0.91
                       0    0.26   -0.43    0.82    0.64
SVMD        4033  288.82    8.60  196.00    3.35    3.36    1.45    1.43  552.00    0.00  3
                    3.25    3.30    1.44    1.37
                       1    3.68    3.97    0.90    1.72
SLPO        4762  294.28  -19.53  104.00    2.68    2.59    1.50    1.58  415.00    0.00  3
                    2.52    2.40    1.41    1.55
                       1    3.28    2.38    2.40    1.33
SPHY        4765  286.66  -13.72  117.00    0.40    0.34    2.27    2.28  535.00    2.00  3
                    0.71    0.66    2.24    2.20
                       1    1.70    0.16    2.42    2.77
SPJJ        4878  284.53  -11.78   35.00    2.36    2.40    2.06    2.05   42.00    0.00  3
                    2.11    2.26    1.37    1.43
                       1 -999.00 -999.00 -999.00 -999.00
FDPP        4953   31.25  -25.96  118.00   -0.47   -0.50    3.73    3.76  433.00    2.00  3
                    0.32    0.29    2.10    2.24
                       0   -2.88   -0.74    2.78    2.26
