  FDST       31.95  -26.43   -0.12   -0.18    2.03    2.00  3
  K0CO      254.23   39.79    1.00    1.00    1.62    1.62  3
  K2C8      262.37   48.78    0.73    0.72    1.82    1.82  3
  K7L2      259.75   46.22    2.23    2.20    1.85    1.85  3
  KAQV      266.72   31.40   -2.89   -2.96    2.44    2.44  3
  KCBG      266.73   45.57    0.56    0.54    1.44    1.35  3
  KEVU      265.09   40.35   -1.46   -1.47    1.51    1.55  3
  KLRJ      263.80   42.78    0.80    0.79    2.03    2.03  3
  KMKJ      278.66   36.90   -1.34   -1.36    3.82    3.80  3
  KMZZ      274.32   40.49   -3.63   -3.70    1.65    1.68  3
  KNSI      240.55   33.22    0.35    0.15    1.55    1.66  3
  KONX      283.98   36.40    0.16    0.08    1.38    1.36  3
  KP69      244.40   46.15    0.68    0.70    1.43    1.41  3
  KRPD      268.23   45.42   -1.41   -1.44    2.13    2.10  3
  KU68      251.55   44.91   -3.71   -3.72    1.53    1.48  3
  KY19      259.11   46.76    2.27    2.23    1.56    1.54  3
  LIVE       10.50   46.83    2.32    2.30    1.36    1.31  3
  LTCB       43.03   39.71    5.57    5.51    1.33    1.37  3
  LTCS       38.88   37.47    4.26    4.30    2.11    2.12  3
  OING       54.40   36.90    2.41    2.39    1.36    1.37  3
  PALJ      205.68   60.20    1.46    1.43    1.40    1.43  3
  PAPT      207.26   62.09    2.55    2.51    1.45    1.47  3
  PHSF      204.45   19.78   -1.35   -1.34    1.38    1.31  3
  SBBT      311.40  -20.58    4.03    4.00    1.73    1.73  3
  SLLP      291.82  -16.52   -0.09   -0.15    1.46    1.43  3
  SLOR      292.92  -17.97    2.04    2.00    1.40    1.42  3
  SPJL      289.85  -15.48   -0.62   -0.66    1.40    1.45  3
  SVMD      288.82    8.60    3.35    3.36    1.45    1.43  3
  SLPO      294.28  -19.53    2.68    2.59    1.50    1.58  3
  SPHY      286.66  -13.72    0.40    0.34    2.27    2.28  3
  SPJJ      284.53  -11.78    2.36    2.40    2.06    2.05  3
  FDPP       31.25  -25.96   -0.47   -0.50    3.73    3.76  3
