AYNZ           3  146.72   -6.57  175.00    1.67    1.64    0.56    0.56  629.00    0.00  0
                    1.66    1.67    0.58    0.58
                       0    1.86    1.93    0.69    0.68
CYGE          78  243.02   51.30  176.00    2.12    2.07    1.03    1.02  937.00    0.00  0
                    1.93    1.94    1.10    1.12
                       1    1.25    3.20    0.72    1.07
CYKO         108  281.92   60.49  138.00    1.76    1.71    0.88    0.89  570.00    0.00  0
                    1.80    1.75    0.78    0.80
                       1    1.59    0.73    0.60    0.57
CYMU         126   56.00    6.00  154.00   -5.38   -5.38    0.86    0.87  775.00    0.00  0
                   -5.29   -5.32    0.74    0.70
                       1   -5.03   -6.10    1.71    0.24
CYRV         175  241.82   50.96  234.00    2.81    2.81    0.99    0.98 2525.00    0.00  0
                    2.73    2.68    0.90    0.93
                       0    1.81    3.35    0.67    1.01
DTTL         324   11.08   36.85  188.00    1.96    1.94    0.59    0.58  596.00    0.00  0
                    1.98    1.97    0.60    0.55
                       0    2.05    1.93    1.02    0.81
GMTA         705  356.15   35.18  238.00    1.92    1.89    0.89    0.86 1411.00    0.00  0
                    1.89    1.87    0.91    0.93
                       0    1.38    2.26    0.77    0.50
HETR         738   33.65   28.21  238.00    1.71    1.65    0.65    0.64 1402.00    0.00  0
                    1.94    1.74    0.65    0.59
                       0    2.17    1.43    0.42    0.90
K1A5         779  276.58   35.22  183.00    1.75    1.77    0.90    0.90 2429.00    0.00  0
                    1.39    1.44    1.44    1.58
                       1    1.15    2.62    0.44    0.50
K9V9         897  260.68   43.80  238.00    2.03    2.02    0.82    0.82 4270.00    0.00  0
                    1.96    2.40    0.76    1.07
                       0    1.84    1.91    0.68    0.81
KBAC        1038  261.98   46.93  238.00    1.67    1.73    0.91    0.87 4152.00    0.00  0
                    1.60    1.67    0.86    0.76
                       0    1.36    1.23    0.74    0.94
KHSP        1775  280.17   37.95  238.00    2.22    2.13    0.77    0.74 4083.00    0.00  0
                    2.34    2.22    0.71    0.65
                       0    2.36    2.15    0.55    0.63
KOVE        2313  238.38   39.49  214.00    1.64    1.72    0.82    0.92 1281.00    0.00  0
                    1.50    1.56    0.75    0.88
                       0    1.36    1.00    0.54    0.62
KRZL        2530  272.81   40.95  232.00   -1.73   -1.81    0.61    0.64 4110.00    0.00  0
                   -1.12   -1.79    0.97    0.59
                       0   -1.80   -2.04    0.51    0.46
KS32        2533  261.90   47.42  238.00    1.62    1.68    0.84    0.81 4235.00    0.00  0
                    2.02    2.15    0.87    0.96
                       0    1.59    1.23    0.35    0.63
KTOC        2721  276.71   34.59  235.00    1.61    1.58    0.50    0.55 4161.00    0.00  0
                    1.62    1.57    0.48    0.53
                       0    1.61    1.33    0.42    0.39
KVJI        2799  277.97   36.68  238.00    1.71    1.67    0.58    0.62 4277.00    0.00  0
                    1.60    1.57    0.60    0.60
                       0    1.86    1.62    0.76    0.62
LATI        2870   19.72   41.42  238.00    1.61    1.57    0.53    0.53 2832.00    0.00  0
                    1.76    1.73    0.52    0.52
                       0    1.69    1.81    0.68    0.67
LBGO        2872   25.70   43.15  238.00    1.63    1.59    0.58    0.61 2843.00    0.00  0
                    1.67    1.62    0.57    0.61
                       0    1.79    0.88    0.27    0.34
LECH        2897  358.70   40.86  238.00    3.27    3.24    1.05    1.06 2861.00    0.00  0
                    3.33    3.26    1.17    1.17
                       0    3.73    3.70    0.81    0.78
LGKR        3030   19.92   39.61  238.00    1.66    1.70    0.54    0.57 2845.00    0.00  0
                    1.71    1.68    0.60    0.63
                       0    1.41    1.77    0.84    0.66
LIBQ        3059   16.39   39.33  207.00    1.90    1.83    0.95    0.95 1211.00    0.00  0
                    1.97    1.77    0.99    0.95
                       0    1.85    1.43    0.74    1.29
LIBY        3062   18.35   39.82  207.00    1.69    1.64    0.74    0.73 1204.00    0.00  0
                    1.68    1.68    0.78    0.81
                       0    1.76    1.69    0.76    0.96
LICF        3065   15.55   38.20  207.00    1.97    1.90    0.79    0.79 1219.00    0.00  0
                    1.96    2.26    0.81    0.92
                       0    2.40    1.62    1.03    0.88
LICZ        3069   14.92   37.40  207.00    3.44    3.38    0.97    0.97 1225.00    0.00  0
                    3.37    3.34    0.91    0.91
                       0    4.71    3.36    1.52    0.88
LIED        3072    8.97   39.35  211.00    2.02    1.92    0.90    0.88 1242.00    0.00  0
                    1.99    1.89    0.93    0.87
                       0    2.73    1.82    0.82    1.12
LIMK        3080    7.73   45.03  207.00    2.67    2.57    1.02    1.00 1218.00    0.00  0
                    2.64    2.51    0.98    0.96
                       0    2.33    2.29    0.97    0.77
LIPS        3090   12.10   45.68  207.00    1.96    1.96    0.71    0.72 1233.00    0.00  0
                    1.90    1.92    0.64    0.63
                       0    2.27    1.78    0.89    0.50
LIQC        3094   14.20   40.54  207.00    1.85    1.83    0.70    0.71 1165.00    0.00  0
                    1.85    1.84    0.76    0.75
                       0    2.20    1.85    0.71    0.81
LIRE        3096   12.43   41.65  208.00    2.06    2.06    0.61    0.59 1219.00    0.00  0
                    2.05    2.08    0.65    0.61
                       0    1.96    2.34    0.63    0.43
LIRM        3098   14.07   41.05  238.00    1.80    1.74    0.80    0.78 1437.00    0.00  0
                    1.82    1.78    0.70    0.68
                       0    2.33    1.65    0.87    0.46
LOWI        3130   11.35   47.27  238.00    1.76    1.78    0.88    0.84 2853.00    0.00  0
                    1.67    1.72    0.91    0.83
                       0    1.48    1.79    1.00    0.78
LRSB        3163   24.08   45.78  238.00    1.72    1.70    0.64    0.67 2852.00    0.00  0
                    1.89    1.72    0.56    0.64
                       0    1.97    1.41    0.50    0.98
LSGS        3171    7.33   46.22  238.00    2.13    2.07    1.01    1.01 2852.00    0.00  0
                    2.01    1.97    0.86    0.93
                       0    2.19    1.67    1.11    0.78
LSMM        3175    8.11   46.75  238.00    2.06    2.04    0.88    0.89 2764.00    0.00  0
                    1.95    1.96    0.84    0.94
                       0    2.08    1.88    0.79    0.73
LSZA        3177    8.92   46.00  238.00    1.92    1.88    0.83    0.84 2853.00    0.00  0
                    1.84    1.82    0.74    0.76
                       0    1.50    1.77    0.56    1.79
LSZL        3182    8.88   46.16  220.00    2.75    2.72    0.89    0.89 2454.00    0.00  0
                    2.62    2.61    0.66    0.63
                       0    2.54    2.75    0.60    1.25
LTFG        3226   32.29   36.29  238.00    1.84    1.80    0.79    0.79 1448.00    0.00  0
                    1.97    1.92    0.76    0.69
                       0    1.65    1.94    0.45    1.27
MDST        3251  289.41   19.39  238.00    1.76    1.71    0.64    0.63 1413.00    0.00  0
                    1.76    1.69    0.73    0.73
                       0    1.82    2.01    0.78    1.01
MHLM        3259  272.07   15.45  238.00    1.68    1.64    0.77    0.76 1255.00    0.00  0
                    1.57    1.47    0.77    0.78
                       0    2.65    1.24    0.41    0.59
MHSC        3262  272.38   14.38  203.00    2.11    2.02    0.71    0.73 1521.00    0.00  0
                    2.09    2.04    0.69    0.73
                       0    1.94    2.94    0.52    0.62
MMCB        3272  260.73   18.82  167.00    1.94    1.91    0.68    0.72  600.00    0.00  0
                    1.90    1.88    0.61    0.66
                       1    1.56    2.09    0.74    0.74
MMGM        3285  249.07   27.97  178.00    1.66    1.61    0.56    0.55  742.00    0.00  0
                    1.72    1.68    0.50    0.53
                       1    1.55    1.67    0.68    0.43
MMIA        3287  256.42   19.27  180.00    1.76    1.74    0.68    0.71  879.00    0.00  0
                    1.83    1.80    0.68    0.70
                       1    1.84    2.00    0.80    0.73
MMLT        3292  248.65   26.02  177.00    1.83    1.84    0.69    0.70  746.00    0.00  0
                    1.84    1.89    0.59    0.65
                       1    2.35    1.48    0.35    0.69
MMPN        3308  257.97   19.39  175.00    1.63    1.64    0.47    0.50  792.00    0.00  0
                    1.58    1.60    0.46    0.52
                       1    1.63    1.45    0.47    0.29
MMPR        3310  254.75   20.68  227.00    1.78    1.76    0.59    0.61 1379.00    0.00  0
                    1.75    1.70    0.57    0.58
                       0    1.69    2.00    0.67    0.45
MTPP        3350  287.70   18.57  177.00    1.61    1.55    0.46    0.44  723.00    0.00  0
                    1.60    1.57    0.49    0.47
                       1    1.36    1.28    0.47    0.48
OERR        3414   41.13   30.90  238.00    1.83    1.82    0.48    0.48 1426.00    0.00  0
                    1.73    1.74    0.45    0.42
                       0    1.84    1.57    0.49    0.33
OEWJ        3421   36.47   26.20  238.00    2.23    2.19    0.57    0.57 1429.00    0.00  0
                    2.32    2.25    0.56    0.57
                       0    2.36    2.59    0.54    0.40
OEYN        3422   38.07   24.15  238.00    1.67    1.64    0.75    0.75 1427.00    0.00  0
                    1.56    1.53    0.76    0.73
                       0    2.38    1.60    1.04    0.71
OIBP        3431   52.73   27.38  236.00    1.62    1.55    0.56    0.56 1758.00    0.00  0
                    1.64    1.61    0.53    0.55
                       0    2.04    1.68    0.67    0.41
OIBQ        3432   50.32   29.27  226.00    1.75    1.68    0.86    0.81  860.00    0.00  0
                    1.59    1.51    0.81    0.81
                       0    1.15    1.55    0.51    0.71
OINE        3454   55.45   37.38  238.00    1.98    1.94    0.97    0.97 1421.00    0.00  0
                    1.91    1.86    1.00    1.04
                       0    2.58    1.65    1.78    0.93
OINR        3457   50.67   36.90  238.00    2.33    2.34    0.72    0.74 1305.00    0.00  0
                    2.30    2.32    0.79    0.77
                       0    2.21    2.35    0.79    0.73
OIZJ        3470   57.80   25.65  238.00    2.18    2.13    0.61    0.61 1106.00    0.00  0
                    2.14    2.09    0.58    0.61
                       0    2.64    2.04    0.33    0.94
OOMS        3484   58.28   23.58  238.00    2.29    2.26    0.85    0.83 1417.00    0.00  0
                    2.41    2.40    0.85    0.84
                       0    2.38    3.20    1.19    0.47
OPRN        3491   73.09   33.61  210.00    1.66    1.61    0.64    0.65 1745.00    0.00  0
                    1.62    1.60    0.59    0.63
                       0    1.27    1.95    0.44    1.02
PAAQ        3505  210.92   61.60  235.00    1.60    1.58    0.78    0.77 1686.00    0.00  0
                    1.55    1.54    0.83    0.76
                       0    1.45    1.80    0.83    0.70
PAED        3524  210.20   61.25  227.00    1.63    1.64    0.79    0.77 2004.00    1.00  0
                    1.70    2.07    0.82    0.87
                       0    1.99    1.73    0.97    0.67
PAGY        3544  224.70   59.47  238.00    1.71    1.63    1.02    0.98 1580.00    0.00  0
                    1.54    1.47    1.00    0.91
                       0    0.49    2.14    0.56    0.70
PAHN        3546  224.48   59.25  238.00    2.06    1.99    0.94    0.88 1798.00    0.00  0
                    2.10    2.04    0.85    0.86
                       0    0.73    1.94    0.55    0.58
PAJN        3559  225.42   58.37  238.00    1.65    1.60    0.91    0.83 1581.00    0.00  0
                    1.78    1.67    0.88    0.84
                       0    0.35    1.87    0.63    0.60
PAWD        3631  210.59   60.13  210.00    1.84    1.85    0.76    0.74 1829.00    0.00  0
                    2.52    2.56    1.22    1.18
                       0    1.67    1.42    0.30    1.02
RJNW        3719  136.94   37.28  178.00    2.81    2.82    0.82    0.81  709.00    0.00  0
                    2.73    3.14    0.76    0.93
                       0    2.96    2.52    1.00    0.59
RPLL        3782  121.00   14.52  238.00    1.87    1.87    0.48    0.48 1487.00    0.00  0
                    1.90    1.90    0.44    0.47
                       0    2.02    1.53    0.57    0.49
SAME        3794  291.22  -32.83  238.00    1.75    1.73    0.88    0.87 1417.00    0.00  0
                    1.70    1.83    0.62    0.67
                       0    1.65    2.65    0.37    1.05
SBEK        3841  302.22   -6.23  125.00    1.99    1.94    0.60    0.59  439.00    0.00  0
                    1.94    1.92    0.50    0.49
                       1    1.99    1.97    0.43    0.28
SBIC        3852  301.57   -3.13  108.00    1.88    1.82    0.44    0.43  281.00    0.00  0
                    1.85    1.78    0.38    0.38
                       1    1.89    1.79    0.30    0.41
SBMY        3873  298.70   -5.82  107.00    1.65    1.59    0.47    0.47  274.00    0.00  0
                    1.63    1.58    0.38    0.41
                       1    1.62    1.65    0.31    0.22
SEAM        3935  281.44   -1.20  102.00    3.99    4.03    0.72    0.71  355.00    0.00  0
                    3.93    4.02    0.76    0.73
                       2    4.18    4.14    0.64    0.84
SECO        3936  283.02   -0.45  173.00    2.11    2.12    0.98    0.95  720.00    0.00  0
                    1.96    1.99    0.89    0.88
                       1    2.00    1.82    0.90    1.00
SELT        3940  281.38   -0.92  232.00    2.87    2.91    0.90    0.92 1346.00    0.00  0
                    2.83    2.82    0.84    0.85
                       0    3.30    2.87    0.79    1.03
SEMC        3941  281.88   -2.29  175.00    2.74    2.72    0.97    0.96  777.00    0.00  0
                    2.64    2.67    0.93    0.96
                       1    2.74    2.39    0.90    1.15
SENL        3943  283.14    0.10  175.00    2.64    2.63    1.01    1.01  726.00    0.00  0
                    2.50    2.85    1.00    1.08
                       1    2.62    2.22    1.18    1.02
SERB        3945  281.34   -1.61  116.00    2.53    2.52    0.67    0.69  344.00    0.00  0
                    2.51    2.50    0.66    0.74
                       1    2.65    2.56    0.97    0.88
SETU        3948  282.30    0.82  117.00    1.73    1.72    0.66    0.65  348.00    0.00  0
                    1.74    1.77    0.61    0.64
                       1    1.87    1.44    0.67    1.02
SGES        3951  305.15  -25.45  236.00    1.61    1.65    1.03    1.09 1583.00    0.00  0
                    1.47    1.53    0.84    0.81
                       0    1.36    1.23    0.96    0.69
SKAR        3952  284.28    4.50  237.00    3.40    3.36    0.90    0.88 1081.00    0.00  0
                    3.23    3.26    0.94    0.89
                       0    3.72    3.22    1.11    1.00
SKBG        3953  286.80    7.10  238.00    1.82    1.80    0.52    0.53 1123.00    0.00  0
                    1.80    1.79    0.51    0.54
                       0    2.12    1.60    0.41    0.44
SKCC        3956  287.48    7.93  238.00    1.62    1.59    0.79    0.81 1282.00    0.00  0
                    1.41    1.39    0.69    0.77
                       0    1.34    1.73    0.51    0.94
SKMD        3964  284.41    6.22  177.00    1.90    1.84    0.83    0.79  715.00    0.00  0
                    1.81    1.76    0.81    0.74
                       1    2.02    2.15    0.53    0.89
SKMZ        3966  284.53    5.03  123.00    2.24    2.24    0.56    0.58  293.00    0.00  0
                    2.29    2.31    0.62    0.68
                       2    2.28    2.37    0.54    0.48
SKPE        3969  284.27    4.82  237.00    3.37    3.33    0.51    0.49 1247.00    0.00  0
                    3.35    3.32    0.44    0.41
                       0    3.54    3.30    0.33    0.47
SKRG        3972  284.57    6.18  238.00    1.65    1.61    0.64    0.66 1492.00    0.00  0
                    1.57    1.55    0.63    0.69
                       0    1.58    1.63    0.64    0.60
SKVP        3978  286.75   10.43  185.00    2.27    2.28    0.69    0.69  861.00    0.00  0
                    2.32    2.29    0.68    0.71
                       0    2.04    2.79    0.77    0.48
SKVV        3979  286.38    4.17  181.00    2.54    2.47    0.78    0.75  772.00    0.00  0
                    2.53    2.46    0.85    0.75
                       1    2.68    2.20    0.75    0.85
SLRQ        3993  292.50  -14.42  179.00    1.69    1.63    1.00    0.99  767.00    0.00  0
                    1.89    1.85    0.96    0.99
                       1    1.16    2.22    0.80    0.32
SPCL        4004  285.41   -8.42  232.00    2.02    1.96    0.99    0.96 1369.00    0.00  0
                    2.08    2.02    0.84    0.93
                       0    2.34    2.06    0.42    0.36
SPMS        4012  283.92   -5.90  173.00    2.24    2.19    0.72    0.70  548.00    0.00  0
                    2.22    2.18    0.62    0.65
                       1    2.43    2.15    0.39    0.37
SPRU        4015  280.88   -8.08  232.00    1.67    1.66    0.59    0.58 1370.00    0.00  0
                    1.76    1.75    0.65    0.60
                       0    2.27    0.82    0.36    0.20
SPST        4017  283.63   -6.52  212.00    2.13    2.10    0.77    0.80  769.00    0.00  0
                    2.23    2.05    0.68    0.66
                       1    2.12    1.69    0.58    0.66
SVGU        4031  290.27    9.02  186.00    1.88    1.90    0.90    0.90  564.00    0.00  0
                    1.91    1.89    0.89    0.87
                       3    1.68    2.10    1.17    0.71
SVMC        4032  288.27   10.57   77.00    1.81    1.80    0.85    0.82  160.00    0.00  0
                    1.84    1.79    1.02    0.91
                      28    1.20    2.27    0.64    0.86
UBBY        4090   46.66   41.55  238.00    3.11    3.06    1.01    1.02 1412.00    0.00  0
                    3.00    2.96    1.06    1.08
                       0    2.67    2.49    1.47    0.74
UGKO        4096   42.48   42.18  208.00    1.62    1.54    0.90    0.89 2429.00    1.00  0
                    1.54    1.49    0.87    0.90
                       0    1.59    1.44    1.07    0.64
VEGT        4210   91.58   26.10  238.00    1.77    1.78    0.46    0.45 2761.00    0.00  0
                    1.74    1.79    0.45    0.45
                       0    1.74    1.93    0.45    0.60
VLLN        4226  101.40   20.96  178.00    1.64    1.65    0.53    0.47  730.00    0.00  0
                    1.63    1.63    0.55    0.48
                       0    1.46    1.93    0.75    0.59
VNKT        4231   85.37   27.70  238.00    1.79    1.80    0.56    0.56 2522.00    0.00  0
                    1.92    1.71    0.48    0.47
                       0    1.66    1.98    0.35    0.70
VOHY        4239   78.47   17.45  236.00    1.71    1.68    0.38    0.36 1690.00    0.00  0
                    1.71    1.67    0.34    0.31
                       0    1.45    2.04    0.39    0.58
WMKI        4325  101.08    4.57  238.00    1.65    1.66    0.58    0.61 1427.00    0.00  0
                    1.59    1.62    0.57    0.57
                       0    1.45    1.25    0.39    0.44
ZBSJ        4434  114.68   38.28  238.00    1.67    1.67    0.73    0.75 1459.00    0.00  0
                    1.58    1.64    0.61    0.68
                       0    1.69    1.83    0.32    1.28
DRRM        4479    7.08   13.47  174.00    1.68    1.61    0.62    0.60  622.00    0.00  0
                    1.68    1.62    0.59    0.53
                       0    1.65    2.13    0.45    0.78
FNKU        4572   16.93  -12.36  162.00    3.60    3.56    0.94    0.93  488.00    0.00  0
                    3.70    3.67    0.79    0.85
                       0    3.63    3.30    1.16    0.97
FNUE        4578   19.89  -11.76  162.00    2.47    2.41    0.63    0.63  527.00    0.00  0
                    2.40    2.33    0.62    0.72
                       0    2.11    2.25    0.54    0.61
FYGF        4590   18.12  -19.60  159.00    1.74    1.72    0.61    0.61  521.00    0.00  0
                    2.09    2.06    0.80    0.76
                       0    1.79    1.75    0.39    0.30
FZQA        4593   27.53  -11.58   58.00    1.82    1.70    0.59    0.62   98.00    0.00  0
                    1.77    1.60    0.63    0.68
                       0    1.75    1.75    0.57    0.70
LIMS        4632    9.73   44.92  163.00    2.10    2.09    0.98    1.01  727.00    0.00  0
                    2.01    1.98    1.03    1.02
                       0    2.18    1.69    0.98    0.80
LIMY        4634    7.80   44.25  153.00    6.03    5.98    1.15    1.11  656.00    0.00  0
                    6.23    6.67    1.00    1.05
                       0    6.35    6.10    0.89    1.07
LIMZ        4635    7.62   44.55  180.00    1.87    1.81    0.77    0.80  901.00    0.00  0
                    1.76    1.71    0.69    0.73
                       0    1.90    1.96    0.61    0.68
LIPA        4636   12.60   46.03  133.00    2.07    2.09    0.68    0.69  732.00    0.00  0
                    2.05    2.08    0.63    0.67
                       0    2.12    1.97    0.52    0.82
LIPB        4637   11.33   46.47  178.00    2.28    2.28    1.03    1.05 1018.00    0.00  0
                    2.29    2.27    1.10    1.16
                       0    1.58    2.52    0.35    0.91
LIQW        4643    9.98   44.08   93.00    2.28    2.27    0.83    0.86  416.00    0.00  0
                    2.19    2.21    0.82    0.86
                       0    2.41    2.04    0.63    0.79
LIRX        4650   10.40   42.73  150.00    2.58    2.51    0.90    0.88  659.00    0.00  0
                    2.50    2.42    0.86    0.82
                       0    2.67    2.31    0.69    1.21
OIBA        4674   55.03   25.87  179.00    1.75    1.70    0.77    0.78  750.00    0.00  0
                    1.76    1.65    0.68    0.82
                       0    1.83    2.19    1.39    0.59
VELR        4698   94.10   27.30  152.00    1.73    1.67    0.53    0.55  665.00    0.00  0
                    2.01    1.67    0.62    0.56
                       0    1.42    2.10    0.41    0.93
SBMD        4752  307.40   -0.89   78.00    1.90    1.88    0.28    0.26  265.00    0.00  0
                    1.93    1.88    0.24    0.23
                       1    1.96    1.84    0.34    0.15
SPGM        4764  284.00   -9.27  159.00    3.18    3.15    0.62    0.63  494.00    0.00  0
                    3.18    3.12    0.52    0.55
                       1    3.19    3.03    0.42    0.79
FZWA        4772   23.56   -6.11  131.00    1.89    1.75    0.97    0.98  299.00    0.00  0
                    1.75    1.54    0.93    0.91
                       0    1.85    1.37    1.05    0.48
FZNA        4806   29.23   -1.68   90.00    1.98    1.90    0.89    0.88  192.00    0.00  0
                    1.95    1.87    0.89    0.90
                       0    1.45    1.95    0.86    0.74
SVBI        4901  289.78    8.61  109.00    1.87    1.91    1.03    1.03  216.00    0.00  0
                    1.78    1.74    1.03    1.00
                       6    2.16    1.48    1.02    1.24
