  AYNZ      146.72   -6.57    1.67    1.64    0.56    0.56  0
  CYGE      243.02   51.30    2.12    2.07    1.03    1.02  0
  CYKO      281.92   60.49    1.76    1.71    0.88    0.89  0
  CYMU       56.00    6.00   -5.38   -5.38    0.86    0.87  0
  CYRV      241.82   50.96    2.81    2.81    0.99    0.98  0
  DTTL       11.08   36.85    1.96    1.94    0.59    0.58  0
  GMTA      356.15   35.18    1.92    1.89    0.89    0.86  0
  HETR       33.65   28.21    1.71    1.65    0.65    0.64  0
  K1A5      276.58   35.22    1.75    1.77    0.90    0.90  0
  K9V9      260.68   43.80    2.03    2.02    0.82    0.82  0
  KBAC      261.98   46.93    1.67    1.73    0.91    0.87  0
  KHSP      280.17   37.95    2.22    2.13    0.77    0.74  0
  KOVE      238.38   39.49    1.64    1.72    0.82    0.92  0
  KRZL      272.81   40.95   -1.73   -1.81    0.61    0.64  0
  KS32      261.90   47.42    1.62    1.68    0.84    0.81  0
  KTOC      276.71   34.59    1.61    1.58    0.50    0.55  0
  KVJI      277.97   36.68    1.71    1.67    0.58    0.62  0
  LATI       19.72   41.42    1.61    1.57    0.53    0.53  0
  LBGO       25.70   43.15    1.63    1.59    0.58    0.61  0
  LECH      358.70   40.86    3.27    3.24    1.05    1.06  0
  LGKR       19.92   39.61    1.66    1.70    0.54    0.57  0
  LIBQ       16.39   39.33    1.90    1.83    0.95    0.95  0
  LIBY       18.35   39.82    1.69    1.64    0.74    0.73  0
  LICF       15.55   38.20    1.97    1.90    0.79    0.79  0
  LICZ       14.92   37.40    3.44    3.38    0.97    0.97  0
  LIED        8.97   39.35    2.02    1.92    0.90    0.88  0
  LIMK        7.73   45.03    2.67    2.57    1.02    1.00  0
  LIPS       12.10   45.68    1.96    1.96    0.71    0.72  0
  LIQC       14.20   40.54    1.85    1.83    0.70    0.71  0
  LIRE       12.43   41.65    2.06    2.06    0.61    0.59  0
  LIRM       14.07   41.05    1.80    1.74    0.80    0.78  0
  LOWI       11.35   47.27    1.76    1.78    0.88    0.84  0
  LRSB       24.08   45.78    1.72    1.70    0.64    0.67  0
  LSGS        7.33   46.22    2.13    2.07    1.01    1.01  0
  LSMM        8.11   46.75    2.06    2.04    0.88    0.89  0
  LSZA        8.92   46.00    1.92    1.88    0.83    0.84  0
  LSZL        8.88   46.16    2.75    2.72    0.89    0.89  0
  LTFG       32.29   36.29    1.84    1.80    0.79    0.79  0
  MDST      289.41   19.39    1.76    1.71    0.64    0.63  0
  MHLM      272.07   15.45    1.68    1.64    0.77    0.76  0
  MHSC      272.38   14.38    2.11    2.02    0.71    0.73  0
  MMCB      260.73   18.82    1.94    1.91    0.68    0.72  0
  MMGM      249.07   27.97    1.66    1.61    0.56    0.55  0
  MMIA      256.42   19.27    1.76    1.74    0.68    0.71  0
  MMLT      248.65   26.02    1.83    1.84    0.69    0.70  0
  MMPN      257.97   19.39    1.63    1.64    0.47    0.50  0
  MMPR      254.75   20.68    1.78    1.76    0.59    0.61  0
  MTPP      287.70   18.57    1.61    1.55    0.46    0.44  0
  OERR       41.13   30.90    1.83    1.82    0.48    0.48  0
  OEWJ       36.47   26.20    2.23    2.19    0.57    0.57  0
  OEYN       38.07   24.15    1.67    1.64    0.75    0.75  0
  OIBP       52.73   27.38    1.62    1.55    0.56    0.56  0
  OIBQ       50.32   29.27    1.75    1.68    0.86    0.81  0
  OINE       55.45   37.38    1.98    1.94    0.97    0.97  0
  OINR       50.67   36.90    2.33    2.34    0.72    0.74  0
  OIZJ       57.80   25.65    2.18    2.13    0.61    0.61  0
  OOMS       58.28   23.58    2.29    2.26    0.85    0.83  0
  OPRN       73.09   33.61    1.66    1.61    0.64    0.65  0
  PAAQ      210.92   61.60    1.60    1.58    0.78    0.77  0
  PAED      210.20   61.25    1.63    1.64    0.79    0.77  0
  PAGY      224.70   59.47    1.71    1.63    1.02    0.98  0
  PAHN      224.48   59.25    2.06    1.99    0.94    0.88  0
  PAJN      225.42   58.37    1.65    1.60    0.91    0.83  0
  PAWD      210.59   60.13    1.84    1.85    0.76    0.74  0
  RJNW      136.94   37.28    2.81    2.82    0.82    0.81  0
  RPLL      121.00   14.52    1.87    1.87    0.48    0.48  0
  SAME      291.22  -32.83    1.75    1.73    0.88    0.87  0
  SBEK      302.22   -6.23    1.99    1.94    0.60    0.59  0
  SBIC      301.57   -3.13    1.88    1.82    0.44    0.43  0
  SBMY      298.70   -5.82    1.65    1.59    0.47    0.47  0
  SEAM      281.44   -1.20    3.99    4.03    0.72    0.71  0
  SECO      283.02   -0.45    2.11    2.12    0.98    0.95  0
  SELT      281.38   -0.92    2.87    2.91    0.90    0.92  0
  SEMC      281.88   -2.29    2.74    2.72    0.97    0.96  0
  SENL      283.14    0.10    2.64    2.63    1.01    1.01  0
  SERB      281.34   -1.61    2.53    2.52    0.67    0.69  0
  SETU      282.30    0.82    1.73    1.72    0.66    0.65  0
  SGES      305.15  -25.45    1.61    1.65    1.03    1.09  0
  SKAR      284.28    4.50    3.40    3.36    0.90    0.88  0
  SKBG      286.80    7.10    1.82    1.80    0.52    0.53  0
  SKCC      287.48    7.93    1.62    1.59    0.79    0.81  0
  SKMD      284.41    6.22    1.90    1.84    0.83    0.79  0
  SKMZ      284.53    5.03    2.24    2.24    0.56    0.58  0
  SKPE      284.27    4.82    3.37    3.33    0.51    0.49  0
  SKRG      284.57    6.18    1.65    1.61    0.64    0.66  0
  SKVP      286.75   10.43    2.27    2.28    0.69    0.69  0
  SKVV      286.38    4.17    2.54    2.47    0.78    0.75  0
  SLRQ      292.50  -14.42    1.69    1.63    1.00    0.99  0
  SPCL      285.41   -8.42    2.02    1.96    0.99    0.96  0
  SPMS      283.92   -5.90    2.24    2.19    0.72    0.70  0
  SPRU      280.88   -8.08    1.67    1.66    0.59    0.58  0
  SPST      283.63   -6.52    2.13    2.10    0.77    0.80  0
  SVGU      290.27    9.02    1.88    1.90    0.90    0.90  0
  SVMC      288.27   10.57    1.81    1.80    0.85    0.82  0
  UBBY       46.66   41.55    3.11    3.06    1.01    1.02  0
  UGKO       42.48   42.18    1.62    1.54    0.90    0.89  0
  VEGT       91.58   26.10    1.77    1.78    0.46    0.45  0
  VLLN      101.40   20.96    1.64    1.65    0.53    0.47  0
  VNKT       85.37   27.70    1.79    1.80    0.56    0.56  0
  VOHY       78.47   17.45    1.71    1.68    0.38    0.36  0
  WMKI      101.08    4.57    1.65    1.66    0.58    0.61  0
  ZBSJ      114.68   38.28    1.67    1.67    0.73    0.75  0
  DRRM        7.08   13.47    1.68    1.61    0.62    0.60  0
  FNKU       16.93  -12.36    3.60    3.56    0.94    0.93  0
  FNUE       19.89  -11.76    2.47    2.41    0.63    0.63  0
  FYGF       18.12  -19.60    1.74    1.72    0.61    0.61  0
  FZQA       27.53  -11.58    1.82    1.70    0.59    0.62  0
  LIMS        9.73   44.92    2.10    2.09    0.98    1.01  0
  LIMY        7.80   44.25    6.03    5.98    1.15    1.11  0
  LIMZ        7.62   44.55    1.87    1.81    0.77    0.80  0
  LIPA       12.60   46.03    2.07    2.09    0.68    0.69  0
  LIPB       11.33   46.47    2.28    2.28    1.03    1.05  0
  LIQW        9.98   44.08    2.28    2.27    0.83    0.86  0
  LIRX       10.40   42.73    2.58    2.51    0.90    0.88  0
  OIBA       55.03   25.87    1.75    1.70    0.77    0.78  0
  VELR       94.10   27.30    1.73    1.67    0.53    0.55  0
  SBMD      307.40   -0.89    1.90    1.88    0.28    0.26  0
  SPGM      284.00   -9.27    3.18    3.15    0.62    0.63  0
  FZWA       23.56   -6.11    1.89    1.75    0.97    0.98  0
  FZNA       29.23   -1.68    1.98    1.90    0.89    0.88  0
  SVBI      289.78    8.61    1.87    1.91    1.03    1.03  0
