dtype=   q120  mean,std
    10    10     9     8     9    10     9    10     9     9     9     8
     7     9     8     8     8     8     8     8     7     8     8     9
     8     9    10    11    11
    10    13    13    12    15    15    14    17    18    19    19    19
    16    19    20    20    19    20    21    21    18    21    21    21
    19    20    20    20    19
  1.00  1.00  0.90  0.80  0.90  1.00  0.90  1.00  0.90  0.90  0.90  0.80
  0.70  0.90  0.80  0.80  0.80  0.80  0.80  0.80  0.70  0.80  0.80  0.90
  0.80  0.90  1.00  1.10  1.10
  1.00  1.30  1.30  1.20  1.50  1.50  1.40  1.70  1.80  1.90  1.90  1.90
  1.60  1.90  2.00  2.00  1.90  2.00  2.10  2.10  1.80  2.10  2.10  2.10
  1.90  2.00  2.00  2.00  1.90
dtype=   q180   mean,std
    18    14
  1.80  1.40
dtype=   q181   mean,std
    15    10
  1.50  1.00
dtype=   q187   mean,std
    12     9
  1.20  0.90
