  22820         97   34.27   61.82    5.00
    118.00   -1.42   -1.22    1.17    1.05  169.00    3.00  0
              25   -1.30   -1.05    1.33    0.96
           -0.30   -2.03    0.41    1.00
     39.00   -1.70   -1.37    1.44    1.30   49.00    0.00  0
              26   -1.50   -1.20    1.78    1.48
           -1.00   -2.22    1.07    1.45
     41.00   -2.07   -1.77    1.38    1.21   50.00    0.00  0
              27   -2.00   -1.60    1.19    1.04
           -1.60   -2.05    1.63    1.01
     45.00   -2.37   -2.03    1.46    1.31   56.00    2.00  0
              28   -2.10   -1.90    1.48    1.19
           -1.38   -2.30    1.48    0.96
    118.00   -1.77   -1.53    1.69    1.53  177.00    2.00  0
              29   -1.02   -0.82    1.96    1.63
           -0.03   -2.10    1.07    1.26
  22845         98   38.93   61.50    4.00
     55.00   -1.31   -1.12    1.25    1.04   64.00    0.00  0
              30   -1.30   -0.80    1.33    1.19
           -0.60   -2.25    0.82    0.89
     67.00   -1.36   -1.27    1.25    1.08   93.00    0.00  0
              32   -1.40   -1.20    1.04    1.11
           -1.38   -2.00    1.00    1.00
    115.00   -1.34   -1.39    0.96    0.93  215.00    0.00  0
              40   -1.50   -1.50    0.89    0.89
           -1.98   -0.97    0.94    1.22
    104.00   -2.31   -2.25    1.39    1.37  256.00    0.00  0
              42   -2.21   -2.10    1.06    1.04
           -3.00   -1.40    1.28    1.24
  23802        104   50.78   61.67    6.00
     39.00    1.31    1.19    0.78    0.69   41.00    0.00  0
              26    1.30    1.20    0.74    0.74
            1.40    0.80    0.44    0.96
     43.00    1.50    1.41    0.92    0.78   46.00    0.00  0
              27    1.50    1.50    0.89    0.74
            1.75    1.10    0.37    1.33
     34.00    1.45    1.29    0.96    0.78   34.00    0.00  0
              28    1.30    1.20    0.96    0.96
            1.30    1.15    1.11    0.82
    118.00    1.55    1.49    0.97    0.76  162.00    0.00  0
              29    1.58    1.50    0.63    0.59
            1.23    1.40    0.26    0.67
    117.00    1.47    1.55    1.02    0.93  186.00    0.00  0
              31    1.60    1.80    1.04    0.94
            1.95    1.60    0.67    1.22
     72.00    1.39    1.44    1.22    1.12   89.00    0.00  0
              34    1.60    1.65    1.22    1.11
            2.15    1.55    1.04    1.04
  23921        106   60.43   60.68    8.00
     51.00    1.33    1.20    1.34    1.16   60.00    0.00  0
              27    2.10    1.20    1.19    0.89
            1.52    1.75    0.89    0.74
     40.00    1.48    1.30    1.32    1.11   48.00    0.00  0
              28    1.70    1.40    0.82    0.82
            1.75    1.53    0.67    1.41
    119.00    1.68    1.56    1.07    0.97  171.00    0.00  0
              29    1.70    1.60    0.89    0.82
            1.40    1.73    0.37    0.37
    119.00    1.37    1.49    1.43    1.24  214.00    0.00  0
              31    1.40    1.55    1.41    1.26
            2.23    1.35    0.37    0.96
     60.00    1.89    1.91    1.13    1.00   66.00    0.00  0
              34    2.20    2.00    1.04    0.89
            2.30    1.30    1.19    1.74
    117.00    1.31    1.28    0.85    0.83  143.00    0.00  0
              37    1.30    1.25    0.84    0.82
            1.25    1.30    0.96    0.67
    117.00    1.43    1.34    0.89    0.88  154.00    0.00  0
              38    1.40    1.40    1.04    0.89
            1.85    1.60    0.67    0.93
    117.00    1.34    1.25    0.88    0.87  193.00    0.00  0
              39    1.35    1.30    0.82    0.89
            1.35    1.20    0.67    1.30
  24641        113  121.62   63.77    7.00
     40.00    1.31    0.99    0.74    0.49   45.00    0.00  0
              22    1.45    1.10    0.67    0.59
            1.25    1.65    0.70    0.67
     40.00    1.33    1.08    0.77    0.71   45.00    0.00  0
              23    1.55    1.20    0.74    0.44
            1.40    1.70    0.74    0.82
    118.00    1.32    1.05    0.69    0.58  148.00    0.00  0
              25    1.30    1.00    0.59    0.44
            1.50    1.90    0.56    0.89
     31.00    1.62    1.19    0.76    0.55   32.00    0.00  0
              26    1.80    1.30    0.74    0.74
            1.80    1.60    0.59    0.89
     29.00    1.32    1.11    0.85    0.68   31.00    0.00  0
              27    1.40    1.10    0.89    0.74
            1.60    1.15    0.44    1.26
    118.00    1.45    1.34    1.15    0.93  161.00    0.00  0
              29    1.60    1.40    0.70    0.74
            1.50    1.83    0.67    1.04
     58.00   -1.91   -2.01    1.53    1.54  129.00    0.00  0
              42   -1.92   -2.03    1.31    1.37
           -2.31   -0.61    0.73    1.05
  28698        142   73.40   54.93    8.00
     40.00   -1.38   -1.18    1.23    1.05   43.00    0.00  0
              19   -1.25   -0.90    0.89    0.78
           -1.40   -1.50    0.89    1.07
     29.00   -1.47   -1.25    0.93    0.75   36.00    0.00  0
              20   -1.35   -1.40    0.96    0.74
           -1.95   -0.90    0.67    0.67
    117.00   -1.73   -1.53    1.20    1.01  164.00    0.00  0
              21   -1.60   -1.50    1.19    0.89
           -2.90   -1.55    1.37    1.15
     41.00   -1.63   -1.41    1.32    1.08   44.00    0.00  0
              22   -1.70   -1.55    1.04    0.82
           -2.20   -1.45    0.89    1.04
     38.00   -1.84   -1.56    1.37    1.20   40.00    0.00  0
              23   -1.65   -1.50    1.26    1.04
           -2.60   -1.60    1.19    0.67
     38.00   -2.12   -1.76    1.12    0.98   39.00    0.00  0
              24   -2.05   -1.60    1.04    0.59
           -2.60   -1.80    1.19    0.82
    113.00   -2.30   -2.02    1.40    1.18  148.00    1.00  0
              25   -2.55   -2.20    1.11    1.04
           -3.05   -2.40    0.67    0.96
     42.00   -2.88   -2.44    1.13    1.03   46.00    0.00  0
              26   -3.05   -2.35    1.33    1.11
           -3.30   -3.55    0.82    1.11
  30230        154  108.12   57.77    5.00
     45.00    1.36    0.98    1.31    1.11   52.00    0.00  0
              26    1.50    1.00    1.63    1.33
            1.40    2.00    1.11    0.82
     45.00    1.57    1.18    1.43    1.23   57.00    0.00  0
              27    1.60    1.05    1.48    1.71
            1.00    1.50    1.56    1.45
     40.00    1.39    1.02    1.34    1.18   50.00    1.00  0
              28    1.30    0.90    1.22    1.11
            1.20    1.80    1.26    1.56
     67.00    1.53    1.32    1.69    1.54   88.00    0.00  0
              30    1.20    1.20    1.63    2.22
            0.60    1.00    0.82    0.74
     83.00   -2.54   -2.64    1.68    1.67  151.00    1.00  0
              42   -2.45   -2.60    1.56    1.63
           -3.05   -1.97    1.11    0.89
  31736        169  135.23   48.53    6.00
    118.00    1.43    1.22    1.03    0.89  160.00    0.00  0
              25    1.40    1.10    1.04    0.89
            1.12    1.95    0.74    1.63
     44.00    1.66    1.38    0.94    0.81   52.00    0.00  0
              26    1.65    1.50    0.82    0.74
            2.20    1.55    0.52    0.67
     51.00    1.78    1.54    1.28    1.13   58.00    0.00  0
              27    1.80    1.50    1.19    0.89
            1.75    2.20    0.85    1.19
     38.00    1.45    1.36    1.35    1.11   43.00    0.00  0
              28    1.20    1.15    1.26    0.70
            1.55    1.10    0.89    1.48
    115.00    1.93    1.79    1.48    1.26  154.00    0.00  0
              29    2.00    2.40    1.48    1.48
            2.50    2.17    0.89    2.15
     53.00    1.35    1.29    1.62    1.39   63.00    0.00  0
              30    1.15    1.10    1.85    1.41
            2.75    0.35    0.41    1.15
  31873        171  133.74   45.93    9.00
    119.00   -1.32   -1.20    1.01    0.82  187.00    0.00  0
              29   -1.25   -1.20    0.96    0.89
           -0.92   -1.40    0.56    0.89
     58.00   -1.93   -1.63    1.42    1.22   68.00    0.00  0
              30   -1.80   -1.50    1.67    1.26
           -1.15   -2.62    1.11    1.26
    119.00   -1.57   -1.50    1.10    0.99  196.00    0.00  0
              31   -1.50   -1.50    1.19    0.96
           -1.25   -0.42    0.52    1.11
     65.00   -1.63   -1.62    1.53    1.38   96.00    0.00  0
              32   -1.80   -1.90    1.33    1.19
           -2.12   -0.93    1.26    2.55
     69.00   -1.52   -1.54    1.62    1.45   80.00    0.00  0
              34   -1.90   -1.75    1.48    1.33
           -2.00   -1.55    0.96    1.26
    118.00   -1.60   -1.58    1.22    1.07  219.00    0.00  0
              35   -1.50   -1.55    1.08    0.96
           -1.23   -1.88    0.67    1.07
     83.00   -1.59   -1.43    1.39    1.20  152.00    0.00  0
              36   -1.63   -1.43    1.24    0.99
           -1.47   -1.67    0.89    0.96
    113.00   -1.55   -1.66    1.22    1.19  198.00    0.00  0
              41   -1.50   -1.55    1.04    0.89
           -1.85   -1.52    0.59    0.70
     90.00   -2.31   -2.37    1.69    1.66  158.00    0.00  0
              42   -2.13   -2.20    1.38    1.41
           -2.82   -0.90    1.07    0.89
  32389        177  160.83   56.32    5.00
     46.00   -1.41   -1.20    1.30    1.03   56.00    1.00  0
              27   -1.38   -1.10    1.08    0.93
           -1.30   -1.50    0.96    1.00
     37.00   -1.77   -1.47    1.28    1.07   43.00    2.00  0
              28   -1.90   -1.60    1.33    1.33
           -0.45   -1.65    2.59    1.33
    116.00   -1.54   -1.29    1.76    1.58  165.00    2.00  0
              29   -1.60   -0.95    0.93    0.96
           -2.25   -1.95    1.22    1.15
     60.00   -2.31   -1.89    1.81    1.72   74.00    1.00  0
              30   -2.43   -2.10    1.22    0.85
           -3.15   -2.60    1.26    0.67
    116.00   -1.57   -1.35    1.82    1.60  201.00    4.00  0
              31   -1.90   -1.60    1.19    1.04
           -2.55   -1.30    0.91    1.63
  34300        188   36.28   49.93    5.00
     41.00    2.63    1.99    1.37    1.09   49.00    1.00  0
               2    2.55    2.70    1.26    1.19
            3.40    1.85    0.67    1.63
     32.00    2.65    1.70    0.77    0.57   38.00    1.00  0
               3    2.70    1.77    0.89    0.59
            2.70    2.80    0.82    0.82
     56.00    2.11    1.27    0.84    0.57   82.00    1.00  0
               4    2.18    1.27    0.78    0.52
            2.47    1.83    0.93    1.15
     56.00    1.67    1.11    0.91    0.61   68.00    2.00  0
               7    1.70    1.05    0.74    0.37
            1.95    1.60    1.26    1.48
     30.00    1.30    1.30    1.52    1.25   37.00    0.00  0
              34    1.45    1.40    1.19    1.04
            1.90    0.90    1.04    0.69
  42348        221   75.80   26.82    6.00
     31.00    1.75    1.42    0.91    0.74   35.00    0.00  0
               9    2.00    1.30    0.89    0.74
            1.88    2.15    0.89    0.52
     32.00    1.89    1.35    1.00    0.77   38.00    0.00  0
              12    2.00    1.42    1.22    1.04
            1.80    2.20    1.33    1.45
     93.00    1.67    1.24    0.99    0.83  133.00    0.00  0
              13    1.60    1.15    1.04    0.82
            1.70    1.55    1.19    1.15
     36.00    1.64    1.18    1.14    0.95   38.00    0.00  0
              14    1.70    1.15    1.19    0.96
            1.85    1.70    0.44    1.70
     39.00    1.35    1.10    1.08    0.91   50.00    0.00  0
              15    1.40    1.20    0.74    0.89
            1.48    1.42    0.59    0.85
     48.00    1.33    1.18    1.06    0.85   72.00    0.00  0
              22    1.40    1.27    1.19    0.89
            1.37    1.65    1.14    1.04
  43128        238   78.46   17.45    4.00
     94.00    1.84    1.48    0.72    0.63  117.00    3.00  0
               7    1.80    1.50    0.74    0.59
            2.22    1.55    0.52    0.67
     46.00    1.47    1.22    1.35    1.12   60.00    0.00  0
              14    1.48    1.30    1.22    1.04
            1.70    1.25    2.25    0.59
     44.00    1.32    1.15    0.98    0.91   58.00    0.00  0
              16    1.38    1.20    0.78    0.67
            1.85    0.45    0.85    1.00
     40.00    1.31    1.16    1.19    1.08   55.00    0.00  0
              17    1.35    1.20    1.19    1.11
            1.83    1.10    1.45    1.33
  43333        245   92.72   11.67   13.00
    119.00    1.63    1.37    0.60    0.55  145.00    0.00  0
               4    1.70    1.40    0.59    0.59
            1.55    1.70    0.67    0.82
     30.00    1.38    1.10    0.72    0.69   38.00    0.00  0
               5    1.52    1.05    0.89    0.73
            1.38    1.60    0.78    0.82
     34.00    1.63    1.30    0.97    0.93   39.00    0.00  0
               6    1.55    1.10    1.11    1.26
            1.35    1.85    0.82    1.33
    119.00    1.40    1.18    0.77    0.73  150.00    0.00  0
               7    1.50    1.20    0.82    0.74
            1.80    1.95    0.82    0.52
     29.00    1.49    1.26    1.60    1.59   33.00    0.00  0
              11    1.50    1.40    1.33    1.33
            1.45    1.65    1.26    1.33
     32.00    1.56    1.30    1.19    1.12   40.00    2.00  0
              12    1.55    1.35    1.41    1.06
            1.55    1.45    0.67    1.70
    116.00    1.54    1.33    0.94    0.87  177.00    3.00  0
              13    1.50    1.30    0.74    0.67
            0.95    1.65    0.78    0.96
     39.00    1.50    1.25    1.44    1.33   46.00    1.00  0
              14    1.80    1.50    1.19    0.89
            1.62    1.50    0.93    0.82
     33.00    1.66    1.47    0.97    0.88   39.00    1.00  0
              15    1.65    1.50    1.11    0.89
            1.67    1.83    1.15    1.26
     74.00    1.44    1.23    0.75    0.72   86.00    0.00  0
              19    1.40    1.25    0.59    0.67
            1.40    1.00    0.74    0.37
     45.00    2.01    1.72    0.88    0.85   51.00    0.00  0
              20    2.10    1.80    0.59    0.67
            1.55    2.05    0.96    0.30
    111.00    1.69    1.50    0.82    0.73  160.00    0.00  0
              21    1.70    1.45    0.74    0.67
            1.98    1.55    0.89    0.59
     43.00    1.61    1.45    1.19    1.09   54.00    0.00  0
              22    1.50    1.40    0.74    0.74
            1.90    1.45    1.33    0.54
  44373        251  104.42   43.58    4.00
    115.00    1.55    1.60    1.10    0.95  169.00    0.00  0
              33    1.80    1.70    1.04    0.89
            1.97    1.50    0.85    1.41
     53.00    1.55    1.55    1.19    1.11   53.00    0.00  0
              34    1.90    2.20    1.33    1.48
            1.70    0.50    1.04    1.33
    115.00    1.55    1.51    1.23    1.14  182.00    0.00  0
              35    1.50    1.60    1.19    1.04
            2.00    0.90    1.15    0.47
     62.00   -5.43   -5.42    3.08    3.09  120.00   24.00  0
              43   -5.77   -5.65    3.26    3.26
           -5.85   -4.81    3.97    4.18
  56985        351  103.33   23.44    5.00
     73.00    3.98    3.87    1.03    0.96   74.00    1.00  0
               6    3.80    3.80    0.89    1.04
            4.05    3.85    0.89    0.74
    119.00    3.45    3.40    1.24    1.11  164.00    0.00  0
               7    3.60    3.50    1.04    1.04
            3.57    3.95    0.67    0.82
    118.00    1.36    1.28    0.79    0.71  118.00    0.00  0
              31    1.40    1.30    0.74    0.59
            2.20    0.65    0.89    0.67
    118.00    1.85    1.72    0.90    0.82  118.00    0.00  0
              33    1.80    1.70    0.89    0.74
            2.20    1.15    0.74    0.52
    118.00    2.20    2.01    1.11    1.04  118.00    0.00  0
              35    2.30    2.00    1.04    0.89
            2.35    1.10    0.37    1.04
  96805        635  109.02   -7.73    9.00
     68.00   -1.41   -1.12    0.85    0.74   87.00    0.00  0
               5   -1.40   -1.05    0.89    0.82
           -1.25   -1.50    0.63    1.04
     73.00   -1.52   -1.15    1.02    0.90   87.00    0.00  0
               6   -1.50   -1.20    1.04    0.74
           -1.60   -1.25    0.59    0.63
    117.00   -1.71   -1.34    0.86    0.75  211.00    0.00  0
               7   -1.60   -1.20    0.84    0.59
           -1.42   -1.25    0.85    0.52
     66.00   -2.13   -1.63    1.16    1.02   89.00    3.00  0
               8   -2.00   -1.50    1.08    1.04
           -1.80   -1.35    1.01    0.33
     74.00   -2.21   -1.77    0.99    0.84  109.00    1.00  0
               9   -2.15   -1.77    1.11    0.89
           -1.50   -1.85    0.70    0.94
     74.00   -2.01   -1.62    1.17    1.06   91.00    1.00  0
              10   -1.80   -1.50    1.11    0.89
           -1.50   -1.80    1.19    1.26
     63.00   -1.79   -1.46    1.14    1.08   80.00    2.00  0
              11   -1.65   -1.30    1.26    1.19
           -1.47   -2.05    0.74    0.56
     48.00   -1.60   -1.32    1.21    1.11   65.00    2.00  0
              12   -1.45   -1.15    1.19    1.11
           -1.60   -1.85    0.74    1.43
    116.00   -1.39   -1.22    0.88    0.82  173.00    0.00  0
              13   -1.30   -1.10    0.89    0.74
           -1.05   -1.75    0.56    0.82
  64700        879   15.03   12.13    4.00
     91.00   -2.17   -0.88    2.08    1.42  162.00    1.00  0
               2   -1.70   -0.70    1.71    1.33
           -1.52   -3.43    2.48    1.59
     38.00   -2.50   -1.01    1.79    1.14   55.00    0.00  0
               3   -2.30   -0.80    1.71    1.11
           -2.30   -2.12    1.74    1.66
     91.00   -1.79   -0.63    1.40    0.74  135.00    0.00  0
               4   -1.80   -0.60    1.48    0.59
           -0.90   -2.62    1.30    0.82
     36.00   -1.34   -0.30    1.13    0.61   47.00    0.00  0
               5   -1.50   -0.32    1.19    0.70
           -0.35   -1.75    1.56    0.82
  34858        891   43.35   45.92   17.00
     87.00    2.45    1.96    1.64    1.24  115.00    0.00  0
               4    2.70    2.05    1.48    1.26
            3.05    1.70    1.33    2.82
     86.00    2.41    1.89    1.52    1.23  110.00    3.00  0
               7    2.50    1.90    1.48    0.79
            2.53    1.45    0.89    1.45
     32.00    1.82    1.56    1.34    1.23   38.00    1.00  0
               9    1.75    1.50    0.96    1.00
            1.85    1.25    1.15    0.89
     29.00    1.78    1.50    1.17    0.98   33.00    0.00  0
              10    1.85    1.50    1.26    0.89
            1.50    2.10    1.04    1.04
     41.00    1.65    1.40    1.31    1.06   48.00    0.00  0
              11    1.70    2.10    1.33    1.33
            1.15    1.85    1.11    0.59
     41.00    1.46    1.28    1.60    1.43   44.00    0.00  0
              12    1.30    1.30    1.63    1.19
            0.65    1.80    0.89    1.85
     87.00    1.80    1.62    1.17    1.05  131.00    0.00  0
              13    1.80    1.70    1.04    0.96
            1.70    1.00    0.74    1.04
     31.00    1.82    1.67    1.35    1.30   38.00    1.00  0
              14    1.80    1.60    1.19    1.04
            1.72    1.90    0.74    1.48
     28.00    1.77    1.69    1.01    0.91   32.00    0.00  0
              16    1.70    1.55    0.96    0.82
            2.10    1.10    0.82    0.67
     29.00    1.99    1.95    1.12    1.21   36.00    1.00  0
              19    2.00    1.80    1.04    1.04
            1.95    1.92    0.78    2.26
     85.00    1.91    1.84    0.90    0.86  112.00    2.00  0
              21    1.95    1.85    0.82    0.82
            1.73    0.90    0.96    0.94
     85.00    1.76    1.74    0.96    0.97  109.00    2.00  0
              25    1.80    1.70    0.74    0.74
            1.80    0.50    0.59    0.89
     83.00    1.93    2.00    1.19    1.15  116.00    2.00  0
              29    1.90    2.10    1.11    0.89
            1.42    0.93    1.30    1.33
     28.00    1.34    1.46    1.06    1.00   29.00    0.00  0
              30    1.45    1.80    1.11    0.82
            0.60    1.70    0.82    0.52
     85.00    1.40    1.58    1.36    1.32  139.00    0.00  0
              31    1.40    1.47    0.89    0.94
            0.80    0.50    0.52    1.04
     37.00    1.58    1.55    1.42    1.34   46.00    0.00  0
              34    1.90    1.80    1.19    1.04
            1.90    0.55    1.11    2.10
     84.00    1.31    1.28    1.10    1.04  121.00    0.00  0
              35    1.25    1.25    0.96    0.96
            1.05    1.10    0.82    1.93
