  22820      34.27   61.82       5
    412.50  387.50   -1.42   -1.22    1.17    1.05  0
    387.50  362.50   -1.70   -1.37    1.44    1.30  0
    362.50  337.50   -2.07   -1.77    1.38    1.21  0
    337.50  312.50   -2.37   -2.03    1.46    1.31  0
    312.50  287.50   -1.77   -1.53    1.69    1.53  0
  22845      38.93   61.50       4
    287.50  262.50   -1.31   -1.12    1.25    1.04  0
    237.50  212.50   -1.36   -1.27    1.25    1.08  0
     40.00   25.00   -1.34   -1.39    0.96    0.93  0
     15.00    7.50   -2.31   -2.25    1.39    1.37  0
  23802      50.78   61.67       6
    387.50  362.50    1.31    1.19    0.78    0.69  0
    362.50  337.50    1.50    1.41    0.92    0.78  0
    337.50  312.50    1.45    1.29    0.96    0.78  0
    312.50  287.50    1.55    1.49    0.97    0.76  0
    262.50  237.50    1.47    1.55    1.02    0.93  0
    187.50  162.50    1.39    1.44    1.22    1.12  0
  23921      60.43   60.68       8
    362.50  337.50    1.33    1.20    1.34    1.16  0
    337.50  312.50    1.48    1.30    1.32    1.11  0
    312.50  287.50    1.68    1.56    1.07    0.97  0
    262.50  237.50    1.37    1.49    1.43    1.24  0
    187.50  162.50    1.89    1.91    1.13    1.00  0
    112.50   87.50    1.31    1.28    0.85    0.83  0
     87.50   60.00    1.43    1.34    0.89    0.88  0
     60.00   40.00    1.34    1.25    0.88    0.87  0
  24641     121.62   63.77       7
    487.50  462.50    1.31    0.99    0.74    0.49  0
    462.50  437.50    1.33    1.08    0.77    0.71  0
    412.50  387.50    1.32    1.05    0.69    0.58  0
    387.50  362.50    1.62    1.19    0.76    0.55  0
    362.50  337.50    1.32    1.11    0.85    0.68  0
    312.50  287.50    1.45    1.34    1.15    0.93  0
     15.00    7.50   -1.91   -2.01    1.53    1.54  0
  28698      73.40   54.93       8
    562.50  537.50   -1.38   -1.18    1.23    1.05  0
    537.50  512.50   -1.47   -1.25    0.93    0.75  0
    512.50  487.50   -1.73   -1.53    1.20    1.01  0
    487.50  462.50   -1.63   -1.41    1.32    1.08  0
    462.50  437.50   -1.84   -1.56    1.37    1.20  0
    437.50  412.50   -2.12   -1.76    1.12    0.98  0
    412.50  387.50   -2.30   -2.02    1.40    1.18  0
    387.50  362.50   -2.88   -2.44    1.13    1.03  0
  30230     108.12   57.77       5
    387.50  362.50    1.36    0.98    1.31    1.11  0
    362.50  337.50    1.57    1.18    1.43    1.23  0
    337.50  312.50    1.39    1.02    1.34    1.18  0
    287.50  262.50    1.53    1.32    1.69    1.54  0
     15.00    7.50   -2.54   -2.64    1.68    1.67  0
  31736     135.23   48.53       6
    412.50  387.50    1.43    1.22    1.03    0.89  0
    387.50  362.50    1.66    1.38    0.94    0.81  0
    362.50  337.50    1.78    1.54    1.28    1.13  0
    337.50  312.50    1.45    1.36    1.35    1.11  0
    312.50  287.50    1.93    1.79    1.48    1.26  0
    287.50  262.50    1.35    1.29    1.62    1.39  0
  31873     133.74   45.93       9
    312.50  287.50   -1.32   -1.20    1.01    0.82  0
    287.50  262.50   -1.93   -1.63    1.42    1.22  0
    262.50  237.50   -1.57   -1.50    1.10    0.99  0
    237.50  212.50   -1.63   -1.62    1.53    1.38  0
    187.50  162.50   -1.52   -1.54    1.62    1.45  0
    162.50  137.50   -1.60   -1.58    1.22    1.07  0
    137.50  112.50   -1.59   -1.43    1.39    1.20  0
     25.00   15.00   -1.55   -1.66    1.22    1.19  0
     15.00    7.50   -2.31   -2.37    1.69    1.66  0
  32389     160.83   56.32       5
    362.50  337.50   -1.41   -1.20    1.30    1.03  0
    337.50  312.50   -1.77   -1.47    1.28    1.07  0
    312.50  287.50   -1.54   -1.29    1.76    1.58  0
    287.50  262.50   -2.31   -1.89    1.81    1.72  0
    262.50  237.50   -1.57   -1.35    1.82    1.60  0
  34300      36.28   49.93       5
    987.50  962.50    2.63    1.99    1.37    1.09  0
    962.50  937.50    2.65    1.70    0.77    0.57  0
    937.50  912.50    2.11    1.27    0.84    0.57  0
    862.50  837.50    1.67    1.11    0.91    0.61  0
    187.50  162.50    1.30    1.30    1.52    1.25  0
  42348      75.80   26.82       6
    812.50  787.50    1.75    1.42    0.91    0.74  0
    737.50  712.50    1.89    1.35    1.00    0.77  0
    712.50  687.50    1.67    1.24    0.99    0.83  0
    687.50  662.50    1.64    1.18    1.14    0.95  0
    662.50  637.50    1.35    1.10    1.08    0.91  0
    487.50  462.50    1.33    1.18    1.06    0.85  0
  43128      78.46   17.45       4
    862.50  837.50    1.84    1.48    0.72    0.63  0
    687.50  662.50    1.47    1.22    1.35    1.12  0
    637.50  612.50    1.32    1.15    0.98    0.91  0
    612.50  587.50    1.31    1.16    1.19    1.08  0
  43333      92.72   11.67      13
    937.50  912.50    1.63    1.37    0.60    0.55  0
    912.50  887.50    1.38    1.10    0.72    0.69  0
    887.50  862.50    1.63    1.30    0.97    0.93  0
    862.50  837.50    1.40    1.18    0.77    0.73  0
    762.50  737.50    1.49    1.26    1.60    1.59  0
    737.50  712.50    1.56    1.30    1.19    1.12  0
    712.50  687.50    1.54    1.33    0.94    0.87  0
    687.50  662.50    1.50    1.25    1.44    1.33  0
    662.50  637.50    1.66    1.47    0.97    0.88  0
    562.50  537.50    1.44    1.23    0.75    0.72  0
    537.50  512.50    2.01    1.72    0.88    0.85  0
    512.50  487.50    1.69    1.50    0.82    0.73  0
    487.50  462.50    1.61    1.45    1.19    1.09  0
  44373     104.42   43.58       4
    212.50  187.50    1.55    1.60    1.10    0.95  0
    187.50  162.50    1.55    1.55    1.19    1.11  0
    162.50  137.50    1.55    1.51    1.23    1.14  0
      7.50    0.00   -5.43   -5.42    3.08    3.09  0
  56985     103.33   23.44       5
    887.50  862.50    3.98    3.87    1.03    0.96  0
    862.50  837.50    3.45    3.40    1.24    1.11  0
    262.50  237.50    1.36    1.28    0.79    0.71  0
    212.50  187.50    1.85    1.72    0.90    0.82  0
    162.50  137.50    2.20    2.01    1.11    1.04  0
  96805     109.02   -7.73       9
    912.50  887.50   -1.41   -1.12    0.85    0.74  0
    887.50  862.50   -1.52   -1.15    1.02    0.90  0
    862.50  837.50   -1.71   -1.34    0.86    0.75  0
    837.50  812.50   -2.13   -1.63    1.16    1.02  0
    812.50  787.50   -2.21   -1.77    0.99    0.84  0
    787.50  762.50   -2.01   -1.62    1.17    1.06  0
    762.50  737.50   -1.79   -1.46    1.14    1.08  0
    737.50  712.50   -1.60   -1.32    1.21    1.11  0
    712.50  687.50   -1.39   -1.22    0.88    0.82  0
  64700      15.03   12.13       4
    987.50  962.50   -2.17   -0.88    2.08    1.42  0
    962.50  937.50   -2.50   -1.01    1.79    1.14  0
    937.50  912.50   -1.79   -0.63    1.40    0.74  0
    912.50  887.50   -1.34   -0.30    1.13    0.61  0
  34858      43.35   45.92      17
    937.50  912.50    2.45    1.96    1.64    1.24  0
    862.50  837.50    2.41    1.89    1.52    1.23  0
    812.50  787.50    1.82    1.56    1.34    1.23  0
    787.50  762.50    1.78    1.50    1.17    0.98  0
    762.50  737.50    1.65    1.40    1.31    1.06  0
    737.50  712.50    1.46    1.28    1.60    1.43  0
    712.50  687.50    1.80    1.62    1.17    1.05  0
    687.50  662.50    1.82    1.67    1.35    1.30  0
    637.50  612.50    1.77    1.69    1.01    0.91  0
    562.50  537.50    1.99    1.95    1.12    1.21  0
    512.50  487.50    1.91    1.84    0.90    0.86  0
    412.50  387.50    1.76    1.74    0.96    0.97  0
    312.50  287.50    1.93    2.00    1.19    1.15  0
    287.50  262.50    1.34    1.46    1.06    1.00  0
    262.50  237.50    1.40    1.58    1.36    1.32  0
    187.50  162.50    1.58    1.55    1.42    1.34  0
    162.50  137.50    1.31    1.28    1.10    1.04  0
