  2IWZ7     223.40   58.80    0.70    0.93    2.53    2.54  3
  44033     291.00   44.10   -2.25   -1.74    2.25    1.95  3
  46011     239.00   35.00   -1.74   -0.92    2.12    1.74  3
  46053     240.10   34.30   -1.80   -0.80    2.24    2.18  3
  46087     235.30   48.50   -3.18   -2.59    3.04    2.72  3
  46088     236.80   48.30   -5.27   -4.23    3.05    2.31  3
  46092     238.00   36.80   -2.80   -0.54    2.52    2.08  3
  46125     237.40   47.90   -3.94   -3.07    3.31    2.58  3
  46181     231.20   53.80    1.92    2.10    2.56    2.41  3
  5BYB4     299.80   39.10    1.16    1.14    2.43    2.41  3
  9HJD9     229.60   53.10    1.30    1.69    3.99    4.13  3
  9V2727    275.40   20.60    0.61    0.60    2.44    2.41  3
  9V8739    163.20  -11.30    0.91    0.87    2.26    2.23  3
  9V9040     80.60   -7.50    2.37    2.24    3.49    3.34  3
  9V9925    154.00   45.60    1.12    1.22    2.59    2.43  3
  A8TG2     233.40   34.30    0.67    0.70    2.47    2.40  3
  ASTO3     236.23   46.21    0.35    1.03    2.73    2.06  3
  AVBC       56.50   25.20    3.47    3.41    2.19    2.21  3
  BATFR17   351.60   45.10   -2.98   -2.84    2.31    2.18  3
  C6YA5     210.60   60.10    1.24    1.41    2.64    2.59  3
  CECC1     235.82   41.74   -3.48   -3.34    2.52    2.46  3
  CHYW1     237.24   48.86   -2.40   -1.65    2.80    2.07  3
  CPXC1     239.26   35.17   -4.34   -3.00    3.15    2.83  3
  EBSW1     237.66   47.60   -1.13   -0.60    2.91    2.15  3
  ELXC1     238.26   36.82   -3.18   -0.32    3.11    2.54  3
  FTPC1     237.53   37.81   -2.52   -1.23    2.37    1.83  3
  J8NW      288.80   21.50   -0.33   -0.27    2.33    2.27  3
  MEYC1     238.11   36.60   -2.63    0.20    2.49    2.29  3
  NTBC1     240.31   34.40   -3.52   -2.55    2.27    2.35  3
  OKXC1     237.67   37.81   -1.64   -0.05    2.11    1.40  3
  PBFW1     237.53   48.46   -1.95   -1.13    2.74    2.52  3
  PHET      218.80   58.80    0.32    0.45    2.61    2.63  3
  PLXA2     225.35   56.25   -0.50   -0.39    2.22    2.26  3
  PSLC1     239.25   35.17   -4.12   -2.72    3.16    2.86  3
  PTAW1     236.56   48.12   -2.90   -1.84    3.74    3.12  3
  RCMC1     237.59   37.92   -1.08    0.32    2.13    1.53  3
  SBEO3     235.96   44.63   -1.71   -1.07    2.51    2.11  3
  SDIA2     225.61   58.28    2.35    2.44    2.12    1.98  3
  SISW1     237.16   48.32   -3.81   -2.80    3.04    2.34  3
  SKTA2     224.67   59.45    4.19    4.37    2.81    2.86  3
  TCNW1     237.59   47.27   -0.36    0.13    2.27    1.74  3
  UIFY      175.90   60.20    1.66    1.73    2.58    2.46  3
  V7BY3       6.50  -33.50    1.33    1.30    2.22    2.18  3
  VAAP      295.30   49.30   -0.83   -0.68    2.56    2.38  3
  VDZA2     213.64   61.13    2.85    3.01    2.12    2.06  3
  VRCT4     154.20   -9.40    3.68    3.67    2.80    2.77  3
  VRCU7     183.70   47.50    2.79    2.80    2.26    2.26  3
  VRHE3     263.30    5.30    0.72    0.73    2.38    2.36  3
  VRIZ9     123.00   30.10    0.64    0.66    2.13    2.09  3
  VRLJ2     232.30   33.70   -0.23   -0.17    2.46    2.46  3
  VRNL2     237.10   37.90   -0.55   -0.51    2.40    2.33  3
  VROB9     185.30   50.40   -0.53   -0.51    2.31    2.28  3
  VRRI4     330.20   -8.60    0.46    0.48    2.30    2.26  3
  VRYO4     294.00   40.00    0.00    0.03    2.25    2.25  3
  VTGB       88.30   22.50    3.78    3.98    3.68    3.63  3
  VTWS       93.20   13.00    2.54    2.49    3.18    3.17  3
  WDC6736   342.90   49.30   -0.15   -0.12    2.18    2.16  3
  WDF7009   226.50   57.30    0.95    1.24    2.17    2.17  3
  WMMK      300.40   39.80    1.21    1.22    2.50    2.45  3
  WPOW1     237.56   47.66   -2.62   -2.06    3.05    2.27  3
  2ICH7     115.70  -32.20    0.06    0.08    2.73    2.73  3
  3FZO8     272.70   22.80   -0.05   -0.03    0.61    0.63  2
  9HJF9     225.00   58.30    0.59    0.87    2.40    2.46  3
  9V2735    183.50   29.60    1.22    1.21    2.18    2.17  3
  9V9725    285.30   37.80    1.65    1.68    2.16    2.13  3
  A8ZU9     279.30   17.40    1.35    1.36    2.19    2.14  3
  C6UC3     111.40    6.30    0.49    0.48    2.42    2.41  3
  D5LJ2     304.50   20.10   -0.19   -0.13    2.63    2.64  3
  J8PB      296.30   17.90   -0.50   -0.54    2.15    2.11  3
  ONHD      264.60   27.60    0.28    0.29    2.20    2.18  3
  PDUJ      281.90   58.40   -0.05    0.04    2.12    2.05  3
  TBWUK49    74.20    8.20    1.02    1.01    2.36    2.34  3
  TCZF2     340.60   35.40    1.92    1.98    3.03    3.00  3
  UBSH5     125.70   34.10    1.09    1.08    2.58    2.49  3
  V7UU3     357.90   50.10    1.71    1.71    2.12    2.09  3
  VREZ3      72.10   16.00    3.37    3.34    2.43    2.42  3
  VRIV3     131.90   43.00    0.59    0.59    2.11    2.04  3
  VRLU4     139.70   41.10    2.64    2.62    2.19    2.21  3
  WMKN      284.20   34.30    0.91    0.94    2.27    2.23  3
  C6QM8     233.00   50.70   -0.40   -0.16    2.27    2.12  3
  DDVK2     277.90    6.90    1.50    1.50    2.16    2.13  3
  DHEK2     352.60   46.40    0.20    0.30    2.36    2.26  3
  LAIG7     135.80   38.40    0.08    0.13    2.77    2.71  3
  PHOS      224.70   58.20   -0.46   -0.38    2.36    2.20  3
  PINX      228.70   54.50    0.78    0.78    2.40    2.36  3
  V7IK7     117.10   22.70    1.10    1.11    2.12    2.10  3
  VRDK7     269.10   12.10    0.73    0.94    2.51    2.16  3
  VRDN6     341.30   32.80    2.93    2.97    2.69    2.69  3
  VRRA4     318.30    3.40    0.57    0.61    2.14    2.14  3
  WPAJ      271.90   30.10   -0.13   -0.03    2.22    2.16  3
  ZCDG4     229.90   52.50   -0.19   -0.03    2.37    2.20  3
  3ELP9     285.60   18.80    0.41    0.47    2.12    2.11  3
  5BWH2     197.30   58.50    2.35    2.31    1.99    1.90  2
  C6AV5     114.60   22.00    0.55    0.64    0.65    0.72  2
  D5DY4     272.00   28.40    4.62    4.57    3.81    3.76  3
  J8PE4     285.50   24.50   -0.01   -0.03    3.09    3.07  3
  KPDL      292.30   19.90   -0.76   -0.73    2.28    2.24  3
  TBWUK75   312.30  -30.10    0.65    0.65    2.39    2.37  3
  VRID6     156.40   42.70    1.30    1.28    2.51    2.44  3
  WDA6552   223.50   39.80    3.82    3.76    3.03    3.05  3
  VRRB5      72.30   11.60    0.41    0.32    3.97    3.93  3
  VRFT7     119.30    0.30    5.15    5.13   15.76   15.77  3
  VRLL2     318.40   23.30    0.05    0.05    2.12    2.11  3
  VRWN7      33.60   36.10    3.30    3.33    2.19    2.19  3
  C6CL6     272.70   23.00    0.63    0.66    2.54    2.53  3
  VRFX6     302.20   40.80    3.13    3.05    3.38    3.29  3
  PBWQ      223.70   58.70   -0.05    0.01    2.11    2.03  3
  VRCC8     315.80   -2.40    1.80    1.77    2.58    2.56  3
  VRIR7     280.30    9.70    1.90    1.92    2.35    2.33  3
  9HA3289     2.70   51.80    1.32    1.40    2.22    2.20  3
  V7ZZ5     343.40   39.20    1.75    1.75    2.46    2.45  3
  5BAW3     283.40  -14.10    1.45    1.47    2.69    2.69  3
  UBSI9     149.90   58.30    3.84    3.80    2.24    2.22  3
  WSM5364   231.60   50.20    1.98    1.98    2.14    2.06  3
  WRJP      144.20   41.90    0.78    0.77    2.65    2.66  3
  A8BX6      70.60   11.90    3.42    3.40    2.14    2.16  3
  DDSD2     287.80   12.50    2.19    2.16    2.38    2.36  3
  DJQB2     352.80   48.80    1.30    1.32    2.15    2.17  3
  LAJF7     286.20   35.90    0.45    0.47    2.21    2.19  3
  9V2782    126.70    0.60    0.24    0.34    2.25    2.22  3
  VREO2     288.10  -29.30    2.61    2.65    2.10    2.12  3
  VRCI9     143.00   41.60    1.16    1.22    2.38    2.31  3
  9V9920     25.60   33.60    2.81    2.84    2.33    2.29  3
  9V9924    102.00   10.40    1.33    1.33    2.20    2.22  3
  A8HZ4     262.00   15.30    2.86    2.84    2.56    2.57  3
  AUYP       80.60   13.50    3.13    3.02   13.32   13.29  3
  VRNF7      63.90   11.60    1.30    1.32    2.41    2.35  3
  WDF4764   133.80   25.80   -0.07   -0.04    2.34    2.31  3
  VRIC6     234.60   39.90    3.09    3.10    2.94    2.84  3
  CQGR      341.00   50.60    1.75    1.79    2.12    2.09  3
  ONDY       52.90   25.10    2.59    2.60    2.46    2.51  3
  VRBI8     107.10   -5.60    4.52    4.54    2.80    2.77  3
  VRXE9     168.40  -27.80    2.87    2.89    2.18    2.16  3
  9V9926    283.70   33.80    2.20    2.22    2.53    2.48  3
  VRCY8     135.20   38.50    2.18    2.20    2.13    2.12  3
  A8HO3     104.50    1.60    2.55    2.83    2.44    2.31  3
  PSBC1     238.11   38.04    0.10    1.94    2.21    1.18  3
  UCUD      343.00   23.20    0.55    0.61    2.60    2.57  3
