2IWZ7         24  223.40   58.80  110.00    0.70    0.93    2.53    2.54  138.00    0.00  3
                    0.43    0.75    2.26    2.15
                       0    0.45    0.15    2.74    1.78
44033         92  291.00   44.10  238.00   -2.25   -1.74    2.25    1.95 1424.00    0.00  3
                   -2.24   -1.72    2.42    2.34
                       0   -4.32   -0.21    1.61    1.73
46011        135  239.00   35.00  238.00   -1.74   -0.92    2.12    1.74 1422.00    0.00  3
                   -1.52   -0.77    2.29    1.79
                       0   -2.80   -1.64    1.30    1.37
46053        148  240.10   34.30  238.00   -1.80   -0.80    2.24    2.18 8552.00    0.00  3
                   -1.34   -0.54    2.45    2.17
                       0   -4.11   -1.60    1.38    1.94
46087        160  235.30   48.50  238.00   -3.18   -2.59    3.04    2.72 2879.00   28.00  3
                   -2.14   -1.63    2.63    2.07
                       0   -5.98    0.16    2.11    0.92
46088        161  236.80   48.30  235.00   -5.27   -4.23    3.05    2.31 2865.00  148.00  3
                   -4.48   -3.47    3.15    2.08
                       0   -9.52   -2.28    1.43    1.11
46092        163  238.00   36.80  233.00   -2.80   -0.54    2.52    2.08 1374.00    0.00  3
                   -2.55    0.08    2.67    1.70
                       0   -3.57   -4.58    1.69    2.37
46125        170  237.40   47.90  212.00   -3.94   -3.07    3.31    2.58 7484.00  206.00  3
                   -3.36   -2.55    3.43    2.49
                       0   -7.13    0.14    1.54    1.77
46181        175  231.20   53.80  234.00    1.92    2.10    2.56    2.41 1389.00    0.00  3
                    2.44    2.67    2.13    1.98
                       0   -1.43    2.27    3.46    1.82
5BYB4        201  299.80   39.10  105.00    1.16    1.14    2.43    2.41  106.00    0.00  3
                    1.00    1.00    2.08    2.08
                       1    1.20    0.25    2.15    3.11
9HJD9        292  229.60   53.10  101.00    1.30    1.69    3.99    4.13  228.00   74.00  3
                    0.60    0.80    4.45    4.89
                       0    4.47   -2.10    4.08    1.78
9V2727       296  275.40   20.60  160.00    0.61    0.60    2.44    2.41  253.00    1.00  3
                    0.60    0.60    2.52    2.40
                       1    0.70    0.95    3.58    1.33
9V8739       304  163.20  -11.30   63.00    0.91    0.87    2.26    2.23   64.00    1.00  3
                    0.40    0.30    1.78    1.78
                      10    1.45    0.55    2.89    2.74
9V9040       306   80.60   -7.50  195.00    2.37    2.24    3.49    3.34 1347.00    0.00  3
                    2.23    2.20    3.74    3.49
                       0    5.73    2.20    1.69    4.62
9V9925       314  154.00   45.60   83.00    1.12    1.22    2.59    2.43   85.00    0.00  3
                    1.10    1.20    1.63    1.41
                      47   -0.15    1.45    2.59    2.45
A8TG2        331  233.40   34.30   63.00    0.67    0.70    2.47    2.40   63.00    0.00  3
                    0.30    0.40    2.22    2.08
                       1    0.60    0.55    1.33    2.59
ASTO3        351  236.23   46.21  237.00    0.35    1.03    2.73    2.06 2697.00    0.00  3
                    0.89    1.51    2.26    1.52
                       0   -1.88    1.58    3.57    1.77
AVBC         356   56.50   25.20   73.00    3.47    3.41    2.19    2.21   75.00    0.00  3
                    3.20    3.10    1.63    1.63
                       1    3.85    3.15    2.37    0.96
BATFR17      369  351.60   45.10  140.00   -2.98   -2.84    2.31    2.18  761.00    4.00  3
                   -2.51   -2.41    2.35    2.06
                       3   -4.15   -4.26    2.76    2.71
C6YA5        415  210.60   60.10  124.00    1.24    1.41    2.64    2.59  308.00    0.00  3
                    0.93    0.90    2.27    2.33
                       1    1.94    0.50    4.24    2.64
CECC1        421  235.82   41.74  237.00   -3.48   -3.34    2.52    2.46 2684.00   19.00  3
                   -3.30   -3.21    3.06    2.96
                       0   -5.96   -2.50    1.76    2.12
CHYW1        423  237.24   48.86  237.00   -2.40   -1.65    2.80    2.07 1168.00    0.00  3
                   -2.00   -1.42    3.15    2.18
                       0   -5.58   -0.17    2.02    1.54
CPXC1        426  239.26   35.17  238.00   -4.34   -3.00    3.15    2.8338633.00  163.00  3
                   -4.49   -3.09    3.73    3.33
                       0   -7.21   -5.18    1.35    2.51
EBSW1        473  237.66   47.60  237.00   -1.13   -0.60    2.91    2.15 2593.00    0.00  3
                   -0.64    0.12    3.00    1.79
                       0   -4.03    0.88    3.00    2.06
ELXC1        477  238.26   36.82  238.00   -3.18   -0.32    3.11    2.54 5688.00    0.00  3
                   -2.94    0.30    3.54    2.37
                       0   -4.55   -3.88    2.24    4.15
FTPC1        489  237.53   37.81  229.00   -2.52   -1.23    2.37    1.83 2559.00    0.00  3
                   -2.02   -0.30    2.38    1.17
                       0   -2.65   -3.51    1.82    2.56
J8NW         513  288.80   21.50  194.00   -0.33   -0.27    2.33    2.27  417.00    0.00  3
                    0.08    0.10    2.05    1.93
                       2    0.49   -0.45    1.92    1.70
MEYC1        568  238.11   36.60  159.00   -2.63    0.20    2.49    2.29  792.00    0.00  3
                   -2.74    0.46    2.58    2.21
                       0   -3.64   -0.25    1.22    1.39
NTBC1        589  240.31   34.40  237.00   -3.52   -2.55    2.27    2.35 1354.00    0.00  3
                   -3.13   -2.20    2.62    2.72
                       0   -5.84   -2.85    1.51    1.57
OKXC1        595  237.67   37.81  237.00   -1.64   -0.05    2.11    1.40 2784.00    0.00  3
                   -1.19    0.40    1.90    0.83
                       0   -2.13   -2.34    1.83    2.43
PBFW1        609  237.53   48.46  238.00   -1.95   -1.13    2.74    2.52 5674.00    0.00  3
                   -1.89   -0.65    3.43    2.57
                       0   -4.54    0.04    2.53    1.73
PHET         623  218.80   58.80  159.00    0.32    0.45    2.61    2.63  389.00    4.00  3
                    0.15    0.17    2.15    2.47
                       0   -0.15    0.11    4.41    1.46
PLXA2        628  225.35   56.25  237.00   -0.50   -0.39    2.22    2.26 2631.00    0.00  3
                   -0.15   -0.16    1.61    1.73
                       0    0.45   -0.58    2.39    1.64
PSLC1        635  239.25   35.17  235.00   -4.12   -2.72    3.16    2.86 1245.00    5.00  3
                   -4.10   -2.67    3.56    3.43
                       0   -6.72   -4.45    2.24    2.91
PTAW1        638  236.56   48.12  237.00   -2.90   -1.84    3.74    3.12 2648.00    6.00  3
                   -1.55   -0.76    3.66    2.87
                       0   -8.28    0.94    1.41    1.06
RCMC1        644  237.59   37.92  237.00   -1.08    0.32    2.13    1.53 2634.00    0.00  3
                   -0.75    0.57    2.18    1.41
                       0   -0.70   -1.97    1.45    2.37
SBEO3        658  235.96   44.63  237.00   -1.71   -1.07    2.51    2.11 2644.00    0.00  3
                   -1.23   -0.71    2.49    1.98
                       0   -3.76   -0.49    3.68    1.37
SDIA2        661  225.61   58.28  238.00    2.35    2.44    2.12    1.98 4221.00    2.00  3
                    2.37    2.77    1.69    1.35
                       0    1.47    1.03    2.43    1.96
SISW1        671  237.16   48.32  238.00   -3.81   -2.80    3.04    2.34 1465.00    7.00  3
                   -3.19   -2.16    3.19    2.13
                       0   -7.93   -0.86    1.55    1.06
SKTA2        673  224.67   59.45  237.00    4.19    4.37    2.81    2.86 2632.00    0.00  3
                    4.79    5.07    3.00    2.98
                       0    2.24    1.28    2.92    4.02
TCNW1        690  237.59   47.27  237.00   -0.36    0.13    2.27    1.74 2632.00    0.00  3
                    0.21    0.68    2.05    1.31
                       0   -1.84    0.88    2.34    1.42
UIFY         700  175.90   60.20  105.00    1.66    1.73    2.58    2.46  106.00    1.00  3
                    1.70    1.70    2.82    2.37
                       0    1.40    2.85    2.59    2.00
V7BY3        703    6.50  -33.50  118.00    1.33    1.30    2.22    2.18  167.00    0.00  3
                    0.88    0.92    1.85    1.96
                       0    1.70    2.45    2.04    3.37
VAAP         712  295.30   49.30  146.00   -0.83   -0.68    2.56    2.38  746.00    0.00  3
                    0.34    0.41    2.68    2.50
                       0   -1.64    1.35    3.00    1.70
VDZA2        723  213.64   61.13  228.00    2.85    3.01    2.12    2.06 2531.00    1.00  3
                    3.43    2.44    2.27    1.92
                       0    1.25    3.92    1.09    1.74
VRCT4        737  154.20   -9.40   38.00    3.68    3.67    2.80    2.77   39.00    0.00  3
                    3.85    3.70    1.78    1.85
                       3 -999.00 -999.00 -999.00 -999.00
VRCU7        738  183.70   47.50   32.00    2.79    2.80    2.26    2.26   33.00    0.00  3
                    2.30    2.30    1.56    1.93
                       0 -999.00 -999.00 -999.00 -999.00
VRHE3        745  263.30    5.30   81.00    0.72    0.73    2.38    2.36  110.00    0.00  3
                    0.60    0.50    2.37    2.15
                       2    0.00    1.65    1.41    1.70
VRIZ9        747  123.00   30.10  168.00    0.64    0.66    2.13    2.09  280.00    0.00  3
                    0.43    0.55    2.04    1.90
                       0    0.20    1.80    1.48    4.05
VRLJ2        751  232.30   33.70  126.00   -0.23   -0.17    2.46    2.46  132.00    0.00  3
                   -0.30   -0.20    1.78    1.71
                       1   -0.25   -0.60    5.49    2.97
VRNL2        754  237.10   37.90   81.00   -0.55   -0.51    2.40    2.33   89.00    0.00  3
                   -0.30   -0.30    1.78    1.93
                      12   -1.00   -0.85    1.78    1.85
VROB9        757  185.30   50.40  114.00   -0.53   -0.51    2.31    2.28  115.00    0.00  3
                   -0.60   -0.70    2.08    2.08
                       0   -0.95    0.00    2.67    2.45
VRRI4        768  330.20   -8.60  233.00    0.46    0.48    2.30    2.26 1390.00    2.00  3
                    0.48    0.52    2.00    1.93
                       0    2.75    0.96    3.09    1.43
VRYO4        774  294.00   40.00   74.00    0.00    0.03    2.25    2.25   79.00    0.00  3
                   -0.35   -0.35    2.00    2.00
                      29    0.40   -1.00    2.45    1.48
VTGB         776   88.30   22.50  214.00    3.78    3.98    3.68    3.63  422.00   28.00  3
                    3.25    3.40    3.04    3.06
                       0    1.60    4.03    3.26    2.59
VTWS         777   93.20   13.00  216.00    2.54    2.49    3.18    3.17  412.00    3.00  3
                    4.55    5.00    3.78    4.23
                       0    2.25    2.58    2.67    3.67
WDC6736      798  342.90   49.30  115.00   -0.15   -0.12    2.18    2.16  154.00    0.00  3
                   -0.30   -0.20    2.15    2.22
                       1    0.45   -0.80    1.15    1.89
WDF7009      802  226.50   57.30   56.00    0.95    1.24    2.17    2.17   57.00    0.00  3
                    1.10    1.60    2.08    1.78
                       5    0.55    1.50    2.00    1.41
WMMK         814  300.40   39.80  119.00    1.21    1.22    2.50    2.45  162.00    1.00  3
                    0.60    0.60    1.78    1.63
                       0    0.47    0.25    1.74    2.00
WPOW1        816  237.56   47.66  238.00   -2.62   -2.06    3.05    2.27 1425.00    0.00  3
                   -2.16   -1.56    2.94    2.15
                       0   -5.19   -0.20    2.30    2.35
2ICH7        854  115.70  -32.20   69.00    0.06    0.08    2.73    2.73   89.00    0.00  3
                   -0.60   -0.60    2.37    2.52
                       0   -0.60   -0.60    2.15    2.30
3FZO8        865  272.70   22.80  122.00   -0.05   -0.03    0.61    0.63  138.00    0.00  2
                   -0.10    0.00    0.59    0.59
                       0   -0.12    0.25    0.59    0.67
9HJF9        874  225.00   58.30  111.00    0.59    0.87    2.40    2.46  131.00    1.00  3
                    0.50    0.60    2.08    2.22
                       1   -0.25    0.45    2.74    1.85
9V2735       875  183.50   29.60   61.00    1.22    1.21    2.18    2.17   76.00    0.00  3
                    0.70    0.80    1.93    1.78
                      23    0.62    1.70    1.11    2.30
9V9725       879  285.30   37.80  194.00    1.65    1.68    2.16    2.13  207.00    0.00  3
                    1.40    1.42    2.08    2.04
                       0    0.60    1.60    1.63    2.00
A8ZU9        888  279.30   17.40   58.00    1.35    1.36    2.19    2.14   60.00    0.00  3
                    1.25    1.35    2.00    2.08
                      11    2.05    0.40    2.52    1.63
C6UC3        911  111.40    6.30   86.00    0.49    0.48    2.42    2.41   89.00    0.00  3
                    0.00   -0.08    2.08    2.19
                       1    0.00   -0.95    2.52    1.33
D5LJ2        928  304.50   20.10   82.00   -0.19   -0.13    2.63    2.64   84.00    0.00  3
                   -0.90   -0.80    2.37    2.52
                       3   -0.90   -1.35    2.67    3.78
J8PB         946  296.30   17.90   93.00   -0.50   -0.54    2.15    2.11  102.00    0.00  3
                   -0.40   -0.50    1.93    2.00
                       0   -0.40   -0.85    2.67    2.74
ONHD         956  264.60   27.60  143.00    0.28    0.29    2.20    2.18  180.00    0.00  3
                    0.00    0.05    2.22    2.15
                       0    0.55   -0.65    2.00    1.70
PDUJ         962  281.90   58.40  113.00   -0.05    0.04    2.12    2.05  176.00    0.00  3
                    0.20    0.05    1.71    1.85
                       0   -0.20    1.35    2.34    1.78
TBWUK49      970   74.20    8.20   89.00    1.02    1.01    2.36    2.34   99.00    0.00  3
                    0.60    0.50    1.63    1.71
                       0    1.90    0.43    3.11    1.59
TCZF2        981  340.60   35.40   67.00    1.92    1.98    3.03    3.00   69.00    0.00  3
                    1.00    1.10    2.08    2.22
                       1    2.00    0.50    3.78    1.33
UBSH5        984  125.70   34.10  107.00    1.09    1.08    2.58    2.49  110.00    0.00  3
                    0.90    0.80    2.22    2.22
                       0    1.30    1.45    1.93    1.93
V7UU3        994  357.90   50.10  110.00    1.71    1.71    2.12    2.09  139.00    1.00  3
                    1.60    1.40    2.04    2.08
                       2    1.60    2.25    3.19    1.63
VREZ3        998   72.10   16.00   22.00    3.37    3.34    2.43    2.42   23.00    0.00  3
                    3.05    3.00    2.00    1.93
                      74 -999.00 -999.00 -999.00 -999.00
VRIV3       1002  131.90   43.00   62.00    0.59    0.59    2.11    2.04   70.00    0.00  3
                    0.65    0.90    2.04    2.37
                      37    1.70   -0.02    2.37    1.85
VRLU4       1010  139.70   41.10   37.00    2.64    2.62    2.19    2.21   39.00    1.00  3
                    2.40    2.30    2.22    2.22
                       2 -999.00 -999.00 -999.00 -999.00
WMKN        1028  284.20   34.30  113.00    0.91    0.94    2.27    2.23  124.00    0.00  3
                    0.60    0.70    1.78    1.93
                       1    0.20    0.35    1.56    1.93
C6QM8       1076  233.00   50.70   58.00   -0.40   -0.16    2.27    2.12   63.00    0.00  3
                   -0.65   -0.55    2.52    2.08
                       3   -1.35   -0.15    3.41    2.30
DDVK2       1092  277.90    6.90   56.00    1.50    1.50    2.16    2.13   57.00    0.00  3
                    1.35    1.45    2.37    2.30
                       7    1.60    1.10    1.48    2.97
DHEK2       1093  352.60   46.40   60.00    0.20    0.30    2.36    2.26   62.00    0.00  3
                    0.30    0.45    1.78    1.71
                       1   -0.35    0.85    3.34    1.41
LAIG7       1114  135.80   38.40   70.00    0.08    0.13    2.77    2.71   71.00    0.00  3
                   -0.10   -0.25    2.22    2.15
                       0    0.40   -0.70    3.19    2.08
PHOS        1138  224.70   58.20   61.00   -0.46   -0.38    2.36    2.20   85.00    2.00  3
                   -0.75   -0.60    2.08    1.63
                       1   -1.23   -0.05    1.56    1.70
PINX        1139  228.70   54.50  107.00    0.78    0.78    2.40    2.36  204.00    0.00  3
                    0.20    0.30    2.00    1.85
                       0    0.45    1.47    1.43    2.63
V7IK7       1153  117.10   22.70  175.00    1.10    1.11    2.12    2.10  246.00    0.00  3
                    0.70    0.70    1.93    1.93
                       2    1.15    1.00    1.82    2.22
VRDK7       1160  269.10   12.10  172.00    0.73    0.94    2.51    2.16  506.00    0.00  3
                    0.90    0.90    1.84    1.88
                       0    2.30    2.35    1.53    1.70
VRDN6       1161  341.30   32.80   49.00    2.93    2.97    2.69    2.69   50.00    0.00  3
                    2.80    2.70    2.37    2.37
                       2 -999.00 -999.00 -999.00 -999.00
VRRA4       1167  318.30    3.40   59.00    0.57    0.61    2.14    2.14   81.00    0.00  3
                    0.50    0.40    1.63    1.48
                      27    0.45    0.45    1.45    1.85
WPAJ        1176  271.90   30.10  143.00   -0.13   -0.03    2.22    2.16  211.00    0.00  3
                   -0.40   -0.30    2.00    1.78
                       2    0.75   -0.25    1.82    1.33
ZCDG4       1178  229.90   52.50   87.00   -0.19   -0.03    2.37    2.20   99.00    0.00  3
                   -0.20   -0.10    2.22    2.22
                       0   -0.65    0.00    1.33    2.08
3ELP9       1184  285.60   18.80   66.00    0.41    0.47    2.12    2.11   72.00    0.00  3
                    0.40    0.55    2.22    2.22
                       9    0.25   -0.30    1.56    2.08
5BWH2       1187  197.30   58.50   37.00    2.35    2.31    1.99    1.90   38.00    0.00  2
                    2.20    2.10    1.48    1.48
                       2 -999.00 -999.00 -999.00 -999.00
C6AV5       1206  114.60   22.00   25.00    0.55    0.64    0.65    0.72   26.00    0.00  2
                    0.50    0.50    0.44    0.59
                       6 -999.00 -999.00 -999.00 -999.00
D5DY4       1219  272.00   28.40   25.00    4.62    4.57    3.81    3.76   28.00    1.00  3
                    4.60    4.40    5.64    5.64
                       2 -999.00 -999.00 -999.00 -999.00
J8PE4       1227  285.50   24.50   68.00   -0.01   -0.03    3.09    3.07   82.00    0.00  3
                   -0.25   -0.30    3.93    3.86
                       1   -0.15   -2.22    3.74    6.12
KPDL        1230  292.30   19.90   69.00   -0.76   -0.73    2.28    2.24   83.00    0.00  3
                   -0.80   -0.80    1.93    1.78
                       6   -1.80   -0.75    1.19    1.93
TBWUK75     1237  312.30  -30.10   70.00    0.65    0.65    2.39    2.37   72.00    0.00  3
                    0.50    0.50    2.67    2.97
                       1    0.45    0.45    1.63    3.71
VRID6       1245  156.40   42.70   98.00    1.30    1.28    2.51    2.44  114.00    0.00  3
                    0.73    0.75    1.82    1.85
                       0    0.35    1.55    2.37    1.33
WDA6552     1258  223.50   39.80   24.00    3.82    3.76    3.03    3.05   25.00    0.00  3
                    3.50    3.35    3.41    3.26
                       3 -999.00 -999.00 -999.00 -999.00
VRRB5       1313   72.30   11.60  104.00    0.41    0.32    3.97    3.93  441.00    0.00  3
                    0.38    0.36    3.23    2.97
                       0    0.07    0.38    2.79    1.80
VRFT7       1359  119.30    0.30   90.00    5.15    5.13   15.76   15.77   97.00    1.00  3
                    1.10    1.00    1.33    1.33
                       2    1.35    1.10    1.26    1.56
VRLL2       1362  318.40   23.30   61.00    0.05    0.05    2.12    2.11   98.00    0.00  3
                    0.20    0.20    1.88    1.93
                       1   -0.57    0.90    1.26    1.85
VRWN7       1365   33.60   36.10   23.00    3.30    3.33    2.19    2.19   24.00    0.00  3
                    2.50    2.60    0.89    1.19
                      11 -999.00 -999.00 -999.00 -999.00
C6CL6       1385  272.70   23.00  156.00    0.63    0.66    2.54    2.53  263.00    2.00  3
                   -0.32   -0.22    2.15    2.19
                       0   -0.43    1.05    1.59    4.78
VRFX6       1403  302.20   40.80   25.00    3.13    3.05    3.38    3.29   26.00    0.00  3
                    2.70    2.70    2.82    2.97
                      19 -999.00 -999.00 -999.00 -999.00
PBWQ        1417  223.70   58.70   92.00   -0.05    0.01    2.11    2.03  216.00    1.00  3
                   -0.05    0.00    1.56    1.31
                       1    0.10   -0.20    1.81    1.41
VRCC8       1420  315.80   -2.40   66.00    1.80    1.77    2.58    2.56   68.00    0.00  3
                    1.00    1.05    2.08    2.15
                       9    0.50    1.55    2.52    2.08
VRIR7       1423  280.30    9.70   75.00    1.90    1.92    2.35    2.33   84.00    0.00  3
                    1.60    1.70    2.52    2.67
                       0    1.30    2.30    1.11    3.85
9HA3289     1466    2.70   51.80   82.00    1.32    1.40    2.22    2.20   91.00    0.00  3
                    0.95    1.05    1.41    1.41
                       5    0.70    1.45    5.26    1.36
V7ZZ5       1484  343.40   39.20  136.00    1.75    1.75    2.46    2.45  541.00    0.00  3
                    1.37    1.30    2.18    2.13
                       0    3.53    0.59    3.71    1.91
5BAW3       1561  283.40  -14.10   86.00    1.45    1.47    2.69    2.69   90.00    1.00  3
                    1.15    1.10    2.74    2.82
                      15    2.90    0.70    3.41    2.82
UBSI9       1573  149.90   58.30   57.00    3.84    3.80    2.24    2.22   60.00    0.00  3
                    3.70    3.60    2.37    2.37
                      17    3.05    4.40    2.67    1.93
WSM5364     1587  231.60   50.20   68.00    1.98    1.98    2.14    2.06   80.00    0.00  3
                    2.00    1.98    1.85    1.82
                       8    2.25    2.22    1.89    1.56
WRJP        1602  144.20   41.90   63.00    0.78    0.77    2.65    2.66   66.00    1.00  3
                    0.50    0.60    1.93    2.08
                       1    0.05    0.90    1.93    1.93
A8BX6       1640   70.60   11.90   24.00    3.42    3.40    2.14    2.16   25.00    0.00  3
                    2.95    3.05    1.93    2.00
                      22 -999.00 -999.00 -999.00 -999.00
DDSD2       1650  287.80   12.50   85.00    2.19    2.16    2.38    2.36  124.00    0.00  3
                    1.70    1.50    2.11    2.00
                       0    1.70    1.75    2.04    3.11
DJQB2       1652  352.80   48.80   79.00    1.30    1.32    2.15    2.17   80.00    0.00  3
                    1.00    1.00    1.78    1.78
                       6    1.30    0.85    2.45    1.56
LAJF7       1660  286.20   35.90   83.00    0.45    0.47    2.21    2.19   84.00    0.00  3
                    0.20    0.10    1.93    1.78
                       0    0.30    0.20    1.78    2.00
9V2782      1687  126.70    0.60   69.00    0.24    0.34    2.25    2.22   78.00    0.00  3
                   -0.10    0.00    1.33    1.48
                       1    0.30   -0.15    3.41    1.33
VREO2       1696  288.10  -29.30   34.00    2.61    2.65    2.10    2.12   47.00    0.00  3
                    2.25    2.35    2.52    2.52
                      10 -999.00 -999.00 -999.00 -999.00
VRCI9       1744  143.00   41.60   59.00    1.16    1.22    2.38    2.31   61.00    0.00  3
                    0.80    0.70    1.78    1.78
                      26    0.45    0.90    2.45    1.78
9V9920      1746   25.60   33.60   71.00    2.81    2.84    2.33    2.29   91.00    0.00  3
                    2.50    2.60    2.52    2.52
                       0    1.50    2.53    2.59    2.41
9V9924      1778  102.00   10.40   86.00    1.33    1.33    2.20    2.22  100.00    1.00  3
                    0.92    0.88    1.33    1.11
                       0    0.60    1.45    0.82    3.04
A8HZ4       1808  262.00   15.30   30.00    2.86    2.84    2.56    2.57   31.00    0.00  3
                    2.80    2.70    2.37    2.22
                       0 -999.00 -999.00 -999.00 -999.00
AUYP        1857   80.60   13.50   37.00    3.13    3.02   13.32   13.29   39.00    0.00  3
                    1.10    0.95    2.60    2.45
                      26 -999.00 -999.00 -999.00 -999.00
VRNF7       1867   63.90   11.60   63.00    1.30    1.32    2.41    2.35   78.00    0.00  3
                    0.90    1.10    2.08    2.37
                       1    0.65    1.75    1.70    2.52
WDF4764     1869  133.80   25.80   56.00   -0.07   -0.04    2.34    2.31   57.00    0.00  3
                    0.00   -0.05    1.56    1.56
                       5   -0.05    0.35    2.22    1.41
VRIC6       1872  234.60   39.90   22.00    3.09    3.10    2.94    2.84   24.00    1.00  3
                    2.90    2.90    3.93    3.41
                      26 -999.00 -999.00 -999.00 -999.00
CQGR        1990  341.00   50.60   83.00    1.75    1.79    2.12    2.09   84.00    0.00  3
                    1.60    2.00    2.52    2.37
                       0    1.30    1.30    2.89    2.30
ONDY        2035   52.90   25.10  108.00    2.59    2.60    2.46    2.51  113.00    0.00  3
                    2.20    2.25    2.60    2.52
                       7    3.60    2.00    2.67    2.97
VRBI8       2042  107.10   -5.60   41.00    4.52    4.54    2.80    2.77   44.00    1.00  3
                    4.90    4.70    3.41    3.11
                      15 -999.00 -999.00 -999.00 -999.00
VRXE9       2073  168.40  -27.80   24.00    2.87    2.89    2.18    2.16   25.00    0.00  3
                    2.45    2.45    2.97    2.89
                       3 -999.00 -999.00 -999.00 -999.00
9V9926      2117  283.70   33.80   59.00    2.20    2.22    2.53    2.48   63.00    0.00  3
                    1.90    1.90    1.78    1.93
                       5    2.45    1.65    1.93    1.85
VRCY8       2125  135.20   38.50   66.00    2.18    2.20    2.13    2.12   85.00    0.00  3
                    2.20    2.10    1.93    2.08
                       0    2.47    2.25    1.85    1.82
A8HO3       2146  104.50    1.60   30.00    2.55    2.83    2.44    2.31   31.00    0.00  3
                    2.90    3.20    2.22    2.52
                       0 -999.00 -999.00 -999.00 -999.00
PSBC1       2147  238.11   38.04  139.00    0.10    1.94    2.21    1.18 1546.00    0.00  3
                    0.03    1.84    2.43    1.30
                       0   -0.85   -0.44    1.78    2.47
UCUD        2207  343.00   23.20   66.00    0.55    0.61    2.60    2.57   67.00    0.00  3
                    0.65    0.60    2.00    2.37
                       2    1.30   -0.10    2.22    1.70
