46027        141  235.60   41.90  238.00   -3.38   -3.20    1.62    1.49 1424.00    0.00  0
                   -3.15   -2.94    1.78    1.52
                       0   -4.52   -3.10    2.83    2.03
JCRN4        517  285.54   39.54  224.00   -5.41   -5.00    1.53    1.50 5766.00  377.00  0
                   -4.98   -4.10    1.38    1.56
                       0   -5.20   -4.75    1.20    1.24
KWHH1        538  204.17   20.04  237.00    2.90    3.05    1.13    1.10 2636.00    0.00  0
                    2.74    2.83    0.91    0.88
                       0    2.47    2.81    0.62    0.77
VCYL         722  288.80   46.80  224.00    2.77    2.80    1.62    1.45 1304.00    0.00  0
                    2.91    2.99    1.43    1.37
                       0    3.82    1.85    1.12    1.30
VROV6       2103  281.00   -8.20   21.00    5.81    5.88    1.82    1.84   24.00    1.00  0
                    7.00    7.10    2.45    2.37
                       2 -999.00 -999.00 -999.00 -999.00
