01320         97    6.12   61.83  232.00    3.77    3.80    1.37    1.34 1061.00    0.00  0
                    3.94    3.97    1.05    0.98
                       0    2.79    4.45    1.23    0.82
01329        101    6.27   60.35  238.00    3.89    3.89    1.23    1.25 1289.00    0.00  0
                    3.93    3.86    1.16    1.16
                       0    5.09    4.27    2.19    1.00
01338        103    6.65   61.17  238.00    5.39    5.45    1.59    1.59 1290.00    0.00  0
                    5.92    5.65    1.56    1.45
                       0    4.36    7.00    1.10    1.00
01378        120   10.48   61.10  238.00    2.78    2.93    1.37    1.37 1288.00    0.00  0
                    2.95    3.13    1.51    1.30
                       0    3.66    3.51    1.26    1.00
06604        704    6.95   47.00  232.00    3.31    3.11    1.53    1.40 1364.00    0.00  0
                    3.68    3.59    1.53    1.41
                       0    2.75    2.93    1.56    1.77
06650        740    8.30   47.03  233.00    3.08    2.89    1.50    1.54 1365.00    0.00  0
                    3.62    3.18    1.26    1.43
                       0    3.45    2.12    2.40    1.47
06654        742    8.05   46.19  232.00    5.51    5.41    1.46    1.63 1364.00    0.00  0
                    5.64    5.66    1.63    1.66
                       0    6.47    5.42    1.73    1.73
06668        750    8.59   46.69  233.00    7.25    7.20    1.79    1.82 1354.00    0.00  0
                    8.77    7.12    2.62    1.83
                       0    7.37    6.47    2.03    2.95
06682        761    9.17   46.92  232.00    4.03    3.91    1.61    1.74 1363.00    0.00  0
                    4.28    4.25    1.48    1.68
                       0    3.76    3.22    1.68    2.15
06685        762    9.07   47.03  228.00    6.11    5.98    1.98    2.01 1331.00    0.00  0
                    6.58    6.48    1.67    1.80
                       0    6.35    5.10    2.63    1.66
06686        763    9.50   47.01  231.00    7.65    7.51    1.50    1.54 1360.00    0.00  0
                    7.65    7.62    1.38    1.71
                       0    7.80    6.60    2.21    1.37
06711        776    6.67   46.52  231.00    2.96    2.69    1.36    1.08 1359.00    0.00  0
                    3.02    2.90    1.43    1.14
                       0    2.43    2.32    1.41    1.24
06715        779    7.02   46.18  233.00    7.45    7.26    1.67    1.63 1363.00    0.00  0
                    7.57    6.92    1.85    2.05
                       0    8.25    7.40    2.22    1.67
06722        783    7.52   46.12  233.00    5.31    5.21    1.32    1.42 1362.00    0.00  0
                    5.27    5.12    1.48    1.53
                       0    5.61    5.52    1.65    1.56
06728        788    7.83   46.19  233.00    6.71    6.62    1.98    2.06 1362.00    0.00  0
                    7.20    6.28    2.55    2.30
                       0    7.09    6.04    2.79    2.27
06760        808    8.77   46.17  233.00    6.00    5.89    1.62    1.37 1365.00    0.00  0
                    6.10    5.85    1.61    1.41
                       0    6.43    6.28    1.63    1.57
06762        809    8.88   46.17  232.00    5.74    5.65    1.70    1.78 1361.00    0.00  0
                    5.63    6.90    1.67    2.14
                       0    6.13    5.41    1.63    1.56
06770        810    8.96   46.00  232.00    4.20    4.16    1.44    1.19 1366.00    0.00  0
                    4.26    4.15    1.20    0.96
                       0    4.10    4.42    1.47    0.79
06786        820    9.52   46.87  233.00    8.50    8.41    2.09    2.13 1365.00    0.00  0
                   10.00    8.42    2.64    2.67
                       0    8.47    7.01    3.03    2.55
06788        822    9.62   46.35  232.00    7.94    7.94    1.77    1.83 1364.00    0.00  0
                    9.17    9.13    1.94    1.92
                       0    9.09    7.43    1.66    1.62
06990        832    9.52   47.13  232.00    6.56    6.40    1.30    1.35 1362.00    0.00  0
                    6.79    6.47    1.26    1.32
                       0    7.05    5.78    1.78    1.11
07490        927    6.10   45.92  208.00    2.76    2.55    1.64    1.85 1226.00    0.00  0
                    2.97    3.12    1.78    1.96
                       0    2.62    3.60    2.37    1.16
07775        984    9.52   42.27  230.00    2.86    3.03    1.47    1.60 1271.00    0.00  0
                    3.33    3.55    1.61    1.82
                       0    2.46    1.87    0.79    1.43
11101       1135    9.75   47.50  229.00    2.68    2.46    1.45    1.38  449.00    0.00  0
                    2.75    2.45    1.41    1.48
                       0    2.72    2.15    1.89    0.96
13462       1344   19.25   42.37  238.00    2.61    2.64    1.39    1.48 1150.00    0.00  0
                    2.81    3.29    1.22    1.39
                       0    3.33    1.22    1.45    2.69
13463       1345   19.28   42.43  230.00    4.84    4.88    1.58    1.64 1120.00    0.00  0
                    5.02    5.02    1.50    1.78
                       0    5.22    4.64    1.01    2.54
14010       1372   14.18   46.37  228.00    3.27    3.33    1.65    1.73  435.00    0.00  0
                    3.53    3.60    1.52    1.71
                       0    4.47    3.58    1.11    1.07
14445       1396   16.43   43.52  238.00    2.66    2.73    1.06    1.00 1044.00    0.00  0
                    2.73    2.75    0.84    0.88
                       0    3.48    2.38    0.98    0.65
16120       1591    8.85   44.42  207.00    4.08    4.18    1.17    1.20  405.00    0.00  0
                    4.25    4.30    1.11    1.26
                       0    3.90    3.07    1.04    1.15
17045       1686   41.82   41.18  206.00    4.35    4.56    1.27    1.22  776.00    0.00  0
                    4.38    4.62    1.33    1.17
                       0    4.45    4.73    0.85    1.48
17085       1698   35.85   40.65  232.00    4.96    5.07    1.51    1.56  862.00    0.00  0
                    5.29    5.50    1.33    1.31
                       0    4.97    4.78    1.21    1.21
17086       1699   36.57   40.29  238.00    5.75    5.88    1.86    1.93 1205.00    0.00  0
                    6.24    6.43    1.64    1.73
                       0    6.07    5.44    1.18    2.35
17116       1706   29.07   40.18  238.00    5.61    5.80    1.71    1.75 1148.00    0.00  0
                    6.02    6.19    1.61    1.84
                       0    5.20    5.10    2.44    2.11
17186       1725   27.43   38.61  238.00    2.93    3.15    1.56    1.50  968.00    0.00  0
                    3.02    3.40    1.14    1.04
                       0    2.56    2.83    1.17    3.04
17234       1737   27.85   37.85  201.00    3.12    3.38    1.63    1.72  822.00    0.00  0
                    3.03    3.30    1.51    1.90
                       0    3.50    3.00    1.01    2.52
17250       1745   34.68   37.97  206.00    3.33    3.60    1.56    1.75  790.00    0.00  0
                    3.85    3.89    1.06    1.53
                       0    3.37    3.78    1.99    1.37
17370       1762   36.17   36.58  222.00    3.22    3.41    0.76    0.88  836.00    0.00  0
                    3.38    3.55    0.52    0.67
                       0    3.32    2.94    0.74    0.96
37107       2900   40.20   43.68  238.00    5.95    6.06    1.92    1.98  476.00    0.00  0
                    6.05    5.90    2.11    2.37
                       0    7.18    5.93    1.70    2.08
37545       2919   44.76   41.75  238.00    3.14    3.07    1.61    1.70  471.00    0.00  0
                    3.28    3.05    1.45    1.63
                       0    3.15    3.53    1.33    2.08
37621       2921   44.55   41.45  238.00    2.83    2.77    1.47    1.54  470.00    0.00  0
                    2.90    2.75    1.56    1.56
                       0    3.43    2.22    0.82    1.19
38856       3000   70.88   38.46   61.00   12.76   12.46    2.74    2.75  119.00   58.00  0
                   11.30   11.05    2.22    2.30
                       1 -999.00 -999.00 -999.00 -999.00
40199       3022   34.95   29.55  229.00    4.27    4.40    1.16    1.25  450.00    0.00  0
                    4.30    4.45    1.19    1.11
                       0    4.52    3.78    1.45    1.41
40732       3066   50.66   36.90  238.00    5.09    5.11    1.55    1.52  476.00    0.00  0
                    5.22    5.30    1.52    1.48
                       0    5.28    4.32    1.67    1.89
41241       3152   56.23   26.16  236.00    4.40    4.42    1.19    1.27  468.00    0.00  0
                    4.32    5.57    1.15    1.85
                       0    3.75    4.43    1.19    1.45
41257       3162   57.93   23.30  222.00    3.16    3.12    1.58    1.59  429.00    0.00  0
                    2.88    2.85    1.37    1.41
                       0    3.15    2.78    0.89    1.70
41315       3184   54.08   17.25  231.00   -2.70   -2.77    1.54    1.39  450.00    0.00  0
                   -2.80   -2.85    1.41    1.19
                       0   -2.42   -2.45    1.15    1.74
41515       3186   71.78   35.57  194.00   14.01   13.96    2.32    2.32  231.00   37.00  0
                   13.00   12.85    1.63    1.71
                       0   13.65   13.00    1.56    1.33
42045       3259   75.17   33.50  178.00    6.49    6.52    1.67    1.68  293.00    0.00  0
                    6.60    6.70    1.48    1.33
                       0    6.90    5.98    1.33    2.30
42111       3262   78.03   30.32  235.00    2.89    3.19    1.41    1.44  454.00    0.00  0
                    2.95    3.10    1.33    1.33
                       0    2.72    3.78    0.85    1.56
42623       3265   93.90   24.67  232.00    3.16    3.25    1.13    1.13  337.00    0.00  0
                    3.20    3.20    1.04    1.04
                       0    3.30    3.40    0.89    1.59
43441       3333   80.37    7.47  179.00    2.87    2.74    0.77    0.82  263.00    0.00  0
                    2.80    2.70    0.74    0.74
                       0    2.70    2.80    0.56    0.52
43486       3342   80.40    6.68  230.00    3.53    3.45    1.15    1.18  397.00    0.00  0
                    3.45    3.40    1.04    1.11
                       0    2.88    2.80    0.44    1.07
47101       3445  127.73   37.90  238.00    2.83    3.09    1.39    1.32  476.00    0.00  0
                    2.90    3.20    1.19    1.04
                       0    3.60    2.38    0.93    1.41
47114       3452  127.95   37.33  238.00    2.76    2.97    1.21    1.12  476.00    0.00  0
                    2.75    3.07    1.11    0.96
                       0    2.72    2.45    1.04    1.41
47173       3483  127.39   35.42  238.00    2.58    2.68    1.36    1.33  476.00    0.00  0
                    2.80    2.90    1.11    1.19
                       0    3.35    2.33    1.63    1.26
47412       3499  141.33   43.05  238.00    2.51    2.66    0.94    0.84 1382.00    0.00  0
                    2.55    2.71    0.94    0.80
                       0    2.78    3.00    1.25    0.67
47570       3515  139.91   37.47  238.00    3.87    4.28    1.51    1.55 1381.00    0.00  0
                    4.86    4.35    1.64    1.58
                       0    5.04    3.05    1.27    1.68
47584       3521  141.16   39.70  238.00    3.17    3.35    1.42    1.38 1382.00    0.00  0
                    3.24    3.57    1.44    1.40
                       0    4.05    2.87    1.35    2.13
47595       3527  140.47   37.75  231.00    3.21    3.61    1.49    1.41 1361.00    0.00  0
                    3.95    3.70    1.63    1.61
                       0    4.08    2.88    1.09    1.63
47610       3536  138.19   36.67  238.00    3.70    4.13    1.48    1.52 1376.00    0.00  0
                    4.30    3.95    1.51    1.38
                       0    4.94    3.34    1.26    0.64
47612       3537  138.25   37.10  230.00    3.05    3.34    1.39    1.48 1358.00    0.00  0
                    3.07    3.33    1.46    1.41
                       0    3.97    2.73    1.19    1.62
47617       3540  137.25   36.15  232.00    4.10    4.46    1.57    1.67 1361.00    0.00  0
                    4.28    4.45    1.59    1.78
                       0    5.05    3.39    2.21    1.62
47618       3541  137.97   36.25  231.00    3.67    4.11    1.45    1.53 1358.00    0.00  0
                    3.67    4.08    1.58    1.63
                       0    4.90    2.35    1.52    1.03
47620       3542  138.12   36.04  231.00    4.58    5.05    1.26    1.25 1361.00    0.00  0
                    4.57    5.02    1.24    1.06
                       0    5.61    3.88    0.91    0.91
47631       3547  136.07   35.65  232.00    2.77    3.10    1.09    1.20 1362.00    0.00  0
                    3.19    3.20    1.03    1.24
                       0    3.44    2.12    1.00    0.88
47637       3550  137.82   35.52  232.00    4.21    4.67    1.62    1.67 1362.00    0.00  0
                    4.56    4.55    1.56    1.68
                       0    4.84    3.00    0.97    3.11
47638       3551  138.55   35.67  231.00    4.97    5.54    1.38    1.52 1359.00    0.00  0
                    6.25    7.33    2.05    2.99
                       0    5.70    4.12    1.25    1.31
47640       3553  138.77   35.50  232.00    3.04    3.71    1.19    1.44 1362.00    0.00  0
                    3.06    3.64    1.18    1.42
                       0    3.35    2.35    0.90    1.30
47746       3580  134.22   35.47  238.00    3.38    3.59    1.49    1.55 1382.00    0.00  0
                    3.50    3.72    1.59    1.57
                       0    3.67    2.56    1.75    1.75
47814       3607  130.93   33.32  231.00    3.25    3.55    1.43    1.51 1359.00    0.00  0
                    4.00    3.37    1.88    1.53
                       0    3.13    1.97    1.51    1.26
47887       3624  132.78   33.83  238.00    2.98    3.24    1.12    1.20 1381.00    0.00  0
                    3.14    3.28    1.15    1.27
                       0    3.32    2.46    0.98    1.03
48300       3649   97.97   19.29  238.00    4.43    4.57    1.12    1.01  475.00    0.00  0
                    4.97    4.93    0.82    0.78
                       0    4.30    3.67    0.48    1.22
48303       3651   99.83   19.92  238.00    2.88    3.05    1.21    1.13  476.00    0.00  0
                    3.05    3.90    0.89    1.33
                       0    3.18    3.35    1.04    1.04
48304       3652   99.77   19.87  238.00    2.55    2.71    1.31    1.29  476.00    0.00  0
                    2.70    3.05    1.04    1.30
                       0    3.33    3.00    1.37    0.93
48307       3653  100.88   19.42  238.00    2.65    2.76    1.30    1.21  475.00    0.00  0
                    2.90    2.95    1.04    1.00
                       0    3.07    1.92    0.85    1.19
48310       3654   99.90   19.13  238.00    2.81    2.92    1.23    1.23  475.00    0.00  0
                    2.93    3.28    0.89    1.15
                       0    2.47    2.35    0.89    1.07
48315       3655  100.80   19.12  238.00    3.70    3.82    1.27    1.20  476.00    0.00  0
                    3.85    3.85    1.15    1.19
                       0    5.18    3.22    2.30    1.78
48324       3656   99.24   17.63  238.00    3.41    3.41    1.23    1.19  476.00    0.00  0
                    3.20    3.20    0.89    1.04
                       0    3.00    2.85    0.96    0.89
48325       3657   97.93   18.17  238.00    4.09    4.17    1.08    1.03  474.00    0.00  0
                    4.05    4.05    1.04    0.96
                       0    3.78    4.68    0.82    1.15
48330       3661  100.17   18.17  238.00    3.22    3.24    1.09    1.08  476.00    0.00  0
                    3.55    3.28    1.11    1.08
                       0    3.20    2.75    0.85    1.33
48331       3662  100.77   18.77  238.00    3.23    3.33    1.28    1.25  475.00    0.00  0
                    3.35    3.40    1.22    1.15
                       0    4.20    2.38    1.26    1.19
48333       3663  100.74   18.86  238.00    2.66    2.77    1.22    1.15  475.00    0.00  0
                    2.75    2.78    1.04    1.00
                       0    2.93    2.15    1.22    1.19
48350       3665  101.72   17.39  238.00    2.52    2.54    1.48    1.49  476.00    0.00  0
                    3.03    2.30    1.74    1.41
                       0    3.60    1.33    1.96    1.56
48351       3666  100.10   17.62  238.00    2.51    2.46    1.33    1.23  475.00    0.00  0
                    2.70    2.85    0.96    1.04
                       0    2.82    2.53    0.59    1.45
48353       3668  101.73   17.45  236.00    2.80    2.82    1.31    1.30  471.00    0.00  0
                    3.25    3.28    1.37    1.37
                       0    3.00    2.62    1.33    1.85
48375       3678   98.55   16.67  238.00    2.84    2.84    0.95    0.94  475.00    0.00  0
                    2.85    2.82    0.96    1.00
                       0    3.20    3.00    1.45    0.74
48377       3680   99.02   17.25  238.00    2.55    2.54    1.36    1.36  474.00    0.00  0
                    2.97    3.05    1.52    1.59
                       0    2.15    1.95    1.15    1.52
48379       3682  101.15   16.43  238.00    3.03    2.96    1.39    1.28  476.00    0.00  0
                    2.95    2.90    1.41    1.33
                       0    2.70    3.25    1.59    1.22
48385       3688   98.87   16.02  238.00    4.00    4.01    1.15    1.08  471.00    0.00  0
                    3.85    3.88    0.93    0.93
                       0    4.15    3.10    1.19    0.96
48421       3708   98.63   14.75  238.00    3.47    3.50    1.08    1.04  476.00    0.00  0
                    3.35    3.40    0.96    0.89
                       0    3.15    3.17    0.96    0.96
48625       3779  101.10    4.57  224.00    2.78    2.92    1.37    1.35  224.00    0.00  0
                    2.95    3.20    1.26    1.33
                       0    3.20    2.90    0.74    1.41
48803       3789  103.97   22.50  235.00    5.14    5.31    1.47    1.37  464.00    0.00  0
                    5.30    5.45    1.41    1.33
                       0    5.30    6.05    1.37    0.96
48810       3792  105.83   22.15  232.00    2.64    2.82    1.47    1.42  232.00    0.00  0
                    2.85    2.90    1.11    1.19
                       0    2.85    3.55    0.82    1.19
48924       3822  101.46   21.05  177.00    4.45    4.56    1.26    1.16  285.00    0.00  0
                    4.60    4.60    0.96    1.04
                       0    4.65    4.05    0.67    1.89
48925       3823  102.00   20.68  176.00    2.60    2.69    1.45    1.34  282.00    0.00  0
                    2.90    2.85    1.19    1.11
                       0    3.20    2.55    0.67    1.78
48930       3826  102.13   19.88  236.00    3.47    3.58    1.35    1.20  434.00    0.00  0
                    3.70    3.60    1.26    1.26
                       0    3.58    3.90    1.30    0.82
48938       3828  101.73   19.23  178.00    3.05    3.14    1.43    1.34  285.00    0.00  0
                    3.10    3.15    1.26    1.11
                       0    3.38    2.65    0.82    1.33
55591       3958   91.13   29.67  238.00    6.18    6.50    1.85    1.90  476.00    0.00  0
                    6.55    6.78    2.48    2.26
                       0    6.55    7.45    2.56    1.96
55696       3960   92.47   28.42  238.00    6.34    6.48    1.68    1.78  415.00    0.00  0
                    6.55    6.65    1.67    1.96
                       0    6.85    6.75    1.15    2.41
56079       3969  102.97   33.58  238.00    2.76    2.90    1.47    1.56  415.00    0.00  0
                    2.78    3.00    1.30    1.33
                       0    3.05    2.30    1.04    0.93
56080       3970  102.90   35.00  238.00    3.14    3.36    1.50    1.53  476.00    0.00  0
                    3.18    3.57    1.52    1.52
                       0    3.38    2.65    2.15    1.56
56137       3974   97.17   31.15  238.00    5.09    5.36    1.69    1.81  475.00    0.00  0
                    5.15    5.22    1.78    1.96
                       0    4.90    4.40    2.97    2.15
56144       3975   98.56   31.73  238.00    8.65    8.89    1.86    2.01  416.00    0.00  0
                    8.42    8.75    1.82    2.08
                       0    8.57    9.12    2.89    3.00
56146       3976  100.00   31.62  238.00    6.48    6.69    1.77    1.86  476.00    0.00  0
                    6.65    7.03    1.67    1.93
                       0    7.32    5.55    1.56    2.78
56167       3978  101.12   30.98  238.00    8.83    8.98    1.77    1.93  416.00    0.00  0
                   11.50    8.90    4.00    1.71
                       0    8.73    7.53    1.45    1.67
56172       3979  102.23   31.90  238.00    8.76    8.90    1.80    1.88  475.00    0.00  0
                    8.75    8.98    1.78    2.04
                       0    7.78    7.48    1.45    1.48
56257       3982  100.27   30.00  238.00    4.35    4.51    1.39    1.41  415.00    0.00  0
                    4.40    4.70    1.48    1.45
                       0    3.83    3.75    0.85    1.22
56312       3983   94.47   29.57  238.00    7.71    7.77    1.70    1.77  474.00    0.00  0
                    7.45    7.47    1.56    1.59
                       0    7.65    8.12    1.89    2.04
56357       3984  100.30   29.05  238.00    5.97    6.14    1.50    1.61  416.00    0.00  0
                    6.00    6.15    1.56    1.63
                       0    5.68    5.68    1.63    1.82
56374       3985  101.97   30.05  238.00    8.10    8.26    1.39    1.48  415.00    0.00  0
                    8.00    8.08    1.41    1.59
                       0    8.42    7.05    1.26    0.82
56444       3987   98.88   28.45  238.00    3.51    3.65    1.20    1.23  475.00    0.00  0
                    3.68    3.75    1.15    1.26
                       0    3.32    4.20    0.96    0.37
56462       3988  101.50   29.00  238.00    9.18    9.31    1.60    1.71  474.00    0.00  0
                    9.15    9.25    1.56    1.78
                       0    8.55    8.95    1.89    1.00
56571       3990  102.27   27.90  238.00    4.10    4.30    1.30    1.36  476.00    0.00  0
                    4.43    4.45    1.30    1.56
                       0    4.30    4.93    1.26    1.37
56651       3992  100.21   26.83  238.00    2.78    3.06    1.11    1.11  475.00    0.00  0
                    2.75    3.15    1.04    0.96
                       0    2.62    3.82    1.37    1.07
56671       3993  102.25   26.65  238.00    2.58    2.81    1.32    1.33  416.00    0.00  0
                    2.70    2.85    1.19    1.26
                       0    2.42    2.70    1.33    1.26
56748       3997   99.22   25.13  238.00    2.84    3.11    1.35    1.24  415.00    0.00  0
                    2.97    3.20    1.15    1.04
                       0    2.70    3.03    0.74    1.48
56751       3998  100.18   25.70  238.00    3.07    3.34    1.39    1.37  416.00    0.00  0
                    3.03    3.30    1.22    1.19
                       0    2.78    3.15    0.96    0.85
56886       4002  103.77   24.53  238.00    2.61    2.78    1.23    1.23  416.00    0.00  0
                    2.80    2.90    1.04    1.11
                       0    2.90    2.47    1.00    1.26
56985       4005  103.32   23.44  238.00    4.19    4.40    1.15    1.23  238.00    0.00  0
                    4.25    4.45    0.96    1.11
                       0    4.10    4.75    0.67    0.82
57127       4010  107.03   33.07  238.00    2.60    3.02    1.61    1.37  238.00    0.00  0
                    2.90    3.20    1.26    1.19
                       0    2.10    2.25    1.48    0.89
57245       4012  109.03   32.72  238.00    2.55    3.00    1.63    1.56  238.00    0.00  0
                    2.60    3.10    1.48    1.63
                       0    1.80    2.90    1.26    1.63
57447       4017  109.47   30.28  238.00    4.84    5.05    1.60    1.55  238.00    0.00  0
                    5.00    5.10    1.71    1.78
                       0    5.30    4.30    1.63    1.41
58968       4060  121.53   25.03  238.00    2.85    3.00    1.35    1.41  470.00    0.00  0
                    3.03    3.10    1.45    1.48
                       0    3.40    3.78    1.89    0.93
60005       4090  342.25   28.62  238.00    3.25    3.27    1.00    1.03 1425.00    0.00  0
                    3.23    3.22    0.84    0.88
                       0    3.16    3.69    0.62    0.69
61832       4170  346.37    9.57  161.00    7.37    7.34    1.80    1.80  161.00    0.00  0
                    7.40    7.40    1.78    1.78
                       0    7.25    7.35    1.41    2.08
71951       5028  231.41   54.46  234.00    2.73    2.89    1.62    1.60  467.00    0.00  0
                    2.85    3.10    1.63    1.63
                       0    2.12    2.33    2.52    1.41
76305       5279  248.65   26.02  171.00    2.99    3.11    1.52    1.55  320.00    0.00  0
                    2.85    2.90    1.63    1.56
                       1    2.92    2.55    1.78    2.26
76581       5303  260.00   21.85  225.00    3.69    4.08    1.67    1.96  371.00    0.00  0
                    3.70    4.10    1.78    2.08
                       0    4.00    2.80    1.59    1.33
76625       5307  259.60   20.58  226.00    3.29    3.69    1.67    1.96  461.00    0.00  0
                    3.26    3.45    1.83    2.08
                       0    4.32    3.42    2.11    2.26
76683       5319  261.77   19.32  220.00    3.05    3.25    1.67    1.71  444.00    0.00  0
                    2.94    3.10    1.72    1.71
                       0    2.93    3.60    3.82    1.89
76737       5325  262.90   18.85  234.00    4.20    4.24    1.46    1.59  517.00    0.00  0
                    4.20    4.26    1.74    1.85
                       0    5.17    4.20    2.59    1.33
76843       5335  266.87   16.75  235.00    3.49    3.45    1.37    1.37  441.00    0.00  0
                    3.60    3.50    1.26    1.33
                       0    4.30    3.28    1.22    1.33
78397       5345  283.22   17.93  238.00    2.83    2.84    1.00    1.02  473.00    0.00  0
                    3.00    3.00    0.82    0.82
                       0    2.97    2.57    1.19    0.93
78482       5347  288.91   18.20  175.00    2.86    3.15    1.25    1.39  266.00    0.00  0
                    2.90    4.90    1.33    2.67
                       1    2.95    2.07    1.15    1.85
78655       5351  270.46   13.98  132.00    2.59    2.82    1.59    1.64  165.00    0.00  0
                    2.70    3.25    1.48    1.59
                       1    2.35    2.65    1.56    1.59
78708       5358  272.07   15.45  234.00    2.95    3.26    1.57    1.51  419.00    0.00  0
                    3.12    3.55    1.30    1.19
                       0    4.00    2.53    0.93    1.41
78762       5365  275.82    9.98  233.00    3.72    3.70    1.36    1.33  442.00    0.00  0
                    4.10    5.35    1.26    2.37
                       0    4.28    3.58    1.45    1.00
78764       5366  275.87    9.94  177.00    2.85    2.81    1.31    1.23  286.00    0.00  0
                    3.05    3.00    1.26    1.19
                       1    3.17    3.28    0.93    1.07
80009       5387  285.77   11.13  217.00    4.09    4.20    1.50    1.54  316.00    0.00  0
                    4.05    4.10    1.71    1.78
                       0    4.45    4.60    1.70    1.11
80110       5397  284.41    6.22  159.00    5.96    6.10    1.71    1.68  206.00    1.00  0
                    6.10    6.10    1.33    1.19
                       1    6.05    6.00    1.70    1.33
81909       5420  319.64   -7.07  230.00    3.16    3.16    1.64    1.53  230.00    0.00  0
                    2.85    3.10    1.85    1.48
                       0    2.60    3.30    1.63    2.59
82780       5445  318.52   -7.06  114.00    3.32    3.33    0.90    0.92  114.00    0.00  0
                    3.35    3.30    0.82    0.89
                       1    3.70    2.90    1.11    0.74
83393       5471  318.72  -16.00  168.00    2.82    2.55    1.33    1.41  168.00    0.00  0
                    2.80    2.50    0.89    1.04
                       1    2.75    3.00    0.89    0.96
83442       5474  318.02  -16.85  178.00    2.87    2.57    1.48    1.45  178.00    0.00  0
                    3.00    2.75    1.19    1.11
                       1    2.90    2.70    0.89    2.00
84027       5514  282.30    0.82   65.00    3.30    3.67    1.31    1.27   83.00    1.00  0
                    3.70    3.90    1.04    1.11
                       2    4.05    3.25    1.04    1.22
84123       5521  281.39   -0.90  142.00    6.79    7.05    1.68    1.75  192.00    0.00  0
                    7.72    8.35    1.78    1.74
                       2    7.18    6.80    1.56    1.48
84143       5525  281.42   -1.02  140.00    7.83    8.08    1.84    1.97  171.00    0.00  0
                    8.08    8.30    1.52    1.63
                       2    8.10    7.75    1.48    2.22
84160       5526  281.41   -1.35  153.00    6.69    6.93    1.62    1.76  190.00    0.00  0
                    6.80    7.00    1.48    1.63
                       2    7.20    6.82    2.59    2.08
84163       5527  281.94   -1.50  130.00    7.91    8.29    2.07    2.31  154.00    0.00  0
                    7.90    8.20    1.93    2.37
                       3    8.05    7.70    1.48    1.93
84265       5535  280.63   -3.98  131.00    7.51    7.96    2.08    2.24  151.00    0.00  0
                    7.40    8.30    2.22    2.22
                       2    7.05    7.00    1.19    2.37
84390       5538  278.75   -4.57  122.00    3.66    4.31    1.25    1.36  172.00    0.00  0
                    3.68    4.35    1.30    1.41
                       2    4.00    3.30    1.22    0.93
84444       5541  282.19   -6.21  101.00    3.83    4.32    1.51    1.57  138.00    0.00  0
                    3.85    4.30    1.41    1.48
                       2    4.10    3.45    1.19    1.33
84452       5542  280.17   -6.78  238.00    3.98    4.35    1.26    1.44  440.00    0.00  0
                    4.15    4.43    1.26    1.45
                       0    4.93    2.38    0.41    0.59
84501       5546  280.97   -8.10  237.00    2.67    2.84    0.98    0.94  445.00    0.00  0
                    2.70    2.95    1.11    1.11
                       0    3.45    1.55    1.11    0.52
84564       5550  283.80   -9.86  119.00    7.71    8.19    2.04    1.93  170.00    0.00  0
                    8.00    8.50    1.78    1.33
                       2    6.95    8.33    2.52    1.52
87938       5709  291.69  -54.80  238.00    2.57    2.66    1.33    1.41  460.00    0.00  0
                    2.53    2.60    1.15    1.19
                       0    2.75    2.70    1.26    0.67
91285       5768  204.93   19.72  234.00    2.95    3.03    1.66    1.83  234.00    0.00  0
                    2.80    2.75    1.63    1.71
                       0    3.25    2.75    1.93    1.48
91324       5770  149.19    7.35  108.00    2.89    2.88    1.62    1.62  108.00    0.00  0
                    2.70    2.70    2.08    2.00
                       0    2.60    2.20    1.70    2.74
92047       5816  146.72   -6.57   64.00    4.53    4.69    1.41    1.39   77.00    0.00  0
                    4.30    4.45    1.19    1.41
                       0    4.20    4.78    0.96    1.59
94313       5935  118.33  -22.23  112.00    2.55    2.55    1.56    1.41  112.00    0.00  0
                    2.90    2.70    1.33    1.04
                       0    2.45    3.00    1.56    1.19
97126       6414  120.37   -2.54  238.00    4.27    4.26    1.37    1.39  476.00    0.00  0
                    4.30    4.32    1.26    1.30
                       0    3.68    4.52    1.41    1.15
97270       6423  118.70   -8.55  238.00    3.35    3.39    1.44    1.47  476.00    0.00  0
                    3.50    3.38    1.41    1.37
                       0    3.35    3.25    1.45    1.30
97686       6443  138.94   -4.07  236.00    5.28    5.24    1.37    1.37  395.00    0.00  0
                    5.05    5.00    1.11    1.11
                       0    4.95    5.22    1.11    1.59
97780       6451  136.37   -3.92  178.00    4.07    3.98    1.24    1.23  356.00    0.00  0
                    4.30    4.22    1.30    1.30
                       0    4.68    4.35    1.07    1.70
98548       6483  124.88   11.78  238.00    2.52    2.57    1.31    1.28  473.00    1.00  0
                    2.72    2.72    1.22    1.22
                       0    2.97    1.12    0.67    1.04
ANI         6510   95.90   28.80  237.00    4.57    4.59    1.58    1.65 1334.00    0.00  0
                    4.25    4.28    1.17    1.31
                       0    4.79    4.23    1.80    1.24
BKN         6527   73.30   28.10  236.00   -2.50   -2.05    1.60    1.66 1135.00    0.00  0
                   -2.34   -2.03    1.66    1.59
                       0   -1.80   -2.46    0.67    2.15
DSL         6594   76.30   32.20  237.00    4.65    4.76    1.25    1.29 1339.00    0.00  0
                    4.72    4.80    1.04    1.14
                       0    4.34    4.64    0.73    1.02
GSA         6616   89.70   27.90  233.00    5.94    6.14    1.03    1.02 1060.00    0.00  0
                    6.48    6.38    0.89    0.74
                       0    6.17    5.97    0.81    0.95
JLD         6628   75.30   31.00  237.00    8.96    9.21    2.14    2.16 1254.00    6.00  0
                    9.00    9.20    1.96    2.05
                       0    8.47    9.65    2.02    1.49
JLW         6631   76.10   24.60  237.00   -8.13   -8.05    1.78    1.79 1274.00    0.00  0
                   -8.18   -8.00    2.00    1.80
                       0   -7.38   -9.18    1.20    3.24
KIP         6644   94.80   25.90  237.00    2.85    2.90    1.13    1.16 1358.00    0.00  0
                    2.68    2.73    0.95    1.01
                       0    2.97    2.64    0.94    1.22
KWA         6665   75.20   32.90  237.00    3.85    4.02    1.50    1.60  892.00    0.00  0
                    3.75    3.90    1.46    1.63
                       0    3.91    2.94    1.30    2.01
KWR         6666   81.10   22.60  237.00    3.69    3.98    1.33    1.39 1338.00    0.00  0
                    3.80    4.03    1.13    1.31
                       0    4.02    3.13    0.62    1.32
MMG         6683   88.50   27.50  235.00    7.85    8.00    1.77    1.87 1264.00    0.00  0
                    7.46    7.50    1.65    1.85
                       0    7.52    7.76    1.06    2.29
MNY         6685   73.20    8.30  222.00    3.10    3.06    1.44    1.43 1282.00    1.00  0
                    3.28    2.58    1.92    1.71
                       0    3.26    2.78    1.49    1.82
MTA         6690   72.70   24.60  236.00   -5.57   -5.59    1.40    1.39 1183.00    0.00  0
                   -5.42   -5.39    1.36    1.26
                       0   -5.47   -5.57    0.99    3.58
OSD         6709   76.00   18.10  237.00    2.74    2.97    1.53    1.62 1344.00    0.00  0
                    2.80    2.92    1.51    1.68
                       0    2.66    1.89    1.00    2.92
PSA         6723   77.20   28.60  227.00  -13.23  -12.27    1.98    1.86  710.00   15.00  0
                  -13.17  -11.87    1.40    1.45
                       0  -13.43  -12.00    1.74    1.53
SSA         6755   75.00   29.50  151.00   -2.84   -2.22    1.35    1.31  359.00    0.00  0
                   -2.90   -2.20    1.26    1.26
                       0   -3.56   -2.04    1.60    0.96
TGA         6760   90.50   27.50  235.00    5.77    5.93    0.88    0.99 1257.00    0.00  0
                    5.68    5.80    0.62    0.74
                       0    5.80    5.92    0.44    0.71
TOL         6765   94.00   24.60  170.00    4.08    4.20    1.51    1.59  575.00    1.00  0
                    4.00    4.13    1.46    1.66
                       0    4.10    4.43    1.89    1.63
14216       6815   14.45   45.33  178.00    3.65    3.84    1.45    1.48  808.00    0.00  0
                    3.81    4.33    1.51    1.53
                       0    4.11    3.45    1.25    1.72
14323       6828   14.90   45.00  178.00    5.66    5.86    1.32    1.33  819.00    0.00  0
                    5.82    6.02    1.24    1.29
                       0    5.97    5.43    1.53    1.31
16036       6853   12.60   46.03  146.00    3.85    3.99    1.30    1.26  245.00    0.00  0
                    4.78    4.22    1.30    1.00
                       2    3.70    4.20    0.74    0.78
16400       6873   13.18   38.70  177.00    3.01    3.12    1.35    1.27  755.00    0.00  0
                    3.13    3.28    1.31    1.20
                       0    4.25    2.87    1.08    0.54
16759       6884   24.75   35.00   67.00    2.86    2.77    1.38    1.34   99.00    0.00  0
                    3.95    4.15    1.48    1.71
                       0    3.22    2.35    0.52    1.70
17026       6887   35.17   42.02  183.00    2.99    3.01    1.12    1.09  723.00    0.00  0
                    3.10    3.17    0.89    0.85
                       0    2.82    2.53    0.72    0.89
17033       6888   37.90   40.98  178.00    3.27    3.37    1.01    0.99  633.00    0.00  0
                    3.40    3.51    0.84    0.73
                       0    3.52    3.38    0.88    0.70
17034       6889   38.38   40.92  184.00    3.29    3.40    1.28    1.32  726.00    0.00  0
                    3.50    3.50    1.11    1.12
                       0    3.20    3.21    1.68    0.95
17040       6890   40.52   41.03  178.00    3.67    3.75    1.64    1.67  572.00    0.00  0
                    3.91    4.00    1.60    1.51
                       0    4.52    3.40    2.50    1.33
17042       6891   41.43   41.40  178.00    2.69    2.87    1.57    1.56  549.00    0.00  0
                    2.81    3.05    1.50    1.61
                       0    2.84    2.40    2.22    2.00
17100       6901   44.05   39.92  178.00    4.10    4.12    1.49    1.63  706.00    0.00  0
                    4.91    4.22    1.48    1.46
                       0    4.27    4.53    1.22    1.89
17285       6916   43.77   37.57  178.00    5.88    5.96    1.16    1.15  549.00    0.00  0
                    6.10    6.20    1.04    1.01
                       0    6.59    6.00    0.64    1.85
17292       6917   28.37   37.22  221.00    2.67    2.88    1.68    1.82  837.00    0.00  0
                    2.92    3.03    1.79    1.78
                       0    3.03    3.88    1.34    1.85
17297       6919   27.66   36.70  178.00    4.33    4.52    1.27    1.39  550.00    0.00  0
                    4.66    5.09    1.27    1.47
                       0    3.95    4.15    1.40    1.46
17330       6920   33.93   36.38  195.00    2.72    2.88    1.64    1.75  750.00    0.00  0
                    3.10    3.43    1.38    1.61
                       0    3.20    2.60    1.24    2.26
17375       6921   30.15   36.29  177.00    4.02    4.20    1.40    1.39  627.00    0.00  0
                    4.07    4.17    1.68    1.61
                       0    3.98    4.10    1.85    1.74
17380       6922   29.65   36.20  178.00    2.93    3.12    1.08    1.13  686.00    0.00  0
                    3.07    3.18    1.31    1.37
                       0    2.76    3.45    1.24    0.82
17607       6923   33.40   35.15  112.00    2.51    2.70    1.52    1.43  169.00    0.00  0
                    2.55    2.60    2.00    1.93
                       0    2.80    2.08    1.48    2.15
40954       6962   70.47   34.43   90.00    3.16    3.08    1.22    1.16  118.00    0.00  0
                    3.40    3.10    1.04    1.04
                       0    3.05    3.33    1.19    1.37
42062       6967   76.38   32.27  112.00    9.88   10.01    1.39    1.32  113.00    0.00  0
                    9.75    9.85    1.41    1.26
                       0    9.45   11.25    1.11    1.63
42065       6968   77.17   32.27   94.00    8.12    8.26    2.01    1.92   95.00    0.00  0
                    7.50    7.75    1.78    1.56
                       0    7.15    7.85    1.41    1.56
42299       6977   88.62   27.33  118.00    3.08    3.48    1.28    1.26  238.00    0.00  0
                    2.78    3.35    1.22    1.26
                       0    2.72    2.53    0.78    2.41
43225       7013   74.13   14.78  118.00    2.71    2.71    1.37    1.37  237.00    0.00  0
                    2.72    2.72    1.37    1.33
                       0    2.93    3.75    0.82    1.41
64380       7086   28.92   -2.47  133.00    3.58    3.76    1.68    1.71  174.00    0.00  0
                    3.60    3.65    1.63    1.71
                       0    3.47    2.65    2.04    1.48
64381       7087   29.25   -1.67  132.00    5.30    5.45    1.57    1.57  173.00    0.00  0
                    5.40    5.60    1.63    1.63
                       0    5.47    5.25    1.96    1.67
43205       7162   76.84   15.15   97.00    2.60    2.71    1.57    1.55   98.00    0.00  0
                    2.40    2.70    1.63    1.63
                       0    2.65    2.30    1.04    1.48
64820       7207    9.80    1.90  168.00    2.64    2.60    1.53    1.52  169.00    0.00  0
                    3.40    2.70    1.33    1.41
                       0    3.10    2.20    1.63    1.41
80211       7240  284.28    4.50  223.00    3.52    3.51    1.65    1.63  342.00    0.00  0
                    3.50    3.70    1.56    1.48
                       0    3.53    3.08    1.52    1.54
82400       7244  327.58   -3.85  119.00    2.56    2.47    1.10    1.09  120.00    0.00  0
                    2.70    2.60    1.04    0.89
                       1    2.75    2.85    0.44    1.11
82979       7248  317.90   -9.63  117.00    2.70    2.70    0.82    0.96  118.00    0.00  0
                    2.60    2.60    0.74    1.04
                       1    2.20    2.45    0.52    0.67
83242       7255  318.62  -12.56  118.00    3.73    3.41    1.64    1.58  119.00    0.00  0
                    3.70    3.60    1.63    1.48
                       1    4.25    4.35    2.08    1.56
76681       7307  260.82   19.30   71.00    6.13    6.50    1.99    2.05  100.00    0.00  0
                    6.30    6.70    2.52    2.82
                       6    6.18    7.15    2.30    2.59
37785       7393   44.40   40.34  196.00    7.58    7.54    2.08    2.27  239.00    0.00  0
                    7.53    7.30    2.08    2.37
                       0    8.10    6.70    2.37    2.45
44454       7552   85.37   27.70   64.00    3.25    3.47    1.60    1.68  108.00    0.00  0
                    2.72    3.05    1.41    1.52
                      30    2.65    3.07    1.26    1.30
