  01320       6.12   61.83    3.77    3.80    1.37    1.34  0
  01329       6.27   60.35    3.89    3.89    1.23    1.25  0
  01338       6.65   61.17    5.39    5.45    1.59    1.59  0
  01378      10.48   61.10    2.78    2.93    1.37    1.37  0
  06604       6.95   47.00    3.31    3.11    1.53    1.40  0
  06650       8.30   47.03    3.08    2.89    1.50    1.54  0
  06654       8.05   46.19    5.51    5.41    1.46    1.63  0
  06668       8.59   46.69    7.25    7.20    1.79    1.82  0
  06682       9.17   46.92    4.03    3.91    1.61    1.74  0
  06685       9.07   47.03    6.11    5.98    1.98    2.01  0
  06686       9.50   47.01    7.65    7.51    1.50    1.54  0
  06711       6.67   46.52    2.96    2.69    1.36    1.08  0
  06715       7.02   46.18    7.45    7.26    1.67    1.63  0
  06722       7.52   46.12    5.31    5.21    1.32    1.42  0
  06728       7.83   46.19    6.71    6.62    1.98    2.06  0
  06760       8.77   46.17    6.00    5.89    1.62    1.37  0
  06762       8.88   46.17    5.74    5.65    1.70    1.78  0
  06770       8.96   46.00    4.20    4.16    1.44    1.19  0
  06786       9.52   46.87    8.50    8.41    2.09    2.13  0
  06788       9.62   46.35    7.94    7.94    1.77    1.83  0
  06990       9.52   47.13    6.56    6.40    1.30    1.35  0
  07490       6.10   45.92    2.76    2.55    1.64    1.85  0
  07775       9.52   42.27    2.86    3.03    1.47    1.60  0
  11101       9.75   47.50    2.68    2.46    1.45    1.38  0
  13462      19.25   42.37    2.61    2.64    1.39    1.48  0
  13463      19.28   42.43    4.84    4.88    1.58    1.64  0
  14010      14.18   46.37    3.27    3.33    1.65    1.73  0
  14445      16.43   43.52    2.66    2.73    1.06    1.00  0
  16120       8.85   44.42    4.08    4.18    1.17    1.20  0
  17045      41.82   41.18    4.35    4.56    1.27    1.22  0
  17085      35.85   40.65    4.96    5.07    1.51    1.56  0
  17086      36.57   40.29    5.75    5.88    1.86    1.93  0
  17116      29.07   40.18    5.61    5.80    1.71    1.75  0
  17186      27.43   38.61    2.93    3.15    1.56    1.50  0
  17234      27.85   37.85    3.12    3.38    1.63    1.72  0
  17250      34.68   37.97    3.33    3.60    1.56    1.75  0
  17370      36.17   36.58    3.22    3.41    0.76    0.88  0
  37107      40.20   43.68    5.95    6.06    1.92    1.98  0
  37545      44.76   41.75    3.14    3.07    1.61    1.70  0
  37621      44.55   41.45    2.83    2.77    1.47    1.54  0
  38856      70.88   38.46   12.76   12.46    2.74    2.75  0
  40199      34.95   29.55    4.27    4.40    1.16    1.25  0
  40732      50.66   36.90    5.09    5.11    1.55    1.52  0
  41241      56.23   26.16    4.40    4.42    1.19    1.27  0
  41257      57.93   23.30    3.16    3.12    1.58    1.59  0
  41315      54.08   17.25   -2.70   -2.77    1.54    1.39  0
  41515      71.78   35.57   14.01   13.96    2.32    2.32  0
  42045      75.17   33.50    6.49    6.52    1.67    1.68  0
  42111      78.03   30.32    2.89    3.19    1.41    1.44  0
  42623      93.90   24.67    3.16    3.25    1.13    1.13  0
  43441      80.37    7.47    2.87    2.74    0.77    0.82  0
  43486      80.40    6.68    3.53    3.45    1.15    1.18  0
  47101     127.73   37.90    2.83    3.09    1.39    1.32  0
  47114     127.95   37.33    2.76    2.97    1.21    1.12  0
  47173     127.39   35.42    2.58    2.68    1.36    1.33  0
  47412     141.33   43.05    2.51    2.66    0.94    0.84  0
  47570     139.91   37.47    3.87    4.28    1.51    1.55  0
  47584     141.16   39.70    3.17    3.35    1.42    1.38  0
  47595     140.47   37.75    3.21    3.61    1.49    1.41  0
  47610     138.19   36.67    3.70    4.13    1.48    1.52  0
  47612     138.25   37.10    3.05    3.34    1.39    1.48  0
  47617     137.25   36.15    4.10    4.46    1.57    1.67  0
  47618     137.97   36.25    3.67    4.11    1.45    1.53  0
  47620     138.12   36.04    4.58    5.05    1.26    1.25  0
  47631     136.07   35.65    2.77    3.10    1.09    1.20  0
  47637     137.82   35.52    4.21    4.67    1.62    1.67  0
  47638     138.55   35.67    4.97    5.54    1.38    1.52  0
  47640     138.77   35.50    3.04    3.71    1.19    1.44  0
  47746     134.22   35.47    3.38    3.59    1.49    1.55  0
  47814     130.93   33.32    3.25    3.55    1.43    1.51  0
  47887     132.78   33.83    2.98    3.24    1.12    1.20  0
  48300      97.97   19.29    4.43    4.57    1.12    1.01  0
  48303      99.83   19.92    2.88    3.05    1.21    1.13  0
  48304      99.77   19.87    2.55    2.71    1.31    1.29  0
  48307     100.88   19.42    2.65    2.76    1.30    1.21  0
  48310      99.90   19.13    2.81    2.92    1.23    1.23  0
  48315     100.80   19.12    3.70    3.82    1.27    1.20  0
  48324      99.24   17.63    3.41    3.41    1.23    1.19  0
  48325      97.93   18.17    4.09    4.17    1.08    1.03  0
  48330     100.17   18.17    3.22    3.24    1.09    1.08  0
  48331     100.77   18.77    3.23    3.33    1.28    1.25  0
  48333     100.74   18.86    2.66    2.77    1.22    1.15  0
  48350     101.72   17.39    2.52    2.54    1.48    1.49  0
  48351     100.10   17.62    2.51    2.46    1.33    1.23  0
  48353     101.73   17.45    2.80    2.82    1.31    1.30  0
  48375      98.55   16.67    2.84    2.84    0.95    0.94  0
  48377      99.02   17.25    2.55    2.54    1.36    1.36  0
  48379     101.15   16.43    3.03    2.96    1.39    1.28  0
  48385      98.87   16.02    4.00    4.01    1.15    1.08  0
  48421      98.63   14.75    3.47    3.50    1.08    1.04  0
  48625     101.10    4.57    2.78    2.92    1.37    1.35  0
  48803     103.97   22.50    5.14    5.31    1.47    1.37  0
  48810     105.83   22.15    2.64    2.82    1.47    1.42  0
  48924     101.46   21.05    4.45    4.56    1.26    1.16  0
  48925     102.00   20.68    2.60    2.69    1.45    1.34  0
  48930     102.13   19.88    3.47    3.58    1.35    1.20  0
  48938     101.73   19.23    3.05    3.14    1.43    1.34  0
  55591      91.13   29.67    6.18    6.50    1.85    1.90  0
  55696      92.47   28.42    6.34    6.48    1.68    1.78  0
  56079     102.97   33.58    2.76    2.90    1.47    1.56  0
  56080     102.90   35.00    3.14    3.36    1.50    1.53  0
  56137      97.17   31.15    5.09    5.36    1.69    1.81  0
  56144      98.56   31.73    8.65    8.89    1.86    2.01  0
  56146     100.00   31.62    6.48    6.69    1.77    1.86  0
  56167     101.12   30.98    8.83    8.98    1.77    1.93  0
  56172     102.23   31.90    8.76    8.90    1.80    1.88  0
  56257     100.27   30.00    4.35    4.51    1.39    1.41  0
  56312      94.47   29.57    7.71    7.77    1.70    1.77  0
  56357     100.30   29.05    5.97    6.14    1.50    1.61  0
  56374     101.97   30.05    8.10    8.26    1.39    1.48  0
  56444      98.88   28.45    3.51    3.65    1.20    1.23  0
  56462     101.50   29.00    9.18    9.31    1.60    1.71  0
  56571     102.27   27.90    4.10    4.30    1.30    1.36  0
  56651     100.21   26.83    2.78    3.06    1.11    1.11  0
  56671     102.25   26.65    2.58    2.81    1.32    1.33  0
  56748      99.22   25.13    2.84    3.11    1.35    1.24  0
  56751     100.18   25.70    3.07    3.34    1.39    1.37  0
  56886     103.77   24.53    2.61    2.78    1.23    1.23  0
  56985     103.32   23.44    4.19    4.40    1.15    1.23  0
  57127     107.03   33.07    2.60    3.02    1.61    1.37  0
  57245     109.03   32.72    2.55    3.00    1.63    1.56  0
  57447     109.47   30.28    4.84    5.05    1.60    1.55  0
  58968     121.53   25.03    2.85    3.00    1.35    1.41  0
  60005     342.25   28.62    3.25    3.27    1.00    1.03  0
  61832     346.37    9.57    7.37    7.34    1.80    1.80  0
  71951     231.41   54.46    2.73    2.89    1.62    1.60  0
  76305     248.65   26.02    2.99    3.11    1.52    1.55  0
  76581     260.00   21.85    3.69    4.08    1.67    1.96  0
  76625     259.60   20.58    3.29    3.69    1.67    1.96  0
  76683     261.77   19.32    3.05    3.25    1.67    1.71  0
  76737     262.90   18.85    4.20    4.24    1.46    1.59  0
  76843     266.87   16.75    3.49    3.45    1.37    1.37  0
  78397     283.22   17.93    2.83    2.84    1.00    1.02  0
  78482     288.91   18.20    2.86    3.15    1.25    1.39  0
  78655     270.46   13.98    2.59    2.82    1.59    1.64  0
  78708     272.07   15.45    2.95    3.26    1.57    1.51  0
  78762     275.82    9.98    3.72    3.70    1.36    1.33  0
  78764     275.87    9.94    2.85    2.81    1.31    1.23  0
  80009     285.77   11.13    4.09    4.20    1.50    1.54  0
  80110     284.41    6.22    5.96    6.10    1.71    1.68  0
  81909     319.64   -7.07    3.16    3.16    1.64    1.53  0
  82780     318.52   -7.06    3.32    3.33    0.90    0.92  0
  83393     318.72  -16.00    2.82    2.55    1.33    1.41  0
  83442     318.02  -16.85    2.87    2.57    1.48    1.45  0
  84027     282.30    0.82    3.30    3.67    1.31    1.27  0
  84123     281.39   -0.90    6.79    7.05    1.68    1.75  0
  84143     281.42   -1.02    7.83    8.08    1.84    1.97  0
  84160     281.41   -1.35    6.69    6.93    1.62    1.76  0
  84163     281.94   -1.50    7.91    8.29    2.07    2.31  0
  84265     280.63   -3.98    7.51    7.96    2.08    2.24  0
  84390     278.75   -4.57    3.66    4.31    1.25    1.36  0
  84444     282.19   -6.21    3.83    4.32    1.51    1.57  0
  84452     280.17   -6.78    3.98    4.35    1.26    1.44  0
  84501     280.97   -8.10    2.67    2.84    0.98    0.94  0
  84564     283.80   -9.86    7.71    8.19    2.04    1.93  0
  87938     291.69  -54.80    2.57    2.66    1.33    1.41  0
  91285     204.93   19.72    2.95    3.03    1.66    1.83  0
  91324     149.19    7.35    2.89    2.88    1.62    1.62  0
  92047     146.72   -6.57    4.53    4.69    1.41    1.39  0
  94313     118.33  -22.23    2.55    2.55    1.56    1.41  0
  97126     120.37   -2.54    4.27    4.26    1.37    1.39  0
  97270     118.70   -8.55    3.35    3.39    1.44    1.47  0
  97686     138.94   -4.07    5.28    5.24    1.37    1.37  0
  97780     136.37   -3.92    4.07    3.98    1.24    1.23  0
  98548     124.88   11.78    2.52    2.57    1.31    1.28  0
  ANI        95.90   28.80    4.57    4.59    1.58    1.65  0
  BKN        73.30   28.10   -2.50   -2.05    1.60    1.66  0
  DSL        76.30   32.20    4.65    4.76    1.25    1.29  0
  GSA        89.70   27.90    5.94    6.14    1.03    1.02  0
  JLD        75.30   31.00    8.96    9.21    2.14    2.16  0
  JLW        76.10   24.60   -8.13   -8.05    1.78    1.79  0
  KIP        94.80   25.90    2.85    2.90    1.13    1.16  0
  KWA        75.20   32.90    3.85    4.02    1.50    1.60  0
  KWR        81.10   22.60    3.69    3.98    1.33    1.39  0
  MMG        88.50   27.50    7.85    8.00    1.77    1.87  0
  MNY        73.20    8.30    3.10    3.06    1.44    1.43  0
  MTA        72.70   24.60   -5.57   -5.59    1.40    1.39  0
  OSD        76.00   18.10    2.74    2.97    1.53    1.62  0
  PSA        77.20   28.60  -13.23  -12.27    1.98    1.86  0
  SSA        75.00   29.50   -2.84   -2.22    1.35    1.31  0
  TGA        90.50   27.50    5.77    5.93    0.88    0.99  0
  TOL        94.00   24.60    4.08    4.20    1.51    1.59  0
  14216      14.45   45.33    3.65    3.84    1.45    1.48  0
  14323      14.90   45.00    5.66    5.86    1.32    1.33  0
  16036      12.60   46.03    3.85    3.99    1.30    1.26  0
  16400      13.18   38.70    3.01    3.12    1.35    1.27  0
  16759      24.75   35.00    2.86    2.77    1.38    1.34  0
  17026      35.17   42.02    2.99    3.01    1.12    1.09  0
  17033      37.90   40.98    3.27    3.37    1.01    0.99  0
  17034      38.38   40.92    3.29    3.40    1.28    1.32  0
  17040      40.52   41.03    3.67    3.75    1.64    1.67  0
  17042      41.43   41.40    2.69    2.87    1.57    1.56  0
  17100      44.05   39.92    4.10    4.12    1.49    1.63  0
  17285      43.77   37.57    5.88    5.96    1.16    1.15  0
  17292      28.37   37.22    2.67    2.88    1.68    1.82  0
  17297      27.66   36.70    4.33    4.52    1.27    1.39  0
  17330      33.93   36.38    2.72    2.88    1.64    1.75  0
  17375      30.15   36.29    4.02    4.20    1.40    1.39  0
  17380      29.65   36.20    2.93    3.12    1.08    1.13  0
  17607      33.40   35.15    2.51    2.70    1.52    1.43  0
  40954      70.47   34.43    3.16    3.08    1.22    1.16  0
  42062      76.38   32.27    9.88   10.01    1.39    1.32  0
  42065      77.17   32.27    8.12    8.26    2.01    1.92  0
  42299      88.62   27.33    3.08    3.48    1.28    1.26  0
  43225      74.13   14.78    2.71    2.71    1.37    1.37  0
  64380      28.92   -2.47    3.58    3.76    1.68    1.71  0
  64381      29.25   -1.67    5.30    5.45    1.57    1.57  0
  43205      76.84   15.15    2.60    2.71    1.57    1.55  0
  64820       9.80    1.90    2.64    2.60    1.53    1.52  0
  80211     284.28    4.50    3.52    3.51    1.65    1.63  0
  82400     327.58   -3.85    2.56    2.47    1.10    1.09  0
  82979     317.90   -9.63    2.70    2.70    0.82    0.96  0
  83242     318.62  -12.56    3.73    3.41    1.64    1.58  0
  76681     260.82   19.30    6.13    6.50    1.99    2.05  0
  37785      44.40   40.34    7.58    7.54    2.08    2.27  0
  44454      85.37   27.70    3.25    3.47    1.60    1.68  0
