  AYMH      144.30   -5.83    2.82    2.88    1.26    1.23  0
  AYNZ      146.72   -6.57    4.10    4.21    1.48    1.47  0
  CYXT      231.43   54.46    2.87    3.05    1.58    1.55  0
  FCBB       15.25   -4.25   -2.79   -2.09    1.36    1.46  0
  FGBT        9.80    1.90    2.90    2.87    1.02    1.03  0
  FGSL        8.77    3.75    3.16    3.16    1.64    1.65  0
  GCLA      342.25   28.62    3.38    3.40    1.03    1.07  0
  K7BM      253.78   38.79    4.46    4.71    1.46    1.34  0
  KCXY      283.16   40.22    2.54    2.99    1.17    1.15  0
  KLOM      284.73   40.14   -2.51   -1.76    1.66    1.73  0
  KMNI      279.78   33.58   -3.42   -3.06    1.30    1.39  0
  KTOC      276.71   34.59    2.77    3.04    1.21    1.24  0
  LIMJ        8.85   44.42    4.17    4.27    1.10    1.08  0
  LLET       34.95   29.55    3.91    4.06    1.26    1.33  0
  LOWS       13.00   47.80    2.63    2.49    1.17    1.09  0
  LSZA        8.92   46.00    3.81    3.76    1.40    1.41  0
  LSZL        8.88   46.16    5.77    5.70    1.56    1.52  0
  LTCS       38.88   37.47   13.87   13.94    1.51    1.50  0
  LYPG       19.25   42.37    2.61    2.65    1.37    1.47  0
  MDST      289.41   19.39    3.08    3.22    0.90    0.82  0
  MHLM      272.07   15.45    2.96    3.27    1.35    1.32  0
  MHSC      272.38   14.38    5.41    5.77    1.28    1.49  0
  MKJP      283.22   17.93    2.78    2.80    1.03    1.04  0
  MMOX      263.27   16.97    2.75    2.82    1.65    1.68  0
  MMTG      266.97   16.57    3.28    3.24    1.39    1.39  0
  MROC      275.78   10.00    3.52    3.50    1.21    1.15  0
  MRPV      275.85    9.94    2.59    2.59    1.16    1.03  0
  MSSA      270.43   13.98    3.30    3.53    1.34    1.38  0
  OINR       50.67   36.90    5.03    5.06    1.57    1.56  0
  OJAQ       35.02   29.63    3.33    3.47    1.38    1.41  0
  OLBA       35.47   33.82    2.76    2.94    0.94    0.93  0
  PHTO      204.93   19.72    2.88    2.95    1.50    1.64  0
  RCFN      121.08   22.77    3.32    3.35    1.32    1.34  0
  RCSS      121.55   25.07    3.29    3.45    1.35    1.35  0
  RJSI      141.13   39.43    2.52    2.83    1.50    1.50  0
  SBJU      320.73   -7.22    4.21    4.20    0.83    0.79  0
  SECU      281.02   -2.88    6.17    6.28    2.01    2.13  0
  SELT      281.38   -0.92    6.45    6.59    1.47    1.56  0
  SEMC      281.88   -2.29    2.60    2.88    1.54    1.64  0
  SETU      282.30    0.82    3.01    3.21    1.37    1.43  0
  SKAR      284.28    4.50    3.47    3.48    1.41    1.39  0
  SKIB      284.85    4.43    4.34    4.35    1.29    1.37  0
  SKMD      284.41    6.22    5.71    5.84    1.53    1.50  0
  SKSM      285.77   11.13    4.15    4.25    1.26    1.30  0
  SPHI      280.17   -6.78    4.01    4.36    1.25    1.39  0
  SPJR      281.53   -7.13    6.51    6.82    2.03    2.24  0
  SPRU      280.88   -8.08    3.23    3.39    0.98    0.95  0
  SVMD      288.82    8.60    7.28    7.44    2.00    2.15  0
  SVMI      293.02   10.60    4.20    4.24    1.11    1.14  0
  UBBY       46.66   41.55    2.95    2.92    1.42    1.46  0
  UTDK       69.80   37.97    2.87    2.62    1.62    1.70  0
  VEIM       93.90   24.76    2.94    3.05    1.17    1.14  0
  VLLB      102.16   19.89    3.00    3.21    1.36    1.25  0
  VLLN      101.40   20.96    3.94    4.14    1.33    1.26  0
  VNKT       85.37   27.70    3.06    3.22    0.90    0.97  0
  VTCH       97.98   19.30    2.99    3.17    1.25    1.13  0
  VTCP      100.15   18.14    3.47    3.42    1.44    1.50  0
  VTUL      101.73   17.45    2.75    2.72    1.48    1.45  0
  VVCR      109.21   12.00    3.06    3.12    1.25    1.29  0
  WMKI      101.08    4.57    2.59    2.71    1.21    1.21  0
  ENSD        6.12   61.83    3.69    3.71    1.42    1.38  0
  LIMG        8.11   44.05    3.20    3.45    1.48    1.56  0
  LIPA       12.60   46.03    3.66    3.82    1.31    1.23  0
  LIRI       14.92   40.61    2.68    3.10    1.36    1.18  0
  LTBD       27.85   37.85    2.60    2.88    1.67    1.74  0
  LTCL       41.83   37.96    3.49    3.62    1.21    1.20  0
  OIMS       57.60   36.17    3.82    3.63    1.38    1.45  0
  SBLP      316.58  -13.27    2.72    2.42    0.81    0.80  0
  SBMS      322.64   -5.20    2.99    2.79    0.95    0.96  0
  MHNO      270.82   14.43    3.33    3.68    1.55    1.73  0
