AYMH           2  144.30   -5.83  169.00    2.82    2.88    1.26    1.23  555.00    0.00  0
                    2.80    2.88    1.21    1.27
                       0    3.00    2.90    1.68    1.93
AYNZ           3  146.72   -6.57  175.00    4.10    4.21    1.48    1.47  633.00    0.00  0
                    4.10    4.15    1.22    1.21
                       0    4.38    4.34    0.92    1.21
CYXT         226  231.43   54.46  234.00    2.87    3.05    1.58    1.55 1529.00    0.00  0
                    2.92    3.15    1.62    1.62
                       0    2.08    2.58    3.01    1.65
FCBB         643   15.25   -4.25  233.00   -2.79   -2.09    1.36    1.46 1406.00    0.00  0
                   -2.50   -1.88    1.09    1.38
                       0   -3.12   -2.36    1.44    0.78
FGBT         650    9.80    1.90  231.00    2.90    2.87    1.02    1.03 1115.00    0.00  0
                    2.88    2.78    1.11    1.11
                       0    3.04    3.38    1.16    1.62
FGSL         651    8.77    3.75  233.00    3.16    3.16    1.64    1.65 1338.00    0.00  0
                    2.77    4.78    1.26    3.11
                       0    2.99    2.74    0.80    1.63
GCLA         684  342.25   28.62  238.00    3.38    3.40    1.03    1.07 2853.00    0.00  0
                    3.36    3.37    0.96    0.96
                       0    3.19    3.75    0.64    0.85
K7BM         884  253.78   38.79  234.00    4.46    4.71    1.46    1.34 4220.00    0.00  0
                    4.60    4.76    1.22    1.15
                       0    3.92    4.06    1.93    1.90
KCXY        1311  283.16   40.22  238.00    2.54    2.99    1.17    1.15 1987.00    0.00  0
                    2.69    3.08    1.06    1.09
                       0    2.27    2.75    0.96    0.88
KLOM        1980  284.73   40.14  236.00   -2.51   -1.76    1.66    1.73 4155.00    0.00  0
                   -2.10   -1.35    1.59    1.48
                       0   -1.77   -1.87    1.50    1.33
KMNI        2128  279.78   33.58  235.00   -3.42   -3.06    1.30    1.39 4176.00    0.00  0
                   -3.39   -3.09    1.38    1.33
                       0   -3.74   -3.84    1.10    1.62
KTOC        2723  276.71   34.59  235.00    2.77    3.04    1.21    1.24 4161.00    0.00  0
                    2.91    3.12    1.02    1.31
                       0    2.89    2.49    0.84    1.51
LIMJ        3081    8.85   44.42  238.00    4.17    4.27    1.10    1.08 2802.00    0.00  0
                    4.64    4.63    1.06    0.94
                       0    3.87    4.52    1.00    0.67
LLET        3127   34.95   29.55  213.00    3.91    4.06    1.26    1.33 1042.00    0.00  0
                    4.03    4.16    1.31    1.21
                       0    3.90    3.47    1.49    0.98
LOWS        3135   13.00   47.80  238.00    2.63    2.49    1.17    1.09 2853.00    0.00  0
                    3.45    2.57    1.43    1.10
                       0    3.27    2.65    0.84    0.91
LSZA        3179    8.92   46.00  238.00    3.81    3.76    1.40    1.41 2853.00    0.00  0
                    3.95    3.88    1.28    1.48
                       0    4.28    4.09    1.32    1.17
LSZL        3184    8.88   46.16  220.00    5.77    5.70    1.56    1.52 2455.00    0.00  0
                    5.74    6.59    1.72    1.66
                       0    6.38    5.74    2.42    2.01
LTCS        3222   38.88   37.47  182.00   13.87   13.94    1.51    1.50 2858.00 1244.00  0
                   13.80   13.84    1.27    1.20
                       0   13.60   13.91    1.38    1.23
LYPG        3238   19.25   42.37  238.00    2.61    2.65    1.37    1.47 2846.00    0.00  0
                    2.80    3.29    1.20    1.48
                       0    3.24    0.75    1.20    2.19
MDST        3253  289.41   19.39  238.00    3.08    3.22    0.90    0.82 1415.00    0.00  0
                    3.15    3.56    0.70    0.74
                       0    3.30    2.95    0.59    0.54
MHLM        3261  272.07   15.45  238.00    2.96    3.27    1.35    1.32 1258.00    0.00  0
                    3.04    3.45    1.28    1.18
                       0    3.97    2.52    0.69    1.36
MHSC        3264  272.38   14.38  203.00    5.41    5.77    1.28    1.49 1521.00    0.00  0
                    5.59    5.76    1.03    1.41
                       0    5.49    5.46    0.74    1.43
MKJP        3268  283.22   17.93  238.00    2.78    2.80    1.03    1.04 1471.00    0.00  0
                    2.86    2.88    0.68    0.67
                       0    3.12    2.23    0.65    0.79
MMOX        3305  263.27   16.97  181.00    2.75    2.82    1.65    1.68  946.00    0.00  0
                    2.94    2.98    1.59    1.66
                       1    2.81    3.05    2.97    1.20
MMTG        3320  266.97   16.57  236.00    3.28    3.24    1.39    1.39 1206.00    0.00  0
                    3.29    3.20    1.21    1.29
                       0    4.97    3.14    1.74    0.90
MROC        3344  275.78   10.00  238.00    3.52    3.50    1.21    1.15 1492.00    0.00  0
                    3.75    3.96    1.21    1.12
                       0    4.00    3.44    1.05    0.75
MRPV        3345  275.85    9.94  179.00    2.59    2.59    1.16    1.03  881.00    0.00  0
                    2.86    2.70    1.17    1.04
                       1    2.94    3.01    0.96    0.99
MSSA        3349  270.43   13.98  105.00    3.30    3.53    1.34    1.38  391.00    0.00  0
                    3.30    3.90    1.29    1.28
                      44    3.36    3.28    1.24    1.34
OINR        3459   50.67   36.90  238.00    5.03    5.06    1.57    1.56 1305.00    0.00  0
                    5.30    5.29    1.64    1.56
                       0    5.48    4.43    1.77    1.43
OJAQ        3475   35.02   29.63  238.00    3.33    3.47    1.38    1.41 1306.00    0.00  0
                    3.33    3.38    1.50    1.60
                       0    3.43    2.14    1.69    1.27
OLBA        3477   35.47   33.82  209.00    2.76    2.94    0.94    0.93 1188.00    0.00  0
                    2.88    3.50    0.88    0.89
                       0    3.23    2.79    0.72    0.87
PHTO        3665  204.93   19.72  236.00    2.88    2.95    1.50    1.64 2531.00    0.00  0
                    2.81    2.88    1.38    1.54
                       0    3.22    2.95    1.62    1.38
RCFN        3680  121.08   22.77  181.00    3.32    3.35    1.32    1.34 1982.00    0.00  0
                    3.33    3.26    1.41    1.34
                       0    3.43    4.31    0.83    1.37
RCSS        3684  121.55   25.07  238.00    3.29    3.45    1.35    1.35 2872.00    0.00  0
                    3.29    3.45    1.25    1.30
                       0    4.08    3.45    1.03    1.14
RJSI        3739  141.13   39.43  178.00    2.52    2.83    1.50    1.50  841.00    0.00  0
                    2.70    3.04    1.30    1.32
                       0    3.60    2.26    1.27    1.41
SBJU        3860  320.73   -7.22  236.00    4.21    4.20    0.83    0.79 1252.00    0.00  0
                    4.25    4.23    0.75    0.79
                       0    4.55    3.66    0.78    0.60
SECU        3939  281.02   -2.88  232.00    6.17    6.28    2.01    2.13 1382.00    0.00  0
                    6.27    6.95    2.26    2.31
                       0    6.12    6.18    1.79    2.35
SELT        3942  281.38   -0.92  232.00    6.45    6.59    1.47    1.56 1348.00    0.00  0
                    6.44    7.22    1.39    1.62
                       0    7.75    6.73    1.63    0.83
SEMC        3943  281.88   -2.29  175.00    2.60    2.88    1.54    1.64  778.00    0.00  0
                    4.52    2.67    3.06    1.85
                       1    2.57    2.75    1.12    2.47
SETU        3950  282.30    0.82  117.00    3.01    3.21    1.37    1.43  349.00    0.00  0
                    2.97    3.53    1.43    1.38
                       1    3.38    2.39    1.34    2.22
SKAR        3954  284.28    4.50  237.00    3.47    3.48    1.41    1.39 1081.00    0.00  0
                    3.48    3.58    1.36    1.41
                       0    3.93    3.12    0.79    1.27
SKIB        3962  284.85    4.43  187.00    4.34    4.35    1.29    1.37  873.00    0.00  0
                    4.47    4.47    1.21    1.14
                       0    4.27    4.33    0.89    1.01
SKMD        3966  284.41    6.22  177.00    5.71    5.84    1.53    1.50  715.00    0.00  0
                    6.37    6.03    1.33    0.95
                       1    5.79    5.98    2.01    1.08
SKSM        3976  285.77   11.13  236.00    4.15    4.25    1.26    1.30 1022.00    1.00  0
                    4.10    4.20    1.35    1.41
                       0    4.47    4.47    1.23    0.98
SPHI        4007  280.17   -6.78  232.00    4.01    4.36    1.25    1.39 1367.00    0.00  0
                    4.20    4.49    1.27    1.33
                       0    4.92    2.46    0.56    0.83
SPJR        4011  281.53   -7.13  175.00    6.51    6.82    2.03    2.24 1461.00    3.00  0
                    7.35    7.54    1.21    1.57
                       1    7.34    7.12    1.17    1.32
SPRU        4017  280.88   -8.08  232.00    3.23    3.39    0.98    0.95 1370.00    0.00  0
                    3.41    3.56    1.05    1.03
                       0    4.09    2.03    0.80    0.41
SVMD        4035  288.82    8.60  197.00    7.28    7.44    2.00    2.15  554.00    0.00  0
                    7.20    7.25    2.27    2.50
                       1    7.25    7.40    1.79    2.35
SVMI        4037  293.02   10.60  228.00    4.20    4.24    1.11    1.14 1187.00    0.00  0
                    4.17    4.18    1.14    1.18
                       0    3.46    3.49    0.97    1.03
UBBY        4092   46.66   41.55  238.00    2.95    2.92    1.42    1.46 1412.00    0.00  0
                    3.03    3.06    1.33    1.61
                       0    3.08    3.63    0.88    1.16
UTDK        4163   69.80   37.97  238.00    2.87    2.62    1.62    1.70 2849.00    0.00  0
                    3.06    3.40    2.21    2.09
                       0    3.74    3.06    2.00    1.69
VEIM        4214   93.90   24.76  168.00    2.94    3.05    1.17    1.14 1087.00    0.00  0
                    2.95    3.07    1.11    1.09
                       0    3.22    2.78    0.78    0.95
VLLB        4227  102.16   19.89  178.00    3.00    3.21    1.36    1.25  783.00    0.00  0
                    3.12    3.28    1.45    1.25
                       0    3.90    3.54    1.29    2.20
VLLN        4228  101.40   20.96  178.00    3.94    4.14    1.33    1.26  730.00    0.00  0
                    4.03    4.14    1.26    1.23
                       0    4.32    2.91    0.85    1.74
VNKT        4233   85.37   27.70  238.00    3.06    3.22    0.90    0.97 2524.00    0.00  0
                    3.08    3.14    0.85    0.90
                       0    2.92    3.14    0.60    0.82
VTCH        4254   97.98   19.30  178.00    2.99    3.17    1.25    1.13  769.00    0.00  0
                    3.10    3.27    1.08    0.97
                       0    3.53    2.52    1.11    1.36
VTCP        4257  100.15   18.14  178.00    3.47    3.42    1.44    1.50  669.00    0.00  0
                    3.38    3.30    1.31    1.38
                       0    3.47    3.99    1.28    1.92
VTUL        4279  101.73   17.45  174.00    2.75    2.72    1.48    1.45  748.00    0.00  0
                    2.83    2.75    1.09    1.17
                       0    3.40    2.36    1.07    1.33
VVCR        4285  109.21   12.00  236.00    3.06    3.12    1.25    1.29 2771.00    0.00  0
                    3.25    3.30    1.14    1.19
                       0    3.59    3.08    1.10    1.19
WMKI        4327  101.08    4.57  238.00    2.59    2.71    1.21    1.21 1427.00    0.00  0
                    2.70    2.83    1.14    1.27
                       0    2.64    2.19    0.70    1.56
ENSD        4537    6.12   61.83  164.00    3.69    3.71    1.42    1.38 1500.00    0.00  0
                    3.91    3.90    1.01    0.99
                       0    3.31    4.30    1.21    1.00
LIMG        4633    8.11   44.05  178.00    3.20    3.45    1.48    1.56  740.00    0.00  0
                    3.58    3.94    1.33    1.49
                       0    4.18    2.97    0.84    1.37
LIPA        4640   12.60   46.03  133.00    3.66    3.82    1.31    1.23  732.00    0.00  0
                    3.80    3.87    1.11    1.29
                       0    3.40    3.76    1.00    1.32
LIRI        4650   14.92   40.61  178.00    2.68    3.10    1.36    1.18  642.00    0.00  0
                    2.90    3.29    0.82    0.83
                       0    2.65    2.75    1.34    0.59
LTBD        4665   27.85   37.85  118.00    2.60    2.88    1.67    1.74  555.00    0.00  0
                    2.84    3.02    1.34    1.52
                       0    2.92    2.73    0.79    1.61
LTCL        4669   41.83   37.96   70.00    3.49    3.62    1.21    1.20  283.00    0.00  0
                    3.51    3.70    1.43    1.30
                       0    4.00    3.14    1.20    1.58
OIMS        4745   57.60   36.17   80.00    3.82    3.63    1.38    1.45  180.00    0.00  0
                    4.10    3.94    1.17    1.19
                       0    4.12    3.88    0.80    2.08
SBLP        4756  316.58  -13.27   77.00    2.72    2.42    0.81    0.80  273.00    0.00  0
                    2.80    2.48    0.80    0.74
                       1    2.66    2.92    0.63    1.03
SBMS        4758  322.64   -5.20  127.00    2.99    2.79    0.95    0.96  543.00    0.00  0
                    3.13    2.90    0.84    0.91
                       1    3.66    2.78    0.88    0.78
MHNO        4968  270.82   14.43   56.00    3.33    3.68    1.55    1.73  211.00    0.00  0
                    3.45    3.86    1.36    1.38
                       1    3.91    3.36    1.13    0.97
