  CWAE      237.05   50.13    4.25    4.64    2.71    2.94  3
  CWLY      238.42   50.22    7.03    7.36    2.94    2.84  3
  CWSW      245.12   49.75    2.86    3.34    3.49    3.71  3
  CYAW      296.70   44.38    0.80    0.90    2.33    2.33  3
  CYBD      233.41   52.38    6.25    6.64    3.31    3.40  3
  CYBN      280.46   44.16   -0.82   -0.65    2.38    2.53  3
  CYBW      245.64   51.10   -1.70   -1.45    2.32    2.65  3
  CYCG      242.37   49.29    3.37    3.64    2.85    2.78  3
  CYCP      240.72   52.11    2.93    3.21    3.70    3.79  3
  CYDA      220.87   64.04    0.56    0.70    2.96    3.03  3
  CYDB      220.95   61.36   -1.22   -1.07    3.10    3.23  3
  CYDC      239.49   49.46    0.99    1.61    3.49    3.71  3
  CYDL      230.00   58.42    1.36    1.53    2.29    2.51  3
  CYGE      243.02   51.30    3.24    3.64    3.31    3.45  3
  CYGP      295.53   48.77   -0.14    0.03    2.33    2.32  3
  CYHE      238.52   49.36    5.58    5.99    2.11    1.89  3
  CYMA      224.14   63.61    0.93    1.06    2.38    2.48  3
  CYMU       56.00    6.00  -11.97  -11.97    4.93    4.96  3
  CYPQ      281.64   44.23   -0.60   -0.43    2.22    2.36  3
  CYRV      241.82   50.96    3.15    3.34    3.16    3.17  3
  CYWH      236.62   48.41   -3.31   -2.28    2.97    2.32  3
  CYWY      236.57   63.21    0.00    0.16    2.32    2.45  3
  CYXH      249.29   50.01   -1.90   -1.45    2.93    3.10  3
  CYXS      237.33   53.89   -0.97   -0.88    2.50    2.45  3
  CYYD      232.82   54.82    1.08    1.24    2.66    2.78  3
  CYYF      240.40   49.46    2.83    3.16    2.67    2.69  3
  CYYW      271.46   50.17    0.05    0.25    3.16    3.21  3
  CYZV      293.74   50.21   -0.89   -0.75    2.17    2.16  3
  CYZW      227.26   60.17    0.43    0.67    2.24    2.42  3
  CZFA      226.63   62.20    2.94    3.11    3.02    3.22  3
  CZPC      246.02   49.51   -1.14   -0.73    2.48    2.61  3
  CZST      230.03   55.93    3.01    3.17    3.50    3.64  3
  DAAE        5.07   36.72    0.33    0.50    2.35    2.41  3
  DAAG        3.25   36.72   -1.13   -0.86    2.57    2.62  3
  DAAJ        9.47   24.28    0.38    0.38    2.48    2.44  3
  DAAP        8.61   26.72   -0.15   -0.17    2.49    2.45  3
  DAAS        5.33   36.18   -0.79   -0.60    2.16    2.21  3
  DAAT        5.47   22.82   -0.73   -0.58    2.63    2.56  3
  DAAV        5.88   36.79    1.44    1.58    2.13    2.21  3
  DAAY      359.75   33.53   -0.38   -0.28    2.25    2.12  3
  DABC        6.62   36.28   -1.14   -0.98    2.49    2.55  3
  DABS        8.13   35.47   -0.02    0.15    2.67    2.65  3
  DABT        6.32   35.75   -0.10    0.05    3.13    3.16  3
  DAOB        1.47   35.33   -1.34   -1.21    3.12    3.11  3
  DAOF      351.87   27.67   -1.62   -1.56    2.17    2.04  3
  DAOI        1.33   36.22    1.67    1.81    2.62    2.63  3
  DAOL      359.47   35.54   -0.10   -0.02    2.61    2.64  3
  DAON      358.53   35.02    0.02    0.12    2.75    2.81  3
  DAOO      359.40   35.63   -0.77   -0.69    2.17    2.21  3
  DAOR      357.77   31.62   -1.09   -0.82    2.28    2.11  3
  DAOV        0.15   35.20   -0.65   -0.56    3.06    3.04  3
  DAUA      359.82   27.83   -1.75   -1.63    2.50    2.53  3
  DAUB        5.73   34.79   -0.05    0.15    2.18    2.18  3
  DAUE        2.87   30.57   -1.11   -0.93    2.38    2.42  3
  DAUI        2.52   27.25   -1.10   -0.95    2.50    2.56  3
  DAUT        0.28   29.25   -1.60   -1.46    2.32    2.34  3
  DAUU        5.40   31.92   -1.11   -0.92    2.22    2.25  3
  DAUZ        9.63   28.05   -0.77   -0.76    2.34    2.34  3
  DRRN        2.17   13.48   -1.79   -1.33    2.38    2.27  3
  DTTB        9.80   37.25   -0.26   -0.07    2.21    2.22  3
  DTTF        8.82   34.42   -0.88   -0.62    2.24    2.24  3
  DTTN        8.80   36.47    0.35    0.60    2.55    2.58  3
  EEKA       22.82   58.99   -0.26   -0.23    2.26    2.26  3
  EPZG       15.80   52.13   -1.39   -1.27    2.34    2.26  3
  ETAR        7.60   49.43    0.14    0.20    3.05    3.18  3
  ETSH       13.18   51.77   -0.53   -0.46    2.31    2.23  3
  FABL       26.30  -29.10   -2.78   -2.46    3.70    3.75  3
  FAJB       28.00  -26.15   -1.36   -0.70    3.16    3.22  3
  FAKM       24.77  -28.80   -1.93   -1.58    3.18    3.26  3
  FAMM       25.53  -25.78   -1.82   -1.47    2.99    3.08  3
  FAOB       20.28  -34.60   -0.42   -0.40    2.95    3.02  3
  FAPP       29.45  -23.85   -1.05   -0.84    2.70    2.80  3
  FAUP       21.27  -28.40   -1.73   -1.53    2.98    3.04  3
  FDBB       31.91  -26.85   -0.64   -0.42    2.65    2.84  3
  GAMB      355.91   14.52   -1.78   -1.58    2.25    2.13  3
  GMAD      350.60   30.33   -3.88   -3.66    2.29    2.34  3
  GMFF      355.01   33.94   -0.34   -0.03    2.63    2.78  3
  GMFO      358.06   34.78    0.09    0.20    2.92    2.98  3
  GMMB      352.37   33.65    1.98    2.39    3.07    3.19  3
  GMME      353.23   34.04   -1.64   -1.16    2.12    2.17  3
  GMMI      350.32   31.39    0.27    0.45    2.56    2.51  3
  GMMW      356.98   34.97   -0.97   -0.77    2.36    2.46  3
  GMMX      351.98   31.62   -0.70   -0.25    2.21    2.18  3
  GMMZ      353.10   30.94    0.73    0.83    2.43    2.42  3
  GOSM      346.67   15.60   -0.30    0.10    2.29    2.12  3
  GOSP      345.03   16.68    0.11    0.31    2.24    2.23  3
  HESC       34.07   28.68    0.33    0.45    2.17    2.34  3
  HSSS       32.54   15.60   -3.37   -3.09    2.26    2.14  3
  HTKA       29.63   -4.88   -0.74   -0.66    2.66    2.77  3
  HTSU       31.63   -7.97    0.76    0.93    2.58    2.79  3
  K04V      253.83   38.10    1.66    1.83    2.40    2.43  3
  K05U      244.00   39.60   -1.83   -1.92    5.72    5.58  3
  K0E0      254.00   34.97   -1.02   -0.60    3.43    3.62  3
  K1AM      249.20   47.28   -0.57   -0.20    2.38    2.55  3
  K1AW      255.73   41.33   -2.01   -1.55    2.66    2.72  3
  K1BW      256.00   41.52   -2.20   -1.85    2.42    2.64  3
  K1DM      250.18   47.38   -1.56   -1.20    2.84    3.06  3
  K1DW      256.20   41.37   -2.23   -1.88    2.31    2.44  3
  K1FW      256.52   41.37   -2.57   -2.24    2.26    2.50  3
  K1KM      250.20   46.45   -1.56   -1.12    2.78    2.97  3
  K1LN      257.73   48.79   -2.90   -2.63    2.66    2.66  3
  K1MM      250.37   47.02   -1.91   -1.53    2.31    2.49  3
  K1MN      258.12   48.67   -2.50   -2.15    2.12    2.13  3
  K1NM      250.97   47.07   -1.15   -0.71    2.20    2.38  3
  K1OM      251.07   47.33   -0.13    0.29    2.11    2.25  3
  K1ON      258.72   48.82   -2.83   -2.43    2.40    2.41  3
  K1S5      240.04   46.33   -3.50   -3.24    3.49    3.73  3
  K20U      256.02   46.92   -2.98   -2.50    2.86    3.02  3
  K20V      253.63   40.04    1.48    1.61    3.67    3.67  3
  K2V5      257.77   40.10   -1.68   -1.22    2.59    2.75  3
  K2WX      256.47   45.58   -1.44   -1.01    2.39    2.54  3
  K33V      253.74   40.75   -1.24   -1.08    3.42    3.50  3
  K3K3      258.25   38.00   -2.51   -2.12    2.46    2.53  3
  K4BM      254.48   39.04    0.12    0.08    2.11    2.11  3
  K4V0      251.24   40.10   -1.69   -1.98    4.33    4.38  3
  K5SM      252.63   39.42    0.13   -0.03    2.51    2.50  3
  K65S      243.70   48.73    2.13    2.48    2.11    2.00  3
  K6R6      257.78   30.05   -0.47   -0.26    2.32    2.25  3
  K7L2      259.75   46.22   -0.89   -0.43    2.68    2.96  3
  K82V      255.87   41.15   -2.58   -2.16    3.49    3.58  3
  K9L2      242.14   34.99   -0.33    0.01    2.84    3.05  3
  KAAT      239.43   41.49   -2.04   -1.73    4.72    4.90  3
  KACB      274.80   44.99   -0.07   -0.10    2.10    2.06  3
  KACV      235.90   40.98   -2.67   -2.73    2.49    2.53  3
  KADU      265.08   41.70   -0.28   -0.28    2.14    2.23  3
  KAEG      253.20   35.14   -2.46   -1.97    3.04    3.14  3
  KAEJ      253.88   38.81    2.68    2.89    2.73    2.70  3
  KAFF      255.18   38.97    1.76    2.35    2.67    2.55  3
  KAFO      249.07   42.71   -2.19   -2.32    4.25    4.47  3
  KAIA      257.20   42.05   -2.64   -2.29    3.20    3.42  3
  KAIB      251.44   38.22    0.43    0.10    2.45    2.58  3
  KAJO      242.40   33.90   -1.17    0.01    3.40    3.69  3
  KAJZ      251.94   38.78    3.79    3.46    2.72    2.84  3
  KAKO      256.78   40.17   -1.43   -0.98    2.39    2.43  3
  KALK      249.58   31.60   -1.24   -1.01    2.38    2.24  3
  KALM      254.02   32.83   -0.14    0.12    2.70    2.52  3
  KALS      254.13   37.45   -1.57   -1.47    3.25    3.35  3
  KANK      253.95   38.53    4.48    4.75    2.21    2.20  3
  KAPC      237.72   38.22   -2.61   -1.10    2.40    1.96  3
  KASE      253.13   39.22    4.46    4.47    2.92    2.97  3
  KATS      255.53   32.85   -1.15   -0.93    2.13    2.07  3
  KAVQ      248.79   32.40   -1.56   -1.04    2.43    2.15  3
  KAVX      241.59   33.40    0.04    0.97    2.53    2.48  3
  KAXX      254.72   36.42   -0.44   -0.32    3.71    3.79  3
  KAZC      246.99   36.96   -1.51   -1.46    5.27    5.26  3
  KBAM      243.09   40.56   -1.93   -1.92    5.54    5.36  3
  KBAN      240.49   38.35    0.63    1.07    5.54    5.86  3
  KBCE      247.85   37.70   -2.27   -2.34    4.37    4.35  3
  KBCK      269.15   44.25   -0.67   -0.68    2.88    3.03  3
  KBDG      250.52   37.58   -1.82   -1.88    3.13    3.17  3
  KBDN      238.80   44.09    0.38    0.73    2.26    2.56  3
  KBEH      273.57   42.13    0.29    0.27    2.15    2.16  3
  KBFF      256.40   41.87   -1.22   -0.84    2.72    2.92  3
  KBHK      255.75   46.35   -2.27   -1.82    2.97    3.13  3
  KBIH      241.63   37.36    1.36    1.52    5.26    5.39  3
  KBKE      242.18   44.83   -0.37   -0.11    3.89    4.15  3
  KBLH      245.28   33.61   -0.67   -0.46    2.28    2.32  3
  KBMC      247.94   41.55   -0.13   -0.61    2.92    3.32  3
  KBML      288.82   44.58    1.16    1.49    2.27    2.53  3
  KBNO      241.05   43.58   -2.52   -2.32    4.32    4.52  3
  KBOI      243.78   43.57   -0.53   -0.25    2.18    2.43  3
  KBOK      235.71   42.07   -2.43   -2.23    2.96    2.91  3
  KBPC      258.97   35.88   -0.89   -0.56    2.33    2.31  3
  KBPI      249.90   42.57   -2.48   -2.48    4.59    4.66  3
  KBTM      247.50   45.95    1.39    1.66    3.27    3.46  3
  KBUU      271.70   42.69   -0.71   -0.61    2.14    2.21  3
  KBVO      263.99   36.76   -0.76   -0.61    2.40    2.32  3
  KBVU      245.14   35.94   -1.34   -1.25    2.69    2.60  3
  KBXK      247.31   33.40   -1.24   -0.76    2.56    2.36  3
  KBYG      253.28   44.38    0.06    0.42    2.13    2.16  3
  KBYI      246.23   42.55   -1.97   -1.92    3.04    3.25  3
  KBYS      243.38   35.28    1.27    1.37    2.18    2.32  3
  KBZN      248.85   45.78   -0.45   -0.13    2.33    2.53  3
  KCAG      252.48   40.50   -0.49   -0.70    3.80    4.09  3
  KCAO      256.85   36.45   -1.40   -1.22    2.35    2.49  3
  KCDC      246.90   37.70    0.80    0.71    3.29    3.22  3
  KCDR      256.90   42.83   -1.94   -1.57    2.93    3.15  3
  KCEZ      251.37   37.29   -1.48   -1.58    4.40    4.55  3
  KCGZ      248.23   32.95   -1.56   -0.86    2.39    2.06  3
  KCHD      248.18   33.27   -1.05   -0.30    2.14    1.75  3
  KCIN      265.22   42.05    0.35    0.31    2.43    2.50  3
  KCMA      240.92   34.22   -0.55    0.84    2.48    2.70  3
  KCMY      269.26   43.96   -2.03   -2.04    2.79    2.87  3
  KCNM      255.73   32.33   -1.14   -0.91    2.28    2.19  3
  KCNO      242.37   33.97    0.64    1.80    3.09    3.43  3
  KCNY      250.25   38.77   -0.94   -1.23    3.09    3.16  3
  KCOD      250.98   44.52   -1.65   -1.44    2.39    2.47  3
  KCOS      255.28   38.82    0.12    0.64    2.31    2.18  3
  KCPR      253.53   42.92   -2.90   -2.62    3.61    3.65  3
  KCQC      254.33   35.00   -0.96   -0.58    2.68    2.92  3
  KCTB      247.63   48.60   -1.55   -1.08    2.41    2.56  3
  KCUT      256.38   43.73   -1.44   -1.08    3.09    3.40  3
  KCVH      238.59   36.89   -1.57    1.34    2.57    2.80  3
  KCXP      240.27   39.18    1.01    1.32    3.23    3.38  3
  KCYS      255.18   41.15   -0.64   -0.18    2.32    2.32  3
  KCZZ      243.53   32.61   -1.91   -1.33    4.48    4.61  3
  KD07      257.98   45.03   -2.10   -1.62    2.39    2.53  3
  KD55      261.61   48.75   -1.22   -0.76    2.37    2.45  3
  KDAG      243.22   34.85    1.55    1.76    2.22    2.38  3
  KDEW      242.59   47.97   -1.44   -0.95    2.86    3.04  3
  KDGW      254.62   42.79   -2.20   -1.87    3.45    3.58  3
  KDHT      257.45   36.02   -0.95   -0.71    2.59    2.62  3
  KDIJ      248.90   43.74    2.06    1.96    2.32    2.77  3
  KDIK      257.20   46.80   -2.04   -1.59    2.45    2.61  3
  KDLN      247.45   45.25   -1.56   -1.31    2.65    2.87  3
  KDLS      238.83   45.62    3.22    3.59    2.35    2.24  3
  KDMA      249.12   32.17    0.17    0.65    3.08    2.74  3
  KDMN      252.28   32.27   -1.44   -1.19    3.00    2.85  3
  KDPG      247.07   40.20   -0.79   -0.81    4.97    4.93  3
  KDRA      243.98   36.61    1.33    1.11    3.36    3.27  3
  KDRO      252.25   37.15   -0.02   -0.11    2.93    3.06  3
  KDTA      247.48   39.38   -1.95   -2.25    2.85    2.96  3
  KDUB      250.32   43.55    0.09    0.09    3.48    3.53  3
  KDUG      250.40   31.47   -1.72   -1.61    2.66    2.60  3
  KDUX      257.99   35.86   -1.58   -1.28    2.18    2.09  3
  KDVO      237.44   38.14   -0.38    0.77    2.99    3.10  3
  KDVT      247.93   33.68   -0.66    0.05    2.30    2.07  3
  KDWX      252.50   41.03   -0.70   -0.84    3.45    3.64  3
  KE38      256.32   30.38    0.22    0.38    2.25    2.21  3
  KE80      253.17   34.64   -1.90   -1.48    2.66    2.66  3
  KEAT      239.80   47.40    3.39    3.74    2.11    1.96  3
  KECS      255.68   43.88   -1.71   -1.39    2.33    2.45  3
  KEDW      242.12   34.90   -0.14    0.28    2.22    2.47  3
  KEED      245.38   34.77    1.75    1.98    2.38    2.36  3
  KEEO      252.11   40.04    1.28    0.96    3.38    3.61  3
  KEGE      253.08   39.65    3.73    3.72    3.42    3.42  3
  KEHA      258.10   37.00   -0.33   -0.02    2.36    2.35  3
  KEHY      253.54   41.73   -0.60   -0.56    2.88    2.92  3
  KEIK      254.95   40.02   -2.04   -1.27    2.80    2.76  3
  KEKO      244.22   40.83   -1.83   -1.84    5.14    4.98  3
  KEKS      248.35   45.26    2.53    2.74    2.91    3.03  3
  KELN      239.47   47.03    1.09    1.46    2.65    2.80  3
  KELY      245.15   39.28   -0.92   -1.08    5.25    5.18  3
  KEMM      249.44   41.82   -2.04   -2.18    3.71    3.87  3
  KEMT      241.97   34.08    0.67    2.38    2.21    2.47  3
  KENV      245.97   40.72   -1.77   -1.80    3.16    3.19  3
  KEPH      240.48   47.30   -0.02    0.28    2.38    2.58  3
  KEUL      243.37   43.63   -2.20   -1.88    2.87    3.21  3
  KEVW      248.97   41.28    0.23   -0.20    2.26    2.67  3
  KF70      242.87   33.57   -1.33   -0.47    2.56    2.68  3
  KFBR      249.60   41.39   -0.20   -0.46    2.75    2.96  3
  KFCS      255.23   38.68   -0.36    0.15    2.20    2.08  3
  KFEW      255.13   41.15   -1.69   -1.18    2.81    2.84  3
  KFHU      249.65   31.60   -0.53   -0.29    2.23    2.05  3
  KFKS      273.80   44.63   -0.22   -0.32    2.29    2.30  3
  KFLG      248.33   35.13   -2.88   -2.64    3.33    3.38  3
  KFLY      255.43   38.95   -1.09   -0.64    2.80    2.90  3
  KFMM      256.20   40.33   -2.19   -1.65    2.61    2.62  3
  KFMN      251.77   36.75   -1.72   -1.76    3.20    3.30  3
  KFOT      235.87   40.54   -2.30   -2.41    2.80    2.86  3
  KGCC      254.46   44.35   -2.22   -1.84    2.79    2.97  3
  KGCD      241.04   44.40    2.29    2.51    2.26    2.31  3
  KGCN      247.85   35.95   -3.94   -3.79    5.46    5.51  3
  KGDP      255.20   31.83    0.50    0.75    2.55    2.48  3
  KGDV      255.20   47.13   -2.76   -2.26    2.43    2.51  3
  KGEY      251.92   44.52   -1.85   -1.62    3.90    3.92  3
  KGGW      253.38   48.22   -1.72   -1.23    2.63    2.54  3
  KGJT      251.47   39.11    1.51    1.14    2.26    2.28  3
  KGLD      258.30   39.36   -1.51   -1.01    2.37    2.48  3
  KGNB      254.09   40.08    0.27    0.54    3.88    3.85  3
  KGNC      257.35   32.68   -1.48   -1.14    2.20    2.13  3
  KGNT      252.10   35.17   -1.13   -0.85    3.27    3.28  3
  KGPI      245.73   48.30    0.53    0.81    2.93    3.20  3
  KGTF      248.63   47.48   -1.25   -0.79    2.12    2.29  3
  KGUC      253.07   38.53   -0.09   -0.06    3.69    3.73  3
  KGUP      251.22   35.52   -1.84   -1.77    4.18    4.22  3
  KGUY      258.49   36.68   -1.44   -1.13    2.39    2.38  3
  KGXA      242.34   34.56   -0.13    0.59    3.19    3.57  3
  KGXF      247.29   32.88   -0.22    0.11    2.41    2.24  3
  KGXY      255.37   40.43   -1.74   -1.00    2.79    2.89  3
  KGYR      247.62   33.42    0.04    0.64    2.23    1.94  3
  KHCO      263.05   48.78   -1.31   -0.90    2.11    2.15  3
  KHCR      248.57   40.47    2.20    1.54    4.40    4.92  3
  KHEI      257.34   46.01   -2.57   -2.13    2.78    2.93  3
  KHEQ      257.74   40.56   -0.88   -0.45    2.88    3.07  3
  KHHF      259.60   35.90    0.35    0.66    2.23    2.23  3
  KHIB      267.17   47.38   -1.80   -1.58    2.18    2.34  3
  KHIE      288.45   44.35    1.46    1.83    2.40    2.70  3
  KHLN      248.00   46.60    1.93    2.28    2.39    2.45  3
  KHMN      253.90   32.85    0.62    0.87    3.34    3.19  3
  KHND      244.87   35.97   -0.10   -0.07    2.67    2.51  3
  KHOB      256.78   32.68   -1.36   -1.07    2.34    2.28  3
  KHQG      258.64   37.15   -1.51   -1.15    2.29    2.28  3
  KHQM      236.07   46.97    0.26    0.92    2.16    1.75  3
  KHRI      240.74   45.83   -1.61   -1.37    3.50    3.72  3
  KHVE      249.30   38.42   -1.17   -1.35    4.22    4.16  3
  KHVR      250.23   48.55   -2.60   -2.15    3.19    3.35  3
  KHZL      284.00   40.98    0.82    1.23    2.24    2.58  3
  KIBM      256.32   41.19   -1.74   -1.36    2.74    2.89  3
  KICL      264.97   40.72   -0.49   -0.42    2.15    2.36  3
  KIDA      247.93   43.52   -1.64   -1.71    2.72    3.07  3
  KIEN      257.49   43.02   -1.25   -0.86    2.80    3.03  3
  KIFP      245.44   35.15    2.92    3.13    2.43    2.33  3
  KIGM      246.05   35.27    0.38    0.60    3.26    3.25  3
  KIIB      268.05   42.45   -0.08   -0.16    2.15    2.13  3
  KIML      258.38   40.52   -1.88   -1.45    2.34    2.49  3
  KINK      256.80   31.78   -0.87   -0.57    2.38    2.37  3
  KINL      266.62   48.57   -0.87   -0.73    2.17    2.18  3
  KINS      244.33   36.59    2.12    1.91    3.56    3.41  3
  KINW      249.27   35.02   -1.16   -0.98    3.34    3.33  3
  KIPL      244.42   32.83   -1.09   -0.87    2.12    2.25  3
  KISN      256.36   48.18   -1.44   -1.04    2.53    2.57  3
  KITR      257.71   39.24   -1.51   -0.98    2.51    2.63  3
  KIWA      248.34   33.31   -1.58   -0.84    2.74    2.52  3
  KIZA      239.93   34.60   -4.20   -2.91    4.12    4.54  3
  KJAC      249.27   43.60    0.78    0.72    3.53    3.73  3
  KJAS      265.97   30.89   -0.83   -0.74    2.72    2.75  3
  KJDN      253.07   47.33   -2.69   -2.16    3.75    3.82  3
  KJER      245.54   42.73   -2.13   -2.02    2.29    2.57  3
  KJFX      272.69   33.90    0.82    0.98    2.16    2.27  3
  KJHN      258.27   37.58   -1.05   -0.69    2.17    2.18  3
  KJTC      250.69   34.13    0.13    0.25    3.14    3.18  3
  KL18      242.75   33.35   -1.83   -0.88    2.37    2.40  3
  KL35      243.14   34.26   -3.66   -3.40    4.83    5.08  3
  KLAA      257.32   38.07   -1.32   -0.94    2.89    2.94  3
  KLAR      254.33   41.32   -1.02   -0.78    2.86    2.87  3
  KLAS      244.83   36.08    1.36    1.35    2.13    1.88  3
  KLBF      259.32   41.13   -0.73   -0.30    2.14    2.23  3
  KLGD      242.00   45.28    1.33    1.58    3.33    3.43  3
  KLGU      248.15   41.78   -1.67   -2.06    3.70    4.02  3
  KLHX      256.48   38.04   -1.31   -0.95    2.26    2.46  3
  KLIC      256.33   39.27   -2.31   -1.72    3.34    3.39  3
  KLLJ      245.78   44.52    3.41    3.60    3.33    3.42  3
  KLMO      254.84   40.15    0.03    0.73    2.75    2.85  3
  KLMT      238.27   42.15   -0.45   -0.22    2.48    2.74  3
  KLND      251.27   42.82   -0.46   -0.43    2.62    2.53  3
  KLOL      241.43   40.07   -3.48   -3.30    5.35    5.33  3
  KLPC      239.53   34.67   -2.88   -1.59    2.85    2.69  3
  KLRU      253.08   32.28   -0.99   -0.55    2.77    2.46  3
  KLSV      244.97   36.22    0.34    0.34    2.66    2.50  3
  KLTS      260.73   34.67   -1.19   -0.80    2.12    2.16  3
  KLUF      247.62   33.53   -0.01    0.60    2.41    2.10  3
  KLVK      238.18   37.70   -1.07    1.59    2.22    3.27  3
  KLVM      249.55   45.70    0.47    0.79    3.14    3.29  3
  KLVS      254.85   35.65   -2.25   -2.06    2.23    2.37  3
  KLWC      264.78   39.01    0.25    0.41    2.16    2.20  3
  KLWS      242.98   46.38   -0.27    0.07    2.21    2.29  3
  KLWT      250.53   47.05   -1.32   -0.90    2.40    2.58  3
  KLXV      253.68   39.22    1.41    1.59    2.96    2.95  3
  KM40      271.52   33.86    0.81    0.98    2.31    2.47  3
  KM63      253.85   32.04   -0.33    0.12    2.63    2.32  3
  KM75      252.09   48.36   -2.77   -2.33    3.23    3.28  3
  KMAN      243.48   43.58   -2.22   -1.90    3.04    3.33  3
  KMBL      273.75   44.27   -0.85   -0.92    2.41    2.46  3
  KMEH      241.60   45.52   -3.25   -2.95    5.46    5.81  3
  KMEV      240.25   38.97   -0.77   -0.42    5.05    5.37  3
  KMFR      237.13   42.37    1.65    1.82    2.13    2.04  3
  KMHS      237.68   41.32    1.78    2.12    2.79    3.22  3
  KMLF      246.99   38.43    0.49    0.27    3.24    3.27  3
  KMLS      254.13   46.43   -2.32   -1.84    2.54    2.66  3
  KMMH      241.17   37.61    0.96    1.23    4.60    4.81  3
  KMRF      255.98   30.37   -0.83   -0.71    2.82    2.81  3
  KMRY      238.15   36.58   -1.41    1.09    2.54    2.56  3
  KMSO      245.92   46.92    2.65    2.94    2.42    2.54  3
  KMUO      244.13   43.05   -2.29   -2.04    3.74    4.02  3
  KMVY      289.38   41.40   -0.38   -0.13    2.69    2.86  3
  KMWH      240.68   47.20   -1.43   -1.13    3.16    3.37  3
  KMXO      268.83   42.23   -0.04   -0.09    2.24    2.26  3
  KMYJ      268.19   39.15   -1.38   -1.43    2.41    2.55  3
  KMYL      243.90   44.88    1.66    1.87    2.55    2.64  3
  KNFG      242.65   33.29   -1.35   -0.38    2.81    2.77  3
  KNFL      241.30   39.42   -2.75   -2.53    4.51    4.71  3
  KNID      242.32   35.68    0.46    0.44    3.05    3.11  3
  KNJK      244.32   32.82   -1.22   -0.98    2.28    2.41  3
  KNKX      242.88   32.85    1.03    2.06    2.31    2.30  3
  KNOW      236.60   48.13   -3.39   -2.32    3.62    3.07  3
  KNSI      240.55   33.22    1.04    1.87    2.59    2.64  3
  KNUQ      237.95   37.42   -1.09    1.34    2.16    1.55  3
  KNUW      237.35   48.35   -1.52   -0.59    3.24    2.74  3
  KNXP      243.86   34.28   -0.05    0.06    2.43    2.54  3
  KO54      237.10   40.71   -1.43   -1.15    3.27    3.65  3
  KO69      237.40   38.25   -2.18   -1.07    2.42    2.30  3
  KOGA      258.23   41.12   -1.09   -0.71    2.31    2.45  3
  KOKB      242.65   33.22   -0.67    0.28    2.42    2.34  3
  KOLF      254.42   48.10   -2.08   -1.59    3.49    3.50  3
  KOLS      249.15   31.42   -0.23    0.04    2.87    2.63  3
  KOMK      240.47   48.42    1.68    1.99    2.41    2.60  3
  KONM      253.10   34.02   -1.59   -1.25    2.67    2.54  3
  KONO      242.98   44.02   -1.28   -1.00    3.22    3.49  3
  KONP      235.95   44.58   -1.83   -1.19    2.48    2.26  3
  KONT      242.40   34.04    0.60    1.70    2.32    2.60  3
  KOVS      269.33   43.16    0.76    0.72    2.15    2.19  3
  KP08      248.57   32.93   -1.22   -0.57    2.15    1.90  3
  KP60      249.58   44.55   -1.77   -1.71    2.80    3.01  3
  KP68      243.99   39.60   -1.84   -1.91    5.24    5.09  3
  KP69      244.40   46.15    1.98    2.29    2.40    2.60  3
  KPAN      248.67   34.25   -1.17   -0.78    2.65    2.63  3
  KPAO      237.88   37.47    0.02    2.53    2.49    2.33  3
  KPDT      241.15   45.68   -1.16   -0.93    2.83    3.14  3
  KPEQ      256.49   31.38   -1.53   -1.25    2.43    2.38  3
  KPGA      248.55   36.93    0.19    0.23    2.30    2.20  3
  KPHP      258.40   44.05   -2.01   -1.58    2.69    2.88  3
  KPIH      247.40   42.92   -1.77   -1.79    2.98    3.26  3
  KPIR      259.72   44.38   -1.80   -1.45    2.15    2.38  3
  KPMD      241.92   34.63    1.70    2.45    2.19    2.61  3
  KPNA      250.19   42.80   -2.24   -2.25    5.25    5.31  3
  KPOC      242.24   34.10   -0.68    0.66    2.49    2.72  3
  KPOY      251.20   44.86   -1.89   -1.52    2.74    2.79  3
  KPPA      259.02   35.60    0.15    0.50    2.23    2.22  3
  KPRB      239.37   35.67   -3.08   -1.34    4.07    4.50  3
  KPRC      247.58   34.65   -1.35   -0.98    2.81    2.80  3
  KPSC      240.88   46.27   -1.79   -1.58    3.59    3.78  3
  KPSO      252.95   37.28    2.01    1.91    2.70    2.78  3
  KPSP      243.50   33.83    5.78    6.06    2.58    2.55  3
  KPUB      255.48   38.28   -1.24   -0.84    3.06    3.12  3
  KPUC      249.25   39.61    1.86    1.56    3.01    3.07  3
  KPUW      242.88   46.75   -1.00   -0.63    2.67    2.93  3
  KPVU      248.28   40.22    0.68    0.09    2.17    2.53  3
  KRAL      242.55   33.95   -0.05    0.94    2.26    2.51  3
  KRAP      256.94   44.05   -3.42   -2.95    2.53    2.68  3
  KRBG      236.65   43.23    2.26    2.65    2.17    1.95  3
  KRCA      256.90   44.15   -2.22   -1.72    2.26    2.39  3
  KRCV      253.65   37.71    1.21    1.25    2.16    2.16  3
  KRDM      238.85   44.25   -0.62   -0.27    3.19    3.56  3
  KREO      242.12   42.58   -2.59   -2.50    4.81    4.94  3
  KRIL      252.28   39.53    3.11    2.84    2.86    2.93  3
  KRIV      242.73   33.88   -1.11   -0.23    3.21    3.46  3
  KRIW      251.53   43.07   -1.92   -1.77    2.73    2.70  3
  KRKS      250.93   41.60   -1.73   -1.80    2.93    2.96  3
  KRNM      243.09   33.04   -1.00   -0.09    3.82    4.03  3
  KRNO      240.22   39.50    2.23    2.51    2.67    2.77  3
  KROW      255.47   33.29   -0.53   -0.32    2.44    2.41  3
  KRQE      250.93   35.65   -0.99   -0.93    4.15    4.18  3
  KRTN      255.50   36.74   -0.27   -0.10    2.32    2.36  3
  KRTS      240.12   39.65   -0.36   -0.08    3.28    3.58  3
  KRWL      252.80   41.80   -0.89   -0.89    3.30    3.38  3
  KRXE      248.19   43.83   -0.92   -0.98    2.31    2.54  3
  KS25      256.75   47.79   -1.96   -1.54    2.61    2.66  3
  KS32      261.90   47.42   -0.40    0.18    3.35    3.62  3
  KS39      239.10   44.28   -1.31   -0.97    3.49    3.81  3
  KSAA      253.17   41.44   -0.57   -0.58    3.21    3.28  3
  KSAD      250.37   32.85    1.26    1.46    2.63    2.53  3
  KSAF      253.92   35.61   -0.06    0.24    2.57    2.64  3
  KSBA      240.17   34.43   -2.36   -1.36    2.51    2.72  3
  KSBD      242.77   34.10    2.70    3.36    3.00    3.17  3
  KSBP      239.37   35.22   -4.24   -2.67    3.58    3.55  3
  KSBS      253.13   40.52    2.63    2.61    2.75    2.76  3
  KSDB      241.27   34.75    1.43    1.63    2.34    2.75  3
  KSDL      248.08   33.61   -0.53    0.22    2.23    1.95  3
  KSDY      255.80   47.70   -2.49   -2.01    2.82    2.88  3
  KSEE      243.03   32.83    0.14    1.10    2.36    2.44  3
  KSGU      246.49   37.04    0.66    0.68    2.79    2.68  3
  KSHR      253.03   44.77   -2.05   -1.68    3.49    3.61  3
  KSIY      237.53   41.78    0.02    0.28    2.45    2.62  3
  KSJN      250.62   34.52   -1.11   -0.94    2.90    2.92  3
  KSJX      274.43   45.69    1.82    1.71    3.04    3.01  3
  KSKX      254.33   36.45    0.21    0.35    3.17    3.25  3
  KSMN      246.12   45.12    0.23    0.47    3.50    3.62  3
  KSMO      241.55   34.02   -1.06    0.64    2.18    1.85  3
  KSMX      239.55   34.90   -3.07   -1.60    3.05    2.99  3
  KSNS      238.40   36.67   -2.08    0.80    3.27    2.61  3
  KSNT      245.07   44.17   -0.73   -0.54    5.09    5.29  3
  KSNY      257.02   41.10   -1.82   -1.41    2.79    2.99  3
  KSPD      257.38   37.28   -2.31   -2.02    2.44    2.50  3
  KSTK      256.74   40.61   -2.36   -1.94    2.90    3.07  3
  KSTS      237.18   38.50   -3.31   -2.44    3.38    3.36  3
  KSUN      245.70   43.50   -0.51   -0.41    3.15    3.29  3
  KSUW      267.91   46.69   -1.53   -1.40    2.49    2.48  3
  KSVC      251.85   32.63   -1.66   -1.48    3.03    3.01  3
  KSVE      239.43   40.38    0.73    1.06    3.02    3.32  3
  KSYF      258.20   39.77   -2.39   -1.92    2.27    2.43  3
  KSZT      243.44   48.30   -0.62   -0.22    2.65    2.81  3
  KTCC      256.40   35.18   -0.48   -0.24    2.45    2.49  3
  KTCS      252.73   33.22   -0.49   -0.28    2.37    2.27  3
  KTMK      236.19   45.42   -1.07   -0.39    3.00    2.76  3
  KTPH      242.92   38.04   -1.50   -1.63    4.10    4.01  3
  KTRK      239.87   39.32   -2.16   -1.77    4.67    5.29  3
  KTRM      243.83   33.63    2.98    3.23    3.30    3.35  3
  KTSP      241.57   35.14    0.78    1.10    2.79    3.28  3
  KTUS      249.04   32.13   -0.39    0.07    2.45    2.10  3
  KTVK      267.10   40.68    0.09    0.01    2.12    2.21  3
  KTVL      240.00   38.90    0.03    0.53    4.16    4.77  3
  KTWF      245.52   42.48   -1.70   -1.63    2.44    2.71  3
  KU42      248.01   40.61    1.01    0.46    2.14    2.40  3
  KU68      251.55   44.91   -1.48   -1.08    3.41    3.38  3
  KUIL      235.45   47.95   -1.58   -0.90    2.47    2.26  3
  KUKI      236.80   39.13    1.31    1.71    3.39    3.56  3
  KVBG      239.42   34.72   -3.23   -1.98    2.77    2.56  3
  KVEL      250.48   40.43   -0.95   -1.31    3.54    3.63  3
  KVGT      244.80   36.21    1.21    1.18    2.68    2.49  3
  KVNY      241.52   34.22    0.36    1.98    2.32    2.82  3
  KVOK      269.73   43.93   -0.70   -0.72    2.31    2.40  3
  KVTN      259.45   42.87   -0.61   -0.22    2.26    2.43  3
  KWJF      241.78   34.72    0.87    1.51    2.12    2.54  3
  KWMC      242.20   40.90   -2.80   -2.75    6.03    5.96  3
  KWRL      252.05   43.97   -2.71   -2.52    3.92    4.00  3
  KWVI      238.21   36.94   -2.77    0.09    2.87    2.56  3
  KWYS      248.88   44.68   -0.84   -0.75    4.03    4.20  3
  KYKM      239.47   46.57   -0.77   -0.48    3.01    3.29  3
  LATI       19.72   41.42    0.04    0.09    2.16    2.39  3
  LBGO       25.70   43.15   -0.88   -0.61    2.22    2.42  3
  LCLK       33.63   34.88   -0.50   -0.30    2.12    2.10  3
  LCPH       32.47   34.72    0.53    0.68    2.46    2.45  3
  LDZD       15.37   44.10   -1.46   -1.38    2.91    2.91  3
  LEAB      358.15   38.95   -0.85   -0.55    2.13    2.18  3
  LEAO      356.27   38.95   -1.50   -1.18    2.53    2.61  3
  LECH      358.70   40.86    2.90    3.14    2.27    2.26  3
  LEGR      356.22   37.18    0.94    1.29    3.22    3.29  3
  LEJR      353.93   36.75   -0.82   -0.30    2.41    2.68  3
  LEMD      356.45   40.45   -0.15    0.24    2.34    2.33  3
  LESA      354.50   40.95   -1.92   -1.57    2.81    2.99  3
  LETL      358.79   40.40   -1.13   -0.90    2.16    2.18  3
  LETO      356.53   40.47   -0.70   -0.31    2.71    2.74  3
  LFKC        8.80   42.53    1.07    1.23    2.44    2.60  3
  LFKF        9.10   41.50    0.41    0.55    3.39    3.52  3
  LFKJ        8.80   41.92    0.93    1.07    2.14    2.28  3
  LFMC        6.38   43.38    0.23    0.52    2.67    2.94  3
  LFMD        6.95   43.55   -0.84   -0.60    2.15    2.36  3
  LFPN        2.12   48.75   -0.13   -0.06    2.26    2.21  3
  LFPT        2.02   49.10   -0.15   -0.05    2.30    2.25  3
  LFSX        6.35   47.78    0.76    0.65    2.16    2.29  3
  LFTH        6.15   43.10   -0.06    0.23    2.18    2.39  3
  LFYR        1.68   47.32   -1.14   -1.03    3.00    3.12  3
  LGAD       21.28   37.92   -1.69   -1.71    2.54    2.54  3
  LGAV       23.93   37.93   -0.13   -0.09    2.18    2.13  3
  LGIO       20.82   39.70    2.69    2.83    2.37    2.40  3
  LGKF       20.50   38.11    0.76    0.78    2.26    2.23  3
  LGKO       27.07   36.78    0.85    0.96    2.41    2.44  3
  LGKR       19.92   39.61    0.52    0.58    2.43    2.45  3
  LGLM       25.23   39.92   -0.03    0.04    2.39    2.43  3
  LGZA       20.88   37.75   -0.16   -0.16    2.74    2.71  3
  LICZ       14.92   37.40    2.99    3.18    2.17    2.23  3
  LIEB        9.72   39.93    1.03    1.17    2.46    2.52  3
  LIED        8.97   39.35    0.49    0.77    2.21    2.23  3
  LIRM       14.07   41.05   -0.93   -0.64    2.37    2.44  3
  LJPZ       13.62   45.47   -0.43   -0.35    2.10    2.31  3
  LOWI       11.35   47.27    5.29    5.15    2.32    2.30  3
  LOXZ       14.75   47.20    3.05    3.17    2.21    2.26  3
  LPOV      351.37   40.90   -2.98   -2.44    2.55    2.65  3
  LQTZ       18.73   44.47   -0.77   -0.58    2.11    2.32  3
  LRSM       22.88   47.70   -0.47   -0.28    2.38    2.53  3
  LSGC        6.78   47.08   -1.01   -1.27    2.42    2.82  3
  LSGS        7.33   46.22   10.05    9.90    2.44    2.47  3
  LSMM        8.11   46.75    5.14    4.97    2.51    2.69  3
  LSZS        9.88   46.53    2.74    2.76    3.20    3.34  3
  LTAC       32.97   40.11    0.58    0.73    2.22    2.25  3
  LTAJ       37.47   36.95    1.07    1.19    2.41    2.52  3
  LTAN       32.54   37.97    0.27    0.46    2.23    2.33  3
  LTAT       38.08   38.43    1.87    1.92    3.14    3.28  3
  LTAU       35.47   38.78    0.44    0.64    2.99    3.25  3
  LTAY       29.70   37.78    0.72    0.88    2.64    2.71  3
  LTAZ       34.53   38.77    1.17    1.36    2.77    2.97  3
  LTBQ       30.08   40.72   -0.23   -0.10    2.31    2.31  3
  LTBR       29.55   40.25    1.61    1.78    2.18    2.24  3
  LTBY       30.52   39.82    0.74    0.92    2.22    2.27  3
  LTCA       39.28   38.60    1.00    1.03    3.35    3.50  3
  LTCB       43.03   39.71    5.83    5.82    2.57    2.48  3
  LTCC       40.18   37.88   -0.81   -0.77    2.65    2.71  3
  LTCD       39.50   39.72    6.41    6.49    2.89    3.06  3
  LTCE       41.17   39.95    2.76    2.90    3.03    3.23  3
  LTCI       43.32   38.45    0.52    0.52    3.43    3.56  3
  LTCJ       41.12   37.93   -2.58   -2.55    3.68    3.80  3
  LTCK       41.67   38.75   -0.08    0.00    4.19    4.39  3
  LTCO       43.03   39.65    1.64    1.79    2.95    3.12  3
  LTFC       30.37   37.85    1.45    1.63    2.49    2.57  3
  LTFE       27.68   37.22   -0.24   -0.03    2.15    2.23  3
  LTFG       32.29   36.29    1.05    1.17    3.87    4.01  3
  LYTV       18.73   42.40    2.15    2.19    2.73    2.94  3
  LZSL       19.13   48.63    1.08    1.38    2.37    2.45  3
  MMCU      254.03   28.70   -0.83   -0.66    2.88    2.88  3
  MMHO      248.95   29.08    0.98    1.19    2.10    1.86  3
  MMIO      259.07   25.55    2.46    2.72    2.36    2.48  3
  MMML      244.77   32.61   -2.65   -2.42    2.17    2.31  3
  NSFA      188.00  -13.82    0.69    0.62    2.82    2.79  3
  NVVA      169.76  -20.25    0.08    0.03    2.98    2.97  3
  NVVW      169.22  -19.45    0.29    0.25    2.98    2.96  3
  NWWW      166.22  -22.02    1.20    1.18    2.21    2.20  3
  OAKN       65.83   31.50   -2.03   -1.91    2.34    2.41  3
  OEAH       49.48   25.30   -0.83   -0.82    2.18    2.18  3
  OEBH       42.62   19.98   -0.44   -0.45    2.29    2.32  3
  OEDR       50.15   26.27   -0.59   -0.54    2.34    2.24  3
  OEGS       43.77   26.30    0.44    0.49    2.43    2.51  3
  OEKM       42.80   18.30    0.54    0.51    2.48    2.32  3
  OENG       44.42   17.62    0.29    0.24    2.18    2.19  3
  OERF       43.48   29.62   -1.44   -1.27    2.40    2.46  3
  OERK       46.72   24.94   -0.77   -0.67    2.15    2.23  3
  OERR       41.13   30.90    0.40    0.50    3.07    3.16  3
  OESH       47.12   17.47    0.39    0.37    2.21    2.23  3
  OEWD       45.20   20.50   -0.62   -0.62    2.45    2.54  3
  OIAA       48.25   30.37   -2.10   -1.84    2.84    2.96  3
  OIAG       49.67   30.77   -2.46   -2.31    3.34    3.40  3
  OIAM       49.15   30.55   -2.63   -2.43    2.57    2.64  3
  OIAW       48.77   31.32   -2.26   -2.07    2.37    2.44  3
  OIBP       52.73   27.38    1.02    0.96    3.30    3.20  3
  OIBQ       50.32   29.27    0.90    0.90    2.11    2.06  3
  OICC       47.17   34.33    0.45    0.55    3.47    3.61  3
  OICI       46.40   33.58   -1.02   -0.80    3.52    3.66  3
  OICK       48.28   33.43    3.15    3.35    3.35    3.36  3
  OICS       47.02   35.25    1.43    1.58    4.86    4.95  3
  OIFM       51.87   32.75   -2.59   -2.55    3.82    3.82  3
  OIFS       50.85   32.33   -1.13   -1.03    4.10    4.12  3
  OIHH       48.55   34.86    0.16    0.26    4.21    4.27  3
  OIHR       49.84   34.14   -0.60   -0.43    4.81    4.80  3
  OIIE       51.15   35.40   -2.16   -1.99    2.90    2.84  3
  OIIK       50.00   36.25    1.90    1.79    2.69    2.74  3
  OIKK       56.97   30.25   -0.99   -1.19    3.99    3.91  3
  OIMB       59.28   32.90    2.27    1.79    2.90    2.67  3
  OIMC       61.05   36.50   -0.56   -0.48    2.76    2.89  3
  OIMD       58.68   34.35    2.21    1.79    2.70    2.63  3
  OIMM       59.63   36.27    1.56    1.39    2.42    2.53  3
  OIMN       57.33   37.47    2.89    2.92    2.99    3.03  3
  OINE       55.45   37.38    1.51    1.70    2.22    2.15  3
  OING       54.40   36.90    1.83    2.01    2.21    2.19  3
  OISF       53.72   28.90   -1.11   -1.34    3.55    3.47  3
  OISL       54.37   27.67    1.51    1.34    2.82    2.77  3
  OISS       52.58   29.53    0.74    0.61    3.04    2.99  3
  OISY       51.55   30.68    2.11    2.09    3.00    2.97  3
  OITR       45.07   37.67   -1.42   -1.47    3.39    3.57  3
  OIYY       54.28   31.90    1.87    1.79    2.45    2.43  3
  OIZB       61.55   31.10    0.25   -0.22    2.35    2.15  3
  OIZH       60.89   29.47    0.45    0.14    3.58    3.36  3
  OKBK       47.99   29.22   -0.13    0.08    2.48    2.49  3
  OMRK       55.94   25.62   -0.60   -0.54    2.14    2.22  3
  ORBI       44.23   33.27   -2.53   -2.25    2.84    2.93  3
  ORER       43.97   36.22   -1.52   -1.45    2.63    2.68  3
  ORMM       47.67   30.57   -2.96   -2.66    3.42    3.54  3
  ORNI       44.40   31.98   -1.41   -1.05    2.13    2.24  3
  ORSU       45.32   35.57   -0.95   -0.83    4.29    4.37  3
  OSDI       36.52   33.42   -1.09   -0.97    2.31    2.37  3
  OSKL       41.22   37.04   -1.64   -1.59    2.77    2.80  3
  PACV      214.50   60.50   -0.17   -0.07    2.72    2.71  3
  PAEG      218.85   64.78    1.19    1.32    3.31    3.38  3
  PAFE      226.09   56.96   -1.61   -1.41    2.70    2.78  3
  PAFR      210.35   61.27    0.96    1.11    2.54    2.45  3
  PAGS      224.28   58.42   -0.64   -0.57    3.10    3.28  3
  PAGY      224.70   59.47    4.39    4.58    3.20    3.24  3
  PAHN      224.48   59.25    4.66    4.80    2.35    2.45  3
  PAJN      225.42   58.37    3.38    3.48    2.29    2.62  3
  PALJ      205.68   60.20    3.62    3.77    2.67    2.78  3
  PAOH      224.56   58.12   -1.24   -1.14    3.39    3.66  3
  PAPT      207.26   62.09    3.33    3.51    2.90    3.12  3
  PASO      208.31   59.44    0.11    0.20    2.60    2.62  3
  PATO      211.17   60.78    1.61    1.77    3.69    3.68  3
  PAVD      213.73   61.13    3.65    3.81    2.42    2.43  3
  PAYA      220.34   59.52   -1.10   -1.01    3.17    3.23  3
  PHSF      204.45   19.78    0.59    0.64    3.00    3.18  3
  PTTP      158.22    6.97   -1.31   -1.30    2.39    2.34  3
  SACO      295.78  -31.32   -1.32   -1.42    2.72    2.62  3
  SAME      291.22  -32.83   -0.77   -0.78    3.19    3.14  3
  SANT      294.91  -26.85   -0.29   -0.09    2.32    2.39  3
  SASA      294.52  -24.85    0.03    0.20    3.50    3.53  3
  SASJ      294.92  -24.38    0.67    0.87    3.20    3.38  3
  SAZN      291.87  -38.95   -1.97   -1.76    3.43    3.39  3
  SAZS      288.83  -41.15    1.42    1.62    2.26    2.28  3
  SBAN      311.03  -16.23   -1.18   -0.98    2.15    2.15  3
  SBBR      312.06  -15.87   -2.61   -2.37    2.50    2.45  3
  SBBT      311.40  -20.58    4.29    4.32    3.06    3.05  3
  SBCA      306.50  -25.00    0.34    0.47    2.15    2.13  3
  SBCG      305.33  -20.47   -1.21   -0.95    2.19    1.95  3
  SBCJ      310.00   -6.12   -0.58   -0.28    2.11    2.13  3
  SBME      318.23  -22.35    0.87    0.92    2.11    2.10  3
  SBNM      305.83  -28.27   -0.49   -0.21    2.58    2.57  3
  SBPP      304.30  -22.55   -0.38   -0.01    2.65    2.43  3
  SBSY      309.33  -11.57  -11.29  -10.82    3.38    3.50  3
  SBTK      289.23   -8.17    0.53    1.34    2.31    2.06  3
  SBUL      311.77  -18.88   -1.26   -1.31    2.25    2.05  3
  SBVH      299.87  -12.73   -1.02   -0.26    2.20    1.98  3
  SCAT      289.23  -27.25   -2.41   -2.27    2.34    2.38  3
  SCBA      288.32  -45.92    3.04    3.13    2.15    2.16  3
  SCCF      291.10  -22.50   -1.48   -1.69    4.25    4.13  3
  SCEL      289.22  -33.38   -3.12   -2.84    3.84    3.81  3
  SCGE      287.58  -37.38   -1.14   -1.04    2.40    2.33  3
  SCIC      288.77  -34.97   -3.06   -2.87    3.14    3.14  3
  SCSE      288.80  -29.92   -4.05   -3.82    2.75    2.79  3
  SCVM      288.52  -32.95   -2.79   -2.44    2.88    2.82  3
  SEAM      281.44   -1.20    9.67    9.92    1.76    1.95  3
  SECO      283.02   -0.45    0.59    0.64    2.25    2.03  3
  SENL      283.14    0.10    1.00    1.06    2.40    2.16  3
  SEQM      281.66   -0.11    2.93    3.11    2.59    2.73  3
  SERB      281.34   -1.61    7.50    7.67    2.34    2.55  3
  SGES      305.15  -25.45    1.71    1.80    3.64    3.86  3
  SLCA      296.47  -20.00    0.67    1.19    3.09    3.04  3
  SLCB      293.82  -17.42    4.68    4.72    3.27    3.35  3
  SLCO      291.22  -11.03   -0.16    0.43    2.36    2.14  3
  SLJE      299.25  -17.82    0.93    1.67    2.34    2.32  3
  SLJO      295.33  -13.07   -1.42   -0.96    2.34    2.65  3
  SLLP      291.82  -16.52    1.17    1.16    3.00    3.06  3
  SLOR      292.92  -17.97    1.45    1.52    3.01    3.11  3
  SLSI      299.05  -16.37    0.80    1.47    2.35    2.48  3
  SLTJ      295.28  -21.53    1.30    1.47    4.07    4.12  3
  SPHO      285.78  -13.13    8.71    8.93    2.86    2.93  3
  SPJL      289.85  -15.48    1.76    1.76    2.78    2.78  3
  SPQU      288.45  -16.32    0.87    0.93    2.73    2.75  3
  SPTU      290.80  -12.63   -1.86   -1.62    2.32    2.23  3
  SPZO      288.02  -13.55    3.89    3.98    2.50    2.62  3
  UAAA       77.03   43.35    0.75    0.39    2.97    3.11  3
  UADD       71.30   42.85   -1.09   -1.20    2.34    2.36  3
  UAII       69.48   42.37   -0.68   -0.76    2.24    2.27  3
  UAKD       67.73   47.70   -1.56   -1.48    2.87    2.76  3
  UAKK       73.33   49.67   -1.99   -1.87    3.66    3.69  3
  UAOO       65.59   44.70   -2.50   -2.28    3.55    3.42  3
  UARR       51.53   51.15   -1.57   -1.55    3.25    3.11  3
  UASK       82.50   50.03   -0.83   -0.53    2.21    2.25  3
  UATE       51.10   43.87   -2.77   -2.60    3.33    3.31  3
  UATG       51.82   47.12   -1.82   -1.77    3.22    2.92  3
  UATT       57.20   50.25   -1.12   -1.20    3.33    3.22  3
  UBBB       50.07   40.45   -0.08    0.02    2.33    2.34  3
  UBBL       48.81   38.75   -0.65   -0.62    2.20    2.25  3
  UBBQ       47.73   40.81    0.26    0.26    2.27    2.40  3
  UCFM       74.48   43.06   -1.00   -1.28    2.37    2.40  3
  UHMM      150.72   59.92    3.20    3.26    2.77    2.76  3
  UIAA      113.32   52.02   -0.03    0.08    2.11    2.08  3
  UKDD       35.10   48.37   -1.34   -1.35    2.15    2.13  3
  UKLI       24.68   48.89   -0.39   -0.26    2.27    2.33  3
  URKA       37.35   45.00    0.04    0.10    2.31    2.38  3
  URMM       43.07   44.23    0.25    0.39    2.10    2.08  3
  URMT       42.08   45.12   -0.45   -0.34    2.12    2.05  3
  USSS       60.82   56.75    0.03    0.10    2.15    2.03  3
  UTAA       58.33   37.97   -0.04    0.04    2.69    2.77  3
  UTAK       53.00   40.04   -1.32   -1.08    2.56    2.52  3
  UTAT       59.83   41.75   -1.71   -1.58    2.19    2.25  3
  UTAV       63.60   39.08   -1.75   -1.48    2.16    2.33  3
  UTDD       68.78   38.54   -0.02   -0.17    2.58    2.68  3
  UTDL       69.68   40.22   -0.76   -0.81    2.44    2.53  3
  UTDT       68.86   37.86   -1.13   -1.32    2.35    2.44  3
  UTNU       60.63   41.58   -3.05   -2.92    2.41    2.52  3
  UTSA       65.17   40.11   -2.18   -2.05    2.79    2.91  3
  UTSB       64.47   39.77   -2.61   -2.39    2.33    2.51  3
  UTSK       65.77   38.83    4.73    4.88    4.83    5.04  3
  UTST       67.31   37.28   -3.60   -3.69    2.55    2.65  3
  UUOK       36.28   51.75   -0.53   -0.48    2.17    2.14  3
  UWLW       48.80   54.40    0.45    0.37    2.47    2.40  3
  UWOO       55.47   51.80   -0.90   -0.97    2.91    2.70  3
  UWOR       58.60   51.07   -1.03   -1.23    2.73    2.59  3
  VQPR       89.42   27.40   10.26   10.48    2.70    2.85  3
  YAMB      152.69  -27.63   -0.87   -0.79    2.85    3.09  3
  YARG      128.44  -16.63    0.12    0.28    2.35    2.46  3
  YAYE      130.97  -25.18   -0.97   -1.06    3.35    3.41  3
  YBAS      133.88  -23.80   -1.19   -1.24    3.00    3.07  3
  YBCG      153.50  -28.17   -0.77   -0.73    2.34    2.50  3
  YBCV      146.26  -26.41   -2.08   -2.12    3.13    3.17  3
  YBDV      139.35  -25.90   -2.50   -2.57    3.21    3.17  3
  YBMA      139.47  -20.67   -1.77   -1.70    4.55    4.58  3
  YBNA      153.56  -28.83   -1.34   -1.33    2.47    2.59  3
  YBPN      148.55  -20.50   -0.55   -0.53    2.62    2.62  3
  YBRM      122.22  -17.95   -2.55   -2.43    3.02    3.09  3
  YBUD      152.31  -24.90   -1.26   -1.19    2.70    2.84  3
  YCAR      113.66  -24.88   -1.51   -1.44    2.58    2.56  3
  YCBA      145.80  -31.53   -1.31   -1.29    3.27    3.33  3
  YCBP      134.71  -29.03   -1.89   -2.00    2.57    2.49  3
  YCCY      140.50  -20.66    0.26    0.33    4.46    4.47  3
  YCDU      133.69  -32.11   -1.78   -1.82    2.57    2.55  3
  YCFS      153.12  -30.32   -0.73   -0.80    2.37    2.51  3
  YCIN      123.82  -17.57   -1.01   -0.95    3.59    3.65  3
  YCOM      148.96  -36.29   -0.45   -0.51    2.22    2.16  3
  YDBY      123.66  -17.36   -2.43   -2.35    2.59    2.64  3
  YEML      148.18  -23.56   -0.84   -0.88    2.57    2.59  3
  YFRT      128.12  -30.83   -2.28   -2.28    3.06    3.03  3
  YGEL      114.70  -28.80   -2.13   -2.12    2.68    2.63  3
  YGTE      136.46  -13.98   -1.81   -1.73    3.09    3.11  3
  YHUG      144.22  -20.81   -1.49   -1.45    2.91    2.95  3
  YLEC      138.43  -30.60   -0.94   -0.99    2.87    2.85  3
  YLIS      153.26  -28.83   -0.70   -0.72    2.51    2.65  3
  YLRE      144.28  -23.43   -2.25   -2.27    3.54    3.57  3
  YMDG      149.61  -32.56    0.19    0.21    2.64    2.76  3
  YMER      149.90  -36.90   -1.28   -1.32    2.49    2.54  3
  YNWN      119.80  -23.41   -1.71   -1.77    3.56    3.50  3
  YOLD      136.88  -30.48   -1.90   -1.95    3.15    3.13  3
  YPBO      117.75  -23.20    4.80    4.68    4.64    4.59  3
  YPGV      136.82  -12.27    0.64    0.70    2.39    2.38  3
  YPJT      115.88  -32.10   -1.15   -1.10    2.29    2.21  3
  YPKU      128.69  -15.77   -2.84   -2.72    3.74    3.85  3
  YPLM      114.08  -22.23   -2.46   -2.35    3.02    2.98  3
  YPPD      118.62  -20.37   -2.71   -2.68    3.28    3.24  3
  YPTN      132.38  -14.52   -1.00   -0.87    2.49    2.61  3
  YRMD      143.11  -20.70   -2.46   -2.41    3.55    3.57  3
  YSCB      149.18  -35.29    0.41    0.37    2.26    2.20  3
  YSRI      150.78  -33.60    0.14    0.15    2.33    2.47  3
  YSTW      150.83  -31.08    0.74    0.66    2.42    2.56  3
  YTEF      122.22  -21.72   -0.95   -0.95    2.52    2.55  3
  YWGT      146.30  -36.42    0.15    0.14    2.37    2.45  3
  YWHA      137.52  -33.07   -1.78   -1.77    2.75    2.74  3
  ZMUB      106.78   47.83    0.31    0.41    2.75    2.82  3
  DAAD        4.20   35.33    1.75    1.91    2.18    2.17  3
  DATM        0.92   21.37   -0.82   -0.64    2.41    2.42  3
  DRZA        7.99   16.97   -1.03   -0.66    2.29    2.30  3
  FAEO       29.99  -26.50   -0.06    0.37    2.27    2.11  3
  FALM       29.70  -23.16   -0.24   -0.09    3.32    3.31  3
  FAVV       27.97  -26.58   -1.53   -0.95    3.07    3.12  3
  FBFT       27.50  -21.22   -1.09   -1.03    2.80    2.87  3
  FBMN       23.42  -19.98   -1.75   -1.63    2.38    2.52  3
  FBSK       25.92  -24.55   -2.47   -2.18    3.05    3.13  3
  FBSP       27.83  -22.05    0.48    0.58    2.30    2.33  3
  FKKL       14.25   10.45    0.08    0.40    2.53    2.48  3
  FLKK       28.45  -15.32   -0.90   -0.56    2.25    2.54  3
  FNMA       16.30   -9.55   -1.86   -1.43    2.26    2.29  3
  FNUG       15.28   -7.60   -2.13   -1.87    2.24    2.18  3
  FXMM       27.55  -29.45    0.49    0.80    2.44    2.47  3
  FYGF       18.12  -19.60    0.36    0.52    2.77    2.90  3
  FYWE       17.07  -22.62    1.26    1.49    3.49    3.53  3
  FYWH       17.47  -22.48   -1.43   -1.20    3.41    3.49  3
  GMAG      349.95   29.01   -0.10   -0.11    2.54    2.46  3
  HADR       41.87    9.60    2.48    2.33    2.65    2.51  3
  HSPN       37.21   19.41    1.08    1.00    2.27    2.23  3
  LEGA      356.38   37.11    3.11    3.53    2.90    2.96  3
  LIMY        7.80   44.25   10.61   10.78    2.53    2.67  3
  LIPB       11.33   46.47    6.38    6.46    2.26    2.23  3
  LIQO       11.17   42.38    2.95    3.18    2.41    2.46  3
  LIRH       13.30   41.63    0.20    0.63    2.17    2.11  3
  LTCM       35.07   42.02   -0.69   -0.66    2.47    2.48  3
  OIIP       50.82   35.77    0.41    0.43    2.40    2.33  3
  OISR       53.18   27.36    3.76    3.59    2.56    2.46  3
  FVKB       28.89  -16.52    1.47    1.79    2.17    2.28  3
  GQPA      346.94   20.51    0.49    0.62    2.26    2.33  3
  LTBZ       27.35   38.61   -5.21   -4.96    2.48    2.66  3
  SBUA      293.02   -0.15    0.34    0.56    2.27    2.26  3
  SLPO      294.28  -19.53    0.18    0.30    2.53    2.67  3
  SLVM      296.55  -21.25   -0.02    0.60    2.60    2.83  3
  SPGM      284.00   -9.27    2.58    3.07    2.30    2.35  3
  FYWW       17.10  -22.57    1.69    1.98    2.53    2.62  3
  KTOR      255.85   42.06   -2.04   -1.67    2.73    2.94  3
  SBML      310.08  -22.18    0.62    0.47    2.38    2.10  3
  SBPG      311.48  -25.52   -2.31   -2.11    2.81    2.80  3
  YPMQ      152.86  -31.43   -3.05   -3.17    3.34    3.37  3
  FACV       19.72  -31.50    0.14    0.25    2.51    2.48  3
  LESU        1.40   42.33    4.23    4.64    2.37    2.42  3
  K08D      257.59   48.30   -1.80   -1.43    2.11    2.11  3
  KE16      238.40   37.08   -0.51    2.42    2.52    3.01  3
  KMVH      251.07   46.83   -2.31   -1.75    2.57    2.78  3
  FAWB       28.21  -25.63   -0.03    0.63    3.57    3.57  3
  FYRN       13.85  -20.01    4.46    4.70    4.66    4.55  3
  SPJJ      284.53  -11.78    7.10    7.18    2.95    3.04  3
  KO22      239.58   38.03    0.45    2.08    3.17    4.55  3
  FDPP       31.25  -25.96   -1.66   -1.43    5.74    5.69  3
  KHTH      241.37   38.54    2.79    3.00    2.77    2.75  3
  K1MW      256.52   40.70   -2.97   -2.69    3.04    3.19  3
  K1V6      254.90   38.43    4.36    4.60    2.33    2.21  3
  FAPN       27.17  -25.33   -1.70   -1.18    5.32    5.51  3
