dtype=   t120  mean,std
    15    14    13    11    11     9     8     8     8     8     8     7
     6     6     6     6     7     6     6     6     6     6     6     6
     6     6     6     7     6     8     7     9     6     9     7    10
     8     6     7     8    10    17    32
    21    22    20    17    17    17    14    15    15    14    14    14
    11    13    13    12    12    12    12    12    10    12    12    12
    10    12    12    12    11    14    13    16    14    16    12    16
    14    14    15    16    18    22    26
  1.50  1.40  1.30  1.10  1.10  0.90  0.80  0.80  0.80  0.80  0.80  0.70
  0.60  0.60  0.60  0.60  0.70  0.60  0.60  0.60  0.60  0.60  0.60  0.60
  0.60  0.60  0.60  0.70  0.60  0.80  0.70  0.90  0.60  0.90  0.70  1.00
  0.80  0.60  0.70  0.80  1.00  1.70  3.20
  2.10  2.20  2.00  1.70  1.70  1.70  1.40  1.50  1.50  1.40  1.40  1.40
  1.10  1.30  1.30  1.20  1.20  1.20  1.20  1.20  1.00  1.20  1.20  1.20
  1.00  1.20  1.20  1.20  1.10  1.40  1.30  1.60  1.40  1.60  1.20  1.60
  1.40  1.40  1.50  1.60  1.80  2.20  2.60
dtype=   t180   mean,std
    23    24
  2.30  2.40
dtype=   t181   mean,std
    25    28
  2.50  2.80
dtype=   t187   mean,std
    20    26
  2.00  2.60
