  04270         21  314.58   61.18    5.00
     47.00    9.27    0.65   56.10    4.28   64.00    1.00  3
         6   11.40    1.02   33.45    3.11
      2.36    5.92   42.39   25.54    5.26    0.77   25.49    2.80
     37.00  -11.60    0.12   47.21    3.93   38.00    0.00  3
         8   -7.73    0.49   29.81    4.79
     -8.02  -15.61   24.72   34.74   -8.21    0.14   45.16    2.00
    117.00   -8.70   -0.55   46.64    3.46  162.00    2.00  3
         9   -3.15   -0.33   33.80    2.52
     -6.60   -9.24   41.69   16.76   -6.27   -0.22   41.04    1.88
     41.00    8.05   -1.10   24.29    3.63   43.00    0.00  3
        10    4.45   -0.71   18.61    2.88
     25.29    0.06   26.34   12.83    5.48   -0.47   18.84    2.09
     55.00    1.84    0.11   27.19    3.68   60.00    1.00  3
        11    2.05    0.74   19.38    2.27
      5.57    0.15   18.45   19.98   -0.43    0.45   19.14    2.64
  32477        178  155.97   54.30    5.00
    114.00   -1.43   -1.19   40.42    2.64  257.00    4.00  3
         1   -5.45   -0.43   19.47    2.59
     -9.33   -3.15   30.24   18.75   -4.91   -0.80   31.84    2.21
     30.00   -3.90   -0.83   24.75    4.71   31.00    0.00  3
        27   -1.97   -0.38   11.52    3.25
      1.65    0.72   15.04    4.25   -4.09   -0.78   22.50    3.54
     37.00   -3.01   -0.25   29.24    5.05   38.00    0.00  3
        28   -3.66   -0.17   14.23    2.67
     17.67   -8.40   26.79   10.69   -5.08   -0.34   26.79    3.37
     50.00   -1.90   -0.90   32.14    7.56   61.00    0.00  3
        30   -2.68   -0.08    9.13    3.28
     -3.19    0.28    5.01    9.85    0.40   -1.33   29.47    6.61
    113.00   -0.30   -0.38   25.93    6.20  189.00    0.00  3
        31    0.50    0.40    6.83    2.23
      2.80   -2.22    6.93    7.48   -0.18   -0.56   24.78    5.61
  35394        194   73.09   49.48    4.00
    115.00   -6.42    0.80   30.62    3.11  223.00    3.00  3
         7   -1.79    0.45   16.86    2.52
     -1.80    0.01   11.78   14.83   -1.04    0.38   15.43    1.45
     39.00    1.28    1.06   41.34    3.61   39.00    0.00  3
        12   -4.74    1.02   17.47    3.08
      0.19   -7.84   24.47    8.67    0.72    0.78   20.67    2.29
    115.00   -0.03    1.23   33.18    3.33  156.00    0.00  3
        13    0.53    1.08   15.68    2.51
      0.56    2.86    7.96    5.69   -1.65    0.61   21.08    1.97
     89.00   -2.45    1.18   18.97    3.42  104.00    0.00  3
        17   -1.74    0.84   10.82    1.95
     -3.04   -1.89   12.55   13.18   -1.43    0.74   13.74    2.12
  36003        197   76.95   52.28    9.00
     61.00   10.97    0.51   44.28    3.79   68.00    2.00  3
         8    2.54    1.83   21.26    2.92
      1.26   -1.95   25.32   17.04    6.96    0.31   28.09    3.45
     41.00   10.88    0.97   39.57    3.57   45.00    2.00  3
         9    3.08    0.48   24.48    1.80
     -3.52    8.29   13.13   18.06   10.20    1.02   38.52    3.19
     51.00    5.14    0.72   32.87    4.16   54.00    1.00  3
        10   -2.58    0.13   20.08    2.37
     -0.10   -6.45   14.77   17.31    0.95    0.34   18.17    3.45
    116.00   -0.30    0.64   31.57    3.43  166.00    2.00  3
        13   -0.44    0.62   16.12    3.14
     -2.79    5.66    7.97   15.09   -0.19    0.48   19.27    2.51
     48.00    5.38    0.26   33.55    3.91   53.00    1.00  3
        14    0.94    0.21   15.83    1.92
      2.02    3.48   17.31   10.72    5.54    0.18   24.14    3.31
    115.00    2.56    0.59   25.79    3.65  155.00    1.00  3
        25   -0.41    0.40    9.80    2.22
     -3.13    0.35    8.85    7.53    2.18    0.41   20.04    2.41
     49.00    5.89   -0.17   29.78    4.80   53.00    1.00  3
        26    0.87   -0.46   19.13    2.12
      8.86    1.39   19.49   16.24    1.37    0.02   16.83    2.96
     48.00    0.36    0.40   17.20    4.85   51.00    1.00  3
        27    0.64    0.04   15.13    2.41
      6.66    3.42   21.31   13.11    1.26    0.50   12.92    2.75
    111.00    0.94    0.32   27.16    4.38  175.00    4.00  3
        29   -0.10    0.36    8.45    2.70
     -3.67   -0.38    6.88    7.38    2.95    0.28   17.51    2.79
  37259        202   47.48   43.01    6.00
    116.00    9.52    0.95   38.01    5.31  149.00    2.00  3
         4   -0.27    0.61   12.36    2.19
     -1.02    0.33    3.34   16.37   -0.36    0.72   21.50    4.81
     33.00    5.58    1.61   46.86    7.35   35.00    0.00  3
         5   -5.15    0.25   34.17    2.18
    -13.17   -2.44   23.61   16.28    2.41    1.61   29.14    7.20
     40.00    6.87    2.45   44.30    4.19   44.00    1.00  3
        14   10.79    1.62   31.21    2.06
     23.22    2.86   28.11   33.45   -0.84    1.96   38.41    3.99
     32.00    9.47    1.57   39.88    5.29   35.00    1.00  3
        15    6.07    1.05   28.45    2.20
     24.68    6.22   28.71   22.41    3.19    1.39   33.14    4.94
     40.00   -5.91    2.52   42.73    3.95   42.00    2.00  3
        16   -8.73    1.87   31.22    2.53
     -7.51   -6.00   20.83   40.05   -7.69    2.06   36.81    3.54
     34.00    1.71    1.73   38.54    4.03   36.00    1.00  3
        17    0.71    1.38   34.25    2.36
      0.78   -3.97   19.25   39.37   -2.99    1.35   34.88    3.51
  38064        203   65.52   44.77    7.00
     89.00    4.50   -0.98   32.01    3.28  109.00    6.00  3
         2    5.10   -1.81   18.95    2.38
      3.95    2.59   11.26   10.39   -2.22   -0.38   20.38    2.51
     60.00    1.36    1.42   26.72    4.09   75.00    7.00  3
         3    1.96    1.01   11.84    3.71
      4.66    2.32   12.95    6.13   -0.49    1.38   12.60    2.69
    117.00   -0.01    1.60   21.70    3.88  193.00    3.00  3
         4    1.00    0.69   12.88    2.62
      0.79    5.24   11.39   13.02   -1.21    1.45    9.15    3.02
     62.00    1.20    1.30   28.37    4.61   71.00    0.00  3
         8    0.33    0.43   16.90    2.96
      3.85   -0.34    9.27   26.14    2.02    0.98   22.36    4.06
     57.00   -0.87    0.90   36.65    4.01   64.00    1.00  3
         9    0.45    0.27   14.22    1.97
     -8.08   13.25   19.75   29.83    1.09    0.73   30.28    3.58
    115.00    6.12    1.06   29.63    3.33  204.00    4.00  3
        13    3.89    0.76   13.49    2.20
      4.07    0.48    8.58   22.73    1.30    0.47   18.86    2.10
    116.00    2.06   -0.04    8.39    4.82  184.00    1.00  3
        29    1.85   -0.23    5.79    2.60
      1.70   -0.45    2.66    5.08    0.85    0.32    5.60    4.03
  38341        204   71.23   42.51    7.00
     74.00   27.26    5.23   44.46    3.90   83.00    0.00  3
        14   16.88    5.28   35.28    4.59
     17.40   -6.77   27.35   17.50   22.12    5.18   45.33    3.80
     63.00   19.45    5.04   30.13    3.99   71.00    0.00  3
        15   14.30    5.13   22.76    4.41
     33.80    1.67   36.73   17.86   15.83    4.96   30.94    3.97
     66.00    5.04    2.29   36.40    4.10   74.00    0.00  3
        18    5.32    1.70   22.87    3.24
     10.26   -0.03   17.92   18.93    5.22    2.20   34.63    4.10
    118.00    2.01    0.67   21.09    5.55  176.00    0.00  3
        29    3.68    0.59    6.02    3.02
      4.65    4.47    7.65    5.67    1.62    0.75   20.70    5.54
     82.00   -0.21   -0.30   10.27    5.41  116.00    0.00  3
        34    1.21    0.72    5.05    3.14
     -2.51    1.85    7.12    3.56   -0.28   -0.58   10.17    5.45
    117.00    1.77   -0.52    7.62    5.05  193.00    0.00  3
        35    1.56    0.31    4.21    2.57
     -1.49    2.33    8.34    4.25    1.82   -0.93    7.68    5.15
     83.00    1.23   -0.10    7.21    6.23  126.00    0.00  3
        36    1.42    2.41    5.45    3.02
     -0.53    1.53    6.01    9.12    1.29   -0.65    7.25    6.27
  43150        239   83.30   17.70    5.00
     66.00   -2.32   -0.53   43.63    2.49  101.00    0.00  3
         1   -1.71   -0.51   32.18    2.57
      0.01   11.88   10.81   73.61    4.25   -0.56   37.28    1.66
     65.00  -15.03    0.61   32.62    3.04  127.00    0.00  3
         4  -11.77    0.59   26.44    2.37
     -6.15    4.36   27.05   22.57   -4.74    0.80   19.45    1.51
     64.00   -3.15   -1.35   30.53    3.17  100.00    0.00  3
         7   -1.14   -1.24   21.23    2.88
      5.36   -4.06   17.17   27.69    2.40   -0.68   20.83    1.89
     63.00    0.66    4.09    8.88    4.42  190.00    0.00  3
        35    2.41    4.48    8.69    3.93
     -1.16    2.17    7.31    9.69    0.07    1.35    3.84    1.75
     63.00   -0.08    1.46    8.72    4.43  191.00    0.00  3
        36   -0.31    1.27    7.42    4.52
      1.37   -1.83    8.19    6.42   -0.23    0.39    4.03    1.87
  44373        251  104.42   43.58   13.00
     55.00   -5.58    0.79   29.75    4.86   57.00    0.00  3
        22   -0.23    1.96   17.36    2.67
      0.64   -7.01   12.92   19.40   -5.81    0.18   28.25    3.67
     55.00   -2.97   -0.34   30.02    6.08   63.00    0.00  3
        23   -0.65    1.88   19.67    3.56
      5.76   -6.32   27.55   12.52   -3.34   -0.43   27.63    4.83
     44.00   -7.97    1.16   36.37    7.78   53.00    2.00  3
        24   -3.63   -0.30   17.88    2.97
      0.31   -4.23   12.59   19.44   -6.57    1.08   34.13    7.38
    117.00   -4.78   -0.52   20.50    5.16  170.00    1.00  3
        25   -1.50    0.17   10.44    3.10
     -6.10   -1.55   13.57    5.32   -3.95   -0.62   18.66    4.65
     35.00   -2.42    1.09   21.19    5.32   37.00    0.00  3
        26   -1.38    0.69   15.42    3.63
     -0.93    0.29   22.82    8.69   -0.23    1.12   19.21    5.03
     41.00   -0.78   -0.88   23.14    7.67   44.00    0.00  3
        27    0.65    0.79   10.79    2.73
      1.84   -5.44    8.04   10.33   -0.24   -0.96   22.12    7.52
     40.00   -4.89   -0.85   33.05    9.77   46.00    0.00  3
        28    0.21    0.88    8.24    3.81
     -0.25    1.56    8.09    3.47   -6.63   -0.91   33.33    9.50
    117.00   -1.12   -0.83   23.60    8.62  178.00    0.00  3
        29    1.53    0.22    7.61    3.53
      6.70    1.21   10.06    1.57   -0.54   -0.72   23.22    8.28
     55.00   -3.53   -0.80   34.57    7.75   59.00    0.00  3
        30    5.67    0.20   11.83    3.71
      1.89    2.41   10.48    5.81   -3.09   -0.71   34.62    7.33
    117.00   -3.18   -1.95   28.44    9.00  186.00    0.00  3
        31   -0.15   -0.33    5.94    3.21
     -0.71    2.67    4.13    3.19   -2.47   -1.95   28.48    8.83
    114.00   -2.62   -1.10   22.22    8.55  180.00    0.00  3
        33   -0.93   -0.05    3.85    2.31
      0.78   -1.64    6.61    2.93   -2.03   -1.09   22.30    8.69
    114.00   -4.62   -0.81   24.10   10.53  181.00    0.00  3
        35   -0.43    0.73    3.98    2.20
      4.28   -0.72    3.85    4.71   -4.15   -0.99   23.90   10.57
     74.00   -2.26   -1.02   21.09    9.70  117.00    0.00  3
        36   -0.15    1.70    6.71    2.52
      5.48   -0.10    9.98    3.57   -2.19   -1.40   21.01    9.75
  48327        279   98.98   18.78    5.00
     56.00   10.24    2.50   34.96    5.39  192.00    0.00  3
        30    5.62    1.18   25.57    3.33
     14.41    5.50   20.40   32.99    8.63    2.08   30.79    4.68
     55.00   17.70    1.83   29.26    5.85  161.00    1.00  3
        33   11.94    1.59   23.10    3.72
     10.46   18.48   18.38   27.04   11.49    1.72   22.72    4.59
     56.00   12.85    0.51   29.34    4.85  198.00    0.00  3
        34    8.13    0.11   24.44    3.89
     10.21   13.49   12.45   26.92    7.36    0.79   24.43    3.35
     53.00    7.71    0.38   22.46    5.69  208.00    3.00  3
        35    7.02   -0.70   22.71    3.58
     10.46    7.66   15.64   14.65    4.06    0.97   16.16    4.03
     51.00    4.42   -0.84   18.99    4.40  193.00    3.00  3
        36    3.80   -0.14   15.32    3.63
     16.06   -2.45   23.24    9.19    2.75   -0.16   14.62    2.84
  61052        396    2.17   13.48    6.00
     91.00  -12.69    1.61   57.09    3.19  136.00    0.00  3
         7   -5.13    1.49   37.83    2.79
    -34.64  -14.09   48.86   26.18   -0.37    0.74   22.16    1.44
     86.00    2.33    1.27   41.07    3.23   86.00    0.00  3
         9    5.38    1.12   21.81    2.74
      6.75    0.38   31.54   14.72    2.92    0.36   14.15    1.28
     42.00    4.59    0.50   43.50    3.52   42.00    0.00  3
        10    7.54    1.81   29.44    3.81
     -2.78    2.10   44.96   21.46    4.58    0.00   17.66    1.25
     35.00    1.82    0.87   16.26    3.68   35.00    0.00  3
        16    1.30    1.70   16.31    4.38
      4.34   -1.15   16.32   15.95    2.12    0.71    8.33    1.82
     86.00    5.91    0.37   27.69    3.52   86.00    0.00  3
        17    4.04    0.41   13.15    3.67
      2.75    0.39    9.18   11.50    1.65    0.25   11.52    1.48
     37.00    5.97    0.85   30.81    4.90   37.00    0.00  3
        18    0.28    0.50   14.66    4.91
      3.23   -0.26   18.67    9.67    1.34    0.71   17.58    2.30
  68994        402   37.87  -46.88   10.00
    101.00    0.91   -2.13   38.42    3.24  297.00   10.00  3
         1    0.05   -0.49   18.59    3.38
     -3.24    8.14   22.54   18.10   -2.08   -1.08   36.00    2.01
    102.00   -0.49   -2.08   32.24    4.22  147.00    3.00  3
         2    0.21   -1.99   13.02    3.99
      5.03    7.14   14.21   10.26   -2.39   -0.97   29.79    2.00
     62.00    1.94   -1.52   29.91    4.16   80.00    2.00  3
         3    2.10   -0.95   12.91    4.06
      4.23    4.46   16.46    6.43    0.23   -0.44   25.30    1.99
    111.00    2.24   -0.82   19.71    4.60  245.00    5.00  3
         4    1.82   -0.13   10.00    4.25
      6.15    6.40    9.05   13.07    1.11   -0.09   17.87    1.85
     97.00    1.74   -0.73   16.33    4.47  120.00    1.00  3
         5    2.10    0.03   10.23    3.15
     -0.17    3.39   12.78   13.91    0.98   -0.05   12.92    2.20
     36.00   -3.99   -1.27   15.56    4.73   40.00    0.00  3
         6   -0.44   -0.49    7.72    2.28
     -0.92    0.52    5.23    7.72   -4.00   -0.60   13.09    2.40
    113.00    0.43   -0.21    9.97    3.83  140.00    0.00  3
         7    0.66    0.05    7.43    3.10
     -2.11    1.07    8.98    7.70   -0.51    0.08    6.37    1.78
    103.00    0.03   -0.43   10.72    3.45  135.00    0.00  3
        11    1.40   -0.26    8.76    2.51
      4.48   -0.19    7.68    9.62    0.11   -0.18    7.50    1.52
     53.00   -2.74   -1.30   13.30    4.11   61.00    0.00  3
        12   -0.49   -0.48    8.90    3.88
      0.47   -3.20    6.23    6.20   -1.33   -0.53   10.27    1.81
    112.00   -1.43   -0.30   13.13    3.31  141.00    2.00  3
        13   -1.60   -0.52    7.37    2.88
     -0.08   -0.17    9.99    8.79   -0.87   -0.07    9.90    1.60
  70316        409  197.28   55.20    5.00
     78.00   -6.22    3.74   34.58    2.87  161.00    2.00  3
         1   -6.70    3.48   20.06    2.55
    -14.17   -3.90   16.16   10.61   -9.90    3.27   28.82    3.00
     63.00   -0.77    2.93   38.92    3.82   67.00    4.00  3
         2   -1.03    2.61   15.29    3.18
    -11.25    0.09   15.28    8.29   -2.38    2.51   38.30    3.55
     63.00    4.51    1.17   24.73    3.67   64.00    1.00  3
         3    2.14    1.15   18.42    2.40
     -2.55    3.60   10.60   14.59    1.06    0.67   24.89    2.45
     78.00    3.29    0.63   19.23    3.74  117.00    0.00  3
         4    3.01    0.79   15.77    2.23
      0.00    3.76   16.92   13.09    0.81    0.22   15.70    2.46
     77.00   -0.67    0.15   16.22    3.28   93.00    0.00  3
         7    0.05    0.18   10.72    2.27
     -1.04    0.55    9.53   10.28   -1.24   -0.12    9.75    1.96
  83768        553  308.87  -23.33    5.00
     32.00   -3.27    2.13   28.16    3.84   37.00    0.00  3
        12   -2.86    5.01   16.44    5.03
     -7.35    8.42   13.42   20.01    1.41    1.33   11.44    2.08
     31.00    1.49    1.22   31.08    3.77   41.00    0.00  3
        17    0.25    0.97   14.49    2.52
      0.97    6.14   27.84   16.24    2.31    0.57   17.20    2.30
     29.00   -6.02    0.38   17.05    4.04   39.00    1.00  3
        19   -7.29    0.91   15.01    2.54
     -4.21  -14.02    9.52   10.00   -1.44    0.73   15.60    1.94
     35.00   -2.48    1.06    9.75    6.21   67.00    0.00  3
        32   -1.22    0.39    8.80    4.11
      1.14   -5.95    5.55   14.03   -2.05    0.74    6.43    4.26
     46.00    0.88    1.30   10.58    5.16   94.00    0.00  3
        34   -0.82    1.50   11.31    4.49
     -0.45   -3.82    4.63   17.49    1.06    1.03    7.88    3.29
  83937        559  306.32  -29.70    5.00
     73.00   -4.44    1.43   19.96    3.46  133.00    0.00  3
        15   -4.20    0.80   14.27    2.70
      3.27  -16.83   11.29   25.44   -1.14    0.71   11.25    1.77
     59.00    2.17    0.36   16.49    3.63  107.00    0.00  3
        19    3.54   -0.19   11.15    2.69
      2.91   -0.48   10.63   20.39    1.39    0.05    9.76    1.89
     45.00   -2.21   -1.01   13.88    4.16   86.00    0.00  3
        23   -1.39   -0.53    9.49    3.76
      2.54   -3.43    6.41    9.55   -3.27   -0.58   10.86    2.65
     90.00   -0.70    0.98    9.57    5.59  214.00    0.00  3
        32   -0.39    1.24    4.92    4.29
     -0.06   -1.57    2.19    7.30   -0.39    0.44    6.29    3.52
    118.00   -1.02    0.95    8.45    4.61  377.00    0.00  3
        33   -1.25    0.55    5.13    3.73
     -1.37   -3.02    2.76    6.05   -1.01    0.11    6.40    3.03
  83971        560  308.82  -30.00    5.00
    113.00   -1.71    0.98   32.49    3.32  172.00    0.00  3
         9   -2.49    2.17   19.71    3.47
     -8.41    4.85   21.12   25.26    0.21    0.51   26.63    1.77
     93.00   -3.29    0.46   26.87    3.54  148.00    0.00  3
        17   -2.07    0.54   12.74    3.26
      5.10  -10.02   15.33   43.45   -1.56    0.36   13.36    2.06
     59.00   -3.57    0.05   12.66    5.12  114.00    0.00  3
        30   -0.98   -0.08    9.94    4.69
      4.05   -5.15    5.60   13.07   -2.82    0.12    9.18    3.33
     87.00   -2.28    1.48    8.64    5.25  201.00    0.00  3
        32   -0.88    0.90    6.01    4.88
     -1.26   -1.26    3.65    7.53   -1.68    0.92    7.40    3.73
    118.00   -0.60    1.50    7.20    4.73  374.00    0.00  3
        33   -0.22    1.09    4.13    4.04
     -1.56    1.30    4.05    5.39   -0.17    0.78    6.22    3.04
  85586        562  288.38  -33.65    5.00
     40.00    4.05    0.57   36.00    3.50   45.00    0.00  3
         2   -8.57    1.23   19.51    2.96
     -3.85   -6.70   27.77   14.90    2.61    0.27   33.22    2.24
     55.00   13.17    0.13   54.18    3.82   62.00    0.00  3
         8   10.51    0.38   32.22    4.15
      1.73   13.94   18.82   26.14    1.33    0.09   37.03    2.23
     54.00  -15.89   -1.05   44.81    3.48   58.00    0.00  3
        10  -12.13   -0.76   28.87    3.70
    -18.28    0.83   33.38   29.20   -4.11   -0.20   24.19    2.19
     47.00   -7.52   -1.62   41.90    4.09   50.00    0.00  3
        11  -20.78   -0.97   22.26    3.78
     -4.61  -26.91   16.42   30.94   -8.95   -0.42   23.59    2.32
    113.00  -14.18   -0.95   34.04    3.38  160.00    0.00  3
        13   -8.56   -0.81   16.02    2.87
     -9.90   -9.48   14.79    9.66   -4.33   -0.21   23.35    1.86
  87344        564  295.79  -31.31    9.00
     94.00   -6.20    0.95   36.85    3.21  161.00    0.00  3
        13   -1.73    0.49   18.49    2.89
     -4.30    2.11   26.88   12.80   -2.50    0.41   27.39    1.81
     45.00   -2.76    0.86   41.36    4.02   76.00    0.00  3
        14   -2.49    0.56   30.49    3.74
      4.80   -4.33   48.83   33.39    3.95    0.43   36.23    2.45
     41.00    1.02    0.04   27.01    3.71   69.00    0.00  3
        15    6.58    0.05   28.05    2.77
      6.46   13.89   27.68   22.40   -1.40   -0.12   22.81    2.51
     61.00   -6.42    0.81   31.24    4.10   96.00    0.00  3
        16   -1.32    0.28   17.55    3.22
      3.44    1.97   17.53   15.66   -6.35    0.64   24.37    2.66
     79.00    1.08    1.19   23.73    3.60  115.00    0.00  3
        17    2.67    1.55   11.64    3.90
     -0.78    6.52    6.08   13.17   -0.20    1.00   18.76    2.59
     42.00    0.45    0.67   24.52    3.93   70.00    0.00  3
        18    0.10    1.04   25.17    3.66
     -3.38    1.88   10.14   30.82    1.95    0.81   24.34    2.99
     33.00    5.18   -0.42   16.04    3.65   56.00    0.00  3
        19    3.87   -0.91   19.37    3.54
      5.24    5.57   18.91    9.37    4.88   -0.03   12.54    2.39
     33.00    2.53   -0.36   14.69    4.33   65.00    0.00  3
        20    1.60    0.71   12.71    4.94
      2.52    0.51   10.63    6.55    0.91   -0.16   10.88    2.97
     34.00   -1.73    1.72   11.54    5.63   55.00    0.00  3
        24   -0.41    1.56   12.88    4.81
     -0.31    3.31   10.63   17.01   -0.30    1.10    7.77    3.77
  87418        565  291.22  -32.83    8.00
     32.00    3.26   -1.13   36.91    4.69   33.00    0.00  3
        18    6.64   -0.69   20.05    3.71
      6.49    6.64   21.00   22.24    1.97   -1.15   34.36    3.37
     31.00   -2.16   -0.54   20.78    6.12   31.00    0.00  3
        20    6.63    0.61   18.23    5.67
      2.92   -0.03   16.52   11.01   -4.14   -0.55   16.38    4.26
     98.00   -0.08    0.65   13.32    4.20  131.00    1.00  3
        21   -0.30    1.25    9.25    3.87
      0.64    1.21   15.25   11.63   -1.64    0.20   11.48    2.93
     33.00    0.14    2.61   12.90    4.20   35.00    0.00  3
        22    2.39    2.14    9.63    4.24
     -0.75    2.58   13.70    6.07   -0.18    1.77   11.94    2.98
     29.00    2.38   -0.21   10.93    5.08   29.00    0.00  3
        23    0.55    1.02    7.89    4.21
      0.95    0.17    7.84    8.71    0.85   -0.21    8.45    3.59
     98.00    0.60    0.60    7.57    4.86  140.00    0.00  3
        31    1.10    0.09    6.75    3.41
      1.29    2.21    6.16    7.15    1.07    0.04    5.53    2.75
     55.00   -3.50    2.09   12.02    6.69   72.00    0.00  3
        32   -1.72    0.36    7.68    6.73
     -1.57   -1.22    3.44    9.21   -2.64    1.33   12.26    4.80
     77.00    1.65    1.24    8.43    5.45  118.00    0.00  3
        34    0.69    1.38    5.99    5.63
     -0.13   -2.28    2.24    6.81    1.89    0.90    7.28    4.27
  87623        566  295.73  -36.57    4.00
     42.00    4.08   -0.21   35.79    3.70   70.00    0.00  3
        16    1.38    0.27   17.61    3.15
      4.42   -2.97   13.15   25.10    3.37    0.08   16.75    1.94
     41.00    4.46   -0.08   20.87    3.69   64.00    0.00  3
        19   -0.89    0.17   14.71    4.04
     -2.84    6.48   12.15   16.95    1.06    0.02   17.09    2.42
     38.00   -0.55    2.43   15.68    4.96   68.00    0.00  3
        24   -0.82    1.74   11.33    4.03
     -2.85   -1.28   10.58    9.71    0.46    1.55   11.80    2.83
     34.00    0.15    1.42   16.63    5.00   65.00    0.00  3
        28    0.14    0.96   13.78    4.81
      4.08   -3.00   10.63   15.50    0.19    0.54   10.72    3.30
  94998        619  158.95  -54.50    4.00
     49.00   -0.68   -0.31    8.95    3.93   92.00    0.00  3
        20   -0.35    0.19    9.44    3.00
     -0.66   -3.38   11.17    5.49    0.64   -0.38    6.34    2.35
    119.00   -1.45   -0.02   12.74    3.44  207.00    0.00  3
        21   -0.36    0.16    7.37    2.43
      4.17   -3.35    4.92    4.21   -0.12   -0.09    7.16    1.99
     47.00   -1.60    0.20   11.82    4.50   92.00    0.00  3
        26   -0.82    0.00    9.20    2.93
      3.60   -4.37   12.86    6.22   -1.42    0.28    8.04    2.90
     40.00   -1.08    0.28   14.09    4.88   83.00    0.00  3
        27   -0.69    3.48    9.80    5.97
      0.25   -0.23    7.78    7.35   -0.88    0.27    8.26    2.69
  65503        690  358.48   12.35    4.00
     45.00   -3.38    0.04   50.44    3.37   53.00    2.00  3
         9   10.12   -0.08   29.90    3.48
    -30.68   10.51   70.17   31.40    3.34    0.22   30.11    1.67
     47.00    4.29    0.27   38.02    3.86   59.00    0.00  3
        17   -1.69    0.62   13.38    2.23
      3.55    3.66   22.09   14.85    1.91    0.41   23.28    1.43
     47.00    8.57   -0.24   27.16    4.05   63.00    0.00  3
        19    3.98    0.26   19.02    3.87
      2.84    8.84   17.59   15.28    0.86    0.45   16.95    1.91
     52.00    7.02   -1.95   26.18    3.49   76.00    0.00  3
        21    6.80   -1.80   21.08    2.91
     22.43    2.56   17.63   10.98    3.39   -0.88   18.31    2.05
  68906        693  350.12  -40.35    4.00
     57.00   -4.33   -2.99   27.11    3.44  209.00    9.00  3
         1    0.02   -2.34   15.36    3.13
      6.05   -3.23   19.51    7.45   -5.25   -1.80   21.93    2.26
     46.00    1.60   -1.87   15.20    3.72   60.00    3.00  3
         2    0.63   -1.35    9.07    3.20
      3.80   -0.74   11.16    9.61    0.41   -0.68    9.57    2.60
     52.00    2.32   -1.17   12.40    3.39   63.00    1.00  3
         3    2.14   -0.49    6.64    2.78
      4.19   -0.81    4.66    8.50    1.25   -0.05    7.59    1.77
     39.00    0.88   -0.34   11.13    3.83   54.00    0.00  3
        20    2.12   -0.80    9.61    3.41
      1.23    0.63    9.38    7.91   -0.08   -0.13    7.45    1.95
  85934        715  289.03  -53.00    5.00
     46.00   12.74   -0.29   46.55    2.70   92.00    0.00  3
         1    5.71    0.08   22.27    2.20
     21.83   -1.33   25.47   19.93    4.60    0.46   39.15    1.78
     35.00    5.27   -0.53   20.00    3.87   56.00    0.00  3
         2    6.82   -0.26   12.17    2.45
      3.19   10.95   16.13    7.74    1.41    0.28   13.02    2.92
     55.00    2.23   -0.67   21.69    3.39   71.00    0.00  3
         4    1.88   -0.28    8.88    2.70
      1.78    0.88    7.02   11.75    0.17    0.10   13.37    1.69
     55.00   -0.11   -0.65   14.98    4.08   73.00    0.00  3
         7    0.56   -0.09    7.92    3.34
     -2.07    1.18    5.06   14.10   -1.63   -0.06   11.49    2.46
     55.00   -2.40   -0.53   16.76    3.82   83.00    0.00  3
        13   -3.37   -0.10    7.93    2.96
     -3.58   -2.41   12.28   16.68   -1.13   -0.08   19.77    2.19
  86218        716  302.37  -25.27    4.00
     35.00    7.10    1.80   31.40    3.60   41.00    0.00  3
         3   -1.36    0.98   27.48    3.36
      9.85   -8.57   29.00    9.97    4.05    0.98   16.63    2.28
     35.00    1.65    1.10   23.26    3.20   39.00    0.00  3
         9    4.18    1.07   13.28    3.33
     11.27    4.98    8.59   12.46    2.31    0.32   14.24    1.96
     33.00   -8.09    0.73   28.63    3.59   34.00    0.00  3
        15   -5.86    0.40   21.52    3.01
     -3.35   -5.92   15.48   22.51   -9.29    0.64   32.41    2.37
     40.00   -3.74    1.84    8.91    4.97   54.00    0.00  3
        32   -2.36    1.11    7.07    4.54
     -3.69   -6.33    8.21    8.87   -2.45    1.22    5.18    3.04
  87715        717  291.87  -38.95    8.00
     35.00   25.33   -1.38   65.62    4.23   40.00    0.00  3
         2   26.57   -1.49   41.66    3.11
     27.62    2.73   26.02   41.25   30.07   -1.44   68.54    2.42
     54.00    9.55    0.03   43.76    3.35   73.00    1.00  3
         3    6.10   -0.16   28.27    2.55
     -0.12    5.22   16.17   24.61    4.05   -0.09   24.05    1.56
     57.00    8.65    0.91   44.43    3.83  117.00    0.00  3
         4   -0.71    1.44   14.61    3.10
     -2.63    0.23   12.29   17.24    3.13    0.58   26.23    1.50
     30.00    3.56    0.80   25.59    4.43   41.00    1.00  3
         5    0.11    1.77   16.16    3.39
     -1.12    0.92   11.75   23.06    0.28    0.94    9.81    1.54
     57.00    5.31    0.17   31.10    3.21   95.00    0.00  3
         7    2.96    0.37   14.39    2.46
     -1.02    5.08    8.89   12.68    3.90    0.17   13.98    1.66
     39.00   -3.81    0.29   29.83    3.35   55.00    3.00  3
         9    2.44   -0.11   21.75    2.87
      2.70   27.41   17.60   43.51   -1.11    0.49   24.50    1.65
     39.00    2.73   -0.05   18.87    3.84   55.00    2.00  3
        10    6.25    0.28   14.81    4.79
      4.97    2.08   10.12   19.05    2.42    0.43   15.77    1.72
     44.00   -0.63   -0.15   20.42    3.84   55.00    1.00  3
        11    0.67    0.35    9.44    2.92
     -4.78    5.56   12.97   13.31   -0.59    0.47   18.21    2.10
  64700        879   15.03   12.13    4.00
     87.00    5.51    1.77   37.55    3.26  129.00    0.00  3
         9    7.71    1.57   23.24    3.15
     10.27   -0.08   46.41   23.48   -1.56    0.44   17.35    1.20
     40.00    6.63    1.22   36.88    3.55   41.00    0.00  3
        10    3.52    1.23   30.09    4.05
    -10.51    1.28   18.98   23.50   -0.63    0.52   13.05    1.48
     32.00    6.69    1.18   33.81    3.64   35.00    0.00  3
        12    4.58    1.55   22.74    3.70
      0.11    3.19   28.16   13.19    0.99    0.35   11.39    1.37
     40.00   10.42    1.52   32.75    4.01   42.00    0.00  3
        16    4.33    1.89   15.01    4.10
     13.55    2.60   18.69   12.31    3.64    0.66   12.53    2.00
