  0324BRO   262.58   25.92       7
    812.50  787.50    2.48    3.26    2.60    2.21   61.05   58.05    2.64    2.45  3
    787.50  762.50    6.88    5.83    3.13    2.78   71.05   67.88    2.86    2.66  3
    762.50  737.50    5.07    5.62    3.54    3.22   73.89   71.19    3.08    2.80  3
    737.50  712.50    6.89    6.54    4.07    3.84   75.97   74.33    3.32    3.18  3
    712.50  687.50   10.68    9.38    4.34    4.05   71.51   69.03    3.36    3.19  3
    662.50  637.50   10.44    7.51    4.89    4.70   68.47   63.46    3.41    3.40  3
    637.50  612.50   11.52   11.59    5.93    5.71   61.15   56.73    3.59    3.67  3
  0343CRP   262.49   27.78       6
    762.50  737.50  -33.10  -31.48    2.58    2.33   58.36   54.63    3.12    2.86  3
    737.50  712.50  -30.67  -28.08    2.86    2.68   57.91   54.04    3.01    2.93  3
    712.50  687.50  -29.09  -27.58    3.00    2.82   56.30   53.08    3.17    2.98  3
    687.50  662.50  -46.74  -42.25    4.03    4.02   57.70   54.85    3.04    2.96  3
    662.50  637.50  -20.65  -19.95    3.64    3.56   60.77   56.47    3.25    3.17  3
    337.50  312.50   -8.90   -5.22    2.50    2.27   41.65   27.21    3.16    2.91  3
  0345FWS   262.70   32.57       4
    762.50  737.50   -3.61   -3.01    2.83    2.75   50.88   47.76    2.71    2.56  3
    737.50  712.50    3.24    2.27    3.15    3.08   51.68   48.91    2.84    2.75  3
    712.50  687.50   -3.56   -4.57    2.73    2.67   61.86   59.30    2.77    2.62  3
    662.50  637.50   -9.21   -9.14    2.77    2.76   59.00   56.32    2.80    2.68  3
  0378HGX   264.92   29.47       4
    737.50  712.50  -14.79  -10.99    2.91    2.85   53.24   46.45    2.82    2.72  3
    687.50  662.50  -18.62  -14.91    3.97    3.99   53.00   47.10    2.96    2.85  3
    512.50  487.50   25.51   22.04    0.50    0.48   61.48   63.36    3.18    2.83  3
    287.50  262.50    6.98    4.15    1.53    1.16   40.48   36.60    3.53    3.30  3
  0393YUX   245.34   32.50       7
    812.50  787.50   48.56   37.17    3.30    3.24   53.49   48.94    2.84    2.67  3
    787.50  762.50   56.52   48.28    2.89    2.97   56.38   52.21    3.23    3.05  3
    762.50  737.50   59.96   48.90    3.71    3.80   62.71   54.80    3.63    3.62  3
    737.50  712.50   52.72   48.09    2.68    2.80   65.64   58.38    4.07    3.93  3
    712.50  687.50   58.19   53.56    1.61    1.72   61.03   57.46    4.57    4.47  3
    687.50  662.50   42.39   37.96   -0.29    0.03   70.31   69.70    4.63    4.69  3
    662.50  637.50   52.97   50.11   -0.07   -0.07   64.67   62.81    6.14    6.05  3
  0500MAX   237.28   42.08       7
    862.50  837.50  -21.90  -17.74    1.84    2.12   66.01   51.98    2.40    2.03  3
    612.50  587.50   -6.15   -5.97   -2.62   -1.93   48.52   48.25    4.52    4.40  3
    587.50  562.50  -17.72  -16.08   -4.71   -3.93   53.96   52.90    4.88    4.77  3
    562.50  537.50  -24.77  -26.05   -4.87   -4.04   52.20   50.77    5.24    5.17  3
    537.50  512.50  -22.66  -22.38   -7.32   -6.61   63.70   62.25    5.70    5.88  3
    512.50  487.50  -27.07  -28.42   -4.48   -3.63   57.83   57.85    5.45    5.17  3
    487.50  462.50  -46.93  -47.90   -9.06   -8.50   51.13   50.92    6.40    6.61  3
  0502JUA   293.92   18.12       4
    512.50  487.50   16.47   21.14    0.11    0.18   53.62   52.90    3.14    2.94  3
    412.50  387.50    0.20   -0.95    1.77    1.68   48.39   49.80    2.76    2.78  3
    337.50  312.50   10.67   14.13    0.20    0.25   56.33   52.31    3.51    3.45  3
    262.50  237.50  -16.58  -12.86    1.00    0.87   51.67   50.43    4.53    4.23  3
  0508MSX   246.01   47.04       4
    587.50  562.50  -41.02  -41.46   -2.46   -2.06   58.13   56.15    5.25    4.92  3
    562.50  537.50  -48.91  -48.65   -5.96   -5.38   53.49   53.85    6.24    6.08  3
    537.50  512.50  -66.96  -65.38   -6.31   -5.82   58.92   59.74    7.12    6.91  3
    487.50  462.50  -41.31  -39.94   -4.55   -4.24   60.36   60.57    7.09    6.89  3
  0537MTX   247.55   41.26       4
    862.50  837.50   45.56   38.12    3.11    2.58   51.46   47.81    2.16    2.12  3
    587.50  562.50   -5.21   -4.88   -4.60   -4.23   46.31   45.79    6.01    6.00  3
    537.50  512.50  -17.85  -16.40   -6.53   -6.02   60.20   58.71    7.28    7.20  3
    487.50  462.50  -21.30  -20.80   -9.94   -9.39   45.04   44.61    7.97    8.01  3
  0539EWX   261.97   29.70       4
    762.50  737.50  -24.63  -22.36    2.31    2.15   52.15   50.74    2.55    2.47  3
    662.50  637.50  -12.63  -11.62    3.28    3.28   57.26   53.50    2.88    2.82  3
    637.50  612.50  -14.91  -13.41    3.87    3.73   51.70   49.93    2.94    3.00  3
    337.50  312.50    5.87    4.67    2.80    2.67   43.70   38.17    3.31    3.20  3
  0540NKX   242.96   32.92       8
    937.50  912.50   47.32   49.62    4.17    3.94   56.23   55.23    2.71    2.76  3
    887.50  862.50   50.84   44.58    4.07    4.10   47.51   48.43    3.07    3.01  3
    862.50  837.50   47.67   42.84    4.67    4.79   47.68   45.82    3.17    3.07  3
    812.50  787.50   49.76   47.88    4.80    4.82   47.32   47.20    3.34    3.36  3
    787.50  762.50   53.26   52.75    5.47    5.48   49.69   50.74    3.67    3.58  3
    762.50  737.50   48.79   44.66    4.86    4.74   54.99   54.61    3.39    3.42  3
    737.50  712.50   41.45   37.60    4.87    4.66   52.78   50.17    3.41    3.42  3
    687.50  662.50   25.69   21.93    4.73    4.62   52.71   50.06    3.84    3.57  3
  0574SOX   242.36   33.82       6
    937.50  912.50   75.02   68.94    7.48    7.24   53.03   63.06    3.12    3.13  3
    762.50  737.50   50.40   53.49    6.31    6.16   52.98   50.33    2.81    2.90  3
    737.50  712.50   44.99   47.18    5.56    5.35   54.46   52.83    3.04    3.04  3
    712.50  687.50   42.71   48.30    5.07    4.87   55.61   57.33    3.38    3.47  3
    662.50  637.50   14.16   14.00    4.79    4.56   60.90   59.39    3.16    3.02  3
    537.50  512.50  -39.24  -44.75   -1.72   -1.73   80.95   79.87    4.85    4.85  3
  0332GRK   262.62   30.72       7
    762.50  737.50  -18.31  -16.41    2.42    2.28   54.48   51.14    2.67    2.59  3
    737.50  712.50   -7.08   -6.31    2.42    2.35   54.65   50.73    2.73    2.69  3
    712.50  687.50   -1.36   -2.42    2.31    2.28   54.07   51.99    2.70    2.59  3
    687.50  662.50   -2.38   -3.50    3.84    3.87   58.31   55.78    3.45    3.25  3
    662.50  637.50    1.73    1.47    3.23    3.27   56.81   51.92    3.14    3.02  3
    637.50  612.50   -0.54   -1.87    4.36    4.25   50.86   47.78    3.31    3.29  3
    412.50  387.50   -2.16    0.07    2.28    2.32   40.97   36.80    3.65    3.39  3
