  0324BRO       21  262.58   25.92    7.00
    222.00    2.48    2.60   61.05    2.64 1957.00    8.00  3
         9    2.52    1.90   43.01    2.25
     -4.81   15.91   34.87   49.35    3.26    2.21   58.05    2.45
    218.00    6.88    3.13   71.05    2.86 1851.00   11.00  3
        10    2.90    2.38   49.98    2.50
     -5.73   24.23   30.11  117.68    5.83    2.78   67.88    2.66
    178.00    5.07    3.54   73.89    3.08 1318.00   17.00  3
        11   14.43    2.93   63.31    2.88
     -2.35    4.90   29.96   90.15    5.62    3.22   71.19    2.80
    181.00    6.89    4.07   75.97    3.32 1291.00    7.00  3
        12    0.12    3.43   77.03    3.44
     -1.41    2.38   24.18  123.81    6.54    3.84   74.33    3.18
    144.00   10.68    4.34   71.51    3.36 1087.00    4.00  3
        13   47.69    3.32   76.71    3.12
     10.46    9.58   27.04   99.59    9.38    4.05   69.03    3.19
    141.00   10.44    4.89   68.47    3.41  993.00    2.00  3
        15   11.67    4.61   52.96    3.77
     11.29    4.88   31.40   66.29    7.51    4.70   63.46    3.40
    130.00   11.52    5.93   61.15    3.59  734.00    2.00  3
        16    4.55    5.82   43.35    4.13
      8.55    0.46   19.57   30.60   11.59    5.71   56.73    3.67
  0343CRP       37  262.49   27.78    6.00
    195.00  -33.10    2.58   58.36    3.12 1688.00    8.00  3
        11  -20.27    2.19   46.93    2.90
    -12.19   -9.12   19.54  100.41  -31.48    2.33   54.63    2.86
    191.00  -30.67    2.86   57.91    3.01 1620.00    5.00  3
        12  -23.34    2.36   56.12    2.56
     -2.04    0.15   30.52   30.66  -28.08    2.68   54.04    2.93
    137.00  -29.09    3.00   56.30    3.17 1127.00   11.00  3
        13  -17.76    2.43   44.64    2.80
    -13.59   -3.27   21.94   75.66  -27.58    2.82   53.08    2.98
     86.00  -46.74    4.03   57.70    3.04  635.00    2.00  3
        14  -49.92    3.71   49.48    3.48
    -25.63  -55.02   34.83   21.86  -42.25    4.02   54.85    2.96
    149.00  -20.65    3.64   60.77    3.25 1040.00    4.00  3
        15  -14.44    3.89   43.75    3.51
     -1.98    5.92   32.72   45.38  -19.95    3.56   56.47    3.17
     70.00   -8.90    2.50   41.65    3.16  414.00    0.00  3
        28   -1.55    2.52   23.50    3.07
     -3.17   -0.29   26.23   18.13   -5.22    2.27   27.21    2.91
  0345FWS       39  262.70   32.57    4.00
    213.00   -3.61    2.83   50.88    2.71 1913.00    9.00  3
        11    0.78    3.02   33.48    2.92
      3.15  -17.24   37.72   86.48   -3.01    2.75   47.76    2.56
    190.00    3.24    3.15   51.68    2.84 1569.00   18.00  3
        12   15.24    2.62   32.03    2.76
     -5.92    2.92   19.18   27.31    2.27    3.08   48.91    2.75
    131.00   -3.56    2.73   61.86    2.77 1069.00    1.00  3
        13   -0.59    2.26   36.93    2.50
     -0.10   -7.70   13.54   88.71   -4.57    2.67   59.30    2.62
    138.00   -9.21    2.77   59.00    2.80 1071.00    0.00  3
        15   -0.84    2.23   28.38    2.29
      7.04  -13.16   23.07   75.03   -9.14    2.76   56.32    2.68
  0378HGX       64  264.92   29.47    4.00
    190.00  -14.79    2.91   53.24    2.82 1486.00    5.00  3
        12   -7.62    2.34   25.29    2.46
    -12.43   -9.49   16.22   13.74  -10.99    2.85   46.45    2.72
     91.00  -18.62    3.97   53.00    2.96  660.00    2.00  3
        14   -9.52    3.63   29.37    3.37
     -6.75  -17.61   27.91   29.39  -14.91    3.99   47.10    2.85
    111.00   25.51    0.50   61.48    3.18  587.00    3.00  3
        21    6.97    0.61   47.65    2.55
      5.29   17.41   22.83   42.19   22.04    0.48   63.36    2.83
     60.00    6.98    1.53   40.48    3.53  303.00    0.00  3
        30    3.15    1.88   35.69    3.48
      1.17   -2.09   29.89   37.54    4.15    1.16   36.60    3.30
  0393YUX       76  245.34   32.50    7.00
    232.00   48.56    3.30   53.49    2.84 2078.00  156.00  3
         9   39.23    3.06   57.51    2.96
     22.49   50.12   52.78   69.06   37.17    3.24   48.94    2.67
    206.00   56.52    2.89   56.38    3.23 1803.00  108.00  3
        10   53.97    2.36   60.04    3.38
     82.79   62.32   96.09   51.09   48.28    2.97   52.21    3.05
    162.00   59.96    3.71   62.71    3.63 1165.00  101.00  3
        11   57.61    3.15   75.83    3.57
     41.03   48.85   92.71   81.29   48.90    3.80   54.80    3.62
    189.00   52.72    2.68   65.64    4.07 1268.00   63.00  3
        12   47.09    1.90   71.16    3.44
     66.13   55.67   74.44   50.00   48.09    2.80   58.38    3.93
    132.00   58.19    1.61   61.03    4.57  976.00   14.00  3
        13   61.69    1.29   61.44    4.78
    103.19   64.94   83.70   47.53   53.56    1.72   57.46    4.47
     72.00   42.39   -0.29   70.31    4.63  340.00    2.00  3
        14   40.86    0.46   90.57    4.78
     56.38   49.34   80.76   95.86   37.96    0.03   69.70    4.69
    102.00   52.97   -0.07   64.67    6.14  595.00    6.00  3
        15   53.02   -1.82   62.23    5.80
     45.31   62.29   64.43   80.33   50.11   -0.07   62.81    6.05
  0500MAX       83  237.28   42.08    7.00
    236.00  -21.90    1.84   66.01    2.40 2722.00  109.00  3
         7  -33.73    1.65   54.63    2.74
    -33.70  -14.83   47.46   46.26  -17.74    2.12   51.98    2.03
    181.00   -6.15   -2.62   48.52    4.52  794.00   12.00  3
        17   -3.68   -1.70   33.40    3.63
     -3.95    3.45   43.11   24.58   -5.97   -1.93   48.25    4.40
    165.00  -17.72   -4.71   53.96    4.88  718.00   25.00  3
        18  -11.69   -2.77   43.64    4.71
    -20.71   -5.45  101.51   29.23  -16.08   -3.93   52.90    4.77
     78.00  -24.77   -4.87   52.20    5.24  323.00   10.00  3
        19  -10.38   -3.38   44.53    5.24
      1.10  -20.99   31.93   48.04  -26.05   -4.04   50.77    5.17
    194.00  -22.66   -7.32   63.70    5.70  748.00   50.00  3
        20  -27.49   -4.94   62.59    5.39
    -20.26  -42.22   67.37   61.68  -22.38   -6.61   62.25    5.88
     69.00  -27.07   -4.48   57.83    5.45  254.00    2.00  3
        21  -17.16   -4.90   50.57    5.87
    -35.68   -9.86   45.62   53.99  -28.42   -3.63   57.85    5.17
    139.00  -46.93   -9.06   51.13    6.40  597.00   30.00  3
        22  -48.81   -2.88   45.91    8.60
    -35.91  -49.91   38.73   52.19  -47.90   -8.50   50.92    6.61
  0502JUA       85  293.92   18.12    4.00
     61.00   16.47    0.11   53.62    3.14  238.00    1.00  3
        21    4.73    0.20   31.97    2.55
     28.38    3.56   53.39   27.15   21.14    0.18   52.90    2.94
     72.00    0.20    1.77   48.39    2.76  377.00    0.00  3
        25   -2.32    1.26   35.32    2.21
     -6.40    9.11   60.65   21.05   -0.95    1.68   49.80    2.78
     86.00   10.67    0.20   56.33    3.51  383.00    0.00  3
        28    3.95    0.08   38.82    3.49
     15.56   -2.96   71.12   38.18   14.13    0.25   52.31    3.45
     58.00  -16.58    1.00   51.67    4.53  250.00    1.00  3
        31   -1.93    0.58   24.57    3.49
    -12.46   -4.56   30.13   25.34  -12.86    0.87   50.43    4.23
  0508MSX       90  246.01   47.04    4.00
     81.00  -41.02   -2.46   58.13    5.25  545.00   20.00  3
        18   12.08   -1.32   53.89    3.84
    -11.94  -56.47   20.36   80.30  -41.46   -2.06   56.15    4.92
    104.00  -48.91   -5.96   53.49    6.24  870.00   18.00  3
        19  -37.82   -5.55   57.98    7.36
     -8.35   -7.80   44.31   25.80  -48.65   -5.38   53.85    6.08
    145.00  -66.96   -6.31   58.92    7.12 1192.00   38.00  3
        20  -60.94   -5.31   83.29    7.66
    -38.73  -16.77   61.71   36.23  -65.38   -5.82   59.74    6.91
    127.00  -41.31   -4.55   60.36    7.09  743.00    9.00  3
        22   -7.62   -2.33   19.76    5.18
     -9.59   -0.54   19.66    6.82  -39.94   -4.24   60.57    6.89
  0537MTX      116  247.55   41.26    4.00
    238.00   45.56    3.11   51.46    2.16 2682.00  184.00  3
         7   46.44    3.15   54.46    2.04
     41.76   40.92   57.82   53.01   38.12    2.58   47.81    2.12
    164.00   -5.21   -4.60   46.31    6.01  889.00   40.00  3
        18   -5.45   -4.37   32.67    6.34
      0.15   -8.36   35.26   55.66   -4.88   -4.23   45.79    6.00
    177.00  -17.85   -6.53   60.20    7.28  868.00   14.00  3
        20   -6.07   -5.63   40.78    8.23
      0.36   -6.85   35.94   65.69  -16.40   -6.02   58.71    7.20
    135.00  -21.30   -9.94   45.04    7.97 1116.00   45.00  3
        22   -9.56   -2.17   35.62   11.65
     -9.16  -29.47   22.72   41.06  -20.80   -9.39   44.61    8.01
  0539EWX      118  261.97   29.70    4.00
    200.00  -24.63    2.31   52.15    2.55 1730.00    5.00  3
        11  -11.81    4.34   37.44    3.91
     -6.33   -3.41   18.41   56.75  -22.36    2.15   50.74    2.47
    145.00  -12.63    3.28   57.26    2.88 1117.00    2.00  3
        15   -6.69    8.42   29.90    8.37
     -6.19   -5.67   15.56   27.58  -11.62    3.28   53.50    2.82
    171.00  -14.91    3.87   51.70    2.94 1221.00    4.00  3
        16  -12.80    3.34   33.57    3.19
      3.83   -1.32   28.96   17.84  -13.41    3.73   49.93    3.00
     68.00    5.87    2.80   43.70    3.31  423.00    0.00  3
        28   -0.64    3.27   20.48    3.07
     -4.74   -2.22   23.02   20.06    4.67    2.67   38.17    3.20
  0540NKX      119  242.96   32.92    8.00
    226.00   47.32    4.17   56.23    2.71 2477.00   99.00  3
         4   42.50    6.81   68.52    4.86
     19.93   56.28   78.13  103.64   49.62    3.94   55.23    2.76
    238.00   50.84    4.07   47.51    3.07 2597.00  113.00  3
         6   37.01    3.38   48.88    3.87
     20.03   56.32   50.74   52.82   44.58    4.10   48.43    3.01
    232.00   47.67    4.67   47.68    3.17 2401.00  134.00  3
         7   39.62    7.35   41.67    4.32
     28.05   75.75   57.00   84.44   42.84    4.79   45.82    3.07
    204.00   49.76    4.80   47.32    3.34 1768.00  111.00  3
         9   46.84    4.67   43.50    3.78
     53.54   94.66   33.09   56.18   47.88    4.82   47.20    3.36
    149.00   53.26    5.47   49.69    3.67 1085.00   84.00  3
        10   45.58    5.78   51.94    3.75
     63.23   58.96   51.37   57.32   52.75    5.48   50.74    3.58
    134.00   48.79    4.86   54.99    3.39  788.00   49.00  3
        11   44.26    4.77   63.22    3.98
     27.15   59.83   70.17   46.13   44.66    4.74   54.61    3.42
    117.00   41.45    4.87   52.78    3.41  595.00   32.00  3
        12   28.49    5.28   39.94    4.04
     25.35   61.44   76.57   54.00   37.60    4.66   50.17    3.42
     68.00   25.69    4.73   52.71    3.84  333.00    6.00  3
        14   21.67    4.51   33.07    4.91
     22.44   22.44   31.92   29.81   21.93    4.62   50.06    3.57
  0574SOX      145  242.36   33.82    6.00
    122.00   75.02    7.48   53.03    3.12  896.00  346.00  3
         4   84.21    7.24   44.32    3.79
     68.66   94.49   45.95   61.05   68.94    7.24   63.06    3.13
    124.00   50.40    6.31   52.98    2.81  814.00  114.00  3
        11   78.06    6.47   64.52    3.11
     50.79   31.31   48.98   31.39   53.49    6.16   50.33    2.90
    142.00   44.99    5.56   54.46    3.04  886.00   92.00  3
        12   33.14    5.48   46.35    3.23
     36.84   47.90   77.40   44.61   47.18    5.35   52.83    3.04
    117.00   42.71    5.07   55.61    3.38  732.00   20.00  3
        13   34.32    5.01   45.41    3.90
     31.87   34.88  100.37   50.11   48.30    4.87   57.33    3.47
     69.00   14.16    4.79   60.90    3.16  301.00   14.00  3
        15   12.49    5.08   35.06    3.27
     20.42   11.57   41.81   26.86   14.00    4.56   59.39    3.02
     95.00  -39.24   -1.72   80.95    4.85  186.00    7.00  3
        20  -52.48   -0.95   73.70    4.96
    -33.35  -87.64   94.22   44.93  -44.75   -1.73   79.87    4.85
  0332GRK      155  262.62   30.72    7.00
    158.00  -18.31    2.42   54.48    2.67 1309.00    4.00  3
        11   15.35    1.93   40.34    2.37
     -5.34  -18.13   22.01  100.89  -16.41    2.28   51.14    2.59
    140.00   -7.08    2.42   54.65    2.73 1043.00   10.00  3
        12   -4.85    2.26   35.19    2.24
    -13.38   -3.62   23.07   27.14   -6.31    2.35   50.73    2.69
     97.00   -1.36    2.31   54.07    2.70  750.00    0.00  3
        13    3.68    1.73   25.78    2.17
      0.76   -8.97    8.58   50.20   -2.42    2.28   51.99    2.59
     60.00   -2.38    3.84   58.31    3.45  446.00    3.00  3
        14  -10.98    3.81   39.66    4.30
    -20.43   -0.61   30.52   44.15   -3.50    3.87   55.78    3.25
    104.00    1.73    3.23   56.81    3.14  744.00    0.00  3
        15   -2.04    2.60   22.40    2.65
     -0.19   54.10   13.28   92.21    1.47    3.27   51.92    3.02
    115.00   -0.54    4.36   50.86    3.31  789.00    2.00  3
        16   -4.75    3.55   28.75    3.45
    -11.08    1.70   26.44   18.45   -1.87    4.25   47.78    3.29
     58.00   -2.16    2.28   40.97    3.65  373.00    0.00  3
        25   -0.66    2.82   20.96    2.39
      4.22  -14.80   34.45   19.09    0.07    2.32   36.80    3.39
