  0313AMA       12  258.29   35.23    4.00
    216.00   -1.16    3.15   36.73    3.99 1666.00   14.00  3
        18   20.15    2.60   32.54    2.56
     -5.51   -7.07   13.05   28.81    0.74    2.73   34.25    3.68
    144.00   -5.00    3.17   44.60    4.79  948.00    3.00  3
        20   -6.37    2.41   25.77    3.16
    -10.89  -16.92   23.55   41.84   -0.65    2.80   37.07    4.65
     71.00  -14.55    2.39   35.04    3.91  396.00    0.00  3
        21  -10.45    2.05   25.60    3.93
    -11.22   -9.46   25.05   27.17   -6.90    2.07   31.20    3.37
    101.00  -10.54    0.61   33.87    3.89  653.00    1.00  3
        25   -7.17    0.54   18.91    3.10
    -16.98   -4.38   19.92   16.25   -9.07    0.61   29.11    3.62
  0322CBX       19  243.76   43.49    6.00
    177.00   15.99    1.54   26.03    3.60 1538.00   14.00  3
        15   10.41    0.78   21.85    3.71
      8.84   13.61   37.34   31.75   17.48    1.60   25.66    3.45
    118.00    5.78   -0.92   25.21    5.68  784.00   25.00  3
        17   13.93   -0.86   25.45    5.69
      1.11    3.67   14.97   35.76    7.55   -0.73   25.14    5.54
    103.00   -6.35   -3.23   33.67    6.25  772.00   35.00  3
        18   -6.65   -2.93   35.51    6.42
    -10.38    4.52   32.64   32.01   -4.80   -3.10   33.28    6.15
     67.00    6.88   -6.65   30.19    7.88  515.00   19.00  3
        19   11.27   -4.04   27.55    7.87
     -0.62    5.09   24.61   25.79    8.17   -6.16   30.39    7.72
    104.00    4.39   -1.39   43.19    6.55  500.00    4.00  3
        20   -2.35    2.37   20.83    5.52
     -5.16   -1.89   22.66   12.63    5.65   -1.12   44.39    6.41
    143.00   16.48   -7.20   43.76    7.59  858.00    7.00  3
        22    5.52   -7.05   26.16    8.85
     -2.52   15.79   23.49   34.32   17.87   -6.88   43.93    7.35
  0344AHG       38  208.65   60.73    9.00
    123.00   23.93    0.42   42.45    3.01 1277.00  105.00  3
         1   15.41    0.59   30.21    1.95
     12.77   21.85   25.76   43.82   17.13    0.48   32.77    2.95
    128.00   11.93   -0.06   34.52    3.50 1355.00   84.00  3
         2    4.33    0.45   11.71    1.95
      2.37    5.45   17.10   33.26    9.87   -0.48   25.17    3.41
    214.00    6.70    1.90   38.03    3.33 2179.00  258.00  3
         3    1.86    1.78   28.31    2.32
     55.72   -3.96   50.85   31.78    4.32    1.49   32.70    3.03
    167.00    4.01    1.75   32.06    3.18 1468.00  333.00  3
         7    1.83    7.57   16.67    9.63
      6.17    9.16   18.02   23.67    5.74    1.45   28.26    2.95
    150.00   -3.72    1.40   32.65    3.44 1304.00  161.00  3
         9    4.66    0.69   16.03    3.12
      1.20   -0.23   12.03   38.21   -1.99    1.40   26.79    3.18
    149.00    4.21    1.94   34.78    3.99 1269.00  193.00  3
        10   -0.70    1.21   19.60    2.98
      0.73    1.91   21.27   22.65    5.38    2.12   31.73    3.70
    185.00    1.18    1.71   36.58    3.60 1580.00  198.00  3
        11    0.18    1.78   17.73    3.43
      1.22   -2.63   10.19   35.78    1.68    1.85   31.34    3.27
    163.00   -1.49    1.51   38.42    3.67 1348.00  121.00  3
        13   -0.39    0.97   13.93    2.37
     -1.51   -7.56   10.42   33.57    0.88    1.59   33.31    3.25
     78.00   -3.75   -1.69   19.58    4.86  464.00    1.00  3
        26   -2.36   -1.33    7.64    2.70
     -4.52   -0.90    6.46    9.63   -1.90   -1.59   19.19    4.63
  0350DDC       43  260.03   37.76    4.00
    165.00    1.31    1.39   28.41    3.75 1452.00   16.00  3
        16    1.75    1.15   18.44    3.27
      0.45   -4.97    7.62   28.85   -1.11    0.94   24.20    3.29
     77.00    1.25    0.19   33.05    4.50  567.00    8.00  3
        17    1.40    0.90   17.49    3.33
      4.30    8.41   14.09   28.97    0.48   -0.33   31.36    4.06
    140.00   -4.39    2.04   31.28    4.43  878.00    3.00  3
        18   -0.61    1.74   19.71    3.24
     -5.40   -5.79   19.67   21.77   -4.64    1.64   25.49    4.02
     93.00   -8.15    1.98   34.38    4.05  611.00    1.00  3
        20    0.56    1.80   20.00    3.80
    -12.77   -0.87   20.38   11.85   -8.87    1.68   32.18    3.39
  0363HNX       50  240.37   36.31    5.00
    228.00    1.26    2.45   15.84    3.31 2412.00   18.00  3
         2   19.21    1.16   28.51    2.36
     -1.22   -0.13    9.11   11.70    0.39    2.02   16.68    3.24
    228.00    7.41    3.77   21.59    3.33 2657.00   10.00  3
         3   32.17    3.04   44.83    3.84
     -0.84    7.80    9.13   35.15    5.77    3.22   20.78    3.13
    135.00    2.32    3.01   34.32    3.16 1308.00    9.00  3
         4    2.03    2.28   16.15    3.52
     -1.72    7.49   10.39   52.60    3.98    2.34   32.13    2.77
    137.00   16.20    4.22   32.15    3.63 1359.00   19.00  3
         5    8.25    4.22   18.76    5.18
      9.34   18.41   12.41   24.82   17.73    3.53   29.04    3.47
    147.00   32.85    4.23   46.08    3.60  968.00   27.00  3
        12   31.20    4.30   41.75    3.93
     16.12   30.24   37.12   48.12   29.73    3.74   40.25    3.54
  0365GGW       52  253.37   48.21    4.00
    202.00    9.41    3.18   28.14    3.48 1629.00    8.00  3
        12    7.54    2.62   15.37    3.67
      6.78    6.27   15.28   29.39    8.09    2.32   19.97    2.91
    201.00    9.25    3.09   28.57    3.81 1438.00   11.00  3
        13    6.86    2.52   18.26    4.12
      5.08    7.46   16.55   20.62    7.56    2.34   20.19    3.09
    147.00    2.55    3.01   26.34    4.33  955.00   13.00  3
        15    5.52    7.98   17.60    8.89
     17.75    3.45   37.44   14.17    1.81    2.42   19.59    3.57
     83.00   -4.39    0.97   10.51    3.84  577.00    1.00  3
        20   -5.48    0.36    7.89    3.34
      3.54   -5.76   16.14    6.04   -3.73    0.77    7.90    2.93
  0370TFX       57  248.61   47.46    4.00
    219.00   15.50    3.14   32.88    3.26 1911.00   24.00  3
        13   11.63    7.16   23.73    7.01
     -0.18   24.99   17.86   33.38   11.97    2.50   21.49    2.92
    225.00   12.63    2.17   31.90    3.76 1834.00   32.00  3
        14    9.08    1.96   24.91    3.54
     -4.07   17.69   19.20   27.03    8.76    1.63   25.26    3.34
    157.00    5.95    2.43   26.87    3.76 1005.00   28.00  3
        16    6.57    1.93   17.74    3.42
      0.62    6.05   10.39   13.94    3.86    1.82   22.11    3.31
    134.00    3.28    1.46   20.36    3.63  943.00   18.00  3
        17    2.99    1.28   14.80    3.84
     -1.42    1.07   14.78   12.39    1.76    1.05   15.72    3.02
  0376HDX       62  253.88   33.08    4.00
    166.00  -40.20    5.32   58.85    3.18  793.00   82.00  3
         7  -43.19    5.17   56.02    3.20
    -44.80  -52.11   57.85   52.06  -34.52    4.71   54.83    3.17
    143.00   -2.50    4.20   42.52    3.54 1367.00    3.00  3
        15   -2.64    3.40   18.82    3.85
     -4.96  -12.67   18.65   25.50   -2.61    3.76   40.65    3.38
    205.00   -2.59    4.03   41.10    4.20 1437.00    7.00  3
        18   21.52    3.35   44.42    4.45
     12.92    4.14   30.23   42.64   -3.45    3.76   38.12    3.83
    151.00    1.27    2.18   39.96    3.95  962.00    3.00  3
        20   -0.16    1.50   26.84    2.59
      7.60   -5.55   30.88   23.09    0.14    2.02   32.99    3.59
  0389ARX       73  268.81   43.82    6.00
    170.00    6.71    0.96   23.63    3.69 1365.00   21.00  3
        17    6.97    1.14   18.60    2.65
      4.85   17.24   19.22   28.97    6.48    0.81   20.65    3.34
    136.00    9.67    1.64   32.05    4.24 1025.00   11.00  3
        18    3.36    1.70   16.92    3.12
      7.21    0.95   17.01   28.47    9.49    1.59   29.26    3.86
    132.00   -1.65   -0.14   41.91    5.37  866.00    4.00  3
        20   -3.48    0.59   19.19    3.43
      0.62   -6.13   24.12   26.06   -0.27   -0.24   39.15    5.13
     92.00   -5.82   -0.15   25.13    3.81  645.00    0.00  3
        25   -3.59    0.04   10.54    2.15
     -4.17   -5.06    9.12    9.27   -4.84    0.05   20.50    3.42
     85.00   -4.37   -1.53   23.19    5.08  546.00    0.00  3
        28   -3.73   -0.82    7.83    3.74
     -4.23   -3.84    8.50    7.55   -2.81   -1.23   22.72    4.38
     70.00   -8.21   -2.39   24.68    6.01  345.00    0.00  3
        31   -5.80   -1.79    9.51    4.52
     -9.47   -3.64   10.11    8.54   -7.44   -2.16   24.00    5.78
  0392RIW       75  251.52   43.07    4.00
    160.00   12.00   -0.67   21.06    4.39 1335.00   12.00  3
        17    7.71    0.19   18.88    4.13
      7.27   10.27   21.00   23.81   10.55   -0.57   19.95    4.08
    205.00   -1.73   -3.75   31.24    5.95 1429.00   76.00  3
        18   -2.02    1.62   21.94    7.60
      1.32   -3.95   18.79   38.19   -2.67   -3.69   29.55    5.72
    156.00   -6.81   -3.77   33.42    6.37  821.00    9.00  3
        20   -3.08   -2.02   14.74    5.11
     -0.28   -6.06   12.16   16.63   -7.24   -3.62   31.48    6.20
     64.00   -6.13   -3.93   18.66    5.93  316.00    0.00  3
        28    5.53   -4.50   12.65    3.76
     -1.24   -3.79    6.55   12.90   -5.25   -3.33   17.97    5.59
  0505AIH       87  213.70   59.46   10.00
    182.00   -4.10    1.58   35.05    3.60 1571.00  146.00  3
         3   -4.62    0.45   15.47    2.29
     -1.78   -2.41    9.07   16.12   -2.62    1.59   29.72    3.23
     97.00   -5.85    1.33   26.43    3.23  785.00   49.00  3
         4   -5.46    0.74   15.01    1.93
     -4.00  -13.02   12.16   31.18   -4.16    1.16   19.80    2.86
    152.00   -4.58    2.45   44.05    4.21 1167.00   92.00  3
         6   -5.21    1.22   17.09    2.21
     -2.53   -7.33   12.26   19.04   -1.92    2.22   38.84    3.89
    138.00   -1.55    2.85   49.58    4.20 1028.00   44.00  3
         7   -5.51    1.55   16.52    2.14
      4.77   -3.48   10.90   34.39   -3.56    2.43   46.80    4.03
    113.00    2.64    2.68   51.68    3.95  807.00   25.00  3
         8   -4.08    1.74   14.20    2.72
     -2.73    5.49    7.71  111.02    3.18    2.27   47.66    3.72
    126.00    0.18    2.23   44.04    3.81  921.00   19.00  3
         9   82.77    1.09  128.37    2.03
     -1.47   -5.40    6.00   15.93    2.46    1.74   40.61    3.55
    119.00    5.78    2.69   45.21    4.24  824.00   22.00  3
        10   -7.32    1.31   18.19    2.47
     -2.59   -1.89   12.38   16.93    5.12    2.19   43.46    3.97
    127.00   -0.64    2.80   40.90    3.86  936.00   21.00  3
        11   -4.66    2.10   12.76    2.96
     -3.00   -2.84    6.88   17.68    0.68    2.14   39.52    3.46
    121.00    0.83    2.36   36.44    3.62  922.00    9.00  3
        12    8.01    1.74   19.28    2.73
     -0.45   -6.87    7.20   15.43   -0.88    1.71   33.34    3.17
    121.00   -2.67    2.20   29.98    3.44  937.00   10.00  3
        13    2.30    1.43   12.25    2.53
     -2.22   -6.98    6.73   19.40   -0.17    1.52   28.70    3.01
  0522PDT      101  241.15   45.69    6.00
    225.00   14.76    2.77   47.61    3.22 2185.00   16.00  3
         7   15.57    2.78   35.58    3.12
     10.57   25.79   18.81   47.79   13.98    2.80   33.89    2.83
    161.00    9.20    2.70   45.91    3.42 1580.00    9.00  3
         9    6.57    2.47   41.48    3.84
     12.92   12.92   30.43   55.69    9.25    2.95   33.75    2.98
    157.00   17.28    1.98   48.31    3.58 1421.00   12.00  3
        10   18.46    8.54   49.30   10.01
      7.83   36.07   37.46   52.83   17.26    2.41   42.52    3.12
    195.00   15.49    1.34   43.35    4.21 1762.00   16.00  3
        11   14.56    0.96   38.91    4.47
      8.00   12.88   22.61   35.66   14.78    1.97   37.53    3.87
    211.00   14.33   -0.31   43.30    4.46 1942.00   31.00  3
        12   14.43   -0.88   37.73    4.14
     23.71   13.01   40.41   28.10   14.71    0.34   39.60    4.01
    205.00    9.03   -2.25   44.31    4.71 1892.00   91.00  3
        13   16.30   -2.29   37.50    4.97
     14.79   18.17   31.25   29.54    8.85   -1.59   41.15    4.30
  0537MTX      116  247.55   41.26    4.00
    180.00   24.73    2.93   30.34    3.70 1702.00   20.00  3
        15   20.00    2.81   20.50    3.62
     26.53   31.01   36.54   24.37   22.12    3.03   26.28    3.65
     87.00   13.81    2.82   39.33    3.67  553.00    8.00  3
        16    9.71    2.85   22.08    3.74
     -0.44   17.56   22.15   21.26   13.20    2.94   36.88    3.48
    121.00   21.60   -1.08   35.66    4.71  779.00    2.00  3
        17   24.66    0.98   17.56    3.87
     19.62   33.01   16.41   26.87   21.27   -0.76   34.08    4.59
     65.00   -6.23   -2.32   25.90    5.66  423.00    0.00  3
        25   -2.02   -2.00   11.12    2.93
     -5.05   -0.41   14.48    8.96   -5.79   -1.87   25.61    5.62
  0542ATX      121  237.50   48.20    4.00
    233.00   32.38    2.73   51.96    3.14 2685.00  193.00  3
         1   18.54    1.73   37.06    2.63
     15.27    9.06   30.61   33.47   28.37    2.71   41.01    2.99
    140.00   10.14    2.27   32.17    3.35 1090.00   52.00  3
        13    6.39    1.43   20.17    3.02
      9.28    2.44   27.59   11.83   12.01    1.81   31.93    3.19
     93.00   -2.40    2.00   28.23    4.21  627.00   25.00  3
        15   -3.33    1.82   15.38    2.65
    -11.82   -2.64   26.62    9.23   -0.02    1.62   28.55    4.03
     64.00   -5.40    1.09   20.95    3.47  499.00    7.00  3
        17   -4.21    0.95    7.76    2.14
     -4.96   -2.78    6.59    6.40   -3.60    0.66   19.45    3.43
  0553ACG      132  224.47   56.85   15.00
    104.00   -1.39    1.55   33.55    3.19 1052.00   10.00  3
         1    1.54    1.64   21.02    2.98
     -5.44   14.82   14.20   15.92   -1.87    1.88   32.35    2.74
    130.00   13.07    1.68   29.68    3.41 1328.00   40.00  3
         2    7.64    1.11   17.88    2.64
      0.84    4.07   13.78   23.12    9.79    1.88   26.38    3.08
    214.00   12.36    1.80   33.65    3.28 2326.00   29.00  3
         3    4.32    1.30   18.49    2.50
      9.42   -0.10   23.93   15.17   10.03    2.05   30.81    2.76
    116.00   10.76    1.28   35.28    3.44 1152.00    8.00  3
         4    3.24    0.97   17.37    2.80
      3.66   37.03    7.73   39.35    9.58    1.49   32.30    2.88
    201.00    9.63    1.42   35.27    3.23 1995.00   31.00  3
         7   -0.86    0.54   14.98    2.01
     -2.75   23.78   12.63   41.60    8.76    1.67   32.34    2.87
    147.00   10.75    0.11   36.17    3.51 1448.00   33.00  3
         9   -0.86    0.05   19.37    2.52
     -9.00   13.42   31.85   44.59    9.15    0.34   35.36    3.26
    178.00    9.06    0.86   36.12    3.74 1775.00   42.00  3
        10   -0.77   -0.01   12.98    2.36
     -4.20   37.53   12.02   70.30    8.65    1.09   33.81    3.50
    184.00    6.32    0.52   36.33    4.21 1788.00  105.00  3
        11   -1.12    0.03   17.43    3.10
     -1.33   14.50   20.54   32.91    6.06    0.74   34.79    3.90
    188.00   14.22   -0.74   40.84    4.64 1731.00  112.00  3
        12    2.37   -1.02   21.70    4.14
     17.11    5.73   26.09   40.88   14.59   -0.51   39.51    4.33
    160.00    8.55   -0.70   38.91    4.98 1496.00  102.00  3
        13    4.15   -0.07   20.71    3.84
      5.42    6.68   10.97   30.93    9.52   -0.53   36.90    4.64
    146.00    1.12   -4.43   34.19    6.36 1076.00   25.00  3
        17   -1.11   -3.25   18.88    5.67
     -1.58   -2.81    6.45   38.16    2.82   -4.30   34.88    6.11
     84.00   -5.73   -1.64   28.11    4.80  618.00    2.00  3
        19   -1.11   -0.69    8.41    2.89
      0.30   -1.72    3.53   11.35   -4.29   -1.47   28.07    4.47
     70.00   -0.62   -1.63   18.39    4.83  499.00    0.00  3
        21   -0.82   -0.70    8.60    3.30
      0.47   -0.82    6.89   10.05    2.17   -1.24   14.63    4.05
     94.00    1.06   -2.19   26.20    6.39  667.00    0.00  3
        22   -0.43   -0.85    8.54    3.48
      1.87    0.12    7.22    8.35    2.33   -1.93   25.37    6.04
     67.00    5.83   -3.50   31.30    7.32  389.00    2.00  3
        26   -1.69   -2.03    9.10    3.87
     -0.74   -1.15   13.30   22.27    6.26   -3.06   30.37    6.82
  0566ESX      142  245.11   35.70    4.00
    155.00   26.63    1.86   47.71    4.05 1167.00   15.00  3
        15   16.78    0.89   39.84    3.84
     49.37   -2.19   63.24   26.19   21.99    1.81   40.59    4.12
    117.00   16.89    1.30   44.75    3.64  636.00    6.00  3
        16    9.72    0.66   36.16    2.75
     14.00    1.97   22.94   42.87   15.13    1.13   39.89    3.52
     61.00    6.97   -1.86   35.12    5.21  355.00    0.00  3
        25    3.93   -0.82   22.44    2.94
      0.93    4.21   28.31   14.91    6.57   -2.05   36.35    5.08
     58.00    6.28   -4.25   24.34    5.68  348.00    0.00  3
        28    2.14   -2.92   21.65    4.37
     12.70   -2.16   37.94   15.91    7.44   -4.00   24.11    5.77
  0327KSG      154  127.29   37.21    4.00
     92.00   -4.02   -1.11   29.54    6.41  662.00    1.00  3
        20   -3.21   -0.21   11.19    2.86
     -4.20   -4.04   12.12    6.80   -3.66   -0.96   28.47    6.23
     85.00   -2.03   -1.02   21.50    6.87  637.00    1.00  3
        22   -0.66   -0.10    9.38    2.18
      0.40   -2.06   12.49    6.91   -2.11   -0.85   20.92    6.80
     91.00   -4.02   -1.41   22.59    6.12  635.00    0.00  3
        25   -1.30   -0.21    9.54    3.12
      2.17   -3.56   14.76    6.71   -3.93   -1.41   22.21    6.09
     76.00  -12.08   -4.54   39.45   12.10  473.00    0.00  3
        28   -1.95    1.63   12.03    5.38
      1.00   -4.22   13.36   17.25  -11.93   -4.45   39.51   11.87
