  48480     102.12   12.60       6
    862.50  837.50    6.39    4.39    0.55    0.75   22.50   16.20    3.18    2.08  3
    812.50  787.50    8.12    4.77    1.25    1.11   14.56   10.05    3.22    1.98  3
    712.50  687.50   10.27    8.19    1.50    1.26   26.20   19.73    4.39    3.70  3
    662.50  637.50    6.70    3.06    1.56    1.07   27.92   19.12    4.16    3.12  3
    637.50  612.50   -0.28   -1.44    2.18    1.63   33.64   24.87    4.59    3.89  3
    512.50  487.50   11.46    4.48    2.50    2.01   34.47   25.65    5.23    3.78  3
  48870     109.22   13.77       5
    987.50  962.50    4.93    6.22   -3.59   -0.93   28.17   22.37    4.41    2.39  3
    912.50  887.50   -2.70   -2.74   -5.88   -3.76   15.71   11.20    5.13    3.68  3
    862.50  837.50   -1.94   -1.09   -0.05    0.38   25.91   21.87    4.58    3.51  3
    812.50  787.50    1.37    1.68    3.91    3.37   25.19   18.50    4.24    3.34  3
    712.50  687.50   19.03   10.56    2.29    2.04   40.25   34.95    5.28    5.24  3
  67027      46.35  -15.67       6
    962.50  937.50   10.09    8.10   -0.81   -0.05   46.69   28.15    4.56    3.12  3
    937.50  912.50    5.88    5.40   -0.95   -0.13   44.62   32.39    4.44    2.99  3
    862.50  837.50   11.04    8.57   -0.64   -0.10   48.56   41.65    3.67    2.74  3
    812.50  787.50   -6.82   -4.29   -0.44    0.01   38.06   30.15    3.89    2.88  3
    712.50  687.50    4.30    5.88    0.41    0.65   40.33   32.78    3.49    2.69  3
    612.50  587.50    9.89    8.88    0.27    0.51   44.86   37.35    3.92    2.67  3
  43150      83.30   17.70       5
    937.50  912.50  -13.16   -6.33    0.70    0.91   25.30   12.35    3.16    1.76  3
    912.50  887.50  -13.89   -7.56    0.75    1.10   29.11   15.44    3.46    1.97  3
    862.50  837.50   -8.84  -10.18   -1.15   -0.22   40.01   24.05    3.52    2.13  3
    812.50  787.50    6.37    6.33   -1.61   -0.56   44.98   37.30    4.06    2.35  3
    712.50  687.50    6.85   -0.54    0.11    0.59   43.72   24.46    3.55    2.53  3
  48407     104.87   15.25       5
    512.50  487.50   10.55    2.27    0.66    0.74   39.77   25.69    3.67    2.17  3
    237.50  212.50    7.01    3.22    5.02    4.44   33.81   22.43   24.74   24.43  3
    187.50  162.50    0.59   -2.42    2.83    1.20   32.06   25.01    6.20    4.69  3
    162.50  137.50    8.41    2.97    3.23    1.35   24.36   13.19    5.54    3.89  3
    137.50  112.50    8.01    2.27    2.25    0.41   15.61    9.42    5.19    2.97  3
  94975     147.50  -42.83       4
    987.50  962.50    3.26   -0.69   -0.22    0.75   29.43   25.31    3.33    2.18  3
    937.50  912.50    5.08    1.26   -2.12   -0.67   19.13   15.68    3.32    1.76  3
    887.50  862.50    2.09    1.36   -1.68   -0.43   26.69   19.65    3.67    1.96  3
    812.50  787.50   -0.66   -0.32   -0.05    0.54   12.60    8.80    3.45    2.08  3
  87860     292.55  -45.78       7
    987.50  962.50    6.30    0.99   -1.15   -0.34   36.59   18.71    4.20    2.03  3
    962.50  937.50    4.81    1.30   -1.00    0.08   24.41   15.53    4.11    2.31  3
    937.50  912.50    2.88    2.76   -0.40    0.18   28.11    9.57    4.61    2.40  3
    862.50  837.50   -4.59   -0.55   -0.79   -0.11   26.03   15.65    3.61    1.76  3
    812.50  787.50  -11.48   -7.76    0.26    0.35   20.23   16.30    3.27    1.59  3
    787.50  762.50   -6.37   -1.72   -0.73   -0.13   19.10   13.04    3.44    1.43  3
    762.50  737.50   -8.08   -4.92   -0.12    0.20   24.93   23.49    3.56    1.88  3
  15420      26.21   44.50       4
    987.50  962.50   11.74    7.41    2.55    1.53   35.37   28.82    3.70    2.38  3
    962.50  937.50   -1.51    0.66    2.71    1.87   41.04   28.61    4.33    2.81  3
    937.50  912.50   -1.96   -1.84    1.51    0.90   45.12   37.92    3.73    2.33  3
    887.50  862.50    5.46    1.73    1.54    1.09   49.77   29.31    3.43    2.26  3
