  0313AMA   258.29   35.23       4
    587.50  562.50   -1.16    0.74    3.15    2.73   36.73   34.25    3.99    3.68  3
    537.50  512.50   -5.00   -0.65    3.17    2.80   44.60   37.07    4.79    4.65  3
    512.50  487.50  -14.55   -6.90    2.39    2.07   35.04   31.20    3.91    3.37  3
    412.50  387.50  -10.54   -9.07    0.61    0.61   33.87   29.11    3.89    3.62  3
  0322CBX   243.76   43.49       6
    662.50  637.50   15.99   17.48    1.54    1.60   26.03   25.66    3.60    3.45  3
    612.50  587.50    5.78    7.55   -0.92   -0.73   25.21   25.14    5.68    5.54  3
    587.50  562.50   -6.35   -4.80   -3.23   -3.10   33.67   33.28    6.25    6.15  3
    562.50  537.50    6.88    8.17   -6.65   -6.16   30.19   30.39    7.88    7.72  3
    537.50  512.50    4.39    5.65   -1.39   -1.12   43.19   44.39    6.55    6.41  3
    487.50  462.50   16.48   17.87   -7.20   -6.88   43.76   43.93    7.59    7.35  3
  0344AHG   208.65   60.73       9
   1200.00  987.50   23.93   17.13    0.42    0.48   42.45   32.77    3.01    2.95  3
    987.50  962.50   11.93    9.87   -0.06   -0.48   34.52   25.17    3.50    3.41  3
    962.50  937.50    6.70    4.32    1.90    1.49   38.03   32.70    3.33    3.03  3
    862.50  837.50    4.01    5.74    1.75    1.45   32.06   28.26    3.18    2.95  3
    812.50  787.50   -3.72   -1.99    1.40    1.40   32.65   26.79    3.44    3.18  3
    787.50  762.50    4.21    5.38    1.94    2.12   34.78   31.73    3.99    3.70  3
    762.50  737.50    1.18    1.68    1.71    1.85   36.58   31.34    3.60    3.27  3
    712.50  687.50   -1.49    0.88    1.51    1.59   38.42   33.31    3.67    3.25  3
    387.50  362.50   -3.75   -1.90   -1.69   -1.59   19.58   19.19    4.86    4.63  3
  0350DDC   260.03   37.76       4
    637.50  612.50    1.31   -1.11    1.39    0.94   28.41   24.20    3.75    3.29  3
    612.50  587.50    1.25    0.48    0.19   -0.33   33.05   31.36    4.50    4.06  3
    587.50  562.50   -4.39   -4.64    2.04    1.64   31.28   25.49    4.43    4.02  3
    537.50  512.50   -8.15   -8.87    1.98    1.68   34.38   32.18    4.05    3.39  3
  0363HNX   240.37   36.31       5
    987.50  962.50    1.26    0.39    2.45    2.02   15.84   16.68    3.31    3.24  3
    962.50  937.50    7.41    5.77    3.77    3.22   21.59   20.78    3.33    3.13  3
    937.50  912.50    2.32    3.98    3.01    2.34   34.32   32.13    3.16    2.77  3
    912.50  887.50   16.20   17.73    4.22    3.53   32.15   29.04    3.63    3.47  3
    737.50  712.50   32.85   29.73    4.23    3.74   46.08   40.25    3.60    3.54  3
  0365GGW   253.37   48.21       4
    737.50  712.50    9.41    8.09    3.18    2.32   28.14   19.97    3.48    2.91  3
    712.50  687.50    9.25    7.56    3.09    2.34   28.57   20.19    3.81    3.09  3
    662.50  637.50    2.55    1.81    3.01    2.42   26.34   19.59    4.33    3.57  3
    537.50  512.50   -4.39   -3.73    0.97    0.77   10.51    7.90    3.84    2.93  3
  0370TFX   248.61   47.46       4
    712.50  687.50   15.50   11.97    3.14    2.50   32.88   21.49    3.26    2.92  3
    687.50  662.50   12.63    8.76    2.17    1.63   31.90   25.26    3.76    3.34  3
    637.50  612.50    5.95    3.86    2.43    1.82   26.87   22.11    3.76    3.31  3
    612.50  587.50    3.28    1.76    1.46    1.05   20.36   15.72    3.63    3.02  3
  0376HDX   253.88   33.08       4
    862.50  837.50  -40.20  -34.52    5.32    4.71   58.85   54.83    3.18    3.17  3
    662.50  637.50   -2.50   -2.61    4.20    3.76   42.52   40.65    3.54    3.38  3
    587.50  562.50   -2.59   -3.45    4.03    3.76   41.10   38.12    4.20    3.83  3
    537.50  512.50    1.27    0.14    2.18    2.02   39.96   32.99    3.95    3.59  3
  0389ARX   268.81   43.82       6
    612.50  587.50    6.71    6.48    0.96    0.81   23.63   20.65    3.69    3.34  3
    587.50  562.50    9.67    9.49    1.64    1.59   32.05   29.26    4.24    3.86  3
    537.50  512.50   -1.65   -0.27   -0.14   -0.24   41.91   39.15    5.37    5.13  3
    412.50  387.50   -5.82   -4.84   -0.15    0.05   25.13   20.50    3.81    3.42  3
    337.50  312.50   -4.37   -2.81   -1.53   -1.23   23.19   22.72    5.08    4.38  3
    262.50  237.50   -8.21   -7.44   -2.39   -2.16   24.68   24.00    6.01    5.78  3
  0392RIW   251.52   43.07       4
    612.50  587.50   12.00   10.55   -0.67   -0.57   21.06   19.95    4.39    4.08  3
    587.50  562.50   -1.73   -2.67   -3.75   -3.69   31.24   29.55    5.95    5.72  3
    537.50  512.50   -6.81   -7.24   -3.77   -3.62   33.42   31.48    6.37    6.20  3
    337.50  312.50   -6.13   -5.25   -3.93   -3.33   18.66   17.97    5.93    5.59  3
  0505AIH   213.70   59.46      10
    962.50  937.50   -4.10   -2.62    1.58    1.59   35.05   29.72    3.60    3.23  3
    937.50  912.50   -5.85   -4.16    1.33    1.16   26.43   19.80    3.23    2.86  3
    887.50  862.50   -4.58   -1.92    2.45    2.22   44.05   38.84    4.21    3.89  3
    862.50  837.50   -1.55   -3.56    2.85    2.43   49.58   46.80    4.20    4.03  3
    837.50  812.50    2.64    3.18    2.68    2.27   51.68   47.66    3.95    3.72  3
    812.50  787.50    0.18    2.46    2.23    1.74   44.04   40.61    3.81    3.55  3
    787.50  762.50    5.78    5.12    2.69    2.19   45.21   43.46    4.24    3.97  3
    762.50  737.50   -0.64    0.68    2.80    2.14   40.90   39.52    3.86    3.46  3
    737.50  712.50    0.83   -0.88    2.36    1.71   36.44   33.34    3.62    3.17  3
    712.50  687.50   -2.67   -0.17    2.20    1.52   29.98   28.70    3.44    3.01  3
  0522PDT   241.15   45.69       6
    862.50  837.50   14.76   13.98    2.77    2.80   47.61   33.89    3.22    2.83  3
    812.50  787.50    9.20    9.25    2.70    2.95   45.91   33.75    3.42    2.98  3
    787.50  762.50   17.28   17.26    1.98    2.41   48.31   42.52    3.58    3.12  3
    762.50  737.50   15.49   14.78    1.34    1.97   43.35   37.53    4.21    3.87  3
    737.50  712.50   14.33   14.71   -0.31    0.34   43.30   39.60    4.46    4.01  3
    712.50  687.50    9.03    8.85   -2.25   -1.59   44.31   41.15    4.71    4.30  3
  0537MTX   247.55   41.26       4
    662.50  637.50   24.73   22.12    2.93    3.03   30.34   26.28    3.70    3.65  3
    637.50  612.50   13.81   13.20    2.82    2.94   39.33   36.88    3.67    3.48  3
    612.50  587.50   21.60   21.27   -1.08   -0.76   35.66   34.08    4.71    4.59  3
    412.50  387.50   -6.23   -5.79   -2.32   -1.87   25.90   25.61    5.66    5.62  3
  0542ATX   237.50   48.20       4
   1200.00  987.50   32.38   28.37    2.73    2.71   51.96   41.01    3.14    2.99  3
    712.50  687.50   10.14   12.01    2.27    1.81   32.17   31.93    3.35    3.19  3
    662.50  637.50   -2.40   -0.02    2.00    1.62   28.23   28.55    4.21    4.03  3
    612.50  587.50   -5.40   -3.60    1.09    0.66   20.95   19.45    3.47    3.43  3
  0553ACG   224.47   56.85      15
   1200.00  987.50   -1.39   -1.87    1.55    1.88   33.55   32.35    3.19    2.74  3
    987.50  962.50   13.07    9.79    1.68    1.88   29.68   26.38    3.41    3.08  3
    962.50  937.50   12.36   10.03    1.80    2.05   33.65   30.81    3.28    2.76  3
    937.50  912.50   10.76    9.58    1.28    1.49   35.28   32.30    3.44    2.88  3
    862.50  837.50    9.63    8.76    1.42    1.67   35.27   32.34    3.23    2.87  3
    812.50  787.50   10.75    9.15    0.11    0.34   36.17   35.36    3.51    3.26  3
    787.50  762.50    9.06    8.65    0.86    1.09   36.12   33.81    3.74    3.50  3
    762.50  737.50    6.32    6.06    0.52    0.74   36.33   34.79    4.21    3.90  3
    737.50  712.50   14.22   14.59   -0.74   -0.51   40.84   39.51    4.64    4.33  3
    712.50  687.50    8.55    9.52   -0.70   -0.53   38.91   36.90    4.98    4.64  3
    612.50  587.50    1.12    2.82   -4.43   -4.30   34.19   34.88    6.36    6.11  3
    562.50  537.50   -5.73   -4.29   -1.64   -1.47   28.11   28.07    4.80    4.47  3
    512.50  487.50   -0.62    2.17   -1.63   -1.24   18.39   14.63    4.83    4.05  3
    487.50  462.50    1.06    2.33   -2.19   -1.93   26.20   25.37    6.39    6.04  3
    387.50  362.50    5.83    6.26   -3.50   -3.06   31.30   30.37    7.32    6.82  3
  0566ESX   245.11   35.70       4
    662.50  637.50   26.63   21.99    1.86    1.81   47.71   40.59    4.05    4.12  3
    637.50  612.50   16.89   15.13    1.30    1.13   44.75   39.89    3.64    3.52  3
    412.50  387.50    6.97    6.57   -1.86   -2.05   35.12   36.35    5.21    5.08  3
    337.50  312.50    6.28    7.44   -4.25   -4.00   24.34   24.11    5.68    5.77  3
  0327KSG   127.29   37.21       4
    537.50  512.50   -4.02   -3.66   -1.11   -0.96   29.54   28.47    6.41    6.23  3
    487.50  462.50   -2.03   -2.11   -1.02   -0.85   21.50   20.92    6.87    6.80  3
    412.50  387.50   -4.02   -3.93   -1.41   -1.41   22.59   22.21    6.12    6.09  3
    337.50  312.50  -12.08  -11.93   -4.54   -4.45   39.45   39.51   12.10   11.87  3
