  42123      73.88   29.92       5
    812.50  787.50   19.34    6.44   -0.23    0.49   55.28   48.97    1.93    1.16  3
    787.50  762.50   30.93   17.87   -0.65    0.05   70.12   58.05    2.07    1.34  3
    712.50  687.50   -1.05   -4.84    0.30    0.83   56.37   33.39    2.37    1.66  3
    612.50  587.50   -1.50   -9.56   -1.07   -0.16   57.82   38.74    3.36    2.37  3
    537.50  512.50   -6.69   -5.32   -0.67    0.00   55.49   35.47    3.38    2.39  3
  48870     109.22   13.77       4
    637.50  612.50   29.54   20.65    0.26    0.64   54.62   36.82    5.21    4.94  3
    512.50  487.50   18.50   12.58   -0.08    0.18   66.36   53.19    3.09    2.38  3
    437.50  412.50   27.89   20.17    0.01    0.27   60.43   52.22    3.61    2.85  3
    412.50  387.50   35.39   30.83    0.13    0.45   67.63   62.20    3.77    3.25  3
  64700      15.03   12.13       5
    962.50  937.50   -3.67    1.88   -0.17    0.23   65.07   33.44    2.32    1.58  3
    912.50  887.50   14.62   -4.66    0.57    1.07   65.67   26.46    2.98    2.11  3
    862.50  837.50   32.44    8.46    0.39    0.78   70.82   38.23    3.23    1.83  3
    812.50  787.50   12.09    2.90   -0.28    0.48   69.67   43.68    3.60    1.94  3
    712.50  687.50   24.57   15.59   -5.83   -2.84   52.85   44.38    4.17    2.79  3
  42410      91.58   26.10       7
   1200.00  987.50   75.63   84.48   -1.22   -1.03   67.04   74.12    1.00    0.71  3
    987.50  962.50   16.26   18.05   -0.66   -0.32   70.94   55.99    1.80    1.08  3
    962.50  937.50   -5.20   -8.41   -0.59    0.11   81.51   31.09    2.15    1.05  3
    937.50  912.50  -14.35   -1.31   -0.33    0.03   70.71   45.35    2.33    1.26  3
    912.50  887.50  -21.36   -5.83    2.33    2.62   74.17   47.76   18.18   17.99  3
    862.50  837.50  -11.55    2.03    0.02    0.45   70.88   49.38    3.08    1.65  3
    837.50  812.50   -5.28    4.58   -0.13    0.38   73.87   33.92    3.05    1.72  3
  48327      98.98   18.78       5
    962.50  937.50   50.99   52.46   -0.49   -0.45  101.51   96.48    0.78    0.76  3
    587.50  562.50   -4.75   -3.49    0.34    0.42   55.51   38.39    2.32    1.47  3
    512.50  487.50    7.81    0.16    0.14    0.40   54.06   36.01    2.29    1.49  3
    412.50  387.50   -1.35    3.48    0.08    0.07   41.96   24.90    2.28    1.46  3
    337.50  312.50    6.64   11.23    0.07    0.21   43.17   37.42    2.10    1.78  3
  48407     104.87   15.25       6
   1200.00  987.50   18.03   22.40   -1.44   -0.67   76.15   66.36    1.58    1.22  3
    412.50  387.50    9.90    2.38    1.45    1.29   53.69   36.76    3.76    2.68  3
    337.50  312.50   21.52   14.16    1.74    1.76   51.10   44.17    5.00    4.25  3
    312.50  287.50   14.11   10.85    0.34    0.58   43.63   36.25    3.70    2.54  3
    287.50  262.50   16.96   12.80    0.87    1.09   40.82   35.95    5.80    4.41  3
    262.50  237.50   15.89    8.93   -0.12   -0.04   35.12   29.64    4.26    2.79  3
  41640      74.33   31.55       4
    987.50  962.50   26.54   16.44   -0.75    0.04   74.53   43.74    1.60    0.75  3
    937.50  912.50   12.65    9.26   -0.50    0.28   83.65   31.52    1.71    0.80  3
    912.50  887.50    4.78    0.84   -0.50    0.38   83.15   30.09    1.89    0.90  3
    862.50  837.50   -8.67   -9.44   -0.42    0.27   71.47   48.08    1.66    1.09  3
  41718      70.68   28.65       4
    987.50  962.50   75.62   64.87   -3.19   -0.72   72.84   60.60    2.88    1.60  3
    712.50  687.50  -41.34   -8.09    0.30    1.75  104.09   54.48    2.96    1.96  3
    662.50  637.50  -67.11  -23.73   -0.88    1.46   92.36   75.53    3.18    2.41  3
    612.50  587.50  -46.02  -33.31   -1.43    0.85   92.77   69.06    3.21    2.76  3
  41891      91.88   24.90       6
    987.50  962.50  -14.15   -7.44   -0.40    0.34   83.43   59.16    1.32    0.94  3
    937.50  912.50  -25.21  -10.36   -0.78    0.29   92.67   53.30    1.39    0.86  3
    912.50  887.50  -20.56  -22.80   -0.87   -0.01   89.16   65.44    1.59    1.27  3
    862.50  837.50    3.00    3.16   -2.13   -0.89   87.28   81.31    2.07    1.40  3
    812.50  787.50   -4.10   -5.52   -1.51   -0.72   83.43   82.35    1.57    1.17  3
    712.50  687.50   40.53   37.17   -2.31   -1.28   85.79   75.99    2.10    1.74  3
  41715      68.47   28.30       8
   1200.00  987.50   47.46   46.07   -3.08   -2.72  131.34  128.04    1.36    1.22  3
    987.50  962.50  -79.20  -74.97   -3.61   -3.08   55.72   55.21    4.09    3.98  3
    962.50  937.50  -60.74  -53.78   -3.09   -2.63   80.83   80.30    3.82    3.73  3
    937.50  912.50  -81.86  -79.93   -3.37   -2.64   50.59   49.92    4.38    4.31  3
    912.50  887.50  -52.97  -50.77   -1.63   -1.19   96.42   96.56    3.21    3.06  3
    862.50  837.50  -30.45  -37.28    0.45    0.65  103.08  104.79    2.30    2.33  3
    812.50  787.50  -51.99  -48.50    8.42    8.47   99.41   95.25   34.71   34.68  3
    712.50  687.50    4.61    6.63   -0.04    0.08   91.90   92.38    3.09    3.09  3
  41529      71.93   34.03       5
    962.50  937.50   59.87   50.10   -0.45   -0.20   59.90   55.07    0.66    0.67  3
    937.50  912.50   21.92   16.46    0.60    0.76   84.38   50.56    0.92    0.69  3
    912.50  887.50   15.37   -5.39    0.64    0.68   83.71   40.75    1.01    0.64  3
    862.50  837.50  -19.97    4.25    0.37    0.62   85.01   52.02    1.30    1.03  3
    712.50  687.50  -55.37  -45.48   -0.85    0.18   70.81   61.46    2.70    1.62  3
