  04270     314.58   61.18       5
    887.50  862.50    9.27    5.26    0.65    0.77   56.10   25.49    4.28    2.80  3
    837.50  812.50  -11.60   -8.21    0.12    0.14   47.21   45.16    3.93    2.00  3
    812.50  787.50   -8.70   -6.27   -0.55   -0.22   46.64   41.04    3.46    1.88  3
    787.50  762.50    8.05    5.48   -1.10   -0.47   24.29   18.84    3.63    2.09  3
    762.50  737.50    1.84   -0.43    0.11    0.45   27.19   19.14    3.68    2.64  3
  32477     155.97   54.30       5
   1200.00  987.50   -1.43   -4.91   -1.19   -0.80   40.42   31.84    2.64    2.21  3
    362.50  337.50   -3.90   -4.09   -0.83   -0.78   24.75   22.50    4.71    3.54  3
    337.50  312.50   -3.01   -5.08   -0.25   -0.34   29.24   26.79    5.05    3.37  3
    287.50  262.50   -1.90    0.40   -0.90   -1.33   32.14   29.47    7.56    6.61  3
    262.50  237.50   -0.30   -0.18   -0.38   -0.56   25.93   24.78    6.20    5.61  3
  35394      73.09   49.48       4
    862.50  837.50   -6.42   -1.04    0.80    0.38   30.62   15.43    3.11    1.45  3
    737.50  712.50    1.28    0.72    1.06    0.78   41.34   20.67    3.61    2.29  3
    712.50  687.50   -0.03   -1.65    1.23    0.61   33.18   21.08    3.33    1.97  3
    612.50  587.50   -2.45   -1.43    1.18    0.74   18.97   13.74    3.42    2.12  3
  36003      76.95   52.28       9
    837.50  812.50   10.97    6.96    0.51    0.31   44.28   28.09    3.79    3.45  3
    812.50  787.50   10.88   10.20    0.97    1.02   39.57   38.52    3.57    3.19  3
    787.50  762.50    5.14    0.95    0.72    0.34   32.87   18.17    4.16    3.45  3
    712.50  687.50   -0.30   -0.19    0.64    0.48   31.57   19.27    3.43    2.51  3
    687.50  662.50    5.38    5.54    0.26    0.18   33.55   24.14    3.91    3.31  3
    412.50  387.50    2.56    2.18    0.59    0.41   25.79   20.04    3.65    2.41  3
    387.50  362.50    5.89    1.37   -0.17    0.02   29.78   16.83    4.80    2.96  3
    362.50  337.50    0.36    1.26    0.40    0.50   17.20   12.92    4.85    2.75  3
    312.50  287.50    0.94    2.95    0.32    0.28   27.16   17.51    4.38    2.79  3
  37259      47.48   43.01       6
    937.50  912.50    9.52   -0.36    0.95    0.72   38.01   21.50    5.31    4.81  3
    912.50  887.50    5.58    2.41    1.61    1.61   46.86   29.14    7.35    7.20  3
    687.50  662.50    6.87   -0.84    2.45    1.96   44.30   38.41    4.19    3.99  3
    662.50  637.50    9.47    3.19    1.57    1.39   39.88   33.14    5.29    4.94  3
    637.50  612.50   -5.91   -7.69    2.52    2.06   42.73   36.81    3.95    3.54  3
    612.50  587.50    1.71   -2.99    1.73    1.35   38.54   34.88    4.03    3.51  3
  38064      65.52   44.77       7
    987.50  962.50    4.50   -2.22   -0.98   -0.38   32.01   20.38    3.28    2.51  3
    962.50  937.50    1.36   -0.49    1.42    1.38   26.72   12.60    4.09    2.69  3
    937.50  912.50   -0.01   -1.21    1.60    1.45   21.70    9.15    3.88    3.02  3
    837.50  812.50    1.20    2.02    1.30    0.98   28.37   22.36    4.61    4.06  3
    812.50  787.50   -0.87    1.09    0.90    0.73   36.65   30.28    4.01    3.58  3
    712.50  687.50    6.12    1.30    1.06    0.47   29.63   18.86    3.33    2.10  3
    312.50  287.50    2.06    0.85   -0.04    0.32    8.39    5.60    4.82    4.03  3
  38341      71.23   42.51       7
    687.50  662.50   27.26   22.12    5.23    5.18   44.46   45.33    3.90    3.80  3
    662.50  637.50   19.45   15.83    5.04    4.96   30.13   30.94    3.99    3.97  3
    587.50  562.50    5.04    5.22    2.29    2.20   36.40   34.63    4.10    4.10  3
    312.50  287.50    2.01    1.62    0.67    0.75   21.09   20.70    5.55    5.54  3
    187.50  162.50   -0.21   -0.28   -0.30   -0.58   10.27   10.17    5.41    5.45  3
    162.50  137.50    1.77    1.82   -0.52   -0.93    7.62    7.68    5.05    5.15  3
    137.50  112.50    1.23    1.29   -0.10   -0.65    7.21    7.25    6.23    6.27  3
  43150      83.30   17.70       5
   1200.00  987.50   -2.32    4.25   -0.53   -0.56   43.63   37.28    2.49    1.66  3
    937.50  912.50  -15.03   -4.74    0.61    0.80   32.62   19.45    3.04    1.51  3
    862.50  837.50   -3.15    2.40   -1.35   -0.68   30.53   20.83    3.17    1.89  3
    162.50  137.50    0.66    0.07    4.09    1.35    8.88    3.84    4.42    1.75  3
    137.50  112.50   -0.08   -0.23    1.46    0.39    8.72    4.03    4.43    1.87  3
  44373     104.42   43.58      13
    487.50  462.50   -5.58   -5.81    0.79    0.18   29.75   28.25    4.86    3.67  3
    462.50  437.50   -2.97   -3.34   -0.34   -0.43   30.02   27.63    6.08    4.83  3
    437.50  412.50   -7.97   -6.57    1.16    1.08   36.37   34.13    7.78    7.38  3
    412.50  387.50   -4.78   -3.95   -0.52   -0.62   20.50   18.66    5.16    4.65  3
    387.50  362.50   -2.42   -0.23    1.09    1.12   21.19   19.21    5.32    5.03  3
    362.50  337.50   -0.78   -0.24   -0.88   -0.96   23.14   22.12    7.67    7.52  3
    337.50  312.50   -4.89   -6.63   -0.85   -0.91   33.05   33.33    9.77    9.50  3
    312.50  287.50   -1.12   -0.54   -0.83   -0.72   23.60   23.22    8.62    8.28  3
    287.50  262.50   -3.53   -3.09   -0.80   -0.71   34.57   34.62    7.75    7.33  3
    262.50  237.50   -3.18   -2.47   -1.95   -1.95   28.44   28.48    9.00    8.83  3
    212.50  187.50   -2.62   -2.03   -1.10   -1.09   22.22   22.30    8.55    8.69  3
    162.50  137.50   -4.62   -4.15   -0.81   -0.99   24.10   23.90   10.53   10.57  3
    137.50  112.50   -2.26   -2.19   -1.02   -1.40   21.09   21.01    9.70    9.75  3
  48327      98.98   18.78       5
    287.50  262.50   10.24    8.63    2.50    2.08   34.96   30.79    5.39    4.68  3
    212.50  187.50   17.70   11.49    1.83    1.72   29.26   22.72    5.85    4.59  3
    187.50  162.50   12.85    7.36    0.51    0.79   29.34   24.43    4.85    3.35  3
    162.50  137.50    7.71    4.06    0.38    0.97   22.46   16.16    5.69    4.03  3
    137.50  112.50    4.42    2.75   -0.84   -0.16   18.99   14.62    4.40    2.84  3
  61052       2.17   13.48       6
    862.50  837.50  -12.69   -0.37    1.61    0.74   57.09   22.16    3.19    1.44  3
    812.50  787.50    2.33    2.92    1.27    0.36   41.07   14.15    3.23    1.28  3
    787.50  762.50    4.59    4.58    0.50    0.00   43.50   17.66    3.52    1.25  3
    637.50  612.50    1.82    2.12    0.87    0.71   16.26    8.33    3.68    1.82  3
    612.50  587.50    5.91    1.65    0.37    0.25   27.69   11.52    3.52    1.48  3
    587.50  562.50    5.97    1.34    0.85    0.71   30.81   17.58    4.90    2.30  3
  68994      37.87  -46.88      10
   1200.00  987.50    0.91   -2.08   -2.13   -1.08   38.42   36.00    3.24    2.01  3
    987.50  962.50   -0.49   -2.39   -2.08   -0.97   32.24   29.79    4.22    2.00  3
    962.50  937.50    1.94    0.23   -1.52   -0.44   29.91   25.30    4.16    1.99  3
    937.50  912.50    2.24    1.11   -0.82   -0.09   19.71   17.87    4.60    1.85  3
    912.50  887.50    1.74    0.98   -0.73   -0.05   16.33   12.92    4.47    2.20  3
    887.50  862.50   -3.99   -4.00   -1.27   -0.60   15.56   13.09    4.73    2.40  3
    862.50  837.50    0.43   -0.51   -0.21    0.08    9.97    6.37    3.83    1.78  3
    762.50  737.50    0.03    0.11   -0.43   -0.18   10.72    7.50    3.45    1.52  3
    737.50  712.50   -2.74   -1.33   -1.30   -0.53   13.30   10.27    4.11    1.81  3
    712.50  687.50   -1.43   -0.87   -0.30   -0.07   13.13    9.90    3.31    1.60  3
  70316     197.28   55.20       5
   1200.00  987.50   -6.22   -9.90    3.74    3.27   34.58   28.82    2.87    3.00  3
    987.50  962.50   -0.77   -2.38    2.93    2.51   38.92   38.30    3.82    3.55  3
    962.50  937.50    4.51    1.06    1.17    0.67   24.73   24.89    3.67    2.45  3
    937.50  912.50    3.29    0.81    0.63    0.22   19.23   15.70    3.74    2.46  3
    862.50  837.50   -0.67   -1.24    0.15   -0.12   16.22    9.75    3.28    1.96  3
  83768     308.87  -23.33       5
    737.50  712.50   -3.27    1.41    2.13    1.33   28.16   11.44    3.84    2.08  3
    612.50  587.50    1.49    2.31    1.22    0.57   31.08   17.20    3.77    2.30  3
    562.50  537.50   -6.02   -1.44    0.38    0.73   17.05   15.60    4.04    1.94  3
    237.50  212.50   -2.48   -2.05    1.06    0.74    9.75    6.43    6.21    4.26  3
    187.50  162.50    0.88    1.06    1.30    1.03   10.58    7.88    5.16    3.29  3
  83937     306.32  -29.70       5
    662.50  637.50   -4.44   -1.14    1.43    0.71   19.96   11.25    3.46    1.77  3
    562.50  537.50    2.17    1.39    0.36    0.05   16.49    9.76    3.63    1.89  3
    462.50  437.50   -2.21   -3.27   -1.01   -0.58   13.88   10.86    4.16    2.65  3
    237.50  212.50   -0.70   -0.39    0.98    0.44    9.57    6.29    5.59    3.52  3
    212.50  187.50   -1.02   -1.01    0.95    0.11    8.45    6.40    4.61    3.03  3
  83971     308.82  -30.00       5
    812.50  787.50   -1.71    0.21    0.98    0.51   32.49   26.63    3.32    1.77  3
    612.50  587.50   -3.29   -1.56    0.46    0.36   26.87   13.36    3.54    2.06  3
    287.50  262.50   -3.57   -2.82    0.05    0.12   12.66    9.18    5.12    3.33  3
    237.50  212.50   -2.28   -1.68    1.48    0.92    8.64    7.40    5.25    3.73  3
    212.50  187.50   -0.60   -0.17    1.50    0.78    7.20    6.22    4.73    3.04  3
  85586     288.38  -33.65       5
    987.50  962.50    4.05    2.61    0.57    0.27   36.00   33.22    3.50    2.24  3
    837.50  812.50   13.17    1.33    0.13    0.09   54.18   37.03    3.82    2.23  3
    787.50  762.50  -15.89   -4.11   -1.05   -0.20   44.81   24.19    3.48    2.19  3
    762.50  737.50   -7.52   -8.95   -1.62   -0.42   41.90   23.59    4.09    2.32  3
    712.50  687.50  -14.18   -4.33   -0.95   -0.21   34.04   23.35    3.38    1.86  3
  87344     295.79  -31.31       9
    712.50  687.50   -6.20   -2.50    0.95    0.41   36.85   27.39    3.21    1.81  3
    687.50  662.50   -2.76    3.95    0.86    0.43   41.36   36.23    4.02    2.45  3
    662.50  637.50    1.02   -1.40    0.04   -0.12   27.01   22.81    3.71    2.51  3
    637.50  612.50   -6.42   -6.35    0.81    0.64   31.24   24.37    4.10    2.66  3
    612.50  587.50    1.08   -0.20    1.19    1.00   23.73   18.76    3.60    2.59  3
    587.50  562.50    0.45    1.95    0.67    0.81   24.52   24.34    3.93    2.99  3
    562.50  537.50    5.18    4.88   -0.42   -0.03   16.04   12.54    3.65    2.39  3
    537.50  512.50    2.53    0.91   -0.36   -0.16   14.69   10.88    4.33    2.97  3
    437.50  412.50   -1.73   -0.30    1.72    1.10   11.54    7.77    5.63    3.77  3
  87418     291.22  -32.83       8
    587.50  562.50    3.26    1.97   -1.13   -1.15   36.91   34.36    4.69    3.37  3
    537.50  512.50   -2.16   -4.14   -0.54   -0.55   20.78   16.38    6.12    4.26  3
    512.50  487.50   -0.08   -1.64    0.65    0.20   13.32   11.48    4.20    2.93  3
    487.50  462.50    0.14   -0.18    2.61    1.77   12.90   11.94    4.20    2.98  3
    462.50  437.50    2.38    0.85   -0.21   -0.21   10.93    8.45    5.08    3.59  3
    262.50  237.50    0.60    1.07    0.60    0.04    7.57    5.53    4.86    2.75  3
    237.50  212.50   -3.50   -2.64    2.09    1.33   12.02   12.26    6.69    4.80  3
    187.50  162.50    1.65    1.89    1.24    0.90    8.43    7.28    5.45    4.27  3
  87623     295.73  -36.57       4
    637.50  612.50    4.08    3.37   -0.21    0.08   35.79   16.75    3.70    1.94  3
    562.50  537.50    4.46    1.06   -0.08    0.02   20.87   17.09    3.69    2.42  3
    437.50  412.50   -0.55    0.46    2.43    1.55   15.68   11.80    4.96    2.83  3
    337.50  312.50    0.15    0.19    1.42    0.54   16.63   10.72    5.00    3.30  3
  94998     158.95  -54.50       4
    537.50  512.50   -0.68    0.64   -0.31   -0.38    8.95    6.34    3.93    2.35  3
    512.50  487.50   -1.45   -0.12   -0.02   -0.09   12.74    7.16    3.44    1.99  3
    387.50  362.50   -1.60   -1.42    0.20    0.28   11.82    8.04    4.50    2.90  3
    362.50  337.50   -1.08   -0.88    0.28    0.27   14.09    8.26    4.88    2.69  3
  65503     358.48   12.35       4
    812.50  787.50   -3.38    3.34    0.04    0.22   50.44   30.11    3.37    1.67  3
    612.50  587.50    4.29    1.91    0.27    0.41   38.02   23.28    3.86    1.43  3
    562.50  537.50    8.57    0.86   -0.24    0.45   27.16   16.95    4.05    1.91  3
    512.50  487.50    7.02    3.39   -1.95   -0.88   26.18   18.31    3.49    2.05  3
  68906     350.12  -40.35       4
   1200.00  987.50   -4.33   -5.25   -2.99   -1.80   27.11   21.93    3.44    2.26  3
    987.50  962.50    1.60    0.41   -1.87   -0.68   15.20    9.57    3.72    2.60  3
    962.50  937.50    2.32    1.25   -1.17   -0.05   12.40    7.59    3.39    1.77  3
    537.50  512.50    0.88   -0.08   -0.34   -0.13   11.13    7.45    3.83    1.95  3
  85934     289.03  -53.00       5
   1200.00  987.50   12.74    4.60   -0.29    0.46   46.55   39.15    2.70    1.78  3
    987.50  962.50    5.27    1.41   -0.53    0.28   20.00   13.02    3.87    2.92  3
    937.50  912.50    2.23    0.17   -0.67    0.10   21.69   13.37    3.39    1.69  3
    862.50  837.50   -0.11   -1.63   -0.65   -0.06   14.98   11.49    4.08    2.46  3
    712.50  687.50   -2.40   -1.13   -0.53   -0.08   16.76   19.77    3.82    2.19  3
  86218     302.37  -25.27       4
    962.50  937.50    7.10    4.05    1.80    0.98   31.40   16.63    3.60    2.28  3
    812.50  787.50    1.65    2.31    1.10    0.32   23.26   14.24    3.20    1.96  3
    662.50  637.50   -8.09   -9.29    0.73    0.64   28.63   32.41    3.59    2.37  3
    237.50  212.50   -3.74   -2.45    1.84    1.22    8.91    5.18    4.97    3.04  3
  87715     291.87  -38.95       8
    987.50  962.50   25.33   30.07   -1.38   -1.44   65.62   68.54    4.23    2.42  3
    962.50  937.50    9.55    4.05    0.03   -0.09   43.76   24.05    3.35    1.56  3
    937.50  912.50    8.65    3.13    0.91    0.58   44.43   26.23    3.83    1.50  3
    912.50  887.50    3.56    0.28    0.80    0.94   25.59    9.81    4.43    1.54  3
    862.50  837.50    5.31    3.90    0.17    0.17   31.10   13.98    3.21    1.66  3
    812.50  787.50   -3.81   -1.11    0.29    0.49   29.83   24.50    3.35    1.65  3
    787.50  762.50    2.73    2.42   -0.05    0.43   18.87   15.77    3.84    1.72  3
    762.50  737.50   -0.63   -0.59   -0.15    0.47   20.42   18.21    3.84    2.10  3
  64700      15.03   12.13       4
    812.50  787.50    5.51   -1.56    1.77    0.44   37.55   17.35    3.26    1.20  3
    787.50  762.50    6.63   -0.63    1.22    0.52   36.88   13.05    3.55    1.48  3
    737.50  712.50    6.69    0.99    1.18    0.35   33.81   11.39    3.64    1.37  3
    637.50  612.50   10.42    3.64    1.52    0.66   32.75   12.53    4.01    2.00  3
