  11120      11.35   47.27       5
    962.50  937.50   47.01   40.11    0.07    0.03   63.15   69.97    1.06    1.13  3
    937.50  912.50   27.01   21.83    1.15    1.10   80.59   86.63    1.65    1.72  3
    862.50  837.50    1.03   -4.08    0.35    0.30   79.72   71.60    1.61    1.43  3
    812.50  787.50    1.73   -2.08    0.92    0.56   63.56   59.71    1.93    1.47  3
    612.50  587.50   -9.28   -5.94    0.82    0.34   46.39   36.97    2.27    1.49  3
  12982      20.10   46.25       4
    837.50  812.50   -1.27    2.99    0.43    0.47   62.24   43.96    1.98    1.33  3
    762.50  737.50  -15.62  -17.91    0.85    0.87   63.17   48.83    1.64    1.10  3
    662.50  637.50   12.10    9.08    0.55    0.33   50.85   45.73    1.48    1.20  3
    287.50  262.50   -1.50   -4.50    0.25    0.52   39.57   33.83    2.60    1.89  3
  16080       9.28   45.43       4
    937.50  912.50    7.93    9.50    0.64    0.49   73.61   59.01    1.44    1.07  3
    912.50  887.50   17.73   14.19    0.54    0.42   75.29   64.68    1.33    1.22  3
    862.50  837.50   13.34    8.80    0.53    0.39   71.33   57.22    1.60    1.33  3
    812.50  787.50    7.52    1.40    0.68    0.47   56.82   50.15    1.59    1.29  3
  16113       7.62   44.53       5
    937.50  912.50  -11.87  -12.15    0.22    0.18   74.24   66.48    1.57    1.39  3
    887.50  862.50    3.04   -6.91    0.25    0.31   79.93   71.29    1.22    1.10  3
    862.50  837.50    8.53    0.97    0.33    0.32   82.62   71.95    1.32    1.12  3
    812.50  787.50    0.94    4.86    0.36    0.24   67.90   62.88    1.73    1.43  3
    787.50  762.50    8.88   14.90    1.12    0.86   59.25   56.02    2.36    1.75  3
  17064      29.15   40.90       5
    787.50  762.50    0.75    0.89   -0.11    0.09   60.10   46.58    2.01    1.31  3
    637.50  612.50    8.46    7.31    0.30    0.36   54.20   38.43    1.70    1.34  3
    587.50  562.50    5.03    2.41    0.14    0.29   61.26   49.37    1.67    1.43  3
    562.50  537.50  -18.98   -8.35    0.20    0.30   51.46   43.24    1.80    1.38  3
    537.50  512.50   -4.36    0.64    0.16    0.30   48.61   43.36    1.87    1.55  3
  17095      41.28   39.90       6
    837.50  812.50   16.24    9.85    0.09    0.12   89.91   86.75    3.13    3.07  3
    812.50  787.50   22.31   20.27    1.49    1.36   66.54   59.43    3.53    3.40  3
    787.50  762.50   16.62    9.10    1.77    1.63   63.59   43.15    2.58    1.87  3
    762.50  737.50    2.69   -3.11    0.53    0.51   71.61   38.40    2.04    1.30  3
    737.50  712.50    3.02   -5.65    0.75    0.57   59.79   28.55    1.80    1.01  3
    712.50  687.50    1.53   -0.40    0.56    0.48   52.87   33.49    1.98    1.22  3
  17196      35.48   38.68       8
    912.50  887.50   15.05   21.31   -1.18   -1.41   90.30   84.30    1.27    1.24  3
    887.50  862.50   24.22   28.22    3.82    3.73   72.16   69.39    2.40    2.29  3
    862.50  837.50    2.37    0.53    0.85    0.62   60.75   50.22    2.01    1.41  3
    787.50  762.50   -0.59    2.05   -0.50   -0.24   57.95   44.64    1.73    1.37  3
    737.50  712.50    1.69   -3.07    0.83    0.87   53.51   35.04    1.74    1.39  3
    712.50  687.50   -3.70   -1.25    0.96    0.68   50.57   35.96    1.99    1.31  3
    662.50  637.50   14.74   -1.06    0.98    0.72   51.37   32.42    2.12    1.82  3
    587.50  562.50   -3.46   -2.86   -0.03    0.04   45.49   39.77    2.15    1.72  3
  17220      27.17   38.43       5
   1200.00  987.50   24.83    6.31    0.22    0.23   72.61   68.87    1.56    1.36  3
    837.50  812.50    1.93    0.61    0.39    0.34   56.09   46.08    1.47    0.90  3
    787.50  762.50    9.02    2.60    0.44    0.60   65.14   51.85    1.75    1.37  3
    762.50  737.50   -1.53   -1.41    0.55    0.52   65.53   59.05    1.86    1.26  3
    737.50  712.50   14.47   15.85    0.28    0.44   57.38   45.94    1.51    1.13  3
  17240      30.55   37.75       5
    912.50  887.50   38.88   38.57   -0.64   -1.01   87.56   80.53    1.10    1.30  3
    887.50  862.50   26.69   28.65    1.45    1.10   72.61   65.25    2.25    1.99  3
    787.50  762.50    5.69   -0.02    0.43    0.32   55.63   42.23    1.57    1.10  3
    762.50  737.50   25.43    7.58    1.02    0.87   52.64   41.99    1.74    1.31  3
    712.50  687.50   15.21    8.94    1.11    0.75   51.81   43.59    1.73    1.26  3
  17281      40.20   37.90       6
    937.50  912.50  -22.57  -26.52    0.06    0.01   73.69   57.96    1.32    1.16  3
    837.50  812.50   -3.41   -1.67    0.56    0.77   67.89   33.88    3.28    2.79  3
    812.50  787.50    5.07    1.13    0.67    0.78   60.38   32.79    2.80    2.25  3
    787.50  762.50    9.02    5.03    0.78    0.91   71.85   48.43    3.56    3.03  3
    762.50  737.50   17.63    6.55    0.56    0.53   60.31   47.47    1.74    1.20  3
    737.50  712.50   -2.96  -12.13    0.43    0.53   67.74   48.22    2.08    1.26  3
  24688     143.15   63.25       6
    937.50  912.50   -2.54   -6.01   -0.38   -0.37   93.92   87.68    1.75    1.58  3
    912.50  887.50    5.99    1.00    0.97    0.90   61.88   40.61    2.05    1.53  3
    837.50  812.50    6.05   -4.25    0.66    0.59   55.85   34.54    1.76    1.16  3
    587.50  562.50   -3.75   -1.13    0.07    0.24   47.27   41.14    1.98    1.43  3
    562.50  537.50   -0.91    4.07   -0.09    0.31   58.54   28.57    1.70    1.42  3
    437.50  412.50   -2.85    0.17    0.64    0.51   45.90   16.55    2.26    1.66  3
  36872      77.00   43.36      12
    962.50  937.50   -0.19   14.26   -0.42   -0.53   85.71   78.30    0.84    0.94  3
    937.50  912.50   12.51   15.79    0.77    0.63   74.90   65.62    2.06    1.85  3
    912.50  887.50   -2.21   13.85    2.05    1.78   80.93   57.25    2.09    1.57  3
    887.50  862.50   12.88    5.52    1.86    1.30   78.24   45.42    2.34    1.70  3
    862.50  837.50    7.96    9.05    1.39    1.09   84.96   50.06    2.23    1.38  3
    837.50  812.50  -20.49  -17.73    2.22    1.25   72.74   42.94    2.69    1.80  3
    812.50  787.50    0.74   -6.36    1.77    1.57   79.17   52.76    2.25    1.79  3
    787.50  762.50   -8.64  -11.48    1.05    1.23   68.92   58.18    2.41    1.63  3
    762.50  737.50  -20.11  -11.01    0.94    0.95   58.66   45.40    2.19    1.59  3
    737.50  712.50  -15.45   -4.51    1.11    0.80   57.22   43.93    2.23    1.65  3
    712.50  687.50    0.42    0.59    1.28    1.07   57.81   36.48    2.59    1.77  3
    687.50  662.50   -8.05    2.74    1.38    1.05   52.23   41.95    3.51    2.52  3
  38341      71.23   42.51      10
    912.50  887.50  -25.76  -25.08    3.46    3.50   68.94   64.53    3.38    3.31  3
    887.50  862.50  -44.29  -40.29    3.26    3.31   94.08   94.35    3.35    3.35  3
    862.50  837.50  -24.65  -21.60    3.64    3.68   82.08   79.76    3.01    2.94  3
    837.50  812.50  -23.86  -21.83    3.21    3.25   89.12   86.16    2.90    2.81  3
    812.50  787.50    2.56    2.42    3.47    3.46   76.70   76.50    3.13    3.06  3
    787.50  762.50   22.08   24.84    3.90    3.88   60.74   62.60    4.11    4.09  3
    762.50  737.50   36.08   26.23    4.02    4.06   67.97   62.54    3.99    3.97  3
    737.50  712.50   29.05   28.24    5.04    4.96   68.52   59.23    3.84    3.72  3
    712.50  687.50   30.92   24.78    5.71    5.63   59.29   55.49    3.96    3.86  3
    612.50  587.50    2.16   -0.23    2.54    2.51   47.11   49.25    3.10    3.17  3
  42027      74.83   34.08      13
    837.50  812.50   54.14  -24.15    1.51    1.10   72.62   90.89    2.08    1.97  3
    812.50  787.50   39.13  -10.42    3.20    2.66   72.05   58.46    2.86    2.56  3
    787.50  762.50   28.61    1.57    2.84    2.27   78.63   51.70    2.65    2.11  3
    762.50  737.50   30.56  -11.02    2.43    1.32   82.58   51.96    2.21    1.29  3
    737.50  712.50   55.91    0.55    2.46    1.31   74.69   44.86    2.01    1.16  3
    712.50  687.50   45.85   -5.31    1.96    1.10   79.72   32.71    1.24    0.96  3
    662.50  637.50   -0.45  -16.79    0.93    0.56   85.01   47.45    1.20    1.20  3
    637.50  612.50    3.60   -7.93    0.52    0.33   75.70   54.94    1.31    0.80  3
    612.50  587.50    6.09    0.43    0.68    0.64   68.89   47.67    1.95    1.17  3
    587.50  562.50   12.86    6.37    0.81    0.79   66.89   40.02    2.08    1.41  3
    562.50  537.50   -9.85  -11.99    1.13    1.23   52.46   39.98    2.83    2.04  3
    537.50  512.50    9.76    6.65    0.99    1.01   64.62   40.52    2.39    1.80  3
    512.50  487.50    2.45   -0.45    0.46    0.42   54.11   38.96    2.50    1.84  3
  42101      76.47   30.33      10
    987.50  962.50   62.44   46.15   -0.38   -0.06   53.84   39.57    1.72    1.23  3
    962.50  937.50   29.09    8.97    1.29    1.46   67.86   36.24    2.77    1.40  3
    537.50  512.50  -18.71  -14.32    0.37    0.46   56.12   37.56    2.23    1.54  3
    512.50  487.50   -8.38   -5.92    0.74    0.87   52.91   34.30    2.72    1.61  3
    487.50  462.50    1.44   -0.86    0.60    0.71   49.91   30.99    2.82    1.70  3
    312.50  287.50    5.32   -1.11    0.95    0.79   43.70   30.85    1.91    1.36  3
    287.50  262.50  -10.78   -5.03    0.19    0.15   36.18   21.50    1.95    1.26  3
    262.50  237.50  -10.47   -8.21    0.34    0.55   42.81   21.50    2.04    1.49  3
    237.50  212.50   -4.51   -1.78    0.00    0.51   43.93   17.67    1.78    1.24  3
    212.50  187.50   -1.64   -1.47    0.08    0.49   40.67   21.44    2.30    1.46  3
  42314      95.02   27.48      27
   1200.00  987.50   34.81   41.53   -0.28   -0.08   71.89   68.91    1.75    1.47  3
    987.50  962.50   12.16    8.98    0.62    0.82   75.28   50.68    2.19    1.38  3
    962.50  937.50    7.38    5.47    0.87    0.79   70.04   39.40    2.47    1.42  3
    937.50  912.50   12.83    3.49    0.66    0.52   75.84   41.48    2.11    1.03  3
    912.50  887.50    6.89    0.30    0.80    0.53   68.22   32.87    2.19    1.09  3
    887.50  862.50   10.53    2.77    1.09    0.57   65.16   42.17    2.36    1.16  3
    837.50  812.50   10.27    5.61    0.86    0.34   58.04   37.79    2.44    1.11  3
    787.50  762.50   10.43   -1.16    1.04    0.36   57.74   36.13    2.05    0.84  3
    762.50  737.50    6.57    6.17    0.86    0.44   58.37   31.75    1.89    0.92  3
    737.50  712.50    3.26    3.95    0.99    0.59   58.43   31.26    1.83    0.96  3
    712.50  687.50   -5.43   -3.67    0.78    0.47   52.53   30.47    1.90    0.95  3
    662.50  637.50   -5.03   -2.76    0.44    0.40   51.58   32.08    1.74    1.06  3
    637.50  612.50   -3.84    0.67    0.42    0.42   54.95   31.97    1.58    0.96  3
    612.50  587.50  -10.17   -1.84    0.38    0.43   58.02   29.09    1.86    1.15  3
    587.50  562.50   -5.63    0.96    0.25    0.36   60.03   33.94    2.11    1.32  3
    562.50  537.50  -10.98   -2.11    0.50    0.47   57.63   43.93    3.36    1.92  3
    537.50  512.50  -16.98   -1.09    0.04    0.23   62.19   40.12    2.43    1.39  3
    512.50  487.50  -10.26   -0.63    0.28    0.44   59.31   35.78    2.27    1.38  3
    487.50  462.50  -13.17   -4.99    0.59    0.60   57.64   32.92    2.24    1.38  3
    462.50  437.50   -4.89   -1.39    0.45    0.40   45.98   21.93    2.25    1.28  3
    437.50  412.50    1.96    2.01    0.54    0.47   48.21   27.54    2.05    1.29  3
    412.50  387.50    0.22    0.82    0.44    0.41   42.86   28.49    2.09    1.36  3
    387.50  362.50    6.25    5.74    0.28    0.31   50.06   37.06    2.52    1.74  3
    312.50  287.50   -0.89    0.42   -0.19    0.23   40.30   21.32    2.44    1.60  3
    287.50  262.50   -2.56    1.51   -0.52    0.03   35.85   18.83    2.90    1.92  3
    237.50  212.50   -2.98    0.29    0.34    0.21   36.90   22.26    2.72    1.35  3
    212.50  187.50    5.07    2.04    1.37    0.77   35.53   18.57    2.85    1.50  3
  42339      73.02   26.30       9
    787.50  762.50    6.69    1.70    0.57    0.44   56.90   27.50    2.02    1.19  3
    762.50  737.50    7.25   -0.04    0.88    0.66   50.01   31.26    2.17    1.36  3
    737.50  712.50    2.95   -2.70    0.62    0.63   52.00   28.88    1.93    1.07  3
    687.50  662.50    3.08    0.33    0.35    0.72   53.31   33.91    2.12    1.50  3
    537.50  512.50    4.12   -0.09    0.78    0.79   50.38   32.40    2.85    1.91  3
    462.50  437.50    6.24    3.95    1.09    0.88   45.10   25.84    1.99    1.51  3
    387.50  362.50    5.90    1.23    0.80    0.57   40.69   28.77    2.06    1.44  3
    362.50  337.50    9.76   -0.49    0.96    0.90   40.13   31.01    2.48    1.81  3
    337.50  312.50    6.25    6.77    1.14    1.05   43.43   32.94    2.37    1.80  3
  42361      78.25   26.23      10
    612.50  587.50   -9.77   -1.27    1.47    1.00   48.46   23.47    2.06    1.63  3
    587.50  562.50   -6.22   -0.72    1.16    0.85   50.58   29.73    1.92    1.69  3
    562.50  537.50    7.02    7.31    1.65    1.12   54.85   42.01    1.96    1.49  3
    537.50  512.50    3.50    0.63    0.45    0.28   61.33   29.20    2.43    1.76  3
    512.50  487.50   -0.26    0.96    0.78    0.66   47.75   32.67    2.42    1.62  3
    487.50  462.50    0.81    0.22    1.04    0.83   61.74   31.55    2.28    1.65  3
    462.50  437.50   -1.72    5.35    0.93    0.74   59.55   37.84    2.22    1.54  3
    437.50  412.50    0.42    6.67    0.94    0.81   56.36   32.24    2.40    1.28  3
    412.50  387.50    3.24    4.19    0.75    0.62   44.96   35.52    2.24    1.24  3
    387.50  362.50    6.03    0.78    0.80    0.66   44.72   35.21    2.29    1.41  3
  42369      80.88   26.75      10
    662.50  637.50    7.96    4.58    0.27    0.25   53.50   29.88    2.24    1.35  3
    612.50  587.50    2.55    2.11    0.64    0.53   52.88   27.10    2.15    1.45  3
    587.50  562.50   -0.01    0.52    0.73    0.60   57.48   35.13    2.50    1.65  3
    562.50  537.50    6.55   -1.01    1.49    1.31   53.63   39.63    3.14    2.27  3
    512.50  487.50   11.52    7.67    0.76    0.59   45.07   41.18    2.71    1.89  3
    462.50  437.50    7.26    9.05    0.94    0.87   50.33   47.84    2.46    2.20  3
    437.50  412.50    3.13    8.89    0.78    0.76   51.63   48.01    2.49    2.25  3
    412.50  387.50    3.11    4.84    0.79    0.77   48.32   48.19    2.42    2.38  3
    387.50  362.50    4.04    6.07    0.88    0.87   45.21   43.01    2.82    2.80  3
    162.50  137.50    6.60    8.23   -0.64   -0.51   36.07   33.60    5.29    5.01  3
  42379      83.37   26.75       4
    612.50  587.50    0.33    0.20    1.09    0.63   45.30   24.73    2.21    1.40  3
    587.50  562.50   -0.26   -0.77    1.22    0.73   49.51   26.59    2.08    1.19  3
    562.50  537.50   -1.02   -3.44    1.38    0.85   45.28   30.93    2.84    2.04  3
    537.50  512.50   -6.12   -5.57    1.26    0.80   51.41   27.16    2.15    1.34  3
  42399      88.72   26.53       6
   1200.00  987.50   57.23   58.65   -1.26   -1.12   49.17   46.51    1.24    0.97  3
    437.50  412.50    1.22   -0.16    0.92    0.73   45.00   24.37    2.08    1.50  3
    412.50  387.50    8.59    4.27    0.76    0.75   43.22   29.58    2.54    1.86  3
    387.50  362.50    7.62    3.94    0.43    0.66   47.96   34.27    2.33    1.83  3
    362.50  337.50   16.00   12.00    0.29    0.80   46.34   35.37    2.80    2.14  3
    337.50  312.50    1.98   -3.74   -0.25    0.52   41.21   32.67    2.78    2.20  3
  42410      91.58   26.10      18
   1200.00  987.50   79.06   74.37   -0.57   -0.60   68.85   75.63    1.16    1.10  3
    987.50  962.50   -2.78  -14.55    0.18    0.09   78.07   53.59    1.66    1.26  3
    962.50  937.50   -5.93   -4.87    0.07   -0.01   68.64   49.88    1.96    0.89  3
    887.50  862.50   -6.66   -4.39    0.89    0.60   64.78   38.35    1.93    1.03  3
    862.50  837.50    2.49    3.13    0.80    0.57   64.04   45.42    2.03    1.03  3
    837.50  812.50    4.54    3.59    0.77    0.45   56.84   31.06    2.16    1.11  3
    812.50  787.50    4.59    2.82    0.79    0.35   59.81   39.94    1.95    1.10  3
    687.50  662.50   -3.34   -1.18    1.05    0.63   56.13   37.19    1.67    0.96  3
    587.50  562.50   -6.33    0.15    0.55    0.40   50.48   37.36    1.82    1.21  3
    537.50  512.50  -18.27   -9.84   -0.23    0.05   52.48   41.69    1.79    1.15  3
    512.50  487.50  -13.40   -2.30    0.27    0.36   49.77   37.70    1.87    1.21  3
    487.50  462.50  -11.13   -4.21   -0.01    0.25   62.70   53.61    1.93    1.38  3
    462.50  437.50   -1.82    1.25    0.17    0.23   48.18   49.67    1.80    1.35  3
    437.50  412.50    1.79    7.38    0.25    0.33   55.64   48.76    1.69    1.25  3
    412.50  387.50   -2.91    2.04    0.04    0.23   46.66   35.28    1.98    1.24  3
    387.50  362.50    1.78    5.21   -0.48   -0.10   48.54   35.99    2.38    1.66  3
    362.50  337.50   11.23    7.24   -0.70   -0.03   50.01   37.31    2.44    1.71  3
    287.50  262.50   -9.34   -8.14   -1.06   -0.06   40.91   27.34    3.18    1.94  3
  42667      77.35   23.28       9
    587.50  562.50   -3.04   -5.36    0.20    0.18   47.50   37.15    2.52    1.39  3
    537.50  512.50    7.02    6.79    0.22    0.47   45.88   42.74    2.38    1.20  3
    512.50  487.50   -1.67   -9.01    0.71    0.83   48.64   33.07    2.47    1.17  3
    487.50  462.50   -3.62   -1.44    0.69    0.70   54.61   40.78    2.66    1.49  3
    462.50  437.50   -5.08   10.23    0.69    0.58   51.62   40.96    2.63    1.08  3
    437.50  412.50   -1.34   12.18    0.59    0.48   57.35   46.32    2.82    1.77  3
    412.50  387.50   -1.40    2.62    0.36    0.33   41.24   27.93    2.39    1.27  3
    387.50  362.50    6.63    1.45    0.28    0.35   43.43   31.71    2.28    1.53  3
    337.50  312.50    2.52    9.05    0.94    0.79   47.19   25.28    2.83    1.97  3
  42701      85.32   23.32      13
    787.50  762.50   -3.29    5.94    0.71    0.51   62.07   58.07    2.03    1.97  3
    762.50  737.50   -3.31    6.36    0.59    0.41   54.00   49.39    2.22    2.01  3
    737.50  712.50   -1.46    2.82    0.49    0.31   52.19   48.24    1.98    1.81  3
    712.50  687.50   -2.97    0.18    0.82    0.63   51.11   44.49    2.01    1.87  3
    637.50  612.50    2.34    7.79    0.79    0.58   50.74   48.30    1.81    1.71  3
    612.50  587.50   -2.52    5.04    0.91    0.75   52.08   45.34    2.19    2.21  3
    587.50  562.50   -0.49    5.30    0.88    0.75   57.31   51.65    2.46    2.45  3
    562.50  537.50    6.60   10.63    0.93    0.88   55.56   45.83    3.27    3.29  3
    537.50  512.50    3.52    4.72    0.66    0.64   62.19   54.13    2.70    2.65  3
    512.50  487.50   15.28   14.89    0.58    0.58   46.43   46.16    2.26    2.31  3
    487.50  462.50   17.05   17.26    0.60    0.56   45.24   44.54    2.37    2.29  3
    462.50  437.50   21.46   19.49    0.76    0.75   52.17   52.55    2.33    2.31  3
    387.50  362.50    6.45    7.05    0.70    0.72   41.17   40.37    2.41    2.39  3
  42809      88.45   22.65       8
   1200.00  987.50   39.53   42.95   -2.18   -1.38   73.79   67.71    1.48    1.07  3
    562.50  537.50    7.84    2.61    0.88    0.58   55.87   38.43    2.09    1.50  3
    537.50  512.50   16.05    6.66    0.69    0.58   67.28   44.99    2.06    1.64  3
    512.50  487.50   10.03    2.59    0.81    0.56   54.18   29.63    2.07    1.35  3
    487.50  462.50    3.39    3.06    0.53    0.47   66.51   46.97    1.77    1.34  3
    462.50  437.50   13.44    5.57    0.39    0.37   55.70   36.94    2.65    1.76  3
    437.50  412.50    6.15    7.20    0.22    0.27   51.94   32.32    2.29    1.64  3
    387.50  362.50   -3.74   -0.71    0.87    0.82   49.99   30.50    2.34    1.65  3
  42867      79.05   21.10       8
    562.50  537.50    1.73    0.91    0.64    0.77   46.41   29.15    2.91    2.05  3
    537.50  512.50   -7.19   -7.96   -0.01    0.17   47.65   32.13    1.99    1.50  3
    487.50  462.50   -7.72   -3.05    0.16    0.36   53.02   37.52    2.73    1.94  3
    462.50  437.50    5.72    3.87    0.00    0.45   56.08   39.05    1.94    1.47  3
    437.50  412.50    6.46    7.84   -0.03    0.21   52.38   40.06    2.25    1.54  3
    412.50  387.50   -3.52   -3.75    0.23    0.42   42.92   37.90    2.17    1.41  3
    387.50  362.50   -3.19   -3.98    0.31    0.48   49.30   35.55    2.10    1.49  3
    362.50  337.50    0.33   -0.02   -0.04    0.22   44.50   43.03    2.37    1.59  3
  43003      72.85   19.12       7
    562.50  537.50  -11.07   -1.25    0.48    0.46   50.32   40.40    2.22    1.72  3
    537.50  512.50  -15.88  -13.07    0.26    0.42   53.03   45.09    2.07    1.12  3
    512.50  487.50   -9.63   -2.22    0.70    0.56   48.55   32.49    1.84    1.21  3
    487.50  462.50   -0.76   -4.59    0.19    0.32   55.66   41.55    1.83    1.48  3
    462.50  437.50    1.55    1.03    0.44    0.54   48.94   36.53    1.80    1.24  3
    412.50  387.50    1.66   -0.58   -0.17    0.19   46.16   36.42    1.84    1.27  3
    362.50  337.50    0.88    1.66   -0.47   -0.17   40.25   32.13    2.32    1.86  3
  43185      81.15   16.20       5
    462.50  437.50    8.92    1.96    1.31    1.30   49.26   32.92    2.97    1.97  3
    437.50  412.50   -1.55   -3.35    0.85    1.14   55.60   41.34    2.97    1.98  3
    412.50  387.50    4.27    4.55    0.32    0.65   48.47   27.78    2.71    1.59  3
    387.50  362.50   -1.12    5.20    0.21    0.59   49.59   32.35    3.02    1.83  3
    362.50  337.50   13.09   13.77    0.93    0.94   41.30   35.81    2.98    2.19  3
  43279      80.18   13.00      10
    537.50  512.50   23.00    3.80    1.14    0.88   50.40   30.35    3.04    2.43  3
    487.50  462.50    6.41    4.09    0.12    0.15   45.61   38.64    2.03    1.32  3
    462.50  437.50    6.84    1.08    0.31    0.27   45.14   28.19    2.71    1.86  3
    437.50  412.50    8.68    1.16    0.36    0.56   58.44   39.91    2.31    1.92  3
    412.50  387.50   -1.22   -3.14    0.91    0.86   48.48   33.78    2.61    1.55  3
    387.50  362.50   10.01    5.69    0.64    0.70   66.09   45.39    2.75    1.99  3
    362.50  337.50   16.09    4.15    0.19    0.51   61.19   37.86    2.47    1.74  3
    337.50  312.50   12.74    9.04    0.23    0.53   49.39   32.88    2.74    1.60  3
    312.50  287.50   13.20    5.74   -0.79    0.14   47.85   30.43    3.37    2.35  3
    287.50  262.50    8.88    4.76   -1.87   -0.46   38.21   28.06    3.47    2.31  3
  43295      77.58   12.97       6
    437.50  412.50   -3.29   -3.95    0.26    0.58   48.76   36.85    2.21    1.64  3
    412.50  387.50    2.69   -0.86    0.53    0.71   43.39   26.06    2.10    1.42  3
    387.50  362.50    1.67   -0.04    0.51    0.62   49.27   36.59    2.41    1.70  3
    362.50  337.50   17.63    8.94    0.67    0.65   44.83   36.93    2.50    1.63  3
    337.50  312.50    9.73    2.66    0.67    0.79   44.00   34.81    2.85    2.05  3
    312.50  287.50   11.04    4.44    0.01    0.55   46.25   31.19    2.81    1.74  3
  43311      72.73   11.12       4
    412.50  387.50   -0.50   -0.43    1.28    1.01   45.97   27.64    2.23    1.50  3
    387.50  362.50   -2.34   -1.27    0.68    0.60   50.82   37.33    2.45    1.80  3
    362.50  337.50    2.87    7.02    0.23    0.26   43.84   33.87    2.81    1.82  3
    337.50  312.50    3.86    3.80    0.12    0.33   42.94   27.65    2.77    1.85  3
  43333      92.72   11.67       8
    562.50  537.50   -8.10   -3.59    0.78    0.63   48.63   27.64    3.02    2.04  3
    487.50  462.50    0.17    2.89    1.38    0.89   45.77   29.39    2.78    1.70  3
    437.50  412.50    4.80   -1.97    1.70    0.98   46.17   24.92    3.10    1.66  3
    412.50  387.50    5.88    1.81    1.79    1.21   55.60   27.25    2.76    1.54  3
    387.50  362.50   11.66   -0.54    1.43    1.09   57.67   29.62    2.85    1.83  3
    362.50  337.50   16.00    7.33    1.16    1.08   55.15   33.38    3.70    2.20  3
    337.50  312.50    9.44   -1.97    0.47    0.70   55.33   33.61    3.62    2.26  3
    312.50  287.50   15.05    5.62    0.26    0.64   43.02   27.48    3.53    2.08  3
  44373     104.42   43.58      10
    862.50  837.50   12.55    4.68   -0.91   -1.08   68.35   53.92    2.00    1.85  3
    837.50  812.50   19.88    8.45    2.62    2.33   63.30   42.83    3.80    2.97  3
    812.50  787.50    4.67   -5.74   -0.03    0.20   68.33   41.84    3.02    1.88  3
    787.50  762.50   -3.62   -5.45    0.12    0.22   63.01   38.13    3.49    2.08  3
    762.50  737.50   17.46    0.02    0.21    0.25   62.18   40.39    2.82    1.99  3
    737.50  712.50   -8.38   -7.13   -0.69   -0.04   59.16   35.02    2.54    1.87  3
    687.50  662.50   -6.96   -1.04    0.91    1.07   58.52   46.27    5.03    4.20  3
    637.50  612.50   -5.67   -9.57    0.72    0.92   55.03   39.11    3.46    2.37  3
    237.50  212.50  -10.13   -9.24   -2.57   -2.52   38.33   38.66   11.61   11.54  3
    187.50  162.50   -9.46   -9.09   -1.06   -0.94   35.00   35.28   11.15   11.32  3
  45004     114.17   22.32       6
   1200.00  987.50   77.83   67.15   -3.34   -1.83   63.69   63.04    2.05    1.46  3
    412.50  387.50   -4.73   -1.12    0.47    0.35   42.68   38.05    1.97    1.45  3
    362.50  337.50    2.26    3.80    0.96    0.73   42.50   31.67    2.13    1.75  3
    312.50  287.50    8.31    9.67    0.50    0.26   42.78   32.58    2.87    2.12  3
    287.50  262.50    4.13    3.93    0.81    0.42   36.43   29.35    2.70    2.03  3
    237.50  212.50    6.71    0.37    1.19    0.60   35.67   18.80    3.10    2.04  3
  47918     124.17   24.33       6
    462.50  437.50    0.87    2.54    0.96    0.86   48.53   38.02    1.90    1.41  3
    437.50  412.50    7.60    7.90    0.28    0.26   45.52   33.71    1.87    1.25  3
    337.50  312.50    2.60   -1.90    0.56    0.68   46.43   33.36    2.52    1.97  3
    287.50  262.50    4.90    4.74    0.74    0.56   35.72   24.34    2.46    1.74  3
    237.50  212.50   -2.92   -0.32    1.39    1.05   41.39   24.24    3.42    2.88  3
    187.50  162.50   -1.50   -3.06    0.96    0.47   36.51   23.83    2.78    1.63  3
  48327      98.98   18.78      19
    987.50  962.50   79.04   68.21   -0.05   -0.11   73.63   68.48    1.08    0.99  3
    962.50  937.50   -6.85   -3.58    1.03    0.93   81.54   53.41    1.69    1.16  3
    937.50  912.50  -11.04   -7.21    0.78    0.76   67.38   45.04    1.70    1.06  3
    712.50  687.50   -3.12   -0.75    1.50    0.96   50.91   36.68    3.25    2.00  3
    637.50  612.50    7.67   -2.06    1.86    1.46   58.63   31.40    2.77    2.24  3
    612.50  587.50   -0.85    3.20    1.54    1.35   54.17   34.81    2.83    1.84  3
    587.50  562.50    9.49    1.16    1.51    1.21   55.03   38.40    3.16    2.36  3
    562.50  537.50   18.54   -2.43    2.75    2.34   54.23   34.13    3.08    2.56  3
    537.50  512.50   32.05    7.68    1.91    1.74   70.40   52.37    4.13    3.30  3
    512.50  487.50   27.58   20.68    1.84    1.84   61.38   50.92    3.89    3.20  3
    487.50  462.50   17.62   14.78    2.24    2.28   51.69   33.82    5.97    5.50  3
    462.50  437.50    9.91   11.54    2.66    2.67   60.28   45.53    3.56    3.07  3
    437.50  412.50   35.98   21.75    2.56    2.56   57.34   48.66    4.87    4.27  3
    412.50  387.50   24.43   15.93    1.21    1.29   41.40   33.82    2.85    2.29  3
    387.50  362.50   13.30    5.54    2.08    2.12   45.57   37.92    3.29    3.16  3
    362.50  337.50   20.24   14.24    2.12    2.21   47.87   36.91    4.35    3.73  3
    337.50  312.50   17.95   16.65    1.39    1.45   42.73   39.55    3.76    2.86  3
    262.50  237.50   13.17   10.25    1.88    1.29   35.08   29.77    4.35    3.32  3
    237.50  212.50   16.63   11.23    2.50    2.14   35.29   29.71    5.60    4.50  3
  48811     103.02   21.40       5
    962.50  937.50   98.76  101.73   -0.46   -0.68   53.57   53.11    0.34    0.42  3
    937.50  912.50   19.52   14.97    0.74    0.53   82.77   90.68    0.86    0.82  3
    712.50  687.50   -6.27   -9.84    0.79    0.48   52.25   44.12    1.83    1.15  3
    512.50  487.50    3.64    6.90    0.89    0.41   47.38   32.88    2.48    1.37  3
    412.50  387.50   13.39   10.60    0.53    0.28   43.46   41.69    2.30    1.61  3
  48820     105.80   21.02       6
    362.50  337.50   -3.04    1.54    0.62    0.65   41.44   24.50    2.42    1.87  3
    312.50  287.50    4.77    4.17    0.06    0.27   42.18   33.48    2.79    1.87  3
    287.50  262.50    5.27    4.13   -0.29    0.12   38.36   29.81    2.79    1.84  3
    262.50  237.50    3.07    2.29   -0.28   -0.09   36.77   25.64    2.96    2.07  3
    237.50  212.50    1.21    0.23    0.67    0.60   39.87   32.24    3.07    2.03  3
    212.50  187.50    0.49    1.91    0.64    0.35   37.74   23.23    3.17    1.97  3
  48839     107.72   20.13       4
    512.50  487.50    6.82    6.10    0.86    0.37   47.16   34.92    2.41    1.56  3
    287.50  262.50    7.95    9.47    0.50    0.29   53.54   45.04    2.94    2.16  3
    262.50  237.50   -4.96   -3.68    1.07    0.70   36.56   20.43    3.55    2.35  3
    237.50  212.50    5.85    6.60    0.97    0.73   53.15   37.34    3.13    2.01  3
  48845     105.68   18.67       4
    512.50  487.50   12.04    5.41    0.18    0.27   63.73   47.37    2.51    1.75  3
    462.50  437.50   18.80   17.82    0.63    0.69   55.24   50.28    2.75    1.62  3
    312.50  287.50    6.65    6.13    0.08    0.27   49.10   30.76    2.20    1.57  3
    262.50  237.50    3.41    5.26   -0.07   -0.04   45.80   32.63    2.99    2.05  3
  51463      87.65   43.80       7
    912.50  887.50   18.10   -2.33    1.18    0.75   60.25   52.94    1.90    1.66  3
    762.50  737.50  -12.03    4.29    2.00    1.23   52.17   42.23    3.05    2.04  3
    737.50  712.50  -29.50   -4.51    1.56    1.01   62.09   36.65    2.86    1.82  3
    712.50  687.50  -19.36   -6.60    1.37    1.13   55.61   29.30    2.58    1.70  3
    687.50  662.50  -13.62    2.06    0.94    1.16   63.67   40.66    2.65    1.69  3
    662.50  637.50  -13.06   -6.25    0.71    1.18   50.41   42.09    2.86    2.15  3
    612.50  587.50   -6.04    0.10    0.24    0.66   46.48   38.82    2.77    1.74  3
  51709      75.75   39.48      13
    862.50  837.50  -17.60  -13.17    0.35    0.74   65.69   52.11    2.21    1.57  3
    837.50  812.50  -34.95  -20.45   -0.44    0.41   74.95   58.84    3.31    1.73  3
    812.50  787.50  -11.09   -6.58   -0.21    0.48   75.33   52.73    2.69    1.26  3
    787.50  762.50  -20.90   -7.33   -0.05    0.23   69.18   41.34    2.52    1.33  3
    762.50  737.50    3.25    9.23   -0.58    0.24   74.95   43.59    2.03    1.19  3
    737.50  712.50   14.86    2.73   -0.41    0.36   72.74   37.52    2.41    1.37  3
    712.50  687.50   21.05    7.54   -0.10    0.46   72.81   40.70    2.54    1.40  3
    687.50  662.50   18.61   11.71   -0.03    0.59   68.19   39.39    2.16    1.21  3
    662.50  637.50    7.07    3.80   -0.02    0.52   73.21   43.94    2.44    1.54  3
    637.50  612.50   13.54    3.09    0.06    0.40   78.60   53.13    2.52    1.79  3
    612.50  587.50    6.51   -0.12    0.19    0.43   72.87   52.99    2.30    1.76  3
    587.50  562.50   15.80    1.31    0.99    0.92   59.78   31.87    2.67    1.95  3
    562.50  537.50   10.68   -0.40    1.02    0.76   52.14   32.60    2.78    1.80  3
  52533      98.48   39.77      12
    862.50  837.50   13.15   13.50   -1.16   -0.63   81.52   74.70    1.97    1.51  3
    837.50  812.50   11.06   16.24   -0.95   -0.20   64.18   53.58    2.75    1.67  3
    812.50  787.50   -8.40   -3.74   -0.41    0.44   58.10   33.17    2.85    1.63  3
    787.50  762.50    8.36    0.84   -0.21    0.14   71.39   39.84    3.01    2.05  3
    762.50  737.50    7.32    1.08    0.84    0.62   63.49   34.35    3.04    1.70  3
    737.50  712.50    7.92   -0.08   -0.28    0.19   50.31   33.12    1.86    1.18  3
    712.50  687.50   11.42    3.97    0.53    0.55   52.35   31.16    2.78    1.50  3
    687.50  662.50    9.88    0.99    0.05    0.45   64.90   43.11    2.79    1.74  3
    662.50  637.50   19.77   10.25    0.31    0.60   57.25   43.14    2.30    1.53  3
    637.50  612.50   13.53    3.33    0.45    0.63   54.72   46.51    2.13    1.64  3
    612.50  587.50   12.43   -3.09    0.38    0.42   51.14   45.22    2.68    1.80  3
    587.50  562.50   13.01   -0.95    0.97    0.85   50.33   41.91    2.68    1.82  3
  52681     103.10   38.72      11
    887.50  862.50   -3.45   -1.03   -2.08   -1.31   61.27   39.37    1.67    1.37  3
    812.50  787.50    8.76    1.13    0.23    0.65   63.74   43.02    2.39    1.35  3
    787.50  762.50    3.63   -3.18    0.32    0.49   58.69   26.86    2.75    1.19  3
    762.50  737.50   -5.36   -2.37    0.50    0.65   50.72   39.62    2.42    1.43  3
    737.50  712.50    8.47    5.37    0.54    0.49   71.07   40.33    2.28    1.13  3
    687.50  662.50    5.57    5.82    0.40    0.59   54.93   39.12    1.99    1.19  3
    662.50  637.50    2.86   -2.12    0.26    0.46   60.33   37.82    2.42    1.53  3
    637.50  612.50   -2.96   -2.54    0.43    0.64   60.70   38.65    2.32    1.30  3
    612.50  587.50    7.19    7.35    0.40    0.51   59.30   42.92    2.10    1.46  3
    587.50  562.50   -1.23   -1.96    0.99    0.76   56.98   45.51    2.20    1.40  3
    562.50  537.50    5.89    3.29    0.59    0.43   52.84   41.90    2.18    1.29  3
  52983     104.15   35.87      12
    837.50  812.50   62.01   47.58   -0.25    0.04   66.52   83.86    1.18    1.02  3
    812.50  787.50   50.18   45.02   -0.30    0.14   55.98   58.45    1.43    1.20  3
    787.50  762.50   29.61   21.03   -0.37    0.22   55.06   41.04    1.52    1.28  3
    762.50  737.50   23.37   20.52   -0.98   -0.08   74.45   64.57    2.13    1.27  3
    737.50  712.50   28.22   22.93   -0.73   -0.10   70.09   51.35    2.24    1.30  3
    712.50  687.50    2.40    3.92   -0.32    0.18   61.86   42.54    2.21    1.22  3
    687.50  662.50   -3.34   -1.98   -0.01    0.39   52.58   36.66    2.39    1.47  3
    637.50  612.50   -1.15   -0.17    0.52    0.54   57.78   42.83    1.80    1.40  3
    612.50  587.50    9.11    6.81    0.66    0.67   52.48   38.72    2.06    1.42  3
    587.50  562.50   14.36    6.26    0.46    0.58   57.24   44.34    1.94    1.39  3
    562.50  537.50   14.72    8.20    0.25    0.36   59.43   44.82    2.08    1.61  3
    537.50  512.50    1.59   -9.04    0.31    0.47   56.07   37.60    2.49    1.61  3
  55299      92.05   31.48      13
    612.50  587.50   85.36   81.87   -0.94   -0.89   51.70   47.96    1.71    1.57  3
    587.50  562.50   28.08   25.22    0.53    0.69   82.15   62.91    2.15    2.11  3
    562.50  537.50   19.21   10.00   -0.03    0.32   61.30   41.09    2.57    1.76  3
    537.50  512.50    2.20    0.76    0.50    0.40   47.69   26.49    2.17    1.34  3
    487.50  462.50  -15.60   -6.78    0.98    0.94   47.10   17.09    2.38    1.25  3
    462.50  437.50   -7.32    2.45    1.29    0.86   51.05   28.85    2.67    1.55  3
    437.50  412.50   -5.42   -3.16    0.46    0.60   59.88   27.65    2.79    1.46  3
    412.50  387.50   -0.27    1.68    0.51    0.66   46.04   17.33    2.76    1.43  3
    387.50  362.50   -2.23   -0.70    0.67    0.83   55.13   25.40    3.21    1.79  3
    362.50  337.50    4.97    2.35   -0.09    0.31   54.66   28.17    3.24    1.70  3
    337.50  312.50    8.45    1.82    0.10    0.37   52.00   31.59    3.21    1.71  3
    287.50  262.50    3.35    3.19   -0.12    0.33   46.10   26.68    3.28    2.03  3
    237.50  212.50    7.10    3.17   -0.45    0.04   36.25   24.40    3.93    2.27  3
  55591      91.13   29.70       4
    662.50  637.50   38.12   40.52    0.60    0.50   89.27   89.91    1.72    1.79  3
    412.50  387.50   10.10    8.79    0.25    0.29   56.16   41.25    2.35    1.70  3
    312.50  287.50   12.14    6.07   -0.04    0.35   50.60   39.03    2.50    1.81  3
    262.50  237.50    0.38   -1.92   -0.31   -0.04   35.07   21.85    2.76    1.97  3
  56137      97.17   31.15       4
    687.50  662.50   93.80   94.80   -0.57   -0.70   73.06   70.20    1.65    1.57  3
    512.50  487.50    3.46    4.91    1.52    1.28   61.25   43.32    2.59    1.76  3
    412.50  387.50   -1.06    0.81    0.97    0.80   44.31   29.19    2.73    2.08  3
    312.50  287.50   -2.75    0.71    0.40    0.44   41.02   28.02    3.45    2.42  3
  56146     100.00   31.62       4
    687.50  662.50   28.67   22.98    0.59    0.57   95.96   98.04    1.75    1.77  3
    512.50  487.50   -9.32   -8.47    0.55    0.62   50.17   38.73    2.30    1.68  3
    412.50  387.50   -5.95   -1.16   -0.01    0.21   53.73   42.93    2.96    2.14  3
    312.50  287.50   -9.52   -9.13   -0.61   -0.42   41.06   37.42    2.63    1.95  3
  56187     103.83   30.70      21
    962.50  937.50   26.16   20.33   -0.30   -0.11   75.81   62.40    1.04    0.88  3
    937.50  912.50   20.35   11.24    0.42    0.77   70.86   54.49    1.59    1.25  3
    912.50  887.50   14.02   13.85    0.11    0.61   67.20   45.47    1.55    1.28  3
    887.50  862.50   18.16    8.77    0.48    0.82   74.61   45.53    1.27    0.96  3
    862.50  837.50   21.28   19.61    0.48    0.61   67.50   51.17    1.85    1.40  3
    837.50  812.50   18.27   12.68    0.66    0.76   74.13   57.06    1.67    1.27  3
    812.50  787.50    8.89   -2.10    0.29    0.33   65.52   44.02    1.53    1.11  3
    787.50  762.50   14.46    7.16    0.60    0.57   67.13   50.49    1.70    1.37  3
    762.50  737.50   14.88    4.24    0.32    0.46   74.08   59.76    1.57    1.20  3
    737.50  712.50   17.27    5.77    0.46    0.52   56.38   43.61    1.80    1.43  3
    712.50  687.50   15.25    7.04    0.87    0.78   51.13   36.02    1.98    1.62  3
    687.50  662.50   15.35   14.89    0.40    0.37   54.20   44.62    1.99    1.62  3
    662.50  637.50    2.58    2.63    0.74    0.49   50.31   38.85    2.20    1.80  3
    637.50  612.50    5.64    3.43    0.58    0.60   62.41   46.65    2.09    1.60  3
    612.50  587.50   13.30    7.76    0.69    0.74   53.89   49.12    2.17    1.62  3
    587.50  562.50    5.55   -0.33    0.26    0.30   54.30   48.53    2.24    1.64  3
    562.50  537.50   17.77    7.59    0.32    0.44   56.26   40.14    2.43    1.57  3
    537.50  512.50    4.46   -0.32    0.45    0.54   56.73   40.58    2.66    1.80  3
    512.50  487.50    8.20    5.57    0.69    0.58   45.75   29.48    2.36    1.47  3
    487.50  462.50    8.81    1.81    0.82    0.76   58.82   41.54    2.24    1.59  3
    462.50  437.50   10.80    5.39    0.38    0.35   63.43   51.87    1.90    1.55  3
  56571     102.30   27.88       4
    862.50  837.50   73.24   73.71   -0.26   -0.46   58.05   60.08    0.73    0.78  3
    837.50  812.50   63.06   61.68    0.33    0.27   75.06   81.62    0.96    0.99  3
    512.50  487.50   10.01    6.25    0.48    0.37   48.63   43.69    1.72    1.34  3
    412.50  387.50    8.09    4.52    0.21    0.00   41.21   28.44    2.04    1.62  3
  56778     102.68   25.02       4
    812.50  787.50    3.89    4.81    0.54    0.44   60.14   56.09    1.37    1.25  3
    587.50  562.50    0.25    0.29    0.31    0.31   49.57   33.26    1.68    1.25  3
    537.50  512.50   -6.83   -0.92    0.40    0.43   52.31   35.99    1.74    1.27  3
    487.50  462.50   12.95   14.74    0.10    0.14   45.40   35.75    1.83    1.26  3
  57127     107.03   33.07       6
    962.50  937.50   45.29   45.64    0.60    0.25   78.86   73.24    0.95    0.93  3
    937.50  912.50   36.44   31.81    1.69    1.32   71.36   63.04    1.57    1.42  3
    687.50  662.50   -1.45   -9.76    0.61    0.47   53.93   39.74    1.73    1.22  3
    587.50  562.50    2.49   -2.90    0.27    0.36   48.95   41.72    1.84    1.45  3
    562.50  537.50   -6.74   -7.19    0.28    0.28   49.55   40.54    1.90    1.43  3
    537.50  512.50   -8.23   -7.05   -0.12    0.06   51.03   42.35    1.89    1.36  3
  57816     106.65   26.48       5
    662.50  637.50    5.75    4.94    0.29    0.15   50.77   38.09    2.41    1.80  3
    512.50  487.50    4.82    3.20    0.50    0.48   46.36   29.87    1.83    1.37  3
    487.50  462.50    3.02   -3.93    0.25    0.37   51.34   42.05    1.54    1.28  3
    462.50  437.50   -1.68    0.08    0.78    0.70   46.81   37.89    1.78    1.41  3
    287.50  262.50    7.33    7.11   -0.25   -0.03   39.38   32.05    2.36    1.48  3
  58968     121.52   25.03       4
   1200.00  987.50   -4.91   -0.43    0.00   -0.14   71.79   69.58    1.22    1.19  3
    412.50  387.50   -1.93   -2.43    0.69    0.55   40.58   38.07    2.07    1.72  3
    262.50  237.50    3.26    4.71    1.02    0.71   41.23   28.95    2.68    2.19  3
    212.50  187.50    2.03   -0.34    0.63    0.36   36.97   29.80    2.61    1.77  3
  59280     113.08   23.70      10
    637.50  612.50   -4.05   -0.65    0.19    0.17   54.80   45.65    1.52    1.34  3
    587.50  562.50    5.35    7.85    0.03    0.12   50.16   37.59    1.71    1.39  3
    562.50  537.50   -6.70    0.01    0.17    0.20   48.99   40.18    1.80    1.44  3
    537.50  512.50   -8.24   -1.07    0.59    0.47   47.50   35.72    1.85    1.43  3
    387.50  362.50   -4.82   -4.78    0.01    0.25   48.41   36.20    1.77    1.78  3
    362.50  337.50   -5.85   -5.70    0.57    0.66   47.27   43.68    2.11    1.94  3
    337.50  312.50  -11.96  -10.11    0.25    0.43   44.39   39.27    2.05    1.77  3
    287.50  262.50   13.71    6.41    0.27    0.43   46.74   33.63    2.38    1.82  3
    262.50  237.50    2.11    3.56    0.50    0.30   36.11   23.41    2.37    1.82  3
    237.50  212.50    3.01    4.95    0.66    0.44   45.79   32.05    3.04    2.08  3
  59431     108.22   22.63       8
    787.50  762.50   21.34   16.21    0.45    0.28   63.79   50.55    1.89    1.36  3
    737.50  712.50   20.35   17.52    0.38    0.32   50.63   35.66    2.31    1.19  3
    587.50  562.50   13.40   15.07    0.60    0.51   47.28   37.96    1.97    1.43  3
    562.50  537.50   -4.48   -0.38    0.49    0.45   48.69   34.80    1.47    1.06  3
    487.50  462.50   -1.06    3.55    0.46    0.53   50.61   43.46    2.04    1.47  3
    387.50  362.50    4.26    7.70   -0.03    0.06   42.27   35.74    2.27    1.82  3
    287.50  262.50   -1.28    2.78   -0.33   -0.01   41.30   29.21    2.28    1.55  3
    237.50  212.50    9.70    6.53   -0.07    0.09   35.61   29.50    1.93    1.27  3
  60680       5.45   22.81      16
    887.50  862.50   17.50    5.15    0.07    0.54   71.76   45.11    2.56    1.70  3
    862.50  837.50   27.50   14.78   -0.17    0.49   67.25   38.36    3.00    1.46  3
    712.50  687.50    1.46    4.49    0.81    0.29   51.27   22.47    2.44    1.15  3
    612.50  587.50    1.43    5.73    2.06    1.00   60.67   14.44    2.99    1.99  3
    587.50  562.50    1.14    4.27    2.37    1.52   57.48   22.04    3.63    1.68  3
    512.50  487.50   -0.98    3.82    0.03    0.28   55.00   31.29    2.94    1.85  3
    487.50  462.50    2.24    0.37    0.43    0.57   46.53   27.87    2.62    1.77  3
    462.50  437.50   -3.15    5.02    0.88    0.61   47.41   26.85    2.40    1.73  3
    437.50  412.50   18.43   16.92    1.03    1.03   55.72   41.69    3.09    2.11  3
    412.50  387.50   -1.41    3.15    0.12    0.37   56.21   34.21    2.22    1.73  3
    387.50  362.50    9.03    7.46    0.95    0.97   56.81   37.08    2.80    2.12  3
    362.50  337.50    5.47    1.74    0.97    0.96   49.60   33.72    2.83    1.97  3
    312.50  287.50   12.52    6.73    0.80    0.65   44.21   35.06    2.96    2.14  3
    287.50  262.50   16.43    5.65    1.16    0.74   38.39   20.02    2.74    2.18  3
    262.50  237.50    3.58   -0.30    1.14    0.63   41.56   27.18    2.98    1.87  3
    187.50  162.50   -0.08   -1.84    1.10    0.76   42.43   24.95    3.11    2.22  3
  72240     266.78   30.13       4
    412.50  387.50    4.00    3.79    0.09    0.17   44.35   37.77    1.74    1.37  3
    287.50  262.50   -4.86   -2.82    0.65    0.70   35.36   30.74    2.47    1.76  3
    262.50  237.50   -4.57    0.11    0.39    0.25   35.81   26.45    2.22    1.70  3
    187.50  162.50    0.39    3.42    1.07    0.59   37.30   29.07    2.93    2.56  3
  72274     249.04   32.23       7
    937.50  912.50   20.88   16.55   -0.79   -1.02   68.09   63.51    1.44    1.31  3
    912.50  887.50  -18.38  -18.30    1.11    0.85   73.89   67.72    2.24    1.65  3
    887.50  862.50   -5.31  -11.82    1.10    0.58   72.36   58.53    2.29    1.73  3
    837.50  812.50   -3.14   -6.74    0.90    0.31   55.36   43.30    2.05    1.49  3
    762.50  737.50    4.73   -6.18    0.75    0.50   51.15   41.04    1.96    1.42  3
    387.50  362.50    6.84    8.22    0.29    0.33   49.00   42.88    2.43    2.15  3
    337.50  312.50   -1.71   -2.88    0.25    0.45   40.79   31.82    2.12    1.65  3
  72364     253.30   31.87       4
    887.50  862.50    6.70    7.96    0.17    0.59   73.77   54.81    1.62    1.32  3
    837.50  812.50    7.28    2.67    0.30    0.50   58.21   41.52    2.71    1.63  3
    762.50  737.50   16.19    9.47    0.18   -0.01   53.31   39.56    2.00    1.38  3
    287.50  262.50    5.44    5.29    0.24    0.18   36.48   36.56    2.09    1.76  3
  72365     253.38   35.04       6
    862.50  837.50    1.31    4.13   -0.18    0.07   87.91   82.83    1.77    1.87  3
    837.50  812.50    2.78    2.22    0.68    1.07   73.56   52.43    2.30    1.75  3
    812.50  787.50   -1.89   -5.90    0.58    0.81   74.52   42.97    2.40    1.51  3
    787.50  762.50   -6.89    1.66    0.36    0.68   63.21   35.27    2.53    1.69  3
    762.50  737.50  -10.54   -6.64    0.07    0.40   55.71   44.81    2.25    1.38  3
    612.50  587.50   -9.12    6.53    1.23    0.86   48.82   32.62    2.70    1.65  3
  72376     248.18   35.23       4
    812.50  787.50   35.64   45.51   -0.90   -1.08   74.28   68.64    1.51    1.44  3
    787.50  762.50   13.71   14.52   -0.16   -0.11   70.95   57.17    2.54    2.05  3
    762.50  737.50   -4.01    1.70    0.23    0.30   61.10   40.24    2.39    1.73  3
    687.50  662.50   11.59    4.12    0.51    0.54   50.83   44.83    2.09    1.53  3
  72469     255.13   39.77       8
    862.50  837.50    6.62    3.12    0.01    0.04   71.47   65.99    1.69    1.40  3
    837.50  812.50    7.80    0.99    0.47    0.38   59.09   40.00    2.18    1.61  3
    812.50  787.50    4.34   -0.05    0.61    0.61   57.11   43.65    2.33    1.72  3
    787.50  762.50    5.25    2.60    0.82    0.71   59.52   37.76    2.65    1.66  3
    762.50  737.50   -3.51   -1.31    0.95    0.73   55.70   39.63    2.46    1.80  3
    737.50  712.50    4.17    4.58    1.16    0.97   58.72   38.13    2.69    1.81  3
    712.50  687.50    1.28    1.97    1.01    0.79   55.09   40.02    2.43    1.59  3
    687.50  662.50    3.22    1.30    0.91    0.89   60.90   43.54    2.71    2.12  3
  72597     237.12   42.38       4
    987.50  962.50    6.94    8.87    0.25    0.33  105.25  103.97    1.00    1.06  3
    962.50  937.50   19.69   20.87    1.43    1.50   80.39   70.52    1.83    1.60  3
    912.50  887.50   -9.76  -15.17    0.31    0.76   68.25   38.69    1.76    1.27  3
    887.50  862.50    2.92    2.47   -0.02    0.38   62.07   45.97    1.39    1.20  3
  72672     251.52   43.07       4
    837.50  812.50    1.72    3.36    0.08    0.19   63.06   48.82    2.43    1.62  3
    812.50  787.50    2.90    5.24    0.76    0.63   67.37   45.26    3.16    1.96  3
    762.50  737.50    3.18   -4.19    0.22    0.32   58.49   39.24    2.93    1.83  3
    737.50  712.50   -1.85   -3.22    0.36    0.31   54.02   35.76    2.70    1.94  3
  76612     256.62   20.67      13
    862.50  837.50   64.41   67.92   -0.25   -0.58   77.77   87.85    0.58    0.60  3
    837.50  812.50   -5.17   -2.11    1.25    0.69   81.46   68.48    1.82    1.35  3
    812.50  787.50  -18.01    9.37    1.51    1.07   82.60   46.61    1.98    1.66  3
    787.50  762.50  -13.72    3.84    1.20    0.75   75.43   35.01    1.74    1.55  3
    762.50  737.50    2.74   12.49    1.49    0.68   72.15   37.75    2.11    1.55  3
    737.50  712.50   23.23    5.55    1.86    0.86   50.33   20.78    1.83    1.02  3
    712.50  687.50   13.83    5.37    1.10    0.51   55.96   34.44    1.93    1.11  3
    337.50  312.50    8.65    5.00    0.28    0.65   44.36   32.21    1.92    1.38  3
    287.50  262.50    3.53    0.60    0.07    0.45   39.40   26.94    2.19    1.56  3
    262.50  237.50    5.84   -6.17    0.06    0.28   37.83   37.15    2.11    1.69  3
    237.50  212.50   -0.15   -1.56   -0.14    0.09   36.05   32.05    2.32    1.49  3
    212.50  187.50   -2.35   -1.96    0.39    0.79   41.46   26.13    3.20    1.91  3
    187.50  162.50   13.12    7.35    1.09    1.25   42.91   26.69    3.80    2.32  3
  78073     282.53   25.05       5
    487.50  462.50    1.32    5.20   -0.08    0.06   47.68   41.81    1.81    1.48  3
    287.50  262.50   -7.30   -5.77   -0.08    0.21   35.40   27.45    1.85    1.47  3
    237.50  212.50   -8.85   -4.78    0.50    0.30   40.07   24.48    1.99    1.63  3
    212.50  187.50    7.88    1.46    0.92    0.51   36.36   28.09    2.46    1.56  3
    187.50  162.50    6.02    3.11    0.42    0.29   35.99   29.54    2.50    2.13  3
  78384     278.63   19.30       8
    537.50  512.50    1.05    0.17   -0.08    0.09   49.50   36.12    1.64    1.15  3
    487.50  462.50    8.36    4.66    0.73    0.69   52.21   35.07    2.03    1.51  3
    412.50  387.50    2.04    0.44    0.50    0.50   41.71   27.21    1.86    1.45  3
    387.50  362.50    5.71    6.76    0.21    0.27   43.89   34.37    1.91    1.65  3
    287.50  262.50    0.18   -0.62    0.55    0.41   48.35   34.94    1.98    1.66  3
    237.50  212.50   -1.35   -0.72    0.54    0.47   40.41   27.63    2.59    1.94  3
    187.50  162.50    3.82    1.57    1.39    0.78   41.74   24.60    3.11    2.08  3
    162.50  137.50    4.62    3.12    1.12    0.80   38.40   26.55    3.00    2.05  3
  78397     283.22   17.93       6
    412.50  387.50    7.29    3.87    0.42    0.48   40.87   32.12    1.67    1.25  3
    387.50  362.50    6.61    1.42    0.67    0.71   46.24   32.00    1.84    1.54  3
    362.50  337.50    1.91    4.95    0.38    0.39   54.15   47.62    1.68    1.44  3
    287.50  262.50   -9.82   -6.45    0.32    0.23   40.17   36.00    2.21    1.51  3
    237.50  212.50   -9.78  -10.92    0.44    0.52   39.92   37.78    2.47    2.09  3
    187.50  162.50   -4.53   -2.79    0.84    0.60   38.15   30.84    2.89    2.43  3
  78897     298.47   16.27       6
    387.50  362.50    9.61   10.12    0.31    0.41   44.01   44.73    2.39    2.39  3
    287.50  262.50   17.71   16.69    0.52    0.43   46.70   46.38    2.62    2.22  3
    237.50  212.50    8.34   10.86    1.62    1.26   41.22   40.82    2.54    2.75  3
    212.50  187.50    0.57    2.82    0.99    0.68   38.36   36.29    2.77    2.46  3
    187.50  162.50    2.83    4.37    1.45    1.21   37.61   34.51    3.44    2.82  3
    137.50  112.50   10.92   13.41    0.66    0.65   46.70   45.00    2.82    2.32  3
  83208     299.90  -12.70       6
    637.50  612.50   -5.30    2.59    0.70    0.49   58.72   40.55    2.32    1.50  3
    612.50  587.50    5.92    8.43    1.46    0.97   50.12   32.14    2.73    1.84  3
    587.50  562.50    6.86   13.24    2.11    1.48   55.14   39.59    2.47    2.10  3
    537.50  512.50    4.76    9.18    1.10    0.72   49.53   39.13    2.36    1.90  3
    512.50  487.50   -5.23    0.66    0.98    0.74   47.34   36.49    2.64    1.84  3
    412.50  387.50   12.87    4.68    0.09    0.24   49.28   36.18    2.60    2.00  3
  83378     312.07  -15.87       8
    912.50  887.50   17.88   15.73   -0.11   -0.02   60.45   62.36    1.83    1.60  3
    787.50  762.50   13.44    2.99    0.41    0.22   57.75   37.16    1.96    1.22  3
    762.50  737.50   10.82    8.33    0.99    0.55   53.67   32.80    2.10    1.29  3
    737.50  712.50    7.64    7.43    0.65    0.27   55.73   45.43    2.28    1.21  3
    712.50  687.50    0.92    4.92    0.52    0.39   58.72   31.26    2.13    1.13  3
    687.50  662.50    7.37   13.49    1.21    0.74   61.10   40.74    2.81    1.72  3
    662.50  637.50    8.94    7.29    0.99    0.60   57.03   34.53    2.82    1.80  3
    637.50  612.50   10.69    3.24    1.03    0.29   50.02   29.32    2.43    1.64  3
  87418     291.22  -32.83       6
    937.50  912.50   21.95   25.29    0.17    0.17   72.20   65.66    1.69    1.54  3
    812.50  787.50    5.31    5.67    1.29    1.25   59.03   34.69    3.31    2.23  3
    787.50  762.50    1.40    2.69    2.02    1.66   58.84   51.78    3.88    3.19  3
    762.50  737.50   13.76   14.69    0.81    0.66   72.59   58.58    3.30    2.63  3
    712.50  687.50  -27.18  -16.60    1.17    0.82   54.29   44.78    3.76    2.47  3
    687.50  662.50   -2.19    3.08    1.26    0.99   57.50   36.31    3.83    2.52  3
  91212     144.80   13.48       7
    412.50  387.50    1.12    4.06    0.62    0.42   45.81   28.74    2.33    1.37  3
    362.50  337.50    3.55    0.72    0.14    0.34   49.26   33.82    2.79    1.93  3
    337.50  312.50    4.11   -0.32    0.06    0.25   43.79   23.72    2.86    1.83  3
    312.50  287.50    4.85   -0.49   -0.08    0.23   40.50   27.28    2.87    1.72  3
    287.50  262.50    8.74    5.59    0.34    0.30   39.40   25.98    3.03    1.88  3
    262.50  237.50    0.11    0.64    0.17    0.33   44.53   27.54    3.19    1.67  3
    237.50  212.50   -6.21   -2.15   -0.08    0.32   42.80   32.31    3.94    2.23  3
  96996      96.83  -12.18       5
    737.50  712.50    8.43   13.03    1.25    0.35   55.87   42.56    2.37    1.71  3
    712.50  687.50   -4.27    1.63    1.41    0.83   50.24   29.86    2.12    1.60  3
    687.50  662.50   -4.89   -7.70    1.61    1.13   57.23   32.63    2.45    1.91  3
    537.50  512.50   -0.47   -4.10    0.98    0.70   46.34   40.17    2.52    2.10  3
    412.50  387.50   -0.41   -2.91    0.73    0.61   45.16   38.81    1.99    1.58  3
  98223     120.53   18.18      12
    887.50  862.50    0.45    2.40    0.57    0.68   64.58   41.20    1.71    1.26  3
    562.50  537.50   -7.04   -3.74    0.64    0.54   49.30   39.32    2.72    1.65  3
    437.50  412.50   -2.90   -2.94    0.60    0.55   47.08   30.16    2.28    1.47  3
    412.50  387.50   -3.64   -2.30    0.98    0.82   43.84   25.74    2.58    1.91  3
    387.50  362.50   -6.77   -2.92    0.97    0.88   52.28   35.52    2.63    2.04  3
    362.50  337.50    3.57    3.34    0.63    0.72   51.92   31.80    2.31    1.79  3
    337.50  312.50   -1.34    1.75    0.39    0.52   53.58   35.22    2.47    1.74  3
    312.50  287.50    4.77    1.25    0.43    0.52   52.05   31.44    2.79    1.97  3
    287.50  262.50    7.76    4.01    0.14    0.38   49.05   34.21    3.05    1.98  3
    262.50  237.50   18.17    4.44    0.63    0.64   50.11   33.71    2.89    1.91  3
    237.50  212.50   11.03    5.23    0.37    0.58   46.21   30.36    2.78    1.85  3
    212.50  187.50    8.51    3.00    0.78    0.66   37.37   20.64    3.29    1.86  3
  98233     121.75   17.63      11
   1200.00  987.50   64.80   66.08   -0.49   -0.83   82.81   77.28    0.96    1.10  3
    912.50  887.50   -9.77   -4.75    0.77    0.43   70.23   56.01    1.63    1.26  3
    887.50  862.50    5.83    6.97    1.34    0.92   67.58   45.05    1.97    1.22  3
    562.50  537.50    3.75    9.96    1.01    0.83   52.48   32.30    2.15    1.76  3
    387.50  362.50   -4.09    2.45    0.50    0.45   46.84   30.80    2.39    1.55  3
    362.50  337.50    1.47    1.90    0.98    0.58   58.00   42.42    2.35    1.80  3
    337.50  312.50   -0.09    0.79    0.56    0.39   52.30   43.00    2.23    1.70  3
    312.50  287.50   -0.34    3.55    0.61    0.47   51.26   34.91    2.60    1.71  3
    287.50  262.50    1.93   -2.46    0.46    0.45   47.76   34.52    3.20    1.96  3
    262.50  237.50    5.99    1.46    0.39    0.36   44.50   25.33    2.79    1.70  3
    237.50  212.50    7.83    2.64   -0.17   -0.11   39.83   25.64    2.58    1.80  3
  98444     123.73   13.13       6
    487.50  462.50   -0.43   -3.27    1.20    0.66   47.06   29.80    2.60    1.66  3
    462.50  437.50    3.41   -0.60    1.14    0.81   45.91   33.65    2.16    1.43  3
    412.50  387.50    1.54    0.17    0.14    0.19   46.12   31.02    2.41    1.59  3
    312.50  287.50   -3.69    2.86    0.07    0.23   44.20   29.16    2.62    1.59  3
    287.50  262.50   -1.56    1.42    0.06    0.18   36.26   24.92    2.78    1.62  3
    262.50  237.50    2.32    2.59    0.29    0.20   35.28   22.08    3.15    2.07  3
  17607      33.40   35.15       5
   1200.00  987.50   22.89   11.96    0.02   -0.26   76.79   64.59    1.39    1.13  3
    862.50  837.50   -0.14    0.30    1.40    0.94   66.54   58.33    1.82    1.50  3
    837.50  812.50   11.44   10.75    2.02    1.49   68.25   59.72    3.33    2.98  3
    787.50  762.50    8.02    2.27    1.39    1.07   59.96   56.39    2.42    2.17  3
    762.50  737.50   -7.76   -3.89    2.00    1.57   57.06   42.47    2.18    2.17  3
  34247      41.05   50.42      12
    937.50  912.50   -2.15   -7.70    0.81    1.07   72.38   37.81    2.21    1.86  3
    862.50  837.50  -24.52   -9.82    0.32    0.93   85.76   55.46    1.85    1.55  3
    712.50  687.50  -30.40  -10.34    1.18    1.68   88.08   74.59    2.39    2.34  3
    512.50  487.50  -44.24  -18.74    1.30    2.23   97.92   76.71    1.79    2.67  3
    412.50  387.50  -34.50  -36.29    0.71    1.82  108.47   85.46    2.21    2.76  3
    312.50  287.50  -62.08  -52.46    0.42    1.68   92.43   83.87    2.33    3.00  3
    262.50  237.50  -57.68  -53.36   -0.05    1.03   97.07   95.56    2.61    2.91  3
    237.50  212.50  -53.94  -51.95    0.62    1.35   85.82   84.01    3.33    3.32  3
    212.50  187.50  -38.97  -40.61    0.04    0.76  102.62   97.61    2.29    2.34  3
    187.50  162.50  -44.68  -43.40    0.36    0.79   97.45   96.80    2.20    2.20  3
    162.50  137.50  -40.08  -39.94    0.70    0.70   88.14   88.02    1.50    1.40  3
    137.50  112.50  -25.56  -24.98    0.56    0.44   86.68   85.60    1.99    1.96  3
  40430      39.72   24.55       6
    812.50  787.50   -7.05    3.95   -0.01    0.30   55.53   36.87    1.68    1.13  3
    712.50  687.50   -7.99    5.32    0.31    0.36   54.11   32.49    1.76    1.04  3
    612.50  587.50   13.64    5.77    1.23    0.85   58.24   43.65    1.82    1.29  3
    587.50  562.50    7.89    1.55    1.46    0.81   52.56   30.34    1.86    1.39  3
    512.50  487.50    8.42    8.40    0.94    0.43   45.41   29.81    2.47    1.85  3
    412.50  387.50    3.00   -0.16    0.51    0.36   45.34   38.96    2.04    1.70  3
  42182      77.20   28.58      19
    962.50  937.50   11.37   -1.85   -1.72    0.08   65.07   46.33    2.28    1.40  3
    637.50  612.50  -12.61   -3.69   -1.80   -0.66   52.01   35.77    2.56    1.25  3
    612.50  587.50   -0.06    0.77   -1.40   -0.59   54.99   40.00    2.30    1.30  3
    587.50  562.50  -10.08   -0.36   -1.72   -0.71   51.71   37.06    2.23    1.38  3
    562.50  537.50  -12.58   -4.52   -1.19   -0.32   56.36   44.17    2.32    1.21  3
    537.50  512.50    6.97    0.05   -1.58   -0.55   48.49   36.57    1.52    1.22  3
    512.50  487.50    0.35    1.65   -1.54   -0.60   46.51   40.15    1.76    1.13  3
    487.50  462.50    8.40   -0.83   -1.44   -0.55   50.74   49.68    2.11    1.40  3
    462.50  437.50    0.84   -0.46   -1.62   -0.67   48.10   38.71    2.27    1.50  3
    437.50  412.50    5.11    4.64   -1.66   -0.71   57.33   49.98    2.15    1.39  3
    412.50  387.50    2.90    3.90   -2.08   -1.08   45.33   32.09    2.38    1.65  3
    387.50  362.50    5.42    0.82   -2.19   -1.06   47.58   36.91    2.08    1.32  3
    362.50  337.50   10.77    7.36   -1.74   -0.67   54.77   39.19    2.72    1.62  3
    337.50  312.50    6.97    3.73   -2.64   -1.43   49.46   34.80    3.09    2.10  3
    312.50  287.50    4.26    1.20   -2.90   -1.44   47.08   35.22    3.37    2.15  3
    287.50  262.50    4.07    3.24   -3.20   -1.38   51.57   42.62    3.44    2.22  3
    262.50  237.50    9.40    5.59   -3.74   -1.95   43.66   32.10    3.78    2.43  3
    237.50  212.50   -0.45    0.93   -4.09   -2.10   42.95   25.84    3.62    2.30  3
    212.50  187.50    0.75    2.08   -4.42   -2.42   36.05   22.28    3.73    2.38  3
  42492      85.10   25.60       6
   1200.00  987.50   45.65   55.47   -1.77   -1.43   65.11   48.85    1.46    1.39  3
    587.50  562.50   -4.97   -5.54    1.02    0.52   45.22   31.79    2.18    1.30  3
    537.50  512.50   -7.30   -6.11    0.66    0.32   45.03   39.11    2.49    1.58  3
    512.50  487.50   -1.69   -1.12    0.42    0.32   48.79   29.95    1.68    1.07  3
    462.50  437.50   11.85    7.84    1.19    1.10   55.40   26.50    2.06    1.45  3
    337.50  312.50    0.73    5.05    0.88    1.33   40.71   24.83    2.86    1.86  3
  60630       2.50   27.23       5
    862.50  837.50   10.63   -4.96    1.06    0.69   63.51   23.18    2.77    1.22  3
    712.50  687.50   13.96   -6.62    0.49    0.49   65.29   32.14    2.05    1.29  3
    512.50  487.50  -10.33   -3.69    1.02    0.75   52.23   29.13    2.45    1.50  3
    487.50  462.50  -21.50   -8.61    1.62    1.04   45.29   29.14    2.76    1.88  3
    412.50  387.50    2.32    3.43    0.66    0.47   45.72   35.78    2.40    1.47  3
  76405     249.70   24.17       8
    887.50  862.50    7.00    2.65    0.49    0.50   68.16   47.36    1.60    1.05  3
    737.50  712.50    3.77    3.30    0.31    0.47   56.26   36.60    1.91    1.07  3
    687.50  662.50   -4.23    1.15    0.00    0.42   50.67   39.58    2.28    1.12  3
    512.50  487.50   -4.42   -2.24    0.16    0.44   46.59   28.07    2.27    1.41  3
    287.50  262.50    2.95    5.54    0.11    0.19   40.99   33.97    2.28    1.65  3
    262.50  237.50    4.25   10.31    0.59    0.49   35.85   27.20    2.79    2.24  3
    237.50  212.50    7.79    3.41    0.75    0.58   37.44   29.53    2.11    1.89  3
    162.50  137.50    9.19    4.56    0.02    0.32   42.28   30.62    2.97    2.00  3
  76526     257.49   22.75       9
    787.50  762.50   10.49   11.89    0.19    0.23   56.28   43.78    1.72    1.25  3
    762.50  737.50   -0.58   -6.14   -0.39   -0.18   71.75   53.23    2.50    1.50  3
    712.50  687.50   11.71    3.41    1.23    0.57   54.80   30.16    2.16    1.14  3
    687.50  662.50   22.95    9.06    1.06    0.71   55.35   26.70    2.27    1.18  3
    637.50  612.50   24.57   12.43    0.45    0.19   57.16   38.38    2.12    1.34  3
    587.50  562.50   17.81   -0.43    0.93    0.29   48.99   23.86    1.98    1.49  3
    412.50  387.50    3.94    3.52    0.90    0.60   40.17   32.37    1.74    1.32  3
    337.50  312.50   -1.43   -2.99    0.49    0.52   42.89   32.52    1.80    1.41  3
    262.50  237.50   -4.94   -0.96    0.15    0.38   38.55   30.29    2.18    1.57  3
  76654     255.68   19.05       6
    987.50  962.50   49.54   38.75    0.26    0.26   58.80   51.19    1.54    1.24  3
    937.50  912.50   -9.30    1.57    1.07    0.66   65.68   41.15    1.92    1.03  3
    837.50  812.50    2.30    9.26    0.48    0.17   57.31   40.42    2.19    1.32  3
    412.50  387.50    6.95    4.88   -0.65   -0.16   40.05   32.19    2.20    1.54  3
    287.50  262.50   15.62    4.63    0.30    0.20   41.40   34.19    2.67    1.94  3
    262.50  237.50    6.45   -0.38    0.68    0.46   39.35   27.21    2.73    1.75  3
  76679     260.87   19.43      11
    787.50  762.50   52.86   14.14    1.16    1.15   62.98   70.43    1.42    1.41  3
    762.50  737.50   37.22    0.46    1.10    1.11   64.77   56.84    2.05    1.71  3
    737.50  712.50   49.06   14.67    1.19    0.95   64.99   59.69    1.96    1.47  3
    712.50  687.50   25.67    8.90    1.33    1.06   65.58   53.38    1.72    1.42  3
    687.50  662.50    6.88   -1.24    0.72    0.75   63.02   49.81    1.83    1.56  3
    662.50  637.50   13.31   11.80    0.88    0.71   60.11   43.80    1.72    1.44  3
    637.50  612.50   -6.98    1.43    1.01    0.84   50.50   36.86    1.62    1.58  3
    387.50  362.50   -2.79   -7.78    0.65    0.66   40.38   28.37    1.81    1.60  3
    337.50  312.50    4.81    3.68    0.56    0.56   44.73   29.84    1.96    1.45  3
    287.50  262.50    3.44    3.24    1.26    0.93   38.46   32.30    2.23    1.69  3
    262.50  237.50   -0.39   -0.04    1.27    0.93   38.89   22.86    2.49    1.96  3
  76805     260.07   16.83       8
    962.50  937.50  -31.48   -5.64    0.76    0.77   72.16   47.11    1.48    0.85  3
    937.50  912.50  -31.20   -0.11    1.17    0.94   74.01   37.59    2.40    1.83  3
    887.50  862.50  -15.26    6.59    0.85    0.53   87.19   44.49    1.56    1.12  3
    862.50  837.50   -4.04   19.62    1.07    0.61   83.41   47.63    1.95    1.26  3
    837.50  812.50   -9.86   -1.80    0.75    0.40   73.00   42.65    1.65    0.93  3
    812.50  787.50    6.74   -4.61    1.81    1.21   58.96   33.40    1.93    1.41  3
    512.50  487.50   16.32   10.19   -0.18    0.31   48.06   34.34    2.43    1.63  3
    312.50  287.50    2.60    3.38   -0.37    0.22   40.30   31.30    2.73    1.71  3
  78486     290.12   18.47       4
    387.50  362.50   -5.81   -0.28    0.67    0.63   48.45   38.33    1.95    1.68  3
    362.50  337.50   11.47    8.37    0.69    0.73   43.10   33.43    1.93    1.64  3
    287.50  262.50    0.04    3.11    0.22    0.28   35.94   30.34    2.02    1.48  3
    237.50  212.50    2.83   -2.62    0.56    0.43   43.46   29.63    2.38    1.98  3
  40754      51.32   35.68       6
    887.50  862.50    6.26    8.14    0.64    0.31   65.07   65.95    1.62    1.77  3
    687.50  662.50    6.28    7.95   -0.19   -0.34   56.98   53.30    2.63    1.82  3
    662.50  637.50   15.09   13.56    0.16   -0.03   54.11   40.31    2.58    2.08  3
    612.50  587.50  -15.81  -13.63    1.31    1.21   46.28   42.33    3.39    2.64  3
    562.50  537.50   -8.13   -3.81    1.37    1.09   51.78   39.00    3.42    2.78  3
    537.50  512.50    6.99    8.09    0.49    0.62   51.05   44.16    3.74    2.94  3
  43285      74.83   12.95       5
    437.50  412.50    2.23   -0.60    0.31    0.67   49.68   41.47    2.22    1.78  3
    412.50  387.50   -2.03   -0.99    0.73    1.02   56.36   40.09    2.04    1.59  3
    387.50  362.50   -4.14    5.32    0.67    0.93   51.49   37.61    2.49    1.89  3
    362.50  337.50    8.93    7.84    0.47    0.71   61.81   42.93    2.85    2.17  3
    337.50  312.50    8.84   10.49    0.19    0.33   45.40   37.36    2.68    1.88  3
  80001     278.30   12.58       8
    387.50  362.50   -9.35   -6.77   -0.31   -0.24   47.07   42.70    1.88    1.36  3
    337.50  312.50   -5.32   -0.40    0.41    0.33   43.10   33.74    1.84    1.53  3
    287.50  262.50    1.02    0.18   -0.09    0.18   38.22   27.98    2.23    1.52  3
    262.50  237.50   -1.44   -2.40    0.17    0.44   39.40   32.08    2.36    1.55  3
    237.50  212.50    1.53    0.15    0.71    0.96   59.00   41.97    2.32    1.97  3
    212.50  187.50    1.30    0.17    1.27    0.73   36.47   26.69    2.87    1.98  3
    187.50  162.50   15.77    6.43    1.63    0.98   41.42   23.92    3.12    2.03  3
    162.50  137.50   15.25    2.79    1.81    1.22   44.37   27.36    2.63    1.71  3
  76458     253.58   23.20      12
    987.50  962.50   28.57   17.42    1.16    0.84   73.95   52.86    2.25    1.48  3
    962.50  937.50    7.11   -2.34    1.07    0.69   66.51   34.27    1.74    0.96  3
    887.50  862.50   14.63   10.61    0.96    0.61   83.02   53.25    2.07    1.31  3
    862.50  837.50   13.55    6.21    0.84    0.42   67.51   31.86    2.07    1.19  3
    837.50  812.50   12.46    1.95    0.81    0.34   58.20   31.23    2.13    1.07  3
    812.50  787.50   14.33    3.52    0.62    0.15   62.08   41.76    2.23    1.25  3
    312.50  287.50    8.91   -0.63    0.17    0.44   46.44   33.67    2.75    1.85  3
    287.50  262.50   10.62    7.14   -0.21    0.31   52.52   32.83    2.98    2.03  3
    262.50  237.50    6.18    2.91   -0.32    0.12   45.72   25.59    3.14    2.34  3
    237.50  212.50   10.29    3.52    0.66    0.80   54.08   31.22    2.82    2.19  3
    212.50  187.50    3.54    2.80    1.80    1.41   36.98   23.53    3.14    2.48  3
    187.50  162.50    7.24    1.91    2.92    2.28   36.49   20.45    4.35    3.38  3
  78583     271.70   17.53       4
    362.50  337.50   -4.66   -5.58    0.59    0.45   43.85   27.81    1.82    1.44  3
    287.50  262.50   -1.52   -5.87    0.48    0.27   44.24   27.70    1.78    1.41  3
    187.50  162.50    5.23    0.33    1.99    1.08   36.39   22.60    2.97    1.86  3
    162.50  137.50    3.81   -4.01    2.11    1.25   41.24   21.59    3.15    2.13  3
  41883      89.37   24.85       4
    512.50  487.50  -13.23   -4.98    0.14    0.06   53.00   28.53    1.62    1.40  3
    412.50  387.50    3.83    4.70    0.48    0.27   42.16   48.32    1.84    1.53  3
    212.50  187.50   -5.88   -3.08    1.85    1.28   35.63   27.19    3.77    2.79  3
    162.50  137.50   -9.71   -8.82    1.64    0.83   43.59   35.86    3.22    2.23  3
  64700      15.03   12.13       8
    987.50  962.50   20.14   22.25   -0.05   -0.14   80.13   54.92    2.04    1.47  3
    962.50  937.50   -9.64   -0.44    0.67    0.48   69.73   26.23    2.82    2.01  3
    937.50  912.50  -11.67   -7.32    0.94    0.64   72.68   37.93    2.53    1.38  3
    912.50  887.50  -18.79    0.47    1.92    0.94   68.96   19.17    1.99    1.13  3
    887.50  862.50  -17.89   -1.86    1.67    1.00   70.38   29.74    3.30    1.26  3
    862.50  837.50  -14.49   -3.96    1.76    0.67   68.47   28.54    3.14    1.19  3
    212.50  187.50    6.47    1.76   -0.06    0.13   36.35   14.47    3.50    2.02  3
    162.50  137.50   12.27    4.75    1.26    1.01   37.31   23.16    4.10    1.94  3
  76225     253.97   28.67       5
    862.50  837.50   26.47   22.44    0.62    0.81   86.12   66.01    2.59    2.17  3
    837.50  812.50   31.51   21.80    0.25    0.78   87.41   54.21    2.30    1.77  3
    812.50  787.50   26.18    3.44   -0.50    0.04   63.37   43.42    2.60    1.15  3
    787.50  762.50    6.05   -8.16   -0.47    0.14   62.51   36.07    2.53    1.41  3
    762.50  737.50   12.86    6.71   -0.12    0.21   51.80   35.20    2.56    1.66  3
  43110      73.33   16.98       9
   1200.00  987.50   45.37   28.43    0.04    0.06   48.78   48.50    1.43    1.27  3
    737.50  712.50  -12.64   -1.87    0.47    0.51   62.50   49.73    2.34    1.22  3
    587.50  562.50    9.33    5.43    0.41    0.52   45.43   27.84    2.15    1.44  3
    537.50  512.50   15.18    4.84    0.64    0.69   46.93   25.85    2.03    1.41  3
    487.50  462.50    2.21    1.09    0.49    0.47   51.81   34.50    2.13    1.60  3
    462.50  437.50   -8.53   -8.33    0.63    0.60   49.99   29.17    1.91    1.49  3
    437.50  412.50   11.15   14.33    0.94    0.79   48.58   28.67    1.60    1.02  3
    412.50  387.50   12.85   12.51    0.62    0.47   43.21   43.80    1.50    1.08  3
    387.50  362.50   18.06    9.78    0.54    0.57   43.57   38.76    1.46    1.22  3
