  42123          4   73.88   29.92    5.00
     55.00   19.34   -0.23   55.28    1.93   57.00    0.00  3
         9   13.42   -0.42   41.05    1.61
     23.89   -0.43   58.14   54.71    6.44    0.49   48.97    1.16
     48.00   30.93   -0.65   70.12    2.07   50.00    0.00  3
        10   14.90   -0.28   46.40    1.95
     -1.06   36.13   46.59   35.30   17.87    0.05   58.05    1.34
     77.00   -1.05    0.30   56.37    2.37  144.00    0.00  3
        13   -1.43    0.43   38.30    1.97
    -11.09  -19.87   34.39   23.19   -4.84    0.83   33.39    1.66
     39.00   -1.50   -1.07   57.82    3.36   40.00    0.00  3
        17   -0.51   -1.15   57.70    2.77
     24.35   -9.07   44.73   58.18   -9.56   -0.16   38.74    2.37
     29.00   -6.69   -0.67   55.49    3.38   30.00    0.00  3
        20  -23.70   -0.98   36.30    3.77
    -33.24   -8.79   53.24   33.83   -5.32    0.00   35.47    2.39
  48870         20  109.22   13.77    4.00
     44.00   29.54    0.26   54.62    5.21   45.00    1.00  3
        16   25.53   -0.18   49.72    2.52
     14.61   29.35   38.47   69.06   20.65    0.64   36.82    4.94
     37.00   18.50   -0.08   66.36    3.09   37.00    0.00  3
        21   19.65    0.28   63.55    2.85
     22.13   35.04   69.60   93.00   12.58    0.18   53.19    2.38
     34.00   27.89    0.01   60.43    3.61   34.00    0.00  3
        24   10.88   -1.25   60.24    3.36
     12.70    7.43   77.11   29.12   20.17    0.27   52.22    2.85
     33.00   35.39    0.13   67.63    3.77   33.00    0.00  3
        25   13.86   -0.27   56.35    3.76
     32.86    0.24   93.13   27.60   30.83    0.45   62.20    3.25
  64700         25   15.03   12.13    5.00
     78.00   -3.67   -0.17   65.07    2.32   79.00    1.00  3
         3   -5.31   -0.61   46.39    2.03
    -10.97  -11.45   52.88   55.44    1.88    0.23   33.44    1.58
     39.00   14.62    0.57   65.67    2.98   39.00    0.00  3
         5   10.04    0.62   52.09    2.62
     10.55    3.26   51.99   56.14   -4.66    1.07   26.46    2.11
     69.00   32.44    0.39   70.82    3.23   71.00    2.00  3
         7   19.65    0.48   70.05    2.14
      3.48   68.51   49.88   95.32    8.46    0.78   38.23    1.83
     65.00   12.09   -0.28   69.67    3.60   66.00    1.00  3
         9   12.09   -0.68   57.33    3.07
    -11.37   35.65   87.61   62.27    2.90    0.48   43.68    1.94
     39.00   24.57   -5.83   52.85    4.17   42.00    3.00  3
        13   -1.42   -6.62   56.18    3.30
     54.03   -2.71   70.30   45.00   15.59   -2.84   44.38    2.79
  42410         69   91.58   26.10    7.00
     37.00   75.63   -1.22   67.04    1.00   37.00    0.00  3
         1   90.00   -1.08   82.02    0.79
     54.22  111.84   72.09   54.03   84.48   -1.03   74.12    0.71
     77.00   16.26   -0.66   70.94    1.80   92.00    0.00  3
         2   10.09   -0.73   47.07    1.67
     17.03   -6.08   26.41   35.50   18.05   -0.32   55.99    1.08
     43.00   -5.20   -0.59   81.51    2.15   43.00    0.00  3
         3   -3.39   -0.21   64.24    2.46
     -4.75  -18.52   81.34   53.18   -8.41    0.11   31.09    1.05
     66.00  -14.35   -0.33   70.71    2.33   67.00    0.00  3
         4  -11.17   -0.25   57.33    2.08
     -5.89  -16.73   48.65   42.83   -1.31    0.03   45.35    1.26
     72.00  -21.36    2.33   74.17   18.18   73.00    0.00  3
         5  -15.86    0.27   57.44    2.23
    -25.57  -19.85   79.39   61.03   -5.83    2.62   47.76   17.99
     75.00  -11.55    0.02   70.88    3.08   76.00    0.00  3
         7    0.23    0.06   59.82    2.47
      1.10  -16.55  116.24   26.72    2.03    0.45   49.38    1.65
     34.00   -5.28   -0.13   73.87    3.05   34.00    0.00  3
         8   -9.67    0.20   52.76    3.46
     -0.63  -21.22  105.49   42.51    4.58    0.38   33.92    1.72
  48327         75   98.98   18.78    5.00
    129.00   50.99   -0.49  101.51    0.78  130.00    0.00  3
         3   81.87   -0.54  106.13    0.63
     14.75  110.38   46.00   78.20   52.46   -0.45   96.48    0.76
     64.00   -4.75    0.34   55.51    2.32   65.00    0.00  3
        18   -6.83    0.00   34.35    2.29
     -8.34   -9.48   31.55   32.76   -3.49    0.42   38.39    1.47
     59.00    7.81    0.14   54.06    2.29  116.00    0.00  3
        21    2.61    0.35   35.94    1.97
     -7.00    1.09   27.24   23.76    0.16    0.40   36.01    1.49
     54.00   -1.35    0.08   41.96    2.28  108.00    0.00  3
        25   -0.31   -0.01   25.78    1.37
     -1.41    6.47   40.69   20.79    3.48    0.07   24.90    1.46
     51.00    6.64    0.07   43.17    2.10   52.00    0.00  3
        28    9.45   -0.03   18.27    1.82
     14.00    5.05   41.43    7.32   11.23    0.21   37.42    1.78
  48407         76  104.87   15.25    6.00
    113.00   18.03   -1.44   76.15    1.58  114.00    0.00  3
         1   -3.80   -1.48   58.52    1.74
    -20.24   44.83   41.61   71.52   22.40   -0.67   66.36    1.22
     57.00    9.90    1.45   53.69    3.76  114.00    0.00  3
        25    8.19    0.68   35.67    2.87
      8.75    7.97   42.23   22.93    2.38    1.29   36.76    2.68
     53.00   21.52    1.74   51.10    5.00   55.00    1.00  3
        28   10.42    3.90   22.45    7.89
     41.60    7.79   77.62   19.76   14.16    1.76   44.17    4.25
     50.00   14.11    0.34   43.63    3.70   51.00    0.00  3
        29    6.02   -0.43   25.09    3.84
      5.47   -0.03   46.58   11.79   10.85    0.58   36.25    2.54
     49.00   16.96    0.87   40.82    5.80   50.00    0.00  3
        30    8.73   -0.35   30.41    3.96
     10.88    8.90   34.40   16.81   12.80    1.09   35.95    4.41
     47.00   15.89   -0.12   35.12    4.26   48.00    0.00  3
        31    6.55   -0.58   21.56    4.43
     12.84    7.55   23.28   16.11    8.93   -0.04   29.64    2.79
  41640        112   74.33   31.55    4.00
     57.00   26.54   -0.75   74.53    1.60  113.00    1.00  3
         2   22.35   -0.40   73.55    1.29
     30.00   47.18   63.68   44.70   16.44    0.04   43.74    0.75
     41.00   12.65   -0.50   83.65    1.71   43.00    0.00  3
         4   -4.85   -0.69   62.70    1.50
     -4.62  -17.94   47.28   58.96    9.26    0.28   31.52    0.80
     56.00    4.78   -0.50   83.15    1.89   58.00    0.00  3
         5   -4.63   -0.39   59.37    1.23
     -4.63    8.14   46.66   48.95    0.84    0.38   30.09    0.90
     54.00   -8.67   -0.42   71.47    1.66   55.00    0.00  3
         7   -9.59   -0.54   67.83    1.41
    -16.76  -32.80   30.38  102.28   -9.44    0.27   48.08    1.09
  41718        113   70.68   28.65    4.00
     44.00   75.62   -3.19   72.84    2.88   68.00    0.00  3
         2   91.12   -3.54   90.79    3.16
    114.15   35.25   58.24   50.63   64.87   -0.72   60.60    1.60
     42.00  -41.34    0.30  104.09    2.96   45.00    1.00  3
        13  -77.62   -0.40   91.95    3.10
   -111.47  -63.78   56.06   29.58   -8.09    1.75   54.48    1.96
     32.00  -67.11   -0.88   92.36    3.18   34.00    0.00  3
        15  -89.69   -0.84   94.26    3.58
    -95.17  -84.96  102.92   33.48  -23.73    1.46   75.53    2.41
     29.00  -46.02   -1.43   92.77    3.21   31.00    0.00  3
        17  -66.01   -1.14   99.68    3.18
    -78.18  -56.92  111.70   63.66  -33.31    0.85   69.06    2.76
  41891        146   91.88   24.90    6.00
     59.00  -14.15   -0.40   83.43    1.32   60.00    0.00  3
         2  -14.88   -0.36   88.79    1.22
      2.14   -5.15   86.05   65.14   -7.44    0.34   59.16    0.94
     41.00  -25.21   -0.78   92.67    1.39   42.00    0.00  3
         4  -15.55   -0.28   93.80    1.46
     -7.27  -56.87   75.79  111.30  -10.36    0.29   53.30    0.86
     61.00  -20.56   -0.87   89.16    1.59   62.00    0.00  3
         5  -18.81   -0.76   96.89    1.47
    -20.32    2.96   71.55  127.72  -22.80   -0.01   65.44    1.27
     53.00    3.00   -2.13   87.28    2.07   54.00    0.00  3
         7  -10.62   -1.80   77.47    1.69
    -17.07   -2.99   65.66   64.30    3.16   -0.89   81.31    1.40
     34.00   -4.10   -1.51   83.43    1.57   35.00    0.00  3
         9   19.08   -1.45   77.39    1.67
      5.98  -30.13   29.18   92.47   -5.52   -0.72   82.35    1.17
     45.00   40.53   -2.31   85.79    2.10   47.00    1.00  3
        13   75.38   -2.02   79.50    1.76
     38.66   53.34   67.23   57.82   37.17   -1.28   75.99    1.74
  41715        205   68.47   28.30    8.00
     83.00   47.46   -3.08  131.34    1.36   84.00    0.00  3
         1  128.66   -2.86   70.22    1.12
    -77.33  130.36   92.95   59.50   46.07   -2.72  128.04    1.22
     86.00  -79.20   -3.61   55.72    4.09   88.00    0.00  3
         2  -90.37   -2.18   49.29    3.48
   -104.33    1.04   27.93   39.48  -74.97   -3.08   55.21    3.98
     40.00  -60.74   -3.09   80.83    3.82   40.00    0.00  3
         3  -80.25   -2.05  119.82    3.00
    -80.89  -11.57   48.97  132.89  -53.78   -2.63   80.30    3.73
     48.00  -81.86   -3.37   50.59    4.38   49.00    0.00  3
         4  -89.08   -0.96   54.19    3.03
    -78.55  -66.29   56.32   80.04  -79.93   -2.64   49.92    4.31
     86.00  -52.97   -1.63   96.42    3.21   87.00    0.00  3
         5  -78.41   -0.78   85.87    2.93
    -70.74  -42.71   71.37  159.30  -50.77   -1.19   96.56    3.06
     91.00  -30.45    0.45  103.08    2.30   92.00    0.00  3
         7  -57.91    0.66  110.42    2.33
    -18.66   75.15   85.30   78.02  -37.28    0.65  104.79    2.33
     75.00  -51.99    8.42   99.41   34.71   76.00    0.00  3
         9   40.12    1.97  163.12    3.05
    -44.07   27.41  123.65  108.79  -48.50    8.47   95.25   34.68
     63.00    4.61   -0.04   91.90    3.09   64.00    0.00  3
        13   11.74   -0.12  103.35    3.22
     10.23   33.88  118.41   63.11    6.63    0.08   92.38    3.09
  41529        209   71.93   34.03    5.00
     29.00   59.87   -0.45   59.90    0.66   30.00    0.00  3
         3   79.70   -0.54   60.15    0.74
     64.94   85.74   61.19   61.01   50.10   -0.20   55.07    0.67
     29.00   21.92    0.60   84.38    0.92   30.00    0.00  3
         4    5.44    0.41   81.64    0.87
     31.45  -16.79  124.38   53.37   16.46    0.76   50.56    0.69
     29.00   15.37    0.64   83.71    1.01   30.00    0.00  3
         5    1.65    0.53  106.35    0.61
     25.73   10.15  117.63   92.38   -5.39    0.68   40.75    0.64
     32.00  -19.97    0.37   85.01    1.30   33.00    0.00  3
         7  -22.54    0.41   93.50    1.43
     12.93  -39.05  107.59   78.78    4.25    0.62   52.02    1.03
     31.00  -55.37   -0.85   70.81    2.70   33.00    1.00  3
        13  -69.99   -1.51   83.05    2.16
    -79.06  -38.97   73.83   70.23  -45.48    0.18   61.46    1.62
