  48480         17  102.12   12.60    6.00
     44.00    6.39    0.55   22.50    3.18   44.00    0.00  3
         7    8.18    0.95   16.13    2.90
      8.73    1.16   10.34   21.91    4.39    0.75   16.20    2.08
     43.00    8.12    1.25   14.56    3.22   43.00    0.00  3
         9   10.54    1.68   14.23    3.43
     10.29    3.45   10.94   20.17    4.77    1.11   10.05    1.98
     37.00   10.27    1.50   26.20    4.39   39.00    2.00  3
        13    9.83    0.76   17.25    5.34
     18.72    5.11   21.54   39.74    8.19    1.26   19.73    3.70
     28.00    6.70    1.56   27.92    4.16   31.00    3.00  3
        15   10.26    0.38   12.86    2.47
     11.09    9.73   14.45   12.86    3.06    1.07   19.12    3.12
     34.00   -0.28    2.18   33.64    4.59   34.00    0.00  3
        16    3.08    2.04   22.15    3.01
      9.41   -3.58   19.04   34.36   -1.44    1.63   24.87    3.89
     31.00   11.46    2.50   34.47    5.23   62.00    2.00  3
        21   14.13    1.90   25.12    4.92
     10.55   10.18   15.97   29.34    4.48    2.01   25.65    3.78
  48870         20  109.22   13.77    5.00
     50.00    4.93   -3.59   28.17    4.41   53.00    3.00  3
         2    9.31   -4.63   14.27    5.47
      2.97   11.42   17.51   11.31    6.22   -0.93   22.37    2.39
     51.00   -2.70   -5.88   15.71    5.13  103.00    2.00  3
         5   -3.82   -6.17   13.60    6.40
     -6.05    5.15   14.06   18.79   -2.74   -3.76   11.20    3.68
     53.00   -1.94   -0.05   25.91    4.58   53.00    0.00  3
         7   -4.18   -0.06   15.42    4.87
     -6.31    4.06   13.86   25.96   -1.09    0.38   21.87    3.51
     47.00    1.37    3.91   25.19    4.24   51.00    4.00  3
         9   -1.01    3.08   18.95    3.73
      5.18   -1.27   27.81   15.89    1.68    3.37   18.50    3.34
     46.00   19.03    2.29   40.25    5.28   53.00    7.00  3
        13   18.04    1.37   37.42    2.52
     11.23   21.51   39.38   38.35   10.56    2.04   34.95    5.24
  67027         26   46.35  -15.67    6.00
    135.00   10.09   -0.81   46.69    4.56  137.00    2.00  3
         3    4.60   -0.37   23.45    4.06
      3.90   10.86   17.90   35.81    8.10   -0.05   28.15    3.12
    130.00    5.88   -0.95   44.62    4.44  137.00    7.00  3
         4    2.49   -1.16   29.72    4.33
      1.14   -2.40   11.69   27.77    5.40   -0.13   32.39    2.99
    213.00   11.04   -0.64   48.56    3.67  228.00   15.00  3
         7    3.80   -0.67   33.83    3.24
     -1.96    0.94   19.09   38.77    8.57   -0.10   41.65    2.74
     88.00   -6.82   -0.44   38.06    3.89   90.00    2.00  3
         9   -6.90   -0.46   24.83    3.18
    -12.09    1.24   51.93   21.12   -4.29    0.01   30.15    2.88
     78.00    4.30    0.41   40.33    3.49   80.00    2.00  3
        13    3.06    0.67   18.50    3.63
     11.92   11.16   42.81   15.57    5.88    0.65   32.78    2.69
     33.00    9.89    0.27   44.86    3.92   33.00    0.00  3
        17    9.25   -0.12   30.19    4.18
     10.61   -0.01   17.30   46.41    8.88    0.51   37.35    2.67
  43150         71   83.30   17.70    5.00
     74.00  -13.16    0.70   25.30    3.16   93.00    0.00  3
         4  -15.25    0.52   21.49    2.69
    -20.95    0.00   17.74   40.51   -6.33    0.91   12.35    1.76
     66.00  -13.89    0.75   29.11    3.46   69.00    1.00  3
         5   -7.68    0.13   26.37    2.46
    -12.68   -5.96   29.37   24.29   -7.56    1.10   15.44    1.97
     73.00   -8.84   -1.15   40.01    3.52   84.00    1.00  3
         7   -8.13   -0.62   29.43    2.95
      6.22   -9.61   17.06   36.98  -10.18   -0.22   24.05    2.13
     58.00    6.37   -1.61   44.98    4.06   60.00    0.00  3
         9   17.31   -1.43   33.70    2.66
     13.09   -1.31   18.76   43.44    6.33   -0.56   37.30    2.35
     50.00    6.85    0.11   43.72    3.55   57.00    0.00  3
        13    9.22   -0.37   28.15    2.73
     12.97  -12.80   23.72   23.71   -0.54    0.59   24.46    2.53
  48407         76  104.87   15.25    5.00
     62.00   10.55    0.66   39.77    3.67  126.00    0.00  3
        21    5.94    0.98   17.70    2.78
      4.93   -1.61   16.47   22.95    2.27    0.74   25.69    2.17
     45.00    7.01    5.02   33.81   24.74   46.00    0.00  3
        32    5.43    1.93   23.37    5.40
     19.89   -1.46   18.09   29.58    3.22    4.44   22.43   24.43
     38.00    0.59    2.83   32.06    6.20   40.00    0.00  3
        34    7.77    4.38   14.49    4.60
     10.73    1.63   16.64   15.01   -2.42    1.20   25.01    4.69
     35.00    8.41    3.23   24.36    5.54   37.00    0.00  3
        35   10.76    3.61   21.90    6.06
     16.29   11.25   19.47   25.38    2.97    1.35   13.19    3.89
     30.00    8.01    2.25   15.61    5.19   32.00    1.00  3
        36    7.55    1.76   12.33    4.51
      7.55   11.07   14.73   11.23    2.27    0.41    9.42    2.97
  94975         88  147.50  -42.83    4.00
     51.00    3.26   -0.22   29.43    3.33   52.00    0.00  3
         2    9.60   -0.04   15.89    2.75
      1.03    9.72   29.44    7.08   -0.69    0.75   25.31    2.18
     90.00    5.08   -2.12   19.13    3.32   92.00    1.00  3
         4    5.24   -1.87   12.45    3.32
     13.59    3.52   16.44    9.42    1.26   -0.67   15.68    1.76
     34.00    2.09   -1.68   26.69    3.67   34.00    0.00  3
         6    0.87   -1.36   12.30    3.31
      4.49   -2.58   17.05    9.05    1.36   -0.43   19.65    1.96
     51.00   -0.66   -0.05   12.60    3.45   51.00    0.00  3
         9   -3.90   -0.01   14.79    2.62
     -5.89    2.80    8.92   12.73   -0.32    0.54    8.80    2.08
  87860        139  292.55  -45.78    7.00
     63.00    6.30   -1.15   36.59    4.20   66.00    2.00  3
         2    7.23   -1.53   15.57    5.35
     10.71   -2.33   14.65   21.55    0.99   -0.34   18.71    2.03
     51.00    4.81   -1.00   24.41    4.11   54.00    2.00  3
         3    2.65   -0.36   14.19    4.27
      9.68   -1.43   11.49   17.55    1.30    0.08   15.53    2.31
     49.00    2.88   -0.40   28.11    4.61   50.00    0.00  3
         4    2.17    0.71   15.80    4.54
      8.92   -9.63   11.93   22.52    2.76    0.18    9.57    2.40
     77.00   -4.59   -0.79   26.03    3.61  100.00    0.00  3
         7   -4.13   -0.10   14.88    3.38
     -2.89    2.75   12.66   30.31   -0.55   -0.11   15.65    1.76
     28.00  -11.48    0.26   20.23    3.27   29.00    0.00  3
         9   -9.94    1.08   19.40    4.05
    -13.45   -2.69   14.25   20.02   -7.76    0.35   16.30    1.59
     67.00   -6.37   -0.73   19.10    3.44   67.00    0.00  3
        10   -8.29   -0.80   12.34    3.77
     -6.47   -4.55   10.64   20.83   -1.72   -0.13   13.04    1.43
     74.00   -8.08   -0.12   24.93    3.56   75.00    0.00  3
        11   -7.84   -0.26   11.58    3.99
     -3.87   -6.36   10.57   20.60   -4.92    0.20   23.49    1.88
  15420        144   26.21   44.50    4.00
     37.00   11.74    2.55   35.37    3.70   38.00    0.00  3
         2    2.59    2.36   17.90    4.15
     -3.72    7.52   14.24   19.48    7.41    1.53   28.82    2.38
     43.00   -1.51    2.71   41.04    4.33   44.00    0.00  3
         3    1.82    2.00   26.72    3.22
     -4.52    4.50   18.91   17.15    0.66    1.87   28.61    2.81
     34.00   -1.96    1.51   45.12    3.73   36.00    2.00  3
         4   -2.50    0.78   18.31    2.78
    -13.60    4.61   20.35   21.60   -1.84    0.90   37.92    2.33
     36.00    5.46    1.54   49.77    3.43   39.00    2.00  3
         6    0.67    1.67   24.90    2.26
     -3.25    5.28   24.89   21.30    1.73    1.09   29.31    2.26
