  23460      88.30    6.56  -47.30  -46.17   -0.78   -0.46   41.76   40.42    1.11    1.07  3
  2IWZ7     223.40   58.80   12.55   13.27    4.63    4.48   66.59   55.90    3.44    3.31  3
  3FRT8     126.50   37.30   -3.69   -4.43   -0.05    0.45   78.32   75.57    2.00    1.74  3
  44009     285.30   38.50   22.65   23.03   -0.95   -0.42   63.82   61.19    1.43    1.21  3
  46118     237.40   48.70   50.24   40.35    2.65    2.52   57.62   55.97    1.56    1.69  3
  53056      94.94   -4.95  149.78  139.40    0.20    0.74   49.24   60.05    1.67    1.80  3
  9HJD9     229.90   52.70    4.43    2.99    2.52    2.43   76.93   75.22    2.98    2.81  3
  9V9375     40.20   18.10    8.65    5.26    1.67    1.57   62.48   58.11    2.53    2.29  3
  A8PQ8     285.10   38.60  -13.68  -12.86    0.77    1.41   68.17   66.07    2.26    2.18  3
  ACXS1     279.55   32.56   48.14   47.61   -2.85   -2.50   55.22   53.43    1.11    0.89  3
  C6JT8     273.20   20.70   19.97   20.75    0.58    0.74   87.74   84.72    3.14    3.17  3
  C6YA5     210.60   60.10   11.83   12.36    2.40    2.23   63.57   61.68    2.69    2.55  3
  CPXC1     239.26   35.17  -67.26  -63.43   -1.13   -0.69   47.82   47.60    1.40    1.20  3
  DBLN6     280.65   42.49  108.32  108.32    4.02    4.02   45.55   45.55    2.08    2.08  3
  DISW3     269.27   47.08  103.29  103.29    4.92    4.92   38.84   38.84    2.64    2.64  3
  EBSW1     237.66   47.60   47.60   29.96   -0.20    0.23   45.58   45.75    0.76    0.67  3
  HMRA2     208.58   59.60   20.40   15.14    0.43    0.10   60.70   61.59    1.50    1.58  3
  HPUO      120.30   36.10    1.15    1.88    0.74    1.31   65.73   63.67    3.50    3.20  3
  ICAC1     241.50   34.01   14.29   24.03    0.79    0.81   60.25   54.16    0.81    0.82  3
  ILOH1     204.94   19.73   51.90   43.94   -0.39   -0.17   57.57   58.80    1.30    1.44  3
  KWHH1     204.17   20.04   87.34   80.86   -1.29   -0.73   51.45   56.15    1.53    1.53  3
  MGRX2      24.50   59.80   -2.83   -4.54    1.71    1.87   65.58   60.50    2.89    2.75  3
  MRNA2     225.74   58.20   -6.35   -3.69    0.76    0.54   69.99   59.57    1.62    1.33  3
  MZXC1     237.87   38.03   48.11   38.54    3.10    3.29   27.74   33.67    1.32    1.48  3
  PILM4     271.63   48.22  103.30  103.30    5.69    5.69   45.54   45.54    2.53    2.53  3
  PORO3     235.50   42.74    8.36   13.84    0.00    0.68   60.08   47.28    1.35    1.35  3
  PSLC1     239.25   35.17  -54.43  -51.92   -0.98   -0.58   51.29   51.86    1.71    1.58  3
  PTLA2     225.25   58.35  -20.42  -16.12    0.39    0.22   65.79   69.84    1.18    1.14  3
  ROAM4     270.69   47.87   99.33   99.33    6.50    6.50   45.83   45.83    2.87    2.87  3
  SBIO1     277.16   41.63   98.15   98.15    4.46    4.46   42.45   42.45    2.19    2.19  3
  SGNW3     272.31   43.75   97.85   97.85    4.81    4.81   54.14   54.14    2.34    2.34  3
  STDM4     272.78   47.18  103.52  103.52    6.95    6.95   51.99   51.99    3.02    3.02  3
  TKEA2     224.78   57.78  -49.13  -40.11    1.43    1.27   69.35   64.75    1.50    1.34  3
  VDZA2     213.64   61.13   54.60   47.92   -0.55   -0.78   41.29   42.88    1.04    1.16  3
  VTWS       93.20   13.00   -9.57   -8.34   -2.59   -1.97  102.14   99.86    1.85    1.67  3
  VTXB       84.20   17.00  -90.08  -90.09   -2.79   -1.49   98.55   99.22    3.61    3.22  3
  9HJF9     225.00   58.30    3.12   -1.57    3.21    3.04   62.16   56.94    3.40    3.09  3
  9V2911    196.90   31.00  -10.91  -10.48    2.55    2.59   60.27   56.90    3.99    3.94  3
  C6FM9     297.10   16.40   16.41   14.18    2.61    3.27   66.69   64.06    3.07    2.93  3
  TBWUK79    53.70   25.40    4.40    1.86   -0.15    0.10   42.38   39.35    2.16    2.04  2
  TCZF2     340.60   35.40  -15.54  -12.83    2.39    2.40   60.47   57.83    3.38    3.31  3
  ZCDF4     220.00   58.80    0.66    0.50    3.71    3.71   66.27   60.68    3.07    2.80  3
  23093      88.00   16.47  -17.33  -17.67   -0.95   -0.51   68.24   67.00    1.26    1.00  3
  PHOS      224.70   58.20    1.12   -5.26    2.54    2.45   61.49   59.13    2.71    2.50  3
  PINX      228.70   54.50   13.09    7.52    3.38    3.13   64.53   62.93    3.18    3.08  3
  PSBM1     293.01   44.90    4.90    6.66   -0.46   -0.09   70.35   64.82    1.31    1.23  3
  ZCDG4     229.90   52.50    9.17    8.23    3.24    3.19   68.46   68.00    3.63    3.34  3
  ZCDY2     224.80   58.90   -4.48   -1.37    4.08    3.86   60.90   59.26    3.40    3.32  3
  UFLT      179.90   63.10  -38.07  -32.08    1.65    2.10  100.15   95.88    2.49    2.33  3
  VTFG       92.80   11.50   16.27   15.56   -2.99   -1.74   91.25   89.11    4.13    3.70  3
  46125     237.40   47.90  109.66  103.42   -1.47   -1.24   57.86   56.62    0.68    0.60  3
  VWSM       83.30   17.70  -58.87  -59.96   -1.92   -1.17   94.59   93.23    1.75    1.67  3
  UBSI9     149.90   58.30   -6.60   -6.46    1.25    1.53   65.80   60.67    2.43    2.24  3
  45150     245.90   62.00  -63.15  -62.64   -0.49   -0.61  106.03  106.58    1.25    1.31  3
  C6CG4       1.70   38.80    5.22    1.74    1.24    1.23   61.05   57.33    2.65    2.49  3
  BATFR15   359.70   54.80    6.14    7.71    0.93    1.11   74.17   70.13    2.88    2.48  3
  PSBC1     238.11   38.04   55.96   43.39    2.56    2.80   22.02   18.59    1.40    1.47  3
  53040      95.00   -8.02  171.57  171.53   -0.59   -0.35    5.27    6.34    1.00    0.95  1
