   01362        105    8.36   61.67  158.00  -10.34    3.86   36.66    3.32  878.00    0.00  3
      -4.12    2.68   25.73    2.58   -9.23    3.41   35.56    3.19
          0    7.69   11.53   18.44   30.77
   07560        914    3.58   44.12  231.00    3.17    5.14   46.16    3.59 1272.00    0.00  3
      11.96    3.98   25.17    3.19    8.90    5.15   45.73    3.69
          0   -6.85    3.59   26.32   31.26
   11916       1167   19.57   48.93  238.00   39.69    4.96   46.01    3.03 1427.00    0.00  3
      35.23    4.37   45.15    2.92   42.93    4.95   45.83    3.13
          0   43.70   17.07   30.34   45.33
   12510       1236   15.73   50.73  230.00   32.67    5.50   41.01    3.40 1272.00    0.00  3
      27.21    4.80   37.22    3.26   35.44    5.76   42.35    3.61
          0   11.07   21.61   29.19   36.51
   14652       1368   18.27   43.72  226.00   13.66    5.73   41.61    5.49  924.00    0.00  3
      10.54   11.29   32.70   11.35   15.08    5.59   41.40    5.48
          0   15.09   19.53   20.01   44.52
   15317       1463   22.53   45.28  208.00    0.65    4.54   42.71    3.78 1208.00    0.00  3
       2.46    3.22   36.90    2.81    0.26    4.30   44.29    3.72
          0  -10.20    8.96   36.78   28.44
   15600       1529   23.67   42.83  237.00   30.45    4.81   59.90    4.83  454.00    0.00  3
      26.11    4.64   56.57    3.02   31.48    4.62   59.79    4.79
          0   48.63   -5.16   50.27   38.67
   16134       1560   10.70   44.20  238.00   10.31    3.29   42.41    3.18 1427.00    0.00  3
      10.58    2.32   34.39    2.18    7.23    3.28   45.72    3.20
          0   -0.31   19.11   49.60   22.19
   22529       1792   35.88   64.23  237.00    3.55   -0.92   57.39    7.73  237.00    0.00  3
      -9.31   -1.66   25.32    1.27    3.63   -0.93   56.91    7.76
          0   -4.17  -14.96   26.76    6.04
   22805       1819   30.95   61.38  237.00  -16.12   -2.47   46.21    5.99  237.00    0.00  3
     -13.99   -2.64   28.23    1.98  -15.01   -2.36   46.47    5.98
          0   -9.12  -18.66   27.33   17.51
   22892       1829   28.80   60.72  238.00   -3.59    0.91   35.43    3.32  472.00    0.00  3
       3.82    0.41   22.46    1.17   -2.65    1.02   35.23    3.38
          0  -15.49   -3.05   20.60   14.70
   23606       1876   53.80   63.57  238.00   29.67   -0.31   54.17    3.33  476.00    0.00  3
      11.27   -0.67   42.66    0.75   30.00   -0.38   53.83    3.32
          0   20.99    7.68   43.83   37.68
   23711       1887   56.20   62.70  238.00   -0.43   -0.46   35.60    3.55  474.00    0.00  3
      -6.19   -0.74   22.09    0.68    0.05   -0.53   34.78    3.55
          0    7.64   -8.91   17.54   29.15
   23758       1892   77.31   62.15  238.00   -4.46   -2.05   28.02    3.25  476.00    0.00  3
      -1.46   -2.08   21.58    1.23   -3.49   -1.98   27.66    3.25
          0    1.23  -15.73   30.67   13.32
   24725       1962  111.23   62.53  238.00   28.91   -1.64   51.99    3.12  475.00    0.00  3
      22.08   -1.82   42.83    0.89   29.13   -1.62   52.04    3.14
          0   16.77   20.40   66.98   42.15
   25648       2020  167.85   63.20  237.00    1.05   -1.09   46.23    4.07  470.00    0.00  3
      -5.31   -1.41   21.93    1.29    3.01   -1.09   45.95    4.10
          0   -3.49   19.71   27.21   44.22
   25745       2026  166.21   62.46  238.00   20.65   -0.12   53.46    3.51  476.00    0.00  3
      18.18   -0.41   47.56    1.42   23.62   -0.13   51.50    3.52
          0   11.33   31.91   62.12   57.97
   25941       2035  163.01   60.73  237.00   -4.92   -0.18   38.67    3.47  472.00    0.00  3
      -6.50   -0.07   22.98    1.72   -4.92   -0.14   38.78    3.48
          0   -9.83   -6.64   10.15   17.45
   25956       2036  169.58   60.45  237.00   -0.66    1.78   44.59    4.86  472.00    0.00  3
       4.98    1.32   37.33    1.30    0.40    1.84   45.51    4.86
          0   -1.14   -7.73   29.22   51.34
   26069       2044   30.13   59.35  238.00   -1.41   -0.08   40.39    3.87  476.00    0.00  3
     -11.52   -0.49   19.22    0.71    0.15    0.09   39.77    3.87
          0   -0.99  -17.15   40.97    8.48
   26072       2045   31.05   59.93  238.00   13.91   -1.95   57.79    3.26  476.00    0.00  3
     -10.19   -2.09   40.79    0.87   14.13   -1.78   57.51    3.23
          0   50.68  -23.88   28.07    9.69
   26258       2071   28.42   57.80  238.00   11.63   -0.41   47.37    5.50  474.00    0.00  3
      -1.51   -1.11   29.21    0.90   10.89   -0.37   48.26    5.52
          0    2.30   -5.43   18.20   18.02
   27051       2137   42.76   59.98  238.00   -0.70   -0.55   37.20    3.17  476.00    0.00  3
      -9.53   -0.69   19.72    0.64   -0.72   -0.52   37.37    3.18
          0    4.66  -10.42   34.62   15.54
   27223       2147   39.13   58.48  237.00   -3.37   -0.21   39.72    4.67  475.00    2.00  3
      -7.25   -0.73   20.96    0.75   -3.68   -0.16   40.46    4.66
          0  -11.91  -13.09   26.51   19.24
   27675       2187   46.33   55.18  238.00  -12.64    0.21   46.28    3.68  476.00    0.00  3
     -11.24   -0.11   42.23    0.76  -10.96    0.36   45.54    3.67
          0   -9.16    1.69   44.26   44.35
   27857       2205   42.62   53.50  238.00   18.55   -1.37   46.65    3.23  476.00    0.00  3
       8.24   -1.55   34.49    0.91   18.26   -1.26   47.53    3.24
          0    9.85   -0.76   44.94   18.00
   27858       2206   43.32   53.33  238.00   -0.65   -0.87   24.86    3.24  476.00    0.00  3
      -1.54   -1.16   22.22    0.73   -0.83   -0.76   24.99    3.25
          0   -1.82    1.04   19.75    9.91
   27906       2209   36.03   53.00  238.00    1.87   -1.80   35.70    3.26  476.00    0.00  3
       0.09   -1.93   26.60    0.87    0.50   -1.64   36.14    3.25
          0   -7.88   -4.84   17.46   26.73
   27962       2217   45.02   53.13  238.00   17.94   -0.92   36.13    3.21  476.00    0.00  3
      20.93   -0.79   31.77    0.84   18.11   -0.82   37.04    3.19
          0   19.18   10.19   35.17   36.40
   28411       2245   53.45   56.83  238.00   20.86   -1.12   46.57    3.27  476.00    0.00  3
      12.00   -1.44   42.44    1.01   19.72   -1.08   47.03    3.29
          0   25.74   -3.87   65.39   36.08
   28886       2295   72.37   53.63  238.00  -25.35   -0.59   44.08    6.19  238.00    0.00  3
     -30.73   -1.03   32.25    1.36  -25.72   -0.52   43.29    6.17
          0   -2.07  -43.01   41.07   24.19
   29464       2334   90.59   56.65  238.00    2.55   -0.31   31.15    3.19  472.00    0.00  3
       4.66   -0.53   20.81    0.64    2.64   -0.38   32.10    3.18
          0    4.06    5.31   26.11   23.77
   29471       2336   93.13   56.92  238.00    8.74   -0.39   58.59    3.24  476.00    0.00  3
      -5.97   -0.66   51.66    0.65    9.85   -0.48   57.38    3.26
          0    1.59  -11.47   71.22   69.52
   29562       2346   91.67   56.10  238.00   -5.03    0.06   51.39    4.02  473.00    0.00  3
     -13.96   -0.27   40.73    0.69   -7.94   -0.04   49.37    4.02
          0  -23.64  -17.27   42.58   37.05
   30627       2432  105.53   53.10  238.00  -19.78   -0.38   48.28    3.24  476.00    0.00  3
     -12.30    0.00   43.13    1.37  -21.89   -0.52   48.19    3.27
          0   -7.64    5.89   39.17   19.49
   31096       2483  149.03   59.15  238.00   23.29   -0.77   48.72    3.52  476.00    0.00  3
      16.54   -0.27   38.40    1.83   24.47   -0.82   47.06    3.54
          0   10.91    7.81   41.44   35.96
   31168       2488  138.15   56.45  238.00  -13.20    1.22   58.91    9.83  475.00    0.00  3
     -11.58    0.17   54.71    1.54  -12.85    1.22   56.39    9.84
          0  -23.02  -24.47   56.33   61.35
   31439       2501  140.47   52.38  238.00   -8.08    0.42   51.26    4.60  476.00    0.00  3
      -8.11   -0.01   41.74    0.94   -9.76    0.36   52.01    4.59
          0   27.96  -23.85   26.25   48.80
   31561       2515  137.03   50.60  238.00    0.87    0.17   44.14    3.17  476.00    0.00  3
      -5.33    0.12   31.45    0.93    3.18    0.18   44.42    3.16
          0   16.83   -5.44   41.29   31.00
   31707       2523  130.97   47.73  238.00    5.80   -0.24   44.82    4.32  476.00    0.00  3
      -0.24    0.22   28.92    1.36    4.45   -0.20   44.16    4.35
          0    5.27    0.32   45.31   31.92
   31733       2526  135.88   48.81  238.00    0.76    0.09   39.18    4.49  476.00    0.00  3
      -4.60   -0.31   29.93    0.85   -0.71    0.18   35.50    4.48
          0   -0.72   -0.85   43.35   26.43
   32099       2556  144.73   48.65  238.00  -18.13    0.06   41.40    3.46  474.00    0.00  3
     -15.02   -0.20   28.94    1.57  -17.28    0.24   40.36    3.45
          0   -7.96  -46.27   12.77   31.85
   32389       2566  160.83   56.32  238.00    3.07    0.85   52.76    5.42  475.00    0.00  3
      -1.45    0.29   43.33    1.00    1.97    0.65   51.67    5.51
          0    3.26   -5.26   39.60   79.94
   32509       2570  159.94   54.08  238.00  -11.86    0.98   52.28    3.51  473.00    0.00  3
     -12.30    0.84   40.95    1.52  -12.20    0.96   53.58    3.57
          0   -6.88  -32.70   64.28   46.28
   33754       2610   29.01   47.76  238.00   36.87   -1.43   56.57    3.20  476.00    0.00  3
      31.09   -1.57   54.28    0.96   34.98   -1.38   56.78    3.18
          0   32.40   66.13   39.46  141.25
   34555       2673   43.10   48.37  238.00  -11.75   -0.70   43.77    3.21  475.00    0.00  3
     -13.72    0.09   35.99    2.18  -12.34   -0.61   44.50    3.22
          0  -29.07    1.96   15.72   25.00
   34759       2689   43.67   46.57  238.00    4.79   -2.01   39.58    3.31  476.00    0.00  3
       0.93   -2.17   18.41    1.06    4.85   -1.84   39.23    3.31
          0  -11.07   -7.47   18.03   20.62
   36003       2781   76.95   52.28  238.00   11.04   -1.77   38.73    3.21  476.00    0.00  3
       3.11   -2.06   23.54    1.11   11.13   -1.76   38.20    3.23
          0    7.74   -1.11   23.62   17.22
   36744       2830   75.12   45.63  237.00   13.21   -2.03   53.29    3.44  237.00    0.00  3
       7.59   -2.15   36.21    1.92   12.26   -2.09   51.27    3.44
          0    5.54   18.59   22.52   75.99
   36859       2840   80.06   44.17  238.00   43.82   -1.37   47.88    3.41  475.00    0.00  3
      42.71   -1.55   39.05    1.40   43.57   -1.56   50.14    3.44
          0   48.38   25.38   33.32   37.74
   37036       2856   41.97   44.63  238.00    4.31   -1.39   51.16    3.67  472.00    0.00  3
      -7.54   -1.65   36.07    1.58    3.21   -1.28   51.97    3.67
          0    9.03   -4.52   55.41   38.00
   37085       2860   46.55   44.39  237.00   -3.44   -1.06   35.00    3.17  471.00    0.00  3
     -13.31   -1.21   18.07    1.35   -4.36   -0.97   33.98    3.12
          0  -15.80  -10.44   11.11   25.21
   37545       2880   44.76   41.75  238.00   29.27    2.50   39.14    5.34  475.00    0.00  3
      25.32    1.92   30.30    2.69   33.24    2.34   39.13    5.35
          0   22.71   25.91   22.79   51.91
   38396       2923   60.57   41.57  238.00    4.96   -1.29   37.56    3.03  476.00    0.00  3
      17.06   -1.52   43.71    1.17    5.70   -1.30   37.61    3.00
          0  -10.92  -10.38   19.39   30.31
   38599       2934   69.73   40.22  237.00  -13.36    1.96   40.50    3.58  474.00    2.00  3
     -14.96    1.55   27.30    1.71  -11.16    1.93   42.45    3.60
          0  -14.34  -15.55   18.59   40.21
   38806       2956   64.36   38.46  238.00   -0.78   -2.51   30.82    3.17  464.00    0.00  3
       8.99   -2.81   25.63    0.90   -2.19   -2.50   29.86    3.16
          0    1.23    0.78   10.86   31.40
   38838       2959   68.34   38.04  238.00    9.26    1.12   57.67    3.30  474.00    0.00  3
       5.83    0.78   53.12    1.28    7.48    1.13   57.68    3.32
          0    2.41   29.18   73.40   45.96
   38957       2973   71.65   36.72  118.00   36.59    1.03   54.15    9.04  121.00    0.00  3
      21.20   -0.29   49.71    1.17   39.80    1.19   52.06    9.08
          1   31.46   25.26   59.46   76.38
   41739       3168   64.09   26.97  230.00   27.07   -1.67   59.07    3.43  283.00    0.00  3
      21.96   -1.38   30.86    2.13   26.00   -1.34   58.41    3.44
          0   17.42  -23.32   39.47   56.55
   41749       3170   68.37   26.25  233.00  -28.96   -1.19   42.93    3.26  287.00    0.00  3
     -29.00   -1.51   32.99    1.49  -19.31   -0.33   40.20    3.25
          0  -29.05  -13.96   34.03   62.18
   43226       3260   74.45   14.28  236.00   -1.57   -2.31   33.72    3.04  461.00    0.00  3
      -4.66   -2.45   15.73    1.73    2.29   -1.90   33.59    2.90
          0    1.35    3.17    7.39   32.98
   43353       3281   76.27    9.94  236.00    9.60   -0.56   33.53    3.28  462.00    0.00  3
      15.32   -0.75   32.04    1.64   10.17   -0.61   33.86    3.31
          0   -9.92   30.75   47.94   21.43
   48839       3760  107.72   20.13  236.00   -7.70   -0.49   30.91    3.23  465.00    0.00  3
      -8.90   -0.74   24.01    1.29   -6.84   -0.48   31.11    3.17
          0  -18.02   -2.85   16.13   28.16
   54826       3909  117.10   36.25  238.00   20.56    3.45   57.12    3.13  415.00    0.00  3
      19.91    3.25   52.42    3.30   22.28    3.72   60.65    3.21
          0   29.93   -0.59   67.72   58.47
   58931       4020  118.10   25.72  238.00   10.73    4.43   53.32    3.44  416.00    0.00  3
      17.71    3.45   46.34    2.96    8.34    4.46   57.29    3.51
          0   16.45  -13.14   85.02   78.71
   59997       4049  114.38   10.38  219.00   14.85   -0.58   33.97    4.36  395.00    0.00  3
      17.56   -1.03   10.21    1.35   14.65   -0.50   34.06    4.36
          0   15.61   19.52    4.79   56.13
   61986       4133   59.62  -16.45  211.00   -2.32   -2.59   10.08    3.12  371.00    0.00  3
      -1.43   -2.68    7.29    1.06   -2.61   -2.46    9.99    3.21
          0   -1.23    3.58    5.73    9.98
   63729       4145   31.82   -1.33  232.00   39.63   -0.70   53.99    3.84  435.00    0.00  3
      37.60   -1.36   52.86    1.31   37.53   -0.75   52.88    3.83
          0   29.84   49.97   81.29   63.52
   63733       4146   33.79   -1.50  233.00   35.08   -0.51   44.77    3.66  428.00    0.00  3
      37.08   -0.76   44.94    2.08   34.39   -0.50   43.88    3.71
          0   57.68   41.82   63.60   39.09
   63756       4147   32.92   -2.47  234.00   24.16    1.03   46.43    3.14  432.00    0.00  3
      21.73    0.76   39.06    2.55   26.97    0.95   44.10    3.14
          0   27.23   13.24   60.72   36.53
   63962       4158   35.58  -10.68  233.00   36.01    2.68   48.12    5.03  425.00    0.00  3
      27.81    2.23   40.80    2.13   36.08    2.67   48.20    5.01
          0  110.42   18.34   97.71   27.02
   64390       4163   29.32   -3.32   62.00   -5.45    3.86   56.57    5.66   70.00    0.00  3
      -9.66    1.88   32.41    4.36   -6.91    3.82   61.59    5.64
          6   -6.85  -13.49   36.96   32.47
   65046       4182    8.52   12.05  207.00    8.53    0.26   58.09    3.76  330.00    0.00  3
       2.46   -0.38   39.58    1.40    6.52    0.33   57.42    3.72
          0   -7.85   53.16   30.45   92.43
   65592       4213  352.63    4.42  184.00   17.68    0.73   55.80    3.19  288.00    0.00  3
      42.57    0.08   72.20    2.02   18.95    0.70   55.49    3.17
          0   14.45   16.49   26.43   60.24
   68649       4334   26.80  -31.12  230.00   25.44    1.13   57.58    3.59  440.00    0.00  3
      18.54    0.95   46.76    3.79   24.12    1.00   56.17    3.54
          0   -7.88   50.80   39.01   55.52
   70414       4412  174.12   52.72  165.00    3.55   -0.44   34.44    3.87  165.00    0.00  3
       1.25   -0.60   15.08    1.55    4.86   -0.35   37.04    3.76
          0    4.31   -2.56   28.41   18.74
   71641       4783  284.33   62.17  231.00   18.14   -0.99   56.14    4.79  455.00    0.00  3
       0.42    0.08   35.05    4.06   19.55   -0.80   56.30    4.79
          0  -21.66   -0.50   27.31   19.91
   71778       4866  236.48   48.28  234.00   19.86    5.16   58.22    3.35  463.00    0.00  3
      18.89    6.29   40.63    4.29   12.41    4.68   53.35    2.93
          0   21.57   20.06   37.11   54.70
   72201       4984  278.25   24.55  233.00   13.03    1.70   39.44    7.90  440.00    0.00  3
      12.43   -0.17   24.43    1.30   12.58    2.04   39.38    7.82
          0    7.01   23.15   30.22   28.38
   72383       5053  241.27   34.75  216.00  -21.92    3.64   49.93    3.99  216.00    0.00  3
     -24.58    3.05   64.15    1.70  -30.35    3.36   62.42    3.99
          0   15.76  -23.42   16.52   62.54
   76243       5199  259.48   28.70  210.00   -3.48   -2.30   38.03    3.53  369.00    0.00  3
      -8.38   -2.52   22.86    1.31   -2.64   -2.17   32.42    3.52
          1  -14.40   -6.85   24.30   15.46
   78384       5266  278.66   19.28  167.00   -1.34   -1.26   39.39    3.67  167.00    0.00  3
      -6.37   -1.43   25.89    1.65   -0.53   -0.99   34.18    3.64
          1   15.08   -8.10   50.96   20.63
   78958       5303  298.22   12.00  235.00    7.65   -1.95   22.47    3.55  409.00    0.00  3
       3.46   -2.45   18.58    2.54    8.92   -1.67   22.22    3.66
          0   -0.07   -7.81   13.03   19.92
   80001       5308  278.28   12.58  230.00    0.28   -1.50   18.95    3.82  412.00    0.00  3
      -2.90   -1.99    8.42    1.21   -0.13   -1.41   18.17    3.79
          0   -1.07   -3.59    5.08    6.69
   80022       5311  284.49   10.45  232.00   17.05    0.35   40.36    5.79  415.00    0.00  3
      14.32   -0.28   28.67    1.52   20.29    0.40   40.25    5.73
          0   11.83   17.00   63.26   22.52
   85874       5513  288.30  -45.92  115.00    3.99    3.60   43.05    3.36  115.00    0.00  3
       8.54    3.77   26.26    3.15    3.69    3.51   42.44    3.39
          1    7.35    6.22   27.08   16.06
   87852       5609  288.98  -46.52  159.00   12.05   -0.04   46.77    4.12  159.00    0.00  3
       7.11   -0.24   30.67    2.79    8.07    0.06   46.07    4.24
          1   10.73   15.25   26.99   34.44
   87896       5611  294.08  -47.73  178.00   -0.42    1.02   40.01    3.34  178.00    0.00  3
       2.06    1.65   23.99    3.22   -0.44    1.74   39.76    3.46
          1   -5.67    3.36   28.23   25.87
   88881       5618  301.90  -51.67  142.00   11.33    5.45   59.82    6.69  706.00    0.00  3
      93.51    5.89  127.89    3.57   10.41    5.70   59.14    6.88
         59    9.79  113.94   11.97   24.95
   88963       5623  303.02  -63.40  237.00  -25.71    1.11   59.15    4.48  444.00    0.00  3
     -36.59    0.46   48.14    3.01  -22.76    0.99   60.17    4.47
          0  -45.27  -33.62   23.10   86.87
   89053       5632  301.37  -62.23  230.00  -14.14    2.88   31.12    3.22  398.00    0.00  3
     -14.53    2.92   18.29    3.23  -14.84    2.85   31.64    3.33
          0  -11.89  -18.70   14.21   41.22
   89055       5633  303.28  -64.23  237.00    3.70    3.94   46.56    3.94  462.00    1.00  3
      -2.27    3.06   27.71    3.07    3.02    3.91   45.60    3.99
          0   -8.00   -3.47   22.17   29.23
   89058       5636  301.03  -62.22  237.00   -1.82    9.04   29.77    6.16  237.00    0.00  3
       1.25    9.49   16.64    6.28   -2.11    9.13   30.64    6.23
          0    7.56   -6.63   15.75   29.33
   89061       5638  295.92  -64.77  190.00   16.54    1.93   47.71    3.47  372.00    0.00  3
       9.97    1.69   37.71    3.42   13.14    1.79   47.38    3.47
          9    3.49   33.82   19.79   49.19
   91258       5668  169.85   11.23  112.00   -2.95    1.13   56.03    5.22  112.00    0.00  3
      -3.38    0.45   37.82    1.55    0.13    1.13   53.66    5.20
          0  -15.95  -16.30   29.58   59.24
   91350       5676  159.78    6.66  130.00   -0.61    0.03   58.47    3.80  130.00    0.00  3
      11.94   -0.37   41.11    1.29   -3.68    0.09   57.55    3.74
          0   11.00   15.32   43.23   56.66
   91623       5692  176.00   -1.35  109.00   -4.02   -1.23   39.64    3.83  109.00    0.00  3
     -11.31   -1.54   25.15    1.27   -4.27   -1.17   39.25    3.81
          0  -14.62   -8.01   21.85   27.76
   91762       5700  188.22  -13.80  206.00   25.20   -2.40   50.37    4.33  206.00    0.00  3
      18.31   -2.61   43.33    2.66   25.49   -1.56   49.85    4.18
          0   28.44   26.73   48.93   59.07
   92035       5715  147.22   -9.38  187.00   24.75    0.59   49.36    4.23  280.00    0.00  3
      17.65   -0.01   31.35    1.67   24.43    0.56   49.65    4.22
          0   14.91   21.73   58.11   13.69
   93498       5734  176.21  -40.90  238.00    6.83    3.89   27.04    3.07  474.00    0.00  3
       8.89    3.15   12.98    2.39    4.74    4.19   27.02    3.59
          0   18.17    6.46   12.28   12.69
   94812       6005  139.75  -37.17  116.00   -4.64    1.52   31.23    3.03  116.00    0.00  3
      -4.82    1.20   24.70    2.73   -5.16    1.31   31.48    2.98
          0    1.02   -6.79   24.81   21.71
   94903       6047  147.27  -36.87  238.00   43.34    2.68   49.28    4.40  952.00    0.00  3
      29.83    1.19   36.83    3.99   38.28    2.70   47.69    4.40
          0   16.09   91.33   23.02   77.18
   94962       6077  146.27  -43.65   93.00   10.74    2.46   26.72    3.39   93.00    0.00  3
      12.61    1.60   18.70    3.44    8.40    2.74   24.94    3.65
          2   15.82    7.05   11.82   23.34
   95881       6209  145.60  -38.60   72.00   20.59    0.50   44.04    3.31   72.00    0.00  3
      20.09   -0.12   26.47    3.35   22.12    0.20   42.38    3.10
          6   24.21   17.51   25.91   22.26
   95952       6218  145.53  -41.85  238.00   13.22    6.06   32.08    3.46  952.00    0.00  3
      12.58    6.12   22.96    2.99   14.39    6.12   33.57    3.59
          0    5.03   -1.15   12.01   16.95
   95986       6229  148.00  -43.23  238.00    1.06   -2.06   20.10    3.10  952.00    0.00  3
       1.87   -1.33   13.85    2.74   -2.39   -1.62   19.24    2.83
          0    8.18   -5.89   14.17   17.60
   96147       6243  108.38    3.95  176.00   24.28   -0.22   57.10    3.08  282.00    0.00  3
      17.36   -0.47   41.22    2.22   18.95   -0.12   56.43    3.04
          0   28.52    3.42   98.06   60.72
   96837       6289  110.42   -6.97  238.00    9.39    0.23   57.31    3.34  476.00    0.00  3
      -0.67   -0.15   53.59    1.66    8.73    0.41   55.76    3.34
          0   18.05   30.55   55.89   70.52
   BKR         6423   73.50   28.00  167.00   -6.88    0.42   45.14    4.04  271.00    0.00  3
     -14.28    0.38   23.17    4.37   -4.84    1.50   46.01    3.82
          0  -16.33  -14.41   19.85   27.43
   CWQK        6470  236.47   48.30  234.00   21.91    5.32   52.69    3.33 1366.00    0.00  3
      21.14    5.33   42.25    4.39   13.69    4.85   45.59    2.94
          0    5.01   19.15   29.18   44.77
   23518       6809   57.62   64.27  178.00   -3.48    0.17   41.71    3.49  298.00    0.00  3
      -1.37   -0.13   19.59    0.73   -3.12    0.12   41.16    3.55
          0   -4.69    2.51   30.24   36.01
   27106       6822   36.43   58.85  118.00   -7.85   -0.98   52.19    3.99  179.00    0.00  3
     -26.58   -1.30   20.97    0.83   -5.38   -1.00   52.08    3.99
          0  -25.55  -30.13   64.47   21.02
   43205       6887   76.84   15.15   99.00  -15.93   -4.09   37.18    4.21  100.00    0.00  3
      -6.50   -5.12   11.04    2.68  -13.26   -3.67   36.63    4.11
          0   -2.43  -18.38    5.09   19.69
   43257       6893   75.08   13.50  110.00   14.09   -1.19   39.96    3.69  117.00    0.00  3
       2.16   -1.52    8.69    0.47   22.76   -0.82   41.57    3.69
          0    5.71    4.71    3.95   25.93
   43291       6898   76.70   12.30  115.00   35.68   -3.84   56.61    5.05  117.00    0.00  3
      16.39   -4.66   68.60    1.76   40.70   -3.44   55.14    5.03
          0  -17.75   85.62   29.16   55.19
   67221       6982   37.54  -13.73  115.00  -12.73    3.37   39.96    3.06  178.00    0.00  3
     -12.82    3.11   37.55    1.28  -14.42    3.35   38.87    3.08
          0  -33.14   -8.98   49.89   34.98
   67586       6984   33.77  -13.78   94.00   17.70   -0.30   38.87    4.64   95.00    0.00  3
      16.07   -1.15   23.80    1.40   18.73   -0.28   38.25    4.66
          0   15.82   18.36   31.32   19.05
   63210       7092   49.18   11.28   70.00    7.17    4.39   51.35    5.37   92.00    0.00  3
      -1.70    3.99   39.22    3.99    0.97    4.69   47.11    5.40
          1   -5.00    0.76   41.60   36.24
   67853       7113   27.00  -18.63   75.00   42.52    0.08   44.39    5.60   91.00    0.00  3
      41.01   -0.96   40.09    2.16   43.38    0.06   45.14    5.57
         11   43.42   31.46   44.67   30.38
   68454       7117   27.57  -29.45   97.00   33.43   -0.35   57.08    4.79  119.00    0.00  3
      30.74   -0.92   53.74    1.60   36.23   -0.35   57.24    4.80
          2   22.31   34.64   56.69   59.49
   95909       7323  148.28  -36.50  141.00    6.48    7.22   41.46    4.59  774.00    0.00  3
       3.88    6.67   26.20    5.03    7.24    7.29   48.68    4.61
          0   -7.91   -2.22   11.94   29.26
