   KMKN        2096  261.40   31.92  156.00   -6.21    0.38   29.51    4.14 1895.00    0.00  3
      -6.89   -0.01   19.25    0.96   -7.75    0.74   32.64    4.07
          0   -3.58   -1.81   11.82   25.16
   LIVC        3097   10.70   44.20  207.00    8.43    3.28   42.57    3.28 1216.00    0.00  3
      11.75    2.24   32.44    1.99    4.16    3.26   45.32    3.31
          0    0.59   11.88   50.39   50.86
   NTAA        3367  210.38  -17.55  238.00   29.28   -2.98   50.63    3.25 2404.00    0.00  3
      26.37   -2.42   42.84    2.83   30.83   -2.64   47.82    3.11
          0   44.07   33.34   48.70   33.83
   SERB        3929  281.34   -1.61  116.00    7.56   -1.36   51.90    3.46  344.00    0.00  3
     -12.10   -1.30   58.91    3.63    7.17   -1.63   52.15    3.24
          1  -11.54   36.29   44.33   74.99
