  01362       8.36   61.67  -10.34   -9.23    3.86    3.41   36.66   35.56    3.32    3.19  3
  07560       3.58   44.12    3.17    8.90    5.14    5.15   46.16   45.73    3.59    3.69  3
  11916      19.57   48.93   39.69   42.93    4.96    4.95   46.01   45.83    3.03    3.13  3
  12510      15.73   50.73   32.67   35.44    5.50    5.76   41.01   42.35    3.40    3.61  3
  14652      18.27   43.72   13.66   15.08    5.73    5.59   41.61   41.40    5.49    5.48  3
  15317      22.53   45.28    0.65    0.26    4.54    4.30   42.71   44.29    3.78    3.72  3
  15600      23.67   42.83   30.45   31.48    4.81    4.62   59.90   59.79    4.83    4.79  3
  16134      10.70   44.20   10.31    7.23    3.29    3.28   42.41   45.72    3.18    3.20  3
  22529      35.88   64.23    3.55    3.63   -0.92   -0.93   57.39   56.91    7.73    7.76  3
  22805      30.95   61.38  -16.12  -15.01   -2.47   -2.36   46.21   46.47    5.99    5.98  3
  22892      28.80   60.72   -3.59   -2.65    0.91    1.02   35.43   35.23    3.32    3.38  3
  23606      53.80   63.57   29.67   30.00   -0.31   -0.38   54.17   53.83    3.33    3.32  3
  23711      56.20   62.70   -0.43    0.05   -0.46   -0.53   35.60   34.78    3.55    3.55  3
  23758      77.31   62.15   -4.46   -3.49   -2.05   -1.98   28.02   27.66    3.25    3.25  3
  24725     111.23   62.53   28.91   29.13   -1.64   -1.62   51.99   52.04    3.12    3.14  3
  25648     167.85   63.20    1.05    3.01   -1.09   -1.09   46.23   45.95    4.07    4.10  3
  25745     166.21   62.46   20.65   23.62   -0.12   -0.13   53.46   51.50    3.51    3.52  3
  25941     163.01   60.73   -4.92   -4.92   -0.18   -0.14   38.67   38.78    3.47    3.48  3
  25956     169.58   60.45   -0.66    0.40    1.78    1.84   44.59   45.51    4.86    4.86  3
  26069      30.13   59.35   -1.41    0.15   -0.08    0.09   40.39   39.77    3.87    3.87  3
  26072      31.05   59.93   13.91   14.13   -1.95   -1.78   57.79   57.51    3.26    3.23  3
  26258      28.42   57.80   11.63   10.89   -0.41   -0.37   47.37   48.26    5.50    5.52  3
  27051      42.76   59.98   -0.70   -0.72   -0.55   -0.52   37.20   37.37    3.17    3.18  3
  27223      39.13   58.48   -3.37   -3.68   -0.21   -0.16   39.72   40.46    4.67    4.66  3
  27675      46.33   55.18  -12.64  -10.96    0.21    0.36   46.28   45.54    3.68    3.67  3
  27857      42.62   53.50   18.55   18.26   -1.37   -1.26   46.65   47.53    3.23    3.24  3
  27858      43.32   53.33   -0.65   -0.83   -0.87   -0.76   24.86   24.99    3.24    3.25  3
  27906      36.03   53.00    1.87    0.50   -1.80   -1.64   35.70   36.14    3.26    3.25  3
  27962      45.02   53.13   17.94   18.11   -0.92   -0.82   36.13   37.04    3.21    3.19  3
  28411      53.45   56.83   20.86   19.72   -1.12   -1.08   46.57   47.03    3.27    3.29  3
  28886      72.37   53.63  -25.35  -25.72   -0.59   -0.52   44.08   43.29    6.19    6.17  3
  29464      90.59   56.65    2.55    2.64   -0.31   -0.38   31.15   32.10    3.19    3.18  3
  29471      93.13   56.92    8.74    9.85   -0.39   -0.48   58.59   57.38    3.24    3.26  3
  29562      91.67   56.10   -5.03   -7.94    0.06   -0.04   51.39   49.37    4.02    4.02  3
  30627     105.53   53.10  -19.78  -21.89   -0.38   -0.52   48.28   48.19    3.24    3.27  3
  31096     149.03   59.15   23.29   24.47   -0.77   -0.82   48.72   47.06    3.52    3.54  3
  31168     138.15   56.45  -13.20  -12.85    1.22    1.22   58.91   56.39    9.83    9.84  3
  31439     140.47   52.38   -8.08   -9.76    0.42    0.36   51.26   52.01    4.60    4.59  3
  31561     137.03   50.60    0.87    3.18    0.17    0.18   44.14   44.42    3.17    3.16  3
  31707     130.97   47.73    5.80    4.45   -0.24   -0.20   44.82   44.16    4.32    4.35  3
  31733     135.88   48.81    0.76   -0.71    0.09    0.18   39.18   35.50    4.49    4.48  3
  32099     144.73   48.65  -18.13  -17.28    0.06    0.24   41.40   40.36    3.46    3.45  3
  32389     160.83   56.32    3.07    1.97    0.85    0.65   52.76   51.67    5.42    5.51  3
  32509     159.94   54.08  -11.86  -12.20    0.98    0.96   52.28   53.58    3.51    3.57  3
  33754      29.01   47.76   36.87   34.98   -1.43   -1.38   56.57   56.78    3.20    3.18  3
  34555      43.10   48.37  -11.75  -12.34   -0.70   -0.61   43.77   44.50    3.21    3.22  3
  34759      43.67   46.57    4.79    4.85   -2.01   -1.84   39.58   39.23    3.31    3.31  3
  36003      76.95   52.28   11.04   11.13   -1.77   -1.76   38.73   38.20    3.21    3.23  3
  36744      75.12   45.63   13.21   12.26   -2.03   -2.09   53.29   51.27    3.44    3.44  3
  36859      80.06   44.17   43.82   43.57   -1.37   -1.56   47.88   50.14    3.41    3.44  3
  37036      41.97   44.63    4.31    3.21   -1.39   -1.28   51.16   51.97    3.67    3.67  3
  37085      46.55   44.39   -3.44   -4.36   -1.06   -0.97   35.00   33.98    3.17    3.12  3
  37545      44.76   41.75   29.27   33.24    2.50    2.34   39.14   39.13    5.34    5.35  3
  38396      60.57   41.57    4.96    5.70   -1.29   -1.30   37.56   37.61    3.03    3.00  3
  38599      69.73   40.22  -13.36  -11.16    1.96    1.93   40.50   42.45    3.58    3.60  3
  38806      64.36   38.46   -0.78   -2.19   -2.51   -2.50   30.82   29.86    3.17    3.16  3
  38838      68.34   38.04    9.26    7.48    1.12    1.13   57.67   57.68    3.30    3.32  3
  38957      71.65   36.72   36.59   39.80    1.03    1.19   54.15   52.06    9.04    9.08  3
  41739      64.09   26.97   27.07   26.00   -1.67   -1.34   59.07   58.41    3.43    3.44  3
  41749      68.37   26.25  -28.96  -19.31   -1.19   -0.33   42.93   40.20    3.26    3.25  3
  43226      74.45   14.28   -1.57    2.29   -2.31   -1.90   33.72   33.59    3.04    2.90  3
  43353      76.27    9.94    9.60   10.17   -0.56   -0.61   33.53   33.86    3.28    3.31  3
  48839     107.72   20.13   -7.70   -6.84   -0.49   -0.48   30.91   31.11    3.23    3.17  3
  54826     117.10   36.25   20.56   22.28    3.45    3.72   57.12   60.65    3.13    3.21  3
  58931     118.10   25.72   10.73    8.34    4.43    4.46   53.32   57.29    3.44    3.51  3
  59997     114.38   10.38   14.85   14.65   -0.58   -0.50   33.97   34.06    4.36    4.36  3
  61986      59.62  -16.45   -2.32   -2.61   -2.59   -2.46   10.08    9.99    3.12    3.21  3
  63729      31.82   -1.33   39.63   37.53   -0.70   -0.75   53.99   52.88    3.84    3.83  3
  63733      33.79   -1.50   35.08   34.39   -0.51   -0.50   44.77   43.88    3.66    3.71  3
  63756      32.92   -2.47   24.16   26.97    1.03    0.95   46.43   44.10    3.14    3.14  3
  63962      35.58  -10.68   36.01   36.08    2.68    2.67   48.12   48.20    5.03    5.01  3
  64390      29.32   -3.32   -5.45   -6.91    3.86    3.82   56.57   61.59    5.66    5.64  3
  65046       8.52   12.05    8.53    6.52    0.26    0.33   58.09   57.42    3.76    3.72  3
  65592     352.63    4.42   17.68   18.95    0.73    0.70   55.80   55.49    3.19    3.17  3
  68649      26.80  -31.12   25.44   24.12    1.13    1.00   57.58   56.17    3.59    3.54  3
  70414     174.12   52.72    3.55    4.86   -0.44   -0.35   34.44   37.04    3.87    3.76  3
  71641     284.33   62.17   18.14   19.55   -0.99   -0.80   56.14   56.30    4.79    4.79  3
  71778     236.48   48.28   19.86   12.41    5.16    4.68   58.22   53.35    3.35    2.93  3
  72201     278.25   24.55   13.03   12.58    1.70    2.04   39.44   39.38    7.90    7.82  3
  72383     241.27   34.75  -21.92  -30.35    3.64    3.36   49.93   62.42    3.99    3.99  3
  76243     259.48   28.70   -3.48   -2.64   -2.30   -2.17   38.03   32.42    3.53    3.52  3
  78384     278.66   19.28   -1.34   -0.53   -1.26   -0.99   39.39   34.18    3.67    3.64  3
  78958     298.22   12.00    7.65    8.92   -1.95   -1.67   22.47   22.22    3.55    3.66  3
  80001     278.28   12.58    0.28   -0.13   -1.50   -1.41   18.95   18.17    3.82    3.79  3
  80022     284.49   10.45   17.05   20.29    0.35    0.40   40.36   40.25    5.79    5.73  3
  85874     288.30  -45.92    3.99    3.69    3.60    3.51   43.05   42.44    3.36    3.39  3
  87852     288.98  -46.52   12.05    8.07   -0.04    0.06   46.77   46.07    4.12    4.24  3
  87896     294.08  -47.73   -0.42   -0.44    1.02    1.74   40.01   39.76    3.34    3.46  3
  88881     301.90  -51.67   11.33   10.41    5.45    5.70   59.82   59.14    6.69    6.88  3
  88963     303.02  -63.40  -25.71  -22.76    1.11    0.99   59.15   60.17    4.48    4.47  3
  89053     301.37  -62.23  -14.14  -14.84    2.88    2.85   31.12   31.64    3.22    3.33  3
  89055     303.28  -64.23    3.70    3.02    3.94    3.91   46.56   45.60    3.94    3.99  3
  89058     301.03  -62.22   -1.82   -2.11    9.04    9.13   29.77   30.64    6.16    6.23  3
  89061     295.92  -64.77   16.54   13.14    1.93    1.79   47.71   47.38    3.47    3.47  3
  91258     169.85   11.23   -2.95    0.13    1.13    1.13   56.03   53.66    5.22    5.20  3
  91350     159.78    6.66   -0.61   -3.68    0.03    0.09   58.47   57.55    3.80    3.74  3
  91623     176.00   -1.35   -4.02   -4.27   -1.23   -1.17   39.64   39.25    3.83    3.81  3
  91762     188.22  -13.80   25.20   25.49   -2.40   -1.56   50.37   49.85    4.33    4.18  3
  92035     147.22   -9.38   24.75   24.43    0.59    0.56   49.36   49.65    4.23    4.22  3
  93498     176.21  -40.90    6.83    4.74    3.89    4.19   27.04   27.02    3.07    3.59  3
  94812     139.75  -37.17   -4.64   -5.16    1.52    1.31   31.23   31.48    3.03    2.98  3
  94903     147.27  -36.87   43.34   38.28    2.68    2.70   49.28   47.69    4.40    4.40  3
  94962     146.27  -43.65   10.74    8.40    2.46    2.74   26.72   24.94    3.39    3.65  3
  95881     145.60  -38.60   20.59   22.12    0.50    0.20   44.04   42.38    3.31    3.10  3
  95952     145.53  -41.85   13.22   14.39    6.06    6.12   32.08   33.57    3.46    3.59  3
  95986     148.00  -43.23    1.06   -2.39   -2.06   -1.62   20.10   19.24    3.10    2.83  3
  96147     108.38    3.95   24.28   18.95   -0.22   -0.12   57.10   56.43    3.08    3.04  3
  96837     110.42   -6.97    9.39    8.73    0.23    0.41   57.31   55.76    3.34    3.34  3
  BKR        73.50   28.00   -6.88   -4.84    0.42    1.50   45.14   46.01    4.04    3.82  3
  CWQK      236.47   48.30   21.91   13.69    5.32    4.85   52.69   45.59    3.33    2.94  3
  23518      57.62   64.27   -3.48   -3.12    0.17    0.12   41.71   41.16    3.49    3.55  3
  27106      36.43   58.85   -7.85   -5.38   -0.98   -1.00   52.19   52.08    3.99    3.99  3
  43205      76.84   15.15  -15.93  -13.26   -4.09   -3.67   37.18   36.63    4.21    4.11  3
  43257      75.08   13.50   14.09   22.76   -1.19   -0.82   39.96   41.57    3.69    3.69  3
  43291      76.70   12.30   35.68   40.70   -3.84   -3.44   56.61   55.14    5.05    5.03  3
  67221      37.54  -13.73  -12.73  -14.42    3.37    3.35   39.96   38.87    3.06    3.08  3
  67586      33.77  -13.78   17.70   18.73   -0.30   -0.28   38.87   38.25    4.64    4.66  3
  63210      49.18   11.28    7.17    0.97    4.39    4.69   51.35   47.11    5.37    5.40  3
  67853      27.00  -18.63   42.52   43.38    0.08    0.06   44.39   45.14    5.60    5.57  3
  68454      27.57  -29.45   33.43   36.23   -0.35   -0.35   57.08   57.24    4.79    4.80  3
  95909     148.28  -36.50    6.48    7.24    7.22    7.29   41.46   48.68    4.59    4.61  3
