   23460          8   88.30    6.56  221.00  -47.30   -0.78   41.76    1.11  370.00    4.00  3
     -48.05   -0.68   46.81    1.07  -46.17   -0.46   40.42    1.07
          0   -2.46  -64.00   31.19   18.24
   2IWZ7         19  223.40   58.80  106.00   12.55    4.63   66.59    3.44  137.00    5.00  3
       6.20    5.38   46.97    3.56   13.27    4.48   55.90    3.31
          0  -15.33   35.91   71.37   54.54
   3FRT8         42  126.50   37.30  189.00   -3.69   -0.05   78.32    2.00  193.00    4.00  3
     -14.41    0.11   47.34    2.01   -4.43    0.45   75.57    1.74
          0  -18.02  -24.23   70.53   83.86
   44009         86  285.30   38.50  140.00   22.65   -0.95   63.82    1.43  734.00    0.00  3
      -4.12   -0.69   39.60    1.41   23.03   -0.42   61.19    1.21
          1   -9.84  112.28   21.40   60.85
   46118        172  237.40   48.70   73.00   50.24    2.65   57.62    1.56  419.00    0.00  3
      61.22    2.77   43.99    1.82   40.35    2.52   55.97    1.69
         33   45.00   54.66   67.89   38.51
   53056        195   94.94   -4.95  116.00  149.78    0.20   49.24    1.67 1084.00  619.00  3
     167.26    0.19   11.29    1.21  139.40    0.74   60.05    1.80
          0  170.49  163.91    6.00   14.32
   9HJD9        270  229.90   52.70  165.00    4.43    2.52   76.93    2.98  287.00    5.00  3
       0.56    2.71   68.05    3.23    2.99    2.43   75.22    2.81
          0  -31.51    4.03   93.79   38.21
   9V9375       287   40.20   18.10   60.00    8.65    1.67   62.48    2.53   99.00    4.00  3
      17.25    1.55   34.85    2.16    5.26    1.57   58.11    2.29
          5    0.47   22.53   56.07   37.63
   A8PQ8        302  285.10   38.60  228.00  -13.68    0.77   68.17    2.26 1227.00   14.00  3
     -17.59    0.79   44.00    2.14  -12.86    1.41   66.07    2.18
          0  -10.16   -5.52   29.78   24.20
   ACXS1        316  279.55   32.56  223.00   48.14   -2.85   55.22    1.11 5328.00    0.00  3
      37.14   -2.83   61.16    0.97   47.61   -2.50   53.43    0.89
          0   88.04   27.44   77.88   46.28
   C6JT8        373  273.20   20.70   60.00   19.97    0.58   87.74    3.14   63.00    3.00  3
      12.67    2.34  108.76    3.38   20.75    0.74   84.72    3.17
          0   18.98   19.83  135.50  109.95
   C6YA5        388  210.60   60.10  177.00   11.83    2.40   63.57    2.69  503.00    3.00  3
       8.63    1.97   51.21    1.92   12.36    2.23   61.68    2.55
          0  -17.55   40.55   39.70   45.25
   CPXC1        400  239.26   35.17  238.00  -67.26   -1.13   47.82    1.4038588.00    0.00  3
     -61.33   -1.09   56.81    1.32  -63.43   -0.69   47.60    1.20
          0 -114.14  -45.95   33.76   41.74
   DBLN6        424  280.65   42.49  238.00  108.32    4.02   45.55    2.08 1426.00    1.00  3
     116.70    3.40   54.20    1.68  108.32    4.02   45.55    2.08
          0  139.16   90.53   33.48   66.24
   DISW3        440  269.27   47.08  238.00  103.29    4.92   38.84    2.64 1425.00   14.00  3
     105.22    4.36   42.52    2.13  103.29    4.92   38.84    2.64
          0  113.97   85.78   23.46   25.64
   EBSW1        448  237.66   47.60  237.00   47.60   -0.20   45.58    0.76 2593.00    0.00  3
      83.55    0.06   55.72    0.72   29.96    0.23   45.75    0.67
          0   71.76   41.46   33.35   76.72
   HMRA2        477  208.58   59.60  238.00   20.40    0.43   60.70    1.50 5677.00    0.00  3
      22.82    0.47   60.58    1.47   15.14    0.10   61.59    1.58
          0   80.44    9.52   66.65   54.00
   HPUO         479  120.30   36.10  209.00    1.15    0.74   65.73    3.50  209.00    0.00  3
     -11.09    0.04   43.24    3.15    1.88    1.31   63.67    3.20
          1   12.89   -8.08  102.63   26.74
   ICAC1        481  241.50   34.01  237.00   14.29    0.79   60.25    0.81 2685.00    0.00  3
      21.67    0.76   37.52    0.79   24.03    0.81   54.16    0.82
          0   49.02   -0.17   25.19   67.30
   ILOH1        482  204.94   19.73  237.00   51.90   -0.39   57.57    1.3013415.00    6.00  3
      56.87   -0.34   62.86    1.06   43.94   -0.17   58.80    1.44
          0   47.76   59.48   54.83   62.59
   KWHH1        511  204.17   20.04  237.00   87.34   -1.29   51.45    1.53 2634.00   10.00  3
      90.25   -1.34   59.86    1.33   80.86   -0.73   56.15    1.53
          0   79.70   84.64   75.64   50.64
   MGRX2        545   24.50   59.80   67.00   -2.83    1.71   65.58    2.89   77.00    2.00  3
     -11.62    3.48   77.43    3.04   -4.54    1.87   60.50    2.75
          0  -15.32   -1.73   76.40   82.40
   MRNA2        552  225.74   58.20  238.00   -6.35    0.76   69.99    1.62 8386.00    0.00  3
      -3.04    0.28   75.43    0.96   -3.69    0.54   59.57    1.33
          0  -38.18   37.38   77.90   77.08
   MZXC1        554  237.87   38.03  237.00   48.11    3.10   27.74    1.32 2655.00    0.00  3
      62.83    3.04   27.49    1.20   38.54    3.29   33.67    1.48
          0   69.01   48.07   16.49   26.08
   PILM4        597  271.63   48.22  238.00  103.30    5.69   45.54    2.53 1426.00    6.00  3
     110.74    5.33   53.11    2.53  103.30    5.69   45.54    2.53
          0   92.47   70.64   30.76   27.32
   PORO3        601  235.50   42.74  113.00    8.36    0.00   60.08    1.35 1150.00    0.00  3
      22.39   -0.01   56.91    1.26   13.84    0.68   47.28    1.35
         40   11.73   27.27   66.13   42.71
   PSLC1        606  239.25   35.17  236.00  -54.43   -0.98   51.29    1.71 1250.00    0.00  3
     -49.68   -1.00   53.93    1.45  -51.92   -0.58   51.86    1.58
          0  -86.78  -39.22   49.97   35.19
   PTLA2        612  225.25   58.35  238.00  -20.42    0.39   65.79    1.18 8440.00    0.00  3
     -13.30    0.24   81.56    1.05  -16.12    0.22   69.84    1.14
          0  -65.29   13.98  103.21   48.64
   ROAM4        619  270.69   47.87  237.00   99.33    6.50   45.83    2.87 1419.00   13.00  3
      94.95    5.91   58.34    2.93   99.33    6.50   45.83    2.87
          0   94.07   64.11   37.94   17.36
   SBIO1        629  277.16   41.63  238.00   98.15    4.46   42.45    2.19 1427.00    3.00  3
      96.76    4.03   47.34    1.85   98.15    4.46   42.45    2.19
          0   90.84   85.94   45.66   34.33
   SGNW3        635  272.31   43.75  238.00   97.85    4.81   54.14    2.34 1424.00    3.00  3
     102.62    4.75   73.02    2.31   97.85    4.81   54.14    2.34
          0   84.94   83.42   50.36   64.29
   STDM4        646  272.78   47.18  237.00  103.52    6.95   51.99    3.02 1427.00   20.00  3
     111.93    6.85   66.45    3.58  103.52    6.95   51.99    3.02
          0   93.46   77.61   51.25   59.24
   TKEA2        659  224.78   57.78  238.00  -49.13    1.43   69.35    1.50 8428.00    0.00  3
     -49.72    1.16   90.59    1.24  -40.11    1.27   64.75    1.34
          0 -103.89  -44.78   81.79   82.13
   VDZA2        686  213.64   61.13  228.00   54.60   -0.55   41.29    1.04 2523.00    0.00  3
      55.94   -0.47   40.52    0.90   47.92   -0.78   42.88    1.16
          0   37.04   38.07   35.42   34.97
   VTWS         740   93.20   13.00  201.00   -9.57   -2.59  102.14    1.85  410.00   29.00  3
      -7.09   -2.83  150.27    1.57   -8.34   -1.97   99.86    1.67
          0  -13.78   84.93  138.78   65.97
   VTXB         741   84.20   17.00  164.00  -90.08   -2.79   98.55    3.61  434.00  140.00  3
    -148.48   -3.09   27.82    2.85  -90.09   -1.49   99.22    3.22
          0 -157.88  -39.39   11.01  136.28
   9HJF9        838  225.00   58.30  111.00    3.12    3.21   62.16    3.40  133.00    3.00  3
       6.32    2.73   46.10    2.80   -1.57    3.04   56.94    3.09
          1    0.83   10.45   45.64   40.07
   9V2911       840  196.90   31.00  106.00  -10.91    2.55   60.27    3.99  127.00    9.00  3
      -5.89    1.97   46.45    4.03  -10.48    2.59   56.90    3.94
          0   -6.56   30.84   46.14   66.54
   C6FM9        864  297.10   16.40   64.00   16.41    2.61   66.69    3.07  114.00   26.00  3
      -8.35    2.27   37.56    2.72   14.18    3.27   64.06    2.93
          0  -17.98   -8.35   30.41   31.40
   TBWUK79      938   53.70   25.40   72.00    4.40   -0.15   42.38    2.16   80.00    0.00  2
      -2.19   -0.21   21.87    2.11    1.86    0.10   39.35    2.04
          0   -1.60    6.97   16.16   48.15
   TCZF2        942  340.60   35.40   67.00  -15.54    2.39   60.47    3.38   68.00    0.00  3
      -8.97    1.96   36.88    2.94  -12.83    2.40   57.83    3.31
          1   -8.09   26.82   86.15   46.88
   ZCDF4        996  220.00   58.80   80.00    0.66    3.71   66.27    3.07   98.00    0.00  3
       1.19    3.47   50.74    3.24    0.50    3.71   60.68    2.80
          0   -8.38    6.48   85.67   27.88
   23093       1001   88.00   16.47  203.00  -17.33   -0.95   68.24    1.26  349.00   10.00  3
     -22.57   -0.98   13.96    0.93  -17.67   -0.51   67.00    1.00
          0  -28.40  133.29    5.71   52.57
   PHOS        1083  224.70   58.20   63.00    1.12    2.54   61.49    2.71   80.00    0.00  3
       6.89    2.79   35.74    3.03   -5.26    2.45   59.13    2.50
          1   -0.71   15.98   69.35   28.25
   PINX        1084  228.70   54.50  106.00   13.09    3.38   64.53    3.18  196.00    1.00  3
      11.87    2.74   52.15    2.78    7.52    3.13   62.93    3.08
          0    5.34   30.74   50.55   58.01
   PSBM1       1085  293.01   44.90   63.00    4.90   -0.46   70.35    1.31  132.00    0.00  3
     -16.70   -0.42   41.68    1.27    6.66   -0.09   64.82    1.23
          2  -15.80  -24.52   72.16   62.61
   ZCDG4       1120  229.90   52.50   87.00    9.17    3.24   68.46    3.63   98.00    0.00  3
      13.11    2.95   61.64    2.58    8.23    3.19   68.00    3.34
          0   40.01    2.30   73.64   77.40
   ZCDY2       1121  224.80   58.90   70.00   -4.48    4.08   60.90    3.40   76.00    2.00  3
     -15.49    3.61   41.37    3.81   -1.37    3.86   59.26    3.32
          1   -1.37  -23.05   38.29   84.81
   UFLT        1396  179.90   63.10   60.00  -38.07    1.65  100.15    2.49   69.00    8.00  3
     -57.66    1.64  121.70    3.09  -32.08    2.10   95.88    2.33
          0   19.73 -117.18  145.71   65.38
   VTFG        1431   92.80   11.50  122.00   16.27   -2.99   91.25    4.13  307.00  115.00  3
      85.85   -2.95   57.15    4.18   15.56   -1.74   89.11    3.70
          0   45.29   55.89   92.60   62.29
   46125       1439  237.40   47.90   62.00  109.66   -1.47   57.86    0.68  153.00    0.00  3
     136.45   -1.46   48.46    0.70  103.42   -1.24   56.62    0.60
          1  118.31  141.19   71.37   36.73
   VWSM        1452   83.30   17.70  102.00  -58.87   -1.92   94.59    1.75  174.00    2.00  3
     -99.23   -1.97   93.89    1.63  -59.96   -1.17   93.23    1.67
          4  -37.91  -16.83  131.62  163.32
   UBSI9       1522  149.90   58.30   57.00   -6.60    1.25   65.80    2.43   58.00    0.00  3
     -10.55    1.33   44.21    1.94   -6.46    1.53   60.67    2.24
         17  -16.74   -7.65   61.45   41.75
   45150       1607  245.90   62.00  168.00  -63.15   -0.49  106.03    1.25  848.00  128.00  3
    -118.45   -0.46   43.33    1.08  -62.64   -0.61  106.58    1.31
          0 -105.42 -128.34   68.77   18.92
   C6CG4       1842    1.70   38.80  143.00    5.22    1.24   61.05    2.65  225.00    1.00  3
       7.79    1.02   40.36    2.47    1.74    1.23   57.33    2.49
          0   19.33    9.91   65.72   24.79
   BATFR15     1891  359.70   54.80  106.00    6.14    0.93   74.17    2.88  569.00   76.00  3
       6.98    2.58   68.54    2.89    7.71    1.11   70.13    2.48
          0  -52.49   41.71   48.36  100.56
   PSBC1       2094  238.11   38.04  139.00   55.96    2.56   22.02    1.40 1546.00    0.00  3
      74.34    3.47   20.37    1.75   43.39    2.80   18.59    1.47
          0   60.49   57.53   11.11   20.42
   53040        194   95.00   -8.02   61.00  171.57   -0.59    5.27    1.00 1101.00  901.00  1
     172.66   -0.42    4.12    0.68  171.53   -0.35    6.34    0.95
          1  172.62  172.86    3.44    4.07
