   3EMT9         30  173.30  -41.00   73.00   -4.20   -5.36   56.73    3.22   79.00    1.00  3
      -3.99   -5.67   37.43    3.72   -0.05   -5.08   56.53    3.26
          3   11.77  -10.06   41.81   41.93
   5BYB4        196  299.80   39.10  102.00    0.74    0.91   39.71    3.07  106.00    4.00  3
      -4.38    0.26   22.55    2.37    0.04    0.97   33.43    2.87
          1   -7.97   -7.26   42.45   17.42
   9V8839       283    8.70  -27.60   72.00   -9.51   -0.01   32.80    3.32   72.00    0.00  3
      -9.53    1.16   22.25    1.85   -7.45    0.15   27.32    3.17
         46  -16.08   -0.60   36.41   15.01
   C6BR3        370  290.80   36.80  115.00    2.79    3.74   38.71    3.13  141.00    3.00  3
      -0.10    3.18   22.84    3.13    4.97    3.60   33.37    2.98
          0   -4.59   -2.73   18.89    9.43
   PBAD         579  227.80   52.40  140.00   -4.13    3.02   58.69    3.14  205.00    2.00  3
       0.03    2.91   37.74    2.56   -5.99    2.99   50.79    2.98
          1   -0.23   -0.55   29.91   34.69
   PHET         595  218.80   58.80  159.00    5.55    3.02   58.30    3.06  386.00    4.00  3
       6.26    2.86   47.84    2.81    4.98    2.89   56.48    2.86
          0  -13.63    5.60   71.49   31.18
   VRDU9        703  326.80   -5.70   96.00    3.27    4.16   29.18    3.55  198.00    5.00  3
       5.58    3.63   17.45    2.19    2.41    3.96   29.11    3.45
          5    5.43   -0.38   14.30   23.76
   VRRI4        731  330.20   -8.60  229.00   -8.98    2.34   57.92    3.61 1348.00   52.00  3
      -7.01    2.30   36.51    3.34   -5.32    2.15   47.68    2.97
          0  -15.60    0.55   20.41   45.40
   VVFH         743   87.60   20.80   70.00  -14.71    1.57   47.47    3.07   71.00    1.00  3
     -15.40    1.52   47.95    2.94  -14.24    1.49   41.70    2.66
          1  -30.50    8.70   43.24   45.48
   WYT8569      796  206.90   58.30   98.00   -4.84    2.06   39.79    3.50  129.00    4.00  3
      -5.09    1.59   27.17    2.77   -5.60    2.12   40.59    3.31
          1    8.61   -5.09   24.98   18.47
   ZDNC2        808    4.50   53.40   79.00   14.95    1.97   46.58    3.00   79.00    0.00  3
       8.31    1.64   25.59    2.83   16.17    1.99   43.76    2.86
          3    7.70    9.02   31.38   15.14
   ZDNC6        809   90.50    6.10   63.00    7.38    0.74   31.21    4.52   64.00    1.00  3
      11.49    1.44   15.04    3.48    6.68    0.89   29.67    4.29
          4   10.69    9.67   14.63   21.28
   C6VG7        875  226.60   53.80   81.00   -6.09    3.16   47.91    3.16  150.00    1.00  3
      -5.30    2.73   32.61    2.51   -2.94    3.02   43.97    2.95
         23  -11.80   -2.72   33.91   41.88
   DCQN         894    6.90   53.30   89.00    2.07    1.43   39.56    3.60   90.00    0.00  3
      -4.17    1.94   24.97    3.27    5.09    1.76   36.40    3.41
          1   11.66  -11.49   29.14   24.22
   PBLQ         921  148.50   10.20   58.00   10.75    2.39   37.17    3.15   67.00    0.00  3
       5.12    2.18   28.23    3.54    8.24    2.28   31.27    2.91
          0   13.37    4.64   27.96   32.47
   VRID2        962  122.70   24.10  123.00   13.89    2.11   48.05    3.12  124.00    0.00  3
      18.43    2.07   38.94    2.97   12.51    2.07   38.26    2.74
          0   20.38   19.82   58.77   57.39
   WNGW         989  207.40   57.90   57.00   -5.04    2.67   31.94    3.37   70.00    1.00  3
      -1.74    2.15   19.99    3.29   -8.90    2.77   29.39    3.35
          4   -1.08   -4.07   20.22   19.22
   WNTL         990   65.30   18.20   99.00   -4.00    1.83   30.42    3.27  104.00    1.00  3
      -1.80    0.93   21.79    1.91   -2.34    1.90   28.14    3.09
          0   -4.54    2.56   19.20   20.91
   ELZU2       1050  350.60   44.80   73.00   33.10    0.94   58.90    4.08  101.00   27.00  3
      17.44    0.67   59.91    3.28   31.73    1.17   59.16    4.00
          2   38.62   19.36   62.25   39.03
   SLKQ        1091   18.20   36.40   74.00   -0.60    2.94   42.40    4.19   82.00    7.00  3
       1.78    1.61   22.39    2.85    0.24    3.01   42.20    4.13
          0    1.29    1.02   25.85   21.85
   ZCEF6       1122  326.20   48.10   86.00    2.13    4.02   37.25    3.54  100.00    3.00  3
      -0.43    4.05   20.93    3.98    2.67    3.89   34.85    3.46
          0    3.25   -2.54   15.77   20.51
   2HFZ7       1125  124.00   26.40   91.00    3.11    3.46   42.55    3.15  109.00    2.00  3
       0.94    2.88   27.82    2.84    3.22    3.38   36.79    2.95
          9    3.32    2.88   30.07   30.40
   3ELP9       1127  285.60   18.80   65.00  -14.62    1.40   41.09    3.04   71.00    1.00  3
      -7.96    1.10   25.17    2.48  -12.07    1.39   35.65    2.61
          9    0.13   -8.62   27.44   26.68
   C6BI7       1232  294.80   33.10   59.00    5.43    4.07   22.53    3.09   61.00    0.00  3
       2.63    4.13   15.29    3.82    5.93    4.05   20.30    2.88
          8    4.18   -0.87   17.05   17.39
   VRRB5       1256   72.30   11.60   97.00   -3.38    0.20   45.65    3.97  430.00   37.00  3
       3.68    0.14   20.92    3.30   -2.33    0.42   41.82    3.41
          0  -15.23   10.01   58.71   18.39
   PBWQ        1360  223.70   58.70   92.00    7.19    3.71   51.50    3.30  216.00    2.00  3
       4.97    2.75   29.34    2.61   -1.02    3.40   45.73    2.98
          1    1.09    1.96   27.43   38.38
   WBP3210     1369  289.10  -53.10  230.00   33.02   -2.88   47.53    4.22 1382.00    0.00  3
      33.00   -2.69   42.96    4.27   30.39   -1.92   42.69    3.78
          0   -3.82   43.19   20.98   43.60
   ZCEF2       1376  354.40   49.90   57.00   24.29    0.56   57.91    3.67   61.00    0.00  3
       9.50    1.23   26.38    3.03   23.38    0.58   49.67    3.41
          5   -0.11   15.47   16.87   33.26
   VRJT8       1402  280.50   32.50  151.00   10.16    1.25   44.86    3.15  156.00    1.00  3
       9.35    0.90   25.75    2.46    9.11    1.34   36.94    2.76
         17   10.16    6.60   42.76   34.97
   BKIE        1513  122.80   29.90   59.00   -7.84    2.24   42.33    3.62  100.00    7.00  3
      -9.81    2.13   31.84    4.07   -5.71    2.33   44.11    3.36
         11  -11.49   -7.45   25.36   43.56
   WDI5794     1560  209.00   61.10   61.00   29.12    1.56   56.51    3.01   62.00    0.00  3
      26.08    1.13   31.41    2.60   31.24    1.18   68.43    3.03
          6   26.29   28.08   27.79   39.34
   D5KF6       1582  149.50  -38.60   98.00   10.55    4.18   45.15    3.60  133.00   31.00  3
      13.13    4.89   37.99    3.70    9.82    3.93   42.25    3.34
          0   -2.12   16.89   40.94   39.31
   VRBI3       1630   43.50  -27.30   97.00   21.23   -1.36   57.84    3.52  100.00    1.00  3
      15.44   -0.65   32.86    2.78   18.64   -1.09   55.97    3.29
         17    0.83   33.69   14.69   23.31
   WMDQ        1754   38.00   20.80   68.00   16.66   -1.09   43.05    3.03   69.00    0.00  3
       9.91   -1.03   35.88    2.55   14.59   -0.64   39.26    2.58
          4    3.49    3.77   44.94   35.15
   D5QI4       1757   34.40   27.00   63.00   -7.37    2.38   47.34    3.13   66.00    1.00  3
       6.93    2.42   25.14    3.27   -2.04    2.17   38.20    2.68
          4    3.90   10.51   21.41   19.51
   VRUR7       1983  310.10   11.70   65.00   -6.41    3.78   27.26    4.00  170.00    1.00  3
      -0.26    3.97   14.23    4.63   -7.96    3.57   24.70    3.61
          1    0.57   -0.85   13.69   21.98
