  3EMT9     173.30  -41.00   -4.20   -0.05   -5.36   -5.08   56.73   56.53    3.22    3.26  3
  5BYB4     299.80   39.10    0.74    0.04    0.91    0.97   39.71   33.43    3.07    2.87  3
  9V8839      8.70  -27.60   -9.51   -7.45   -0.01    0.15   32.80   27.32    3.32    3.17  3
  C6BR3     290.80   36.80    2.79    4.97    3.74    3.60   38.71   33.37    3.13    2.98  3
  PBAD      227.80   52.40   -4.13   -5.99    3.02    2.99   58.69   50.79    3.14    2.98  3
  PHET      218.80   58.80    5.55    4.98    3.02    2.89   58.30   56.48    3.06    2.86  3
  VRDU9     326.80   -5.70    3.27    2.41    4.16    3.96   29.18   29.11    3.55    3.45  3
  VRRI4     330.20   -8.60   -8.98   -5.32    2.34    2.15   57.92   47.68    3.61    2.97  3
  VVFH       87.60   20.80  -14.71  -14.24    1.57    1.49   47.47   41.70    3.07    2.66  3
  WYT8569   206.90   58.30   -4.84   -5.60    2.06    2.12   39.79   40.59    3.50    3.31  3
  ZDNC2       4.50   53.40   14.95   16.17    1.97    1.99   46.58   43.76    3.00    2.86  3
  ZDNC6      90.50    6.10    7.38    6.68    0.74    0.89   31.21   29.67    4.52    4.29  3
  C6VG7     226.60   53.80   -6.09   -2.94    3.16    3.02   47.91   43.97    3.16    2.95  3
  DCQN        6.90   53.30    2.07    5.09    1.43    1.76   39.56   36.40    3.60    3.41  3
  PBLQ      148.50   10.20   10.75    8.24    2.39    2.28   37.17   31.27    3.15    2.91  3
  VRID2     122.70   24.10   13.89   12.51    2.11    2.07   48.05   38.26    3.12    2.74  3
  WNGW      207.40   57.90   -5.04   -8.90    2.67    2.77   31.94   29.39    3.37    3.35  3
  WNTL       65.30   18.20   -4.00   -2.34    1.83    1.90   30.42   28.14    3.27    3.09  3
  ELZU2     350.60   44.80   33.10   31.73    0.94    1.17   58.90   59.16    4.08    4.00  3
  SLKQ       18.20   36.40   -0.60    0.24    2.94    3.01   42.40   42.20    4.19    4.13  3
  ZCEF6     326.20   48.10    2.13    2.67    4.02    3.89   37.25   34.85    3.54    3.46  3
  2HFZ7     124.00   26.40    3.11    3.22    3.46    3.38   42.55   36.79    3.15    2.95  3
  3ELP9     285.60   18.80  -14.62  -12.07    1.40    1.39   41.09   35.65    3.04    2.61  3
  C6BI7     294.80   33.10    5.43    5.93    4.07    4.05   22.53   20.30    3.09    2.88  3
  VRRB5      72.30   11.60   -3.38   -2.33    0.20    0.42   45.65   41.82    3.97    3.41  3
  PBWQ      223.70   58.70    7.19   -1.02    3.71    3.40   51.50   45.73    3.30    2.98  3
  WBP3210   289.10  -53.10   33.02   30.39   -2.88   -1.92   47.53   42.69    4.22    3.78  3
  ZCEF2     354.40   49.90   24.29   23.38    0.56    0.58   57.91   49.67    3.67    3.41  3
  VRJT8     280.50   32.50   10.16    9.11    1.25    1.34   44.86   36.94    3.15    2.76  3
  BKIE      122.80   29.90   -7.84   -5.71    2.24    2.33   42.33   44.11    3.62    3.36  3
  WDI5794   209.00   61.10   29.12   31.24    1.56    1.18   56.51   68.43    3.01    3.03  3
  D5KF6     149.50  -38.60   10.55    9.82    4.18    3.93   45.15   42.25    3.60    3.34  3
  VRBI3      43.50  -27.30   21.23   18.64   -1.36   -1.09   57.84   55.97    3.52    3.29  3
  WMDQ       38.00   20.80   16.66   14.59   -1.09   -0.64   43.05   39.26    3.03    2.58  3
  D5QI4      34.40   27.00   -7.37   -2.04    2.38    2.17   47.34   38.20    3.13    2.68  3
  VRUR7     310.10   11.70   -6.41   -7.96    3.78    3.57   27.26   24.70    4.00    3.61  3
