  AYMH      144.30   -5.83  118.89  117.70    1.85    1.84   45.53   45.26    2.68    2.69  3
  AYNZ      146.72   -6.57  -16.01  -14.39    3.68    3.64   62.96   65.47    2.18    2.18  3
  CWAE      237.05   50.13   30.54   32.87   -0.41   -0.94   65.07   65.91    0.72    0.89  3
  CYCP      240.72   52.11   33.40   31.15   -0.62   -0.84   86.30   84.63    1.00    1.05  3
  CYDA      220.87   64.04   -3.71   -4.19    0.03   -0.05   68.64   68.36    1.16    1.16  3
  CYDB      220.95   61.36   14.98   16.01    1.24    1.18   62.10   60.46    1.43    1.47  3
  CYDC      239.49   49.46   33.62   35.78   -0.34   -0.65   72.63   67.17    1.07    1.19  3
  CYDL      230.00   58.42   -4.67   -6.71   -0.09   -0.28   67.54   66.54    1.19    1.27  3
  CYGE      243.02   51.30   54.89   50.77    0.38    0.09   67.94   67.97    1.01    1.10  3
  CYKA      239.56   50.70  -12.11  -14.90    1.13    0.91   61.88   62.75    1.29    1.38  3
  CYMA      224.14   63.61   33.54   33.05   -0.06   -0.15   61.10   61.04    0.93    0.95  3
  CYMU       56.00    6.00   -6.06   -6.03   -1.57   -1.44   70.60   70.73    3.70    3.70  3
  CYQQ      235.46   49.43   46.04   37.36    1.01    0.67   45.59   41.20    1.36    1.32  3
  CYQZ      237.49   53.02   30.24   26.98    0.34    0.19   62.00   59.09    1.11    1.15  3
  CYWH      236.62   48.41   24.87   13.44    0.96    0.60   67.80   61.60    1.51    1.37  3
  CYWY      236.57   63.21    8.50    7.29   -0.22   -0.36   60.67   57.07    1.33    1.36  3
  CYZW      227.26   60.17   -3.31   -3.85    0.41    0.29   70.68   69.81    1.00    1.09  3
  CZFA      226.63   62.20   16.12   13.94    0.02   -0.13   60.69   60.80    1.22    1.24  3
  DAAE        5.07   36.72   47.48   43.88    1.58    1.52   60.66   64.76    1.15    1.16  3
  DNPO        7.02    4.84   59.15   60.38   -1.47   -1.54   59.25   59.54    1.24    1.25  3
  DTTN        8.80   36.47   21.33   23.50   -0.42   -0.41   61.96   63.44    1.02    1.03  3
  EDNY        9.52   47.67   -4.68   -6.78    0.57    0.47   69.09   66.89    0.98    1.01  3
  ENOV        6.07   62.18    6.83    7.29    0.50    0.42   88.19   86.86    1.49    1.32  3
  FDST       31.95  -26.43   35.78   33.41   -0.98   -0.95   73.67   76.72    1.98    1.96  3
  FEFF       18.52    4.40   21.62   26.34    0.45    0.55   63.70   60.74    1.03    1.05  3
  FTTA       18.38    9.15   55.47   54.89    0.25    0.27   59.73   58.36    1.32    1.29  3
  GAMB      355.91   14.52   35.72   33.88   -0.67   -0.61   68.91   68.37    2.00    1.96  3
  GCGM      342.78   28.03   97.53   85.69   -3.63   -3.59   59.19   73.46    2.28    2.39  3
  GCTS      343.43   28.05   45.10   43.37    0.97    1.10   30.02   30.51    2.43    2.66  3
  GCXO      343.68   28.47   63.89   60.21    1.61    1.77   45.82   51.12    2.03    2.16  3
  GLRB      349.65    6.23   68.78   69.72   -1.25   -1.30   59.83   60.16    1.26    1.27  3
  GMTA      356.15   35.18   26.71   27.11    0.23    0.09   64.37   63.60    0.94    0.96  3
  GOGK      345.04   12.88   20.43   22.11   -0.33   -0.33   80.90   80.54    1.14    1.13  3
  GOOK      343.93   14.13   23.95   26.68   -1.50   -1.35   69.24   68.40    1.55    1.58  3
  HAAB       38.79    8.99    1.01    2.70    1.36    1.34   62.89   63.07    2.13    2.14  3
  HTIR       35.77   -7.63   65.17   64.95   -0.77   -0.70   45.16   45.60    1.60    1.57  3
  HTMG       37.65   -6.83   92.56   95.10   -0.89   -0.82   41.55   42.40    1.43    1.42  3
  HTSU       31.63   -7.97   47.30   47.43   -0.01   -0.04   45.22   45.49    1.15    1.12  3
  HTZA       39.22   -6.22   49.24   47.84   -1.26   -1.18   51.01   51.96    1.84    1.89  3
  K04V      253.83   38.10   59.48   61.26    0.22    0.10   54.76   57.11    2.13    2.08  3
  K0A9      277.83   36.36   66.65   62.15   -0.37   -0.43   49.23   47.89    0.85    0.75  3
  K12N      285.27   41.02   53.38   50.89   -1.19   -0.93   51.76   48.42    0.83    0.85  3
  K1A5      276.58   35.22   63.57   59.16   -0.76   -0.89   50.17   51.08    0.54    0.64  3
  K1A6      276.26   36.61   68.43   61.82   -0.60   -0.75   56.03   56.27    0.66    0.71  3
  K1A9      273.49   32.43   57.77   56.91   -1.37   -1.36   51.12   50.19    0.77    0.76  3
  K1AM      249.20   47.28   15.07   12.70   -0.07   -0.36   63.51   60.51    1.64    1.61  3
  K1J0      274.40   30.84   48.42   46.78   -1.11   -0.82   50.02   46.39    0.81    0.88  3
  K1P1      288.25   43.78   60.32   63.11   -1.03   -1.01   55.11   56.78    0.69    0.72  3
  K20V      253.63   40.04   69.70   72.19   -0.52   -0.81   51.98   52.57    1.24    1.56  3
  K24J      276.97   30.30   74.26   72.74   -1.54   -1.37   50.78   49.16    0.71    0.75  3
  K28J      278.42   29.65   47.61   46.31    0.19    0.49   37.00   38.09    0.77    0.89  3
  K2J9      275.45   30.60   56.27   52.51   -0.52   -0.32   45.95   41.72    0.66    0.72  3
  K3I2      277.90   38.90   63.13   64.95   -1.09   -1.02   59.00   58.52    0.57    0.61  3
  K3J7      276.86   33.60   48.18   42.51   -1.02   -0.81   42.69   38.69    0.75    0.86  3
  K3T5      263.05   29.91   48.75   42.07   -1.37   -0.81   43.64   40.39    0.90    0.89  3
  K40B      290.47   46.62   63.75   61.44   -1.23   -1.32   70.25   68.36    1.21    1.30  3
  K40J      276.44   30.07   51.53   48.15   -0.35   -0.19   38.19   35.00    0.75    0.76  3
  K4A6      274.00   34.68   59.52   62.14   -0.80   -0.66   48.48   47.56    0.78    0.93  3
  K4A9      274.28   34.47   51.27   54.81   -0.97   -0.78   45.75   44.73    0.77    0.91  3
  K4O4      265.14   33.90   83.14   80.01   -1.24   -1.33   44.84   42.52    0.84    0.90  3
  K5A6      270.27   33.46   58.04   56.73   -1.11   -1.07   49.92   49.00    0.75    0.81  3
  K5C1      261.31   29.72   58.38   54.56   -1.63   -0.92   50.42   49.26    1.08    1.03  3
  K5R8      266.53   30.43   52.28   52.93   -0.41   -0.53   49.60   47.66    0.71    0.72  3
  K65S      243.70   48.73   54.22   52.04   -0.23   -0.25   46.00   46.08    0.80    0.82  3
  K6A2      275.72   33.22   49.47   47.77   -0.64   -0.38   42.08   40.90    0.65    0.82  3
  K6L4      278.09   37.85  105.03  102.53   -1.34   -1.51   50.11   49.63    0.64    0.68  3
  K6R3      264.99   30.36   75.15   72.95   -1.12   -0.84   43.13   42.56    0.79    0.77  3
  K7W4      282.25   37.96   49.43   47.69   -0.89   -0.71   44.03   41.42    0.86    0.83  3
  K8B0      289.30   44.96   55.18   55.33   -0.42   -0.50   44.78   46.44    0.69    0.77  3
  K8W2      281.30   38.65   51.49   51.48   -0.73   -0.77   54.68   55.13    0.91    0.92  3
  KA08      272.62   32.51   45.96   44.20   -0.79   -0.82   44.90   44.70    0.79    0.83  3
  KACB      274.80   44.99   45.40   47.25   -1.94   -1.65   56.67   55.30    1.01    0.94  3
  KACP      267.31   30.75   63.91   65.79   -1.02   -1.19   53.61   53.63    0.60    0.76  3
  KADF      266.94   34.10   50.01   50.96   -0.63   -0.63   56.98   54.31    0.95    1.04  3
  KADU      265.08   41.70   60.71   60.38   -2.29   -1.92   54.78   53.14    1.11    1.28  3
  KAFO      249.07   42.71   60.60   60.05   -1.00   -1.02   44.78   47.13    1.15    1.24  3
  KAHN      276.68   33.95   58.09   55.62   -0.68   -0.45   51.89   50.93    0.72    0.79  3
  KAJO      242.40   33.90   74.00   68.63    0.66    0.87   40.17   48.45    1.53    1.32  3
  KAKQ      282.99   36.97   50.72   46.35   -0.88   -0.57   52.33   52.21    0.82    0.81  3
  KAQO      261.34   30.78   60.76   59.23   -2.03   -1.60   56.25   53.83    1.23    1.20  3
  KAQR      263.85   34.40   48.56   48.10   -1.69   -1.43   48.60   46.78    0.98    0.98  3
  KAQV      266.72   31.40   69.23   69.56   -1.13   -1.35   60.83   59.12    0.91    0.95  3
  KAQX      278.74   32.97   89.94   88.93   -2.13   -1.92   44.17   43.84    1.04    0.98  3
  KASL      265.70   32.52   55.83   54.42   -0.66   -0.78   49.77   48.79    0.86    0.90  3
  KATT      262.23   30.32   45.54   37.58   -1.47   -0.69   53.39   48.55    1.03    0.97  3
  KAXH      264.52   29.51   59.11   60.70   -1.26   -0.87   53.36   49.37    0.78    0.85  3
  KAZE      277.36   31.88   57.19   56.87   -1.22   -1.29   40.93   39.80    0.65    0.63  3
  KBAN      240.49   38.35   69.48   61.58   -0.69   -0.34   68.15   71.49    1.30    1.44  3
  KBBP      280.27   34.61   47.51   48.73   -0.92   -0.64   50.06   51.91    0.64    0.89  3
  KBCK      269.15   44.25   50.97   47.93   -1.32   -1.22   55.51   55.29    0.85    0.98  3
  KBGE      275.36   30.97   49.38   46.65   -1.00   -0.86   45.45   43.11    0.74    0.82  3
  KBHC      277.61   31.71   58.32   58.38   -1.25   -1.30   46.05   44.63    0.68    0.68  3
  KBIJ      275.11   31.40   64.86   64.29   -1.65   -1.61   44.96   43.88    0.76    0.76  3
  KBMC      247.94   41.55   55.96   51.21   -0.87   -1.05   39.16   42.38    0.99    1.29  3
  KBML      288.82   44.58   69.82   68.49   -0.61   -0.70   48.53   49.94    0.86    0.94  3
  KBNL      278.61   33.25   50.03   50.43   -1.10   -0.88   48.10   48.17    0.75    0.81  3
  KBPC      258.97   35.88   46.99   45.83   -1.90   -2.01   55.51   54.39    2.12    2.11  3
  KBQP      268.12   32.76   49.51   48.99   -1.09   -1.17   49.03   47.43    0.78    0.90  3
  KBTM      247.50   45.95   16.23   14.97    0.27    0.19   63.14   62.49    1.17    1.27  3
  KBXA      270.14   30.81   49.13   51.02   -0.36   -0.21   40.98   41.48    0.67    0.72  3
  KCAG      252.48   40.50   42.44   44.42   -0.79   -1.09   61.24   63.56    1.45    1.73  3
  KCBE      281.23   39.61   48.60   49.49   -0.60   -0.54   46.38   49.38    0.68    0.84  3
  KCCA      267.55   35.60   73.66   75.48   -1.22   -1.14   53.57   53.25    0.81    0.79  3
  KCCO      275.23   33.31   50.06   51.86   -0.60   -0.35   46.57   45.50    0.62    0.74  3
  KCDA      287.99   44.57   38.20   40.04   -0.47   -0.75   65.35   64.84    0.65    0.85  3
  KCDD      267.52   48.27   52.27   51.46   -1.76   -1.85   53.89   53.00    0.87    0.92  3
  KCDH      267.23   33.61   54.72   53.14   -0.76   -0.75   46.73   45.15    0.71    0.80  3
  KCDN      279.44   34.28   64.38   67.65   -1.09   -0.77   51.19   53.43    0.77    1.03  3
  KCEW      273.48   30.78   48.83   45.75   -0.57   -0.24   44.49   41.56    0.92    0.91  3
  KCGC      277.43   28.87   57.61   57.30   -1.31   -0.77   44.36   44.39    0.94    0.92  3
  KCGS      283.08   38.97   54.13   59.40   -1.54   -1.10   50.73   47.90    0.92    0.84  3
  KCJR      282.14   38.53   60.20   62.00   -1.36   -1.14   46.57   45.19    0.73    0.81  3
  KCKB      279.78   39.29   45.63   48.80   -0.08    0.02   57.04   54.51    0.83    1.03  3
  KCKI      280.16   33.72   57.32   57.52   -1.48   -1.27   54.80   54.68    0.85    0.94  3
  KCMA      240.92   34.22   56.27   60.09    0.33    0.16   50.57   46.86    0.79    0.91  3
  KCMY      269.26   43.96   50.70   47.49   -1.37   -1.29   57.51   56.77    0.94    1.06  3
  KCNO      242.37   33.97   66.58   61.65    0.77    1.01   40.71   50.39    1.63    1.40  3
  KCQF      272.11   30.46   54.89   56.23   -2.26   -2.00   48.26   47.30    1.17    1.13  3
  KCQT      241.72   34.02  128.36  115.44   -1.46   -1.35   40.76   37.59    0.63    0.62  3
  KCRW      278.41   38.36   50.53   50.56   -0.25   -0.37   60.12   56.94    0.80    0.92  3
  KCSV      274.92   35.95   46.77   46.06   -0.19   -0.16   55.28   53.39    0.80    0.95  3
  KCTJ      274.85   33.63   60.55   63.47   -0.87   -0.65   50.01   49.93    0.69    0.76  3
  KCTZ      281.64   34.97   69.10   69.72   -1.76   -1.44   51.12   50.04    0.86    0.79  3
  KCUB      279.02   33.97   51.51   53.76   -0.97   -0.67   50.95   53.59    1.05    1.06  3
  KCVC      276.15   33.63   68.38   68.41   -0.92   -0.62   48.35   46.28    0.67    0.76  3
  KCVH      238.59   36.89   59.03   28.54    0.75    0.70   45.96   64.58    1.79    1.47  3
  KCWV      278.13   32.20   70.92   70.16   -1.71   -1.67   57.99   57.03    0.71    0.82  3
  KCXE      281.50   36.78   61.05   57.81   -1.42   -1.10   51.77   50.78    0.70    0.74  3
  KCZZ      243.53   32.61  -49.50  -40.32    1.38    1.24   54.48   58.69    1.62    1.54  3
  KDAW      289.07   43.28   51.43   51.98   -0.61   -0.36   48.21   47.17    1.14    1.08  3
  KDBN      277.01   32.57   60.87   59.14   -1.18   -1.14   42.71   41.39    0.73    0.74  3
  KDCM      278.81   34.79   45.42   46.53   -0.47   -0.08   43.70   48.35    0.74    1.14  3
  KDDH      286.75   42.89   48.14   51.04   -0.47   -0.47   52.55   54.01    0.86    1.09  3
  KDKR      264.60   31.31   51.23   46.98   -0.57   -0.45   50.06   49.87    0.95    0.99  3
  KDNN      275.13   34.72   54.89   57.76   -0.69   -0.61   44.84   47.63    0.63    0.78  3
  KDPL      282.02   35.00   54.97   57.01   -1.54   -1.27   45.46   45.47    0.90    0.94  3
  KDQH      277.15   31.47   52.15   52.69   -1.07   -1.14   44.31   43.18    0.71    0.69  3
  KDVO      237.44   38.14   46.66   37.98    0.34    0.30   59.24   60.06    1.18    1.20  3
  KDWU      277.27   38.54   53.04   52.85   -0.85   -0.85   47.35   44.55    0.88    0.93  3
  KDYB      279.72   33.07   59.47   59.60   -0.98   -0.74   55.27   54.25    0.59    0.78  3
  KEDN      274.10   31.30   49.73   48.74   -1.15   -1.01   39.82   35.86    0.66    0.71  3
  KEEN      287.73   42.90   55.32   60.19   -0.73   -0.53   51.32   51.37    0.89    1.01  3
  KEET      273.22   33.18   46.23   45.43   -0.62   -0.54   46.70   44.45    0.73    0.82  3
  KEKN      280.16   38.88   78.02   77.24   -0.70   -0.69   60.98   60.44    0.98    1.06  3
  KEMK      265.68   27.82   65.92   68.70    0.76    0.74   30.80   29.89    1.08    0.92  3
  KEMT      241.97   34.08   44.98   31.84    0.16    0.27   73.45   58.38    1.08    1.10  3
  KESF      267.70   31.40   54.51   56.51   -0.65   -0.81   52.39   51.42    0.97    1.07  3
  KEZM      276.87   32.21   56.27   55.83   -1.11   -1.12   42.20   42.30    0.75    0.77  3
  KF44      264.18   32.15   45.66   45.19   -1.56   -1.37   49.52   48.01    0.81    0.93  3
  KFFA      284.33   36.02   56.21   57.02   -3.41   -3.14   50.83   50.19    1.52    1.38  3
  KFFC      275.43   33.36   55.37   55.87   -0.65   -0.35   49.59   50.65    0.90    1.02  3
  KFIN      278.80   29.46   49.69   46.85   -0.19    0.22   47.59   45.20    1.06    1.12  3
  KFME      283.24   39.09   46.09   52.41   -1.27   -0.79   50.33   46.77    0.87    0.88  3
  KFUL      242.02   33.86   45.84   45.56   -0.84   -0.50   62.10   65.80    0.68    0.65  3
  KFWC      271.59   38.38   45.34   44.28   -2.00   -1.85   49.58   47.42    0.76    0.80  3
  KFYE      270.61   35.21   46.22   41.77   -1.10   -0.57   48.09   44.85    1.02    1.15  3
  KFZG      276.73   31.68   52.94   53.02   -1.22   -1.29   42.87   42.02    0.71    0.74  3
  KGCN      247.85   35.95   18.83   19.76   -1.01   -1.17   60.83   60.35    1.50    1.71  3
  KGEU      247.70   33.53  -12.72   -1.72   -0.11    0.21   63.64   62.12    1.14    1.48  3
  KGEV      278.58   36.43   52.26   50.57   -0.31   -0.28   51.16   52.55    0.93    1.11  3
  KGIC      243.89   45.95   39.40   41.92    0.01   -0.12   66.76   63.90    0.88    0.98  3
  KGKT      276.47   35.85   84.71   78.72   -0.60   -0.70   55.72   55.42    0.68    0.70  3
  KGLW      274.05   37.03   45.69   45.54   -1.21   -0.91   49.13   45.15    0.81    0.89  3
  KGMJ      265.26   36.61   45.36   43.63   -1.63   -1.35   49.77   48.71    0.89    0.94  3
  KGUP      251.22   35.52    4.66    7.07   -0.46   -0.67   61.03   60.89    1.83    2.12  3
  KGVE      281.84   38.15   45.83   45.91   -0.78   -0.67   46.99   45.23    0.61    0.75  3
  KGYB      263.02   30.17   47.56   41.29   -1.23   -0.65   45.15   43.91    0.89    0.94  3
  KHBV      261.26   27.35   72.34   72.44   -2.86   -2.73   42.73   39.15    1.38    1.31  3
  KHCR      248.57   40.47   53.56   53.57   -1.03   -1.09   44.04   49.94    1.22    1.88  3
  KHHR      241.67   33.92   58.16   58.38   -0.03    0.21   45.77   42.22    0.83    0.78  3
  KHIE      288.45   44.35   71.63   71.44   -0.48   -0.64   57.27   57.67    0.83    1.01  3
  KHLB      274.74   39.35   60.98   64.27   -1.95   -1.47   53.64   53.28    0.97    0.97  3
  KHLN      248.00   46.60   25.40   22.52    0.64    0.48   65.86   62.58    1.34    1.42  3
  KHNZ      281.47   36.36   53.70   51.03   -0.82   -0.41   55.39   53.37    0.84    1.05  3
  KHOE      277.23   31.06   45.98   45.94   -0.52   -0.53   37.38   35.12    0.66    0.70  3
  KHQU      277.48   33.53   55.58   56.38   -0.45   -0.26   40.93   39.11    0.68    0.85  3
  KHSB      271.45   37.81   47.27   46.07   -1.37   -1.31   52.43   49.67    0.86    0.94  3
  KHUM      269.33   29.57   50.26   52.79   -0.73   -0.23   45.76   45.53    0.90    0.94  3
  KHWY      282.28   38.58   45.70   47.89   -0.94   -0.68   48.07   47.11    0.70    0.85  3
  KHYW      280.88   33.83   45.26   45.40   -1.56   -1.36   48.97   49.38    1.24    0.97  3
  KHZR      268.52   30.71   48.83   52.34   -0.56   -0.45   45.59   46.00    0.75    0.86  3
  KINF      277.69   28.82   64.27   63.20   -1.38   -0.83   43.80   43.06    0.82    0.80  3
  KINS      244.33   36.59   33.55   41.38    0.53   -0.27   70.66   64.94    1.70    1.83  3
  KIPJ      278.84   35.47   49.00   52.70   -0.97   -0.55   42.53   47.91    0.66    0.82  3
  KIWI      290.28   43.97   45.78   48.98   -1.61   -1.27   43.00   43.39    1.01    1.01  3
  KIXA      282.36   36.33   73.07   69.12   -1.71   -1.28   53.10   51.84    1.02    0.94  3
  KIYA      267.92   29.98   46.18   47.11   -0.93   -0.80   45.12   44.94    0.83    0.87  3
  KJAS      265.97   30.89   60.83   61.28   -0.75   -0.82   53.45   51.24    0.63    0.72  3
  KJES      278.13   31.55   89.77   89.56   -1.25   -1.21   50.10   50.37    0.85    0.91  3
  KJFX      272.69   33.90   79.39   81.72   -1.59   -1.46   54.08   54.78    0.59    0.60  3
  KJFZ      278.20   37.06   52.60   50.47   -0.13   -0.26   46.60   46.83    0.60    0.76  3
  KJGG      283.28   37.24   48.71   45.24   -1.17   -0.90   41.21   42.81    1.26    1.19  3
  KJKL      276.68   37.60   82.73   77.57   -1.31   -1.42   45.65   45.35    1.02    0.93  3
  KJNX      281.61   35.54   66.24   64.53   -1.90   -1.37   51.99   49.83    0.92    0.94  3
  KJQF      279.30   35.38   59.78   62.90   -0.96   -0.46   50.38   54.55    1.00    1.22  3
  KJVW      269.59   32.29   58.75   59.68   -1.21   -1.26   47.17   43.84    0.78    0.81  3
  KJYL      278.41   32.65   70.58   70.28   -1.57   -1.44   45.58   43.90    0.59    0.75  3
  KL18      242.75   33.35   42.76   47.22    0.05   -0.05   62.13   68.51    0.64    0.65  3
  KL35      243.14   34.26   63.91   52.91   -0.48   -0.79   52.86   54.71    1.20    1.46  3
  KLCQ      277.42   30.18   48.31   48.31   -0.35   -0.22   43.09   40.73    0.71    0.77  3
  KLDJ      285.77   40.61   65.76   63.26   -1.65   -1.09   44.50   42.46    1.06    1.12  3
  KLGC      274.93   33.01   53.52   54.57   -0.88   -0.77   42.99   42.26    0.67    0.82  3
  KLLJ      245.78   44.52   11.67   13.29   -0.20   -0.16   65.76   64.12    1.31    1.32  3
  KLOR      274.25   31.35   47.49   45.45   -1.22   -1.11   45.95   43.30    0.99    0.89  3
  KLSV      244.97   36.22  -13.75   -4.13    0.07   -0.48   61.47   58.09    1.82    1.90  3
  KLVL      282.21   36.77   53.27   50.47   -1.15   -0.82   50.47   50.57    0.73    0.71  3
  KM30      271.25   37.19   47.03   46.65   -1.39   -1.33   50.11   49.81    0.73    0.80  3
  KM40      271.52   33.86   46.98   45.33   -0.82   -0.78   46.72   45.68    0.81    0.92  3
  KM63      253.85   32.04   31.54   29.52   -0.89   -0.58   61.96   53.91    1.62    1.60  3
  KMCJ      264.60   29.71   79.11   80.21   -1.63   -1.17   64.86   63.04    1.41    1.32  3
  KMEH      241.60   45.52   96.98   87.66   -1.54   -1.66   56.52   54.23    0.81    0.90  3
  KMEZ      265.80   34.54   61.68   58.54   -0.81   -0.91   53.92   50.28    0.81    0.85  3
  KMFR      237.13   42.37   36.85   48.05    0.32    0.38   60.71   55.30    1.03    1.32  3
  KMGR      276.20   31.08   58.88   58.15   -1.36   -1.34   44.07   42.61    0.79    0.81  3
  KMHS      237.68   41.32   61.78   73.75   -0.93   -1.06   64.87   63.20    0.84    1.03  3
  KMKJ      278.66   36.90   51.19   47.73   -0.28   -0.35   64.74   64.03    0.95    1.07  3
  KMKS      279.96   33.18   52.27   52.81   -1.04   -0.78   47.32   47.07    0.95    0.79  3
  KMLJ      276.76   33.14   64.39   64.34   -0.83   -0.67   47.16   45.70    0.70    0.73  3
  KMLP      244.36   47.46   65.53   62.13    0.01   -0.02   42.62   42.54    1.41    1.32  3
  KMLT      291.32   45.65   52.08   50.03   -0.73   -0.81   55.26   54.55    1.02    1.11  3
  KMMH      241.17   37.61   45.88   46.41    0.61    0.75   54.57   55.90    1.91    1.96  3
  KMMI      275.43   35.40   82.29   80.53   -1.05   -1.06   52.58   53.38    0.70    0.76  3
  KMNI      279.78   33.58   59.36   60.05   -1.52   -1.28   48.01   47.92    0.85    0.87  3
  KMSO      245.92   46.92   45.77   44.09    0.56    0.50   49.32   51.86    1.38    1.42  3
  KMTV      279.98   36.63   57.76   60.04   -1.09   -0.85   48.67   48.05    0.66    0.70  3
  KMVL      287.39   44.53   51.02   54.22   -0.15   -0.46   52.89   51.23    0.93    1.09  3
  KMWT      266.42   34.54   80.01   75.76   -1.27   -1.35   52.07   49.88    0.73    0.72  3
  KMZG      263.81   27.73   78.67   83.38   -0.95   -0.78   26.54   26.37    1.47    1.35  3
  KMZZ      274.32   40.49   69.86   70.63   -2.16   -1.89   47.59   47.66    0.82    0.97  3
  KN03      283.80   42.60   50.28   45.93   -1.54   -1.62   53.62   49.99    1.03    1.02  3
  KO69      237.40   38.25   79.92   70.17    0.25    0.22   41.84   44.74    1.04    1.08  3
  KOCF      277.78   29.17   48.63   47.45   -0.91   -0.42   46.03   43.16    1.11    1.13  3
  KOGD      247.98   41.20   45.12   40.29    0.44    0.32   44.03   45.29    0.89    1.14  3
  KOPL      267.90   30.56   48.97   51.20   -0.88   -0.89   47.97   48.45    0.83    0.90  3
  KOQT      275.77   36.02   58.67   54.46   -0.69   -0.83   47.59   48.00    0.67    0.73  3
  KOVS      269.33   43.16   48.19   46.87   -1.44   -1.34   56.22   55.10    0.97    1.05  3
  KOXR      240.80   34.20   49.14   52.52    0.29    0.15   50.32   47.72    1.28    1.30  3
  KP59      272.12   47.47   48.01   49.60   -1.32   -0.99   34.87   35.91    1.75    1.66  3
  KP60      249.58   44.55   80.08   81.96   -1.64   -1.68   72.28   72.66    1.21    1.24  3
  KP68      243.99   39.60   -8.67  -11.91    0.43    0.21   62.03   64.13    1.40    1.37  3
  KP69      244.40   46.15   86.11   86.41   -1.00   -1.09   46.41   50.14    0.58    0.62  3
  KP92      268.47   29.57   60.83   62.51   -2.56   -2.02   52.50   50.95    1.50    1.48  3
  KPAO      237.88   37.47   53.67   35.80    1.92    1.68   56.73   55.94    1.77    1.55  3
  KPBG      286.53   44.65   38.47   41.31    0.07   -0.20   61.08   58.81    1.37    1.35  3
  KPBX      277.44   37.56   46.25   43.72   -0.30   -0.47   46.12   43.46    0.70    0.72  3
  KPLU      237.72   47.10   90.86   80.32   -1.25   -0.93   55.37   47.64    0.61    0.71  3
  KPNA      250.19   42.80   54.47   49.48    0.56    0.43   49.08   50.79    1.12    1.14  3
  KPOC      242.24   34.10   51.87   44.81    1.18    1.28   41.22   41.92    1.25    1.24  3
  KPOE      266.80   31.05   54.84   56.24    0.31    0.12   38.55   37.02    0.87    0.93  3
  KPUJ      275.06   33.90   63.21   64.17   -0.96   -0.71   54.47   54.39    0.80    0.87  3
  KPVE      271.80   35.65   47.93   46.25   -0.77   -0.45   51.00   47.73    0.94    1.16  3
  KRAL      242.55   33.95   63.78   58.84    0.55    0.72   38.11   48.25    1.47    1.20  3
  KRBW      279.38   32.90   59.61   60.07   -0.88   -0.65   47.11   45.80    0.76    0.93  3
  KRHP      276.14   35.19   76.14   72.48   -0.78   -0.83   50.94   53.93    0.61    0.68  3
  KRHV      238.18   37.33   65.07   31.45    1.53    1.10   46.54   44.09    1.23    1.24  3
  KRIL      252.28   39.53   47.96   50.32    0.28    0.00   44.51   46.03    1.58    1.92  3
  KRIV      242.73   33.88   60.49   51.99    0.34    0.24   36.19   41.28    1.16    0.95  3
  KRKR      265.38   35.02   58.57   53.99   -0.60   -0.67   51.63   49.48    0.77    0.82  3
  KRNC      274.15   35.70   70.55   72.51   -1.09   -0.89   57.84   55.87    0.85    1.02  3
  KRSN      267.41   32.51   61.23   59.63   -0.69   -0.84   47.69   46.68    0.88    0.99  3
  KRUE      266.91   35.26   47.25   48.53   -0.46   -0.47   46.78   45.76    0.81    0.89  3
  KRYN      248.83   32.14   12.27    5.58    0.32    0.23   60.65   58.68    1.41    1.53  3
  KSBD      242.77   34.10   70.20   60.88    0.38    0.29   41.93   49.67    1.21    1.11  3
  KSBO      277.63   32.61   47.01   47.10   -0.82   -0.78   39.54   38.74    0.74    0.75  3
  KSBS      253.13   40.52   56.23   60.29   -0.95   -1.19   50.24   51.77    1.38    1.58  3
  KSCD      273.70   33.15   74.81   75.35   -1.26   -1.17   51.66   52.21    0.85    0.84  3
  KSCR      280.50   35.70   46.22   48.55   -0.88   -0.35   50.00   50.74    0.70    0.89  3
  KSEG      283.14   40.82   52.09   50.55   -0.80   -0.69   50.82   50.61    0.84    0.78  3
  KSEP      261.82   32.22   69.01   63.86   -2.61   -2.02   57.11   53.62    1.43    1.47  3
  KSFQ      283.41   36.68   50.78   47.31   -0.64   -0.34   52.16   51.81    0.90    1.00  3
  KSJC      238.08   37.36   63.73   39.08    1.55    1.22   49.21   46.69    1.26    0.85  3
  KSJS      277.37   37.75   57.19   53.77   -0.55   -0.70   48.07   44.59    0.55    0.62  3
  KSLR      264.38   33.15   81.37   78.77   -1.94   -1.80   54.67   52.33    1.23    1.34  3
  KSME      275.39   37.04   56.75   54.52   -0.75   -0.75   51.26   50.13    0.65    0.77  3
  KSMN      246.12   45.12   48.43   44.91   -0.73   -0.72   54.73   56.06    1.20    1.10  3
  KSMO      241.55   34.02   46.46   44.46    0.00    0.05   52.66   45.04    0.68    0.85  3
  KSMQ      285.33   40.63   53.95   53.30   -1.19   -0.79   47.69   45.03    0.84    0.91  3
  KSMS      279.64   34.00   66.53   68.33   -1.26   -1.00   50.03   50.34    0.83    1.03  3
  KSNS      238.40   36.67   61.54   39.89    1.69    1.65   44.08   48.24    1.18    1.09  3
  KSNT      245.07   44.17   49.33   47.24   -0.86   -0.75   55.10   56.98    1.25    1.16  3
  KSOA      259.35   30.59   49.35   47.91   -2.48   -2.45   49.66   48.96    1.25    1.37  3
  KSPA      278.05   34.90   47.71   46.42   -0.72   -0.45   43.88   40.30    0.62    0.85  3
  KSRB      274.47   36.06   57.83   60.28   -0.98   -0.85   48.74   47.57    0.68    0.83  3
  KSRE      263.32   35.27   86.38   85.01   -2.61   -2.08   63.07   61.50    1.85    1.76  3
  KSTF      271.16   33.43   48.72   46.62   -1.07   -1.10   45.08   44.76    0.74    0.86  3
  KSTS      237.18   38.50  -17.27  -15.55    0.50    0.52   71.23   71.95    1.09    1.19  3
  KSWF      285.91   41.50   46.38   46.76    0.14    0.31   49.03   52.34    1.07    1.29  3
  KT82      261.09   30.24   67.71   66.99   -2.16   -1.67   55.43   54.55    1.30    1.27  3
  KTBR      278.27   32.47   54.84   53.90   -1.29   -1.20   44.54   42.03    0.76    0.88  3
  KTKV      270.19   45.47   64.90   64.94   -1.66   -1.57   55.06   54.58    0.94    0.93  3
  KTNB      278.35   36.20   74.58   72.35   -0.71   -0.69   49.75   49.64    0.89    0.95  3
  KTOA      241.67   33.79   43.45   44.00    0.99    1.35   60.68   57.05    1.58    1.37  3
  KTRI      277.60   36.47   70.88   64.65   -0.26   -0.38   52.22   54.93    0.94    0.95  3
  KTRK      239.87   39.32   51.01   46.57   -0.44    0.01   50.98   57.56    0.93    1.11  3
  KTTA      280.91   35.58   55.10   55.32   -1.02   -0.48   51.29   48.56    0.95    1.05  3
  KTVI      276.12   30.90   56.95   55.61   -0.94   -0.88   45.89   42.99    0.79    0.82  3
  KTVK      267.10   40.68   69.21   68.93   -2.48   -2.17   60.29   58.22    1.00    1.06  3
  KUBE      268.01   45.50   54.62   52.07   -1.66   -1.32   57.85   55.23    1.35    1.42  3
  KVBS      266.36   29.48   22.07   21.09   -1.13   -1.08   70.58   70.89    1.82    1.88  3
  KVBW      281.05   38.36   49.19   50.04   -1.07   -1.15   46.64   47.44    0.70    0.78  3
  KVCV      242.62   34.59   18.35   13.73   -0.92   -0.96   71.02   74.06    1.83    1.55  3
  KVDF      277.65   28.01   64.59   64.02   -1.85   -1.16   44.31   42.55    1.01    0.80  3
  KVJI      277.97   36.68   64.14   60.72   -0.14   -0.25   46.85   46.39    0.80    0.97  3
  KVKS      269.07   32.22   55.55   56.24   -0.61   -0.66   46.72   44.95    0.80    0.87  3
  KVNY      241.52   34.22   15.08   10.78    0.30    0.19   65.92   66.34    0.86    1.02  3
  KVPC      275.15   34.11   51.83   54.02   -0.85   -0.60   45.03   47.43    0.88    0.95  3
  KVQQ      278.12   30.22   46.35   45.06   -0.04    0.17   58.32   54.11    1.13    1.25  3
  KVQT      267.74   28.27   48.54   49.24   -0.56   -0.52   51.54   52.47    1.77    1.75  3
  KVSF      287.48   43.35   48.87   55.67   -0.84   -0.81   60.24   58.98    0.74    0.79  3
  KVUJ      279.85   35.42   46.55   50.70   -0.59   -0.09   48.27   51.67    0.69    1.11  3
  KW22      279.73   39.00   57.01   58.81   -0.43   -0.39   56.14   54.53    0.69    0.88  3
  KW31      281.82   36.95   57.42   55.15   -1.09   -0.81   51.37   50.92    0.66    0.79  3
  KW78      281.16   36.68   51.17   49.75   -1.01   -0.70   52.64   52.58    0.68    0.84  3
  KW81      281.91   37.18   55.20   52.96   -1.08   -0.84   48.48   47.89    0.66    0.72  3
  KW99      280.87   38.97   72.89   72.62   -0.92   -0.95   48.34   49.87    0.71    0.82  3
  KWDR      276.33   33.97   50.00   49.30   -0.52   -0.27   42.85   41.31    0.80    0.84  3
  KWHP      241.58   34.27   53.82   44.02   -0.78   -0.74   75.51   71.92    0.84    0.92  3
  KWYS      248.88   44.68   48.93   49.15   -0.35   -0.35   53.86   52.96    1.25    1.32  3
  KZPH      277.85   28.22   79.65   75.30   -1.67   -1.06   47.19   46.26    1.02    0.90  3
  LDRI       14.58   45.22   52.18   50.25   -0.08    0.01   46.87   50.88    1.17    1.19  3
  LECH      358.70   40.86   10.91    9.83   -0.01   -0.01   79.80   82.04    1.59    1.63  3
  LEEC      354.00   37.32   21.24   25.35   -0.44   -0.49   63.45   64.67    1.01    0.97  3
  LEGR      356.22   37.18   51.89   50.07   -0.10   -0.11   64.47   64.89    1.17    1.19  3
  LGKR       19.92   39.61   14.70   18.61   -0.85   -0.73   65.69   63.01    1.10    1.15  3
  LGTS       22.97   40.52  -12.42   -2.51    0.73    0.83   63.88   57.67    0.85    0.90  3
  LIMU        8.17   43.95    8.62    9.00   -0.82   -0.85   60.69   61.31    1.51    1.68  3
  LIRQ       11.20   43.80   15.07    9.21    0.62    0.59   60.55   64.56    0.88    0.90  3
  LIVP       11.03   46.15   11.87   16.17    2.05    1.85   63.33   60.95    1.86    1.89  3
  LJLJ       14.48   46.22   -0.54    8.86    0.42    0.33   60.55   59.57    0.86    0.87  3
  LOWG       15.43   47.00  -25.86  -25.33    0.59    0.51   66.44   66.44    0.79    0.82  3
  LQMO       17.82   43.28   45.95   47.47    0.39    0.21   59.09   58.61    1.23    1.40  3
  LQSA       18.32   43.82   36.94   40.62    0.51    0.44   63.30   63.14    0.71    0.75  3
  LQTZ       18.73   44.47   25.31   27.06   -0.10   -0.13   73.35   71.88    0.97    0.99  3
  LSGG        6.13   46.25   22.79   19.66    0.76    0.55   66.67   66.62    1.05    1.13  3
  LSME        8.30   47.10   57.65   53.89   -0.19   -0.32   72.86   72.15    0.92    1.07  3
  LSMM        8.11   46.75    7.50    2.12    0.60    0.38   68.08   66.96    1.35    1.44  3
  LSZB        7.50   46.92    2.65    5.89    0.72    0.52   62.30   59.68    0.93    1.03  3
  LSZC        8.38   46.97   31.45   22.59    0.89    0.71   71.55   74.41    0.92    1.03  3
  LSZR        9.55   47.48   12.54    8.66    0.59    0.41   62.98   62.71    0.89    1.03  3
  LSZS        9.88   46.53    8.66    1.43    0.85    0.61   70.75   71.14    1.89    1.94  3
  LTAT       38.08   38.43  -21.79  -18.00    1.78    1.68   62.73   63.88    1.10    1.17  3
  LTBQ       30.08   40.72   58.75   60.99   -0.59   -0.45   51.13   54.53    0.80    0.86  3
  LTCB       43.03   39.71   63.88   64.01    0.07    0.02   82.55   80.48    2.04    2.09  3
  LTCD       39.50   39.72    4.55    9.52    1.17    1.17   70.59   71.27    1.66    1.73  3
  LTCJ       41.12   37.93   -2.31   -6.23    1.00    0.98   63.68   63.51    0.74    0.78  3
  LTCK       41.67   38.75   46.64   49.14   -0.97   -0.92   45.06   48.09    1.14    1.27  3
  LTFE       27.68   37.22    0.15   -6.05    1.43    1.27   60.77   62.83    1.53    1.43  3
  LYKV       20.58   43.82   18.43   18.21   -0.56   -0.57   60.79   61.74    0.69    0.69  3
  MDPP      289.45   19.75   50.54   48.99   -1.04   -1.08   50.59   51.89    1.75    1.85  3
  MGMM      270.13   16.97   72.53   72.65   -0.29   -0.31   36.68   36.82    1.00    1.07  3
  MGPB      271.40   15.72   61.66   59.30   -0.65   -0.78   41.01   41.89    1.04    1.11  3
  MHLC      273.13   15.73   72.61   71.39   -1.59   -1.75   60.16   60.53    1.23    1.23  3
  MHSC      272.38   14.38   54.16   55.33    1.46    1.16   37.23   35.35    1.42    1.38  3
  MHTE      272.52   15.78   45.36   45.50    0.30    0.07   58.03   59.63    1.34    1.29  3
  MMBT      263.73   15.78   68.44   67.38    0.03    0.01   60.98   60.61    1.89    1.88  3
  MMCB      260.73   18.82   55.26   48.61    0.11   -0.07   46.24   51.11    0.74    0.86  3
  MMEP      255.15   21.42   46.34   50.13    0.00   -0.17   61.75   60.69    1.17    1.19  3
  MMGM      249.07   27.97   42.81   44.10   -0.37   -0.54   60.11   60.22    2.24    2.33  3
  MMIA      256.42   19.27   57.75   60.96    0.35    0.15   42.39   43.31    1.59    1.66  3
  MMLO      258.52   21.00   52.74   51.46   -0.73   -0.87   43.40   43.42    1.44    1.45  3
  MMMM      258.97   19.85   64.25   60.16    0.25    0.19   52.68   55.59    0.92    0.98  3
  MMPE      246.48   31.35   -2.37   -1.77   -1.46   -1.60   66.39   69.50    1.82    1.87  3
  MMPN      257.97   19.39   47.90   48.41    0.37    0.22   40.67   40.83    1.30    1.28  3
  MMSD      250.30   23.15   14.71   16.61    0.51    0.51   66.80   67.70    1.92    1.81  3
  MMTG      266.97   16.57  -13.15  -11.03    1.05    1.04   60.58   62.22    1.31    1.32  3
  MMZC      257.32   22.90   52.78   51.18   -0.58   -0.64   50.69   51.36    1.45    1.46  3
  MNJG      274.02   13.08   56.12   56.32   -0.67   -0.98   22.08   22.55    1.69    1.71  3
  MNRS      274.17   11.42   47.67   46.98   -4.49   -4.66   34.58   34.32    1.38    1.35  3
  MRPV      275.85    9.94   46.33   34.52    2.51    2.11   31.19   37.02    1.42    1.24  3
  NFNA      178.57  -18.05   48.22   47.99   -0.66   -0.63   48.54   48.02    1.11    1.12  3
  NVSC      167.55  -13.85  -46.41  -47.41   -2.80   -2.80   56.15   55.97    0.96    0.96  3
  NVVA      169.76  -20.25  -19.26  -18.79   -3.87   -3.89   69.77   70.42    1.77    1.77  3
  OAJL       70.45   34.40   -7.39   -7.95    0.57    0.47   63.46   64.97    1.23    1.23  3
  OIAH       50.83   30.33   50.43   50.34   -0.32   -0.28   36.87   37.83    0.90    0.92  3
  OICK       48.28   33.43   45.36   45.56    0.53    0.51   43.41   44.27    1.15    1.18  3
  OIFM       51.87   32.75   45.90   46.07    0.11    0.08   43.09   42.47    1.29    1.28  3
  OIFS       50.85   32.33   49.46   48.54   -0.15   -0.20   53.35   52.87    1.45    1.43  3
  OIHH       48.55   34.86   45.17   44.65   -0.55   -0.64   61.87   61.72    1.18    1.25  3
  OIIK       50.00   36.25  -50.71  -50.05   -1.49   -1.42   42.10   41.90    1.93    1.94  3
  OIMD       58.68   34.35   47.89   46.56   -0.84   -0.75   53.13   53.78    2.05    2.05  3
  OING       54.40   36.90   12.95   13.23    0.96    1.03   63.13   64.53    1.49    1.54  3
  OISF       53.72   28.90   46.83   45.03   -0.06    0.02   50.48   49.99    1.22    1.23  3
  OISL       54.37   27.67   73.50   71.17   -0.22   -0.25   54.21   54.34    1.11    1.13  3
  OPPS       71.52   34.02   29.14   27.37    1.42    1.47   60.28   61.69    1.05    1.05  3
  OSLK       35.95   35.40  -53.27  -55.84   -0.32   -0.41   41.05   42.57    1.03    1.03  3
  PAAQ      210.92   61.60   22.15   25.25    0.92    0.41   60.68   65.51    1.52    1.59  3
  PABV      210.48   61.42   46.72   52.24   -0.32   -0.86   58.59   59.79    1.23    1.60  3
  PAEC      210.09   62.83   82.29   88.61   -1.01   -1.37   65.60   66.92    1.06    1.13  3
  PAED      210.20   61.25   50.54   59.41    0.71    0.20   52.35   55.53    1.80    1.59  3
  PAEG      218.85   64.78   52.76   52.98   -0.51   -0.58   66.08   65.53    0.88    0.90  3
  PAEL      223.65   58.20   82.02   81.77   -1.36   -1.35   45.82   47.79    1.74    1.90  2
  PAFR      210.35   61.27   69.48   77.28   -0.53   -1.13   50.24   51.79    1.46    1.18  3
  PAGN      225.41   57.50   63.89   61.57   -1.18   -1.38   51.36   51.89    0.89    1.02  3
  PAHN      224.48   59.25   -9.12  -10.31    1.39    1.10   68.49   69.82    1.45    1.47  3
  PAJC      201.63   56.31   -6.96   -6.90    0.86    1.12   65.28   65.58    2.09    2.07  3
  PAJN      225.42   58.37   -1.18    6.83    0.97    0.80   61.57   68.06    1.89    1.72  3
  PAKV      201.28   64.31   30.03   30.01   -0.20   -0.25   62.35   64.37    1.01    1.07  3
  PAKW      226.92   55.58    4.46    2.87    0.46    0.36   65.02   66.59    1.07    1.11  3
  PALJ      205.68   60.20   37.65   32.80   -0.17   -0.51   72.53   72.74    1.84    1.81  3
  PAMR      210.15   61.22   54.98   62.75    0.38   -0.10   49.36   49.73    1.29    1.23  3
  PAOH      224.56   58.12   39.59   42.72   -0.45   -0.61   72.54   69.66    1.17    1.29  3
  PAPG      227.03   56.82   14.27   15.42    0.15   -0.14   95.28   92.47    0.91    1.11  3
  PASL      202.85   61.72   60.49   57.61   -1.69   -1.81   53.09   51.77    1.09    1.15  3
  PASO      208.31   59.44   28.64   28.21   -1.63   -1.79   63.53   63.21    1.66    1.65  3
  PATL      204.03   62.90   64.29   62.39   -0.55   -0.62   62.98   62.19    1.09    1.12  3
  PAVD      213.73   61.13   33.69   28.18   -0.27   -0.45   65.23   66.56    1.17    1.23  3
  PAWS      210.46   61.57   56.31   59.32   -0.24   -0.77   61.31   71.55    1.16    1.49  3
  PHBK      200.21   22.04   69.89   69.62   -1.18   -1.00   50.88   48.71    1.63    1.57  3
  PHKO      203.95   19.73  -50.06  -57.68    0.97    0.91   63.76   59.83    1.38    1.38  3
  PHSF      204.45   19.78   48.14   27.33    1.08    1.24   63.85   69.10    1.67    1.61  3
  PHTO      204.93   19.72   58.82   52.65   -0.55   -0.34   55.18   56.62    1.11    1.20  3
  PTSA      162.94    5.35   -7.78   -9.22    0.90    0.81   63.04   64.34    1.54    1.49  3
  PTTP      158.22    6.97   -3.94   -3.25   -2.15   -2.00   64.74   61.30    1.90    1.78  3
  RJAF      137.94   36.17   29.05   23.98    2.20    1.87   62.27   67.92    1.43    1.41  3
  RJSC      140.37   38.42    0.69    1.16    1.39    1.07   67.54   69.34    1.95    2.06  3
  RJSI      141.13   39.43  -11.52   -8.91    0.71    0.73   60.26   59.94    1.57    1.58  3
  RPMR      122.26   12.56  -11.40  -11.82   -5.21   -5.58   81.41   81.45    3.60    3.79  3
  RPMZ      122.07    6.90   51.10   50.96   -0.90   -0.98   66.71   66.63    1.21    1.26  3
  RPVD      123.30    9.33   -6.11   -5.94   -0.68   -0.82   71.82   72.54    1.72    1.71  3
  SASJ      294.92  -24.38   48.94   45.77    1.39    1.30   40.93   45.46    1.08    1.13  3
  SBAT      303.90   -9.86   29.78   26.08    0.37    0.50   67.53   62.87    1.02    0.98  3
  SBBT      311.40  -20.58   60.30   62.65   -1.63   -1.54   68.89   68.15    1.43    1.42  3
  SBEG      299.95   -3.03   45.05   44.53    0.55    0.52   49.03   44.74    0.82    0.78  3
  SBEK      302.22   -6.23   71.85   72.18    0.17    0.12   47.94   45.83    0.77    0.77  3
  SBGW      314.80  -22.78    2.22    5.18    0.36    0.46   66.75   63.00    0.78    0.77  3
  SBST      313.70  -23.93   32.05   30.42   -0.04    0.04   66.11   65.17    0.77    0.83  3
  SBTT      290.07   -4.25   44.41   39.83    0.50    0.46   60.14   52.84    0.76    0.74  3
  SCCY      287.91  -45.57  -53.63  -50.67    0.34    0.28   54.75   56.50    1.00    1.21  3
  SCEL      289.22  -33.38  -13.62  -18.80    1.25    1.13   62.20   63.82    1.07    1.10  3
  SCVM      288.52  -32.95   62.33   61.53   -0.87   -0.96   55.01   54.63    1.27    1.27  3
  SEAM      281.44   -1.20   73.19   72.96   -2.23   -2.56   31.36   31.51    1.07    1.29  3
  SECO      283.02   -0.45   10.36   11.09    0.60    0.59   61.47   63.63    0.54    0.52  3
  SELT      281.38   -0.92   62.54   61.92    0.52    0.41   19.52   19.46    1.76    1.73  3
  SENL      283.14    0.10    2.89    4.05    0.37    0.42   72.60   71.03    0.69    0.69  3
  SKAR      284.28    4.50   78.98   78.34   -0.13   -0.21   42.00   43.66    0.86    0.87  3
  SKEJ      286.20    7.02    1.88   -0.46    0.87    0.82   61.29   60.85    0.66    0.66  3
  SKLC      283.30    7.80   -9.27   -2.34    1.68    1.68   60.53   58.82    1.04    1.05  3
  SKLT      290.05   -4.17   55.98   53.56    0.25    0.22   51.45   50.97    0.82    0.82  3
  SKMD      284.41    6.22   23.75   24.59    2.91    2.79   69.35   67.17    1.87    1.85  3
  SKMR      284.16    8.82   78.27   80.35   -1.89   -1.87   48.47   49.02    0.96    0.95  3
  SKMZ      284.53    5.03   95.32   91.67    1.54    1.48   56.57   57.00    1.26    1.25  3
  SKPC      292.50    6.17   51.09   49.91   -0.55   -0.59   62.87   63.00    1.39    1.36  3
  SKPS      282.73    1.42   36.21   36.01    0.89    0.86   60.54   61.44    2.25    2.26  3
  SKSM      285.77   11.13   60.24   60.25   -0.72   -0.66   45.41   44.98    1.86    1.88  3
  SKUC      289.27    7.07   45.82   43.15    0.11    0.07   58.53   57.36    1.09    1.15  3
  SKUI      283.38    5.72   46.90   49.45    0.49    0.49   56.54   57.14    1.07    1.11  3
  SKVP      286.75   10.43   57.58   52.59    1.17    1.21   38.75   41.80    1.27    1.28  3
  SKVV      286.38    4.17   49.19   48.16   -0.03   -0.03   57.11   55.43    0.83    0.88  3
  SLCA      296.47  -20.00   66.79   68.65   -1.46   -1.46   41.80   42.61    1.05    1.12  3
  SLCB      293.82  -17.42   -6.15   -7.83   -0.04   -0.07   72.78   72.13    1.16    1.19  3
  SLLP      291.82  -16.52    6.98    8.31    0.92    0.95   61.24   61.75    1.10    1.07  3
  SLRB      300.25  -18.32   62.84   65.08   -0.02   -0.16   58.49   58.47    2.06    2.14  3
  SLRI      293.88  -11.02   48.31   47.55    0.58    0.48   47.89   49.40    1.39    1.33  3
  SLRQ      292.50  -14.42   41.26   40.41    0.28    0.27   60.85   59.76    1.15    1.17  3
  SLRY      292.63  -14.30   50.12   50.37    0.33    0.33   53.97   53.18    1.45    1.46  3
  SLTJ      295.28  -21.53   52.86   53.68   -0.99   -0.97   33.44   34.39    1.52    1.56  3
  SOCA      307.63    4.83   58.73   58.29   -0.32   -0.08   48.04   46.76    1.22    1.27  3
  SPJI      283.28   -7.22   85.44   87.93   -0.86   -0.82   37.93   38.42    0.67    0.64  3
  SPMS      283.92   -5.90   39.28   35.71    0.57    0.55   62.15   64.50    0.93    0.98  3
  SPST      283.63   -6.52   54.22   50.52    0.14    0.12   69.67   71.17    0.87    0.90  3
  SPTU      290.80  -12.63   12.82   15.56    0.55    0.50   67.27   65.31    0.77    0.78  3
  SVMI      293.02   10.60   43.94   43.44   -2.35   -2.08   44.53   45.77    1.10    1.24  2
  TDCF      298.60   15.33   62.53   63.10   -4.01   -3.51   42.53   42.37    1.25    1.25  3
  TTPP      298.65   10.62   49.28   48.86   -0.39   -0.33   26.60   24.10    1.46    1.50  3
  UIUU      107.45   51.80    3.74    2.50    0.65    0.51   62.42   61.21    1.13    1.26  3
  UKLI       24.68   48.89   53.73   53.85   -0.67   -0.64   55.40   54.09    0.85    0.85  3
  UTDK       69.80   37.97  -45.62  -46.22    1.98    1.99   23.34   24.04    1.38    1.36  3
  UTFF       71.75   40.36  -10.83  -11.66    0.19    0.18   67.81   66.92    1.36    1.32  3
  VEAT       91.24   23.89   84.96   83.94   -2.76   -2.17   57.06   54.71    1.04    0.93  3
  VEJS       86.16   22.81   47.45   46.83   -1.70   -1.55   50.76   51.32    0.99    0.98  3
  VGEG       91.82   22.27   41.16   41.02   -1.78   -1.20   60.46   60.49    1.54    1.63  3
  VIAR       74.80   31.70   55.53   56.68   -1.08   -0.79   65.49   65.89    1.46    1.42  3
  VLLN      101.40   20.96    1.09    0.76    0.63    0.49   67.82   67.82    0.73    0.74  3
  VTCC       98.99   18.78   34.24   32.12    0.75    0.76   60.68   55.97    0.77    0.78  3
  VTCH       97.98   19.30   47.90   46.17    0.26    0.21   78.11   77.05    0.75    0.73  3
  VTCL       99.52   18.28   31.45   30.80    0.13    0.21   65.99   67.04    0.84    0.85  3
  VTPB      101.20   16.67   -1.92    1.57   -0.27   -0.06   69.98   69.14    0.92    1.02  3
  VTSF       99.95    8.52   -9.43  -13.65   -0.76   -0.55   71.10   69.94    1.34    1.31  3
  VTSK      101.15    6.78    2.82    4.22    0.03    0.12   61.35   61.13    1.31    1.29  3
  VTSR       98.58    9.77   -9.97  -10.18   -0.98   -0.57   62.34   61.55    1.49    1.49  3
  VTUD      102.80   17.38    2.26    2.75   -0.26   -0.20   61.22   60.41    1.05    1.08  3
  VTUL      101.73   17.45    8.68   10.64    0.06    0.17   70.80   72.27    0.96    0.99  3
  WAJJ      140.47   -2.57   70.71   66.65    0.35    0.38   53.64   55.59    1.04    1.05  3
  WAPP      128.08   -3.70   48.30   48.41   -1.56   -1.04   56.57   54.37    0.94    0.95  3
  WBGG      110.33    1.48   20.96   28.77    0.71    0.73   63.73   58.19    0.94    0.92  3
  WBGS      111.98    2.27   30.97   36.76    0.77    0.72   60.32   56.97    0.88    0.88  3
  WBGY      111.45    1.22   76.66   78.38   -0.08   -0.18   74.05   70.44    0.78    0.75  3
  WBKL      115.25    5.30   47.48   53.80   -2.35   -2.08   74.20   72.55    1.17    1.23  3
  WBKW      118.12    4.32   59.73   56.88   -0.37   -0.34   49.43   50.92    1.07    1.00  3
  WIBB      101.45    0.47   67.98   63.40    0.58    0.74   49.17   46.90    1.02    1.04  3
  WIDD      104.10    1.10   45.12   41.44   -0.84   -0.27   59.86   59.78    1.11    1.19  3
  WIOO      109.40   -0.15   11.26   15.07    0.50    0.53   63.01   60.51    0.87    0.86  3
  WMKA      100.40    6.20   34.04   39.56   -0.66   -0.48   62.81   64.63    0.72    0.73  3
  WMKD      103.22    3.77   49.82   45.21   -0.01    0.04   56.55   57.17    0.97    0.93  3
  WMKE      103.43    4.53   70.34   69.77   -1.48   -1.43   63.05   63.68    1.25    1.19  3
  WMKJ      103.67    1.63   62.44   52.59   -0.55   -0.27   63.39   63.10    0.70    0.71  3
  WMKL       99.73    6.33   12.74   13.93   -0.81   -0.62   66.29   65.55    1.33    1.19  3
  WMKM      102.25    2.27   52.17   52.30   -0.92   -0.83   62.06   59.46    0.97    0.93  3
  WMKN      103.10    5.38   46.65   45.55   -0.54   -0.52   56.80   56.14    1.22    1.27  3
  BIHN      344.77   64.30    7.18    4.93    0.30    0.27   61.39   62.74    2.11    2.19  3
  DRZA        7.99   16.97   31.74   22.42    0.14    0.05   60.63   55.86    1.97    1.90  3
  ENSG        7.13   61.15  -17.00  -14.90    1.32    1.12   62.22   63.51    1.62    1.63  3
  FKKD        9.73    4.00   42.44   41.85   -0.92   -0.86   81.26   81.51    1.30    1.33  3
  FKKL       14.25   10.45    6.78    2.12    0.47    0.50   62.08   58.10    1.33    1.31  3
  FNCA       12.18   -5.55   24.52   25.56   -1.16   -1.11   61.24   59.28    0.85    0.86  3
  FNKU       16.93  -12.36   68.11   67.20    0.71    0.56   45.26   45.92    1.82    1.77  3
  FNMA       16.30   -9.55   15.53   16.22    0.93    0.89   87.33   83.45    1.79    1.68  3
  FNSA       20.43   -9.69   75.90   73.82   -1.15   -1.21   56.57   58.23    1.22    1.25  3
  FNUB       13.56  -14.93    6.99    7.50    2.13    2.10   71.76   73.43    1.57    1.56  3
  FNUG       15.28   -7.60    9.07    5.73    1.26    1.20   67.56   67.38    1.50    1.45  3
  FTTC       20.85   13.85   32.98   33.05   -0.71   -0.62   68.70   67.97    1.68    1.68  3
  GOTK      347.79   12.56    7.94    9.54    0.36    0.34   70.33   68.42    1.09    1.12  3
  KBKB      267.03   31.00   91.93   94.14   -1.29   -1.47   54.93   53.19    0.66    0.74  3
  LEGA      356.38   37.11   32.41   31.66    1.45    1.49   68.61   66.91    1.52    1.58  3
  LGKZ       21.78   40.29   74.82   72.19   -0.84   -1.04   55.69   53.56    0.91    0.87  3
  LIMA        7.60   45.08   69.46   67.12   -0.22   -0.23   54.56   53.28    1.16    1.20  3
  LIPF       11.62   44.83   23.76   11.89   -0.88   -0.69   64.78   63.73    1.03    0.97  3
  LIQN       12.85   42.42   32.15   31.41    0.69    0.64   62.44   62.06    1.29    1.28  3
  LIQW        9.98   44.08   28.94   32.69    0.08   -0.02   82.70   86.76    0.83    0.83  3
  LIRI       14.92   40.61  -20.93  -20.08    0.84    0.84   61.92   60.71    1.23    1.27  3
  LOXZ       14.75   47.20   -2.76   -3.87    0.31    0.27   61.37   65.83    1.19    1.26  3
  LTAL       33.79   41.31    9.69    5.49    0.24    0.17   60.28   58.31    1.13    1.13  3
  LTAW       36.36   40.28   29.42   25.92   -0.17   -0.09   84.64   84.79    1.13    1.25  3
  LTCV       42.06   37.36   12.00    3.64    1.12    1.17   61.80   60.35    0.82    0.87  3
  LWOH       20.75   41.18   33.08   40.76    0.68    0.45   68.83   64.39    0.75    0.83  3
  OISR       53.18   27.36   34.36   32.52    0.89    0.94   61.31   61.72    1.78    1.85  3
  VELR       94.10   27.30   -9.43  -12.68    0.44    0.41   70.02   70.22    0.90    0.85  3
  DNCA        8.35    4.97   84.11   89.28    0.16    0.18   64.05   57.13    1.52    1.53  3
  FDMS       31.30  -26.53   19.39   15.64    0.20    0.16   60.67   62.66    1.09    1.25  3
  FVKB       28.89  -16.52   49.98   43.76   -0.65   -0.68   51.11   54.01    1.72    1.71  3
  GQPA      346.94   20.51   -2.59   -3.99    0.19    0.20   67.39   67.29    2.03    2.01  3
  KNYC      286.02   40.77   57.45   57.76   -2.13   -1.53   57.97   55.63    1.28    1.19  3
  SBUA      293.02   -0.15   40.75   40.34    0.71    0.73   66.56   62.51    0.67    0.65  3
  SLVM      296.55  -21.25   70.53   71.22   -0.83   -0.88   40.93   41.29    1.33    1.30  3
  FZWA       23.56   -6.11   23.18   14.20    1.61    1.60   75.52   74.01    1.50    1.47  3
  PAMH      207.73   63.90   49.98   51.63   -1.06   -1.10   57.61   58.33    1.08    1.08  3
  RJNG      136.87   35.38   11.90   12.96   -0.37   -0.23   63.10   61.20    1.80    1.60  3
  FZNA       29.23   -1.68   25.67   27.72    1.51    1.50   78.64   77.86    1.58    1.53  3
  UTFA       72.33   40.72   20.34   19.32   -0.02   -0.05   60.21   61.15    1.03    0.95  3
  SBPG      311.48  -25.52   28.92   29.88    1.33    1.17   90.89   89.49    1.82    1.90  3
  KRZR      275.20   35.22   60.65   61.23   -0.46   -0.43   51.65   50.80    0.68    0.80  3
  KE16      238.40   37.08   12.96   -6.69    1.61    1.34   74.67   71.62    1.46    1.37  3
  RJTR      139.40   35.52   40.87   35.50   -2.00   -1.81   63.50   60.48    2.11    1.92  3
  KASJ      282.83   36.29   46.06   41.84   -1.19   -0.84   50.02   48.79    0.74    0.77  3
  ENNO        9.22   59.57  -14.52  -12.56   -0.04    0.18   70.41   70.10    1.27    1.21  3
  NCMK      202.62  -20.14  -68.23  -68.16   -4.46   -4.61   51.12   51.55    2.42    2.42  3
  KHEG      278.19   30.28   50.38   44.60   -0.57   -0.33   48.41   44.81    0.88    0.92  3
  KI35      276.64   36.86   82.25   74.02   -0.84   -0.99   52.97   51.49    0.60    0.67  3
  KIMM      278.60   26.43   45.52   43.78   -0.77   -0.14   40.84   35.99    0.82    0.85  3
  PAIN      211.09   63.73   65.99   66.05   -0.63   -0.69   70.13   68.94    1.44    1.54  3
  FDPP       31.25  -25.96   66.59   70.92    1.25    1.21   41.41   41.94    1.01    1.07  3
  KMOR      276.64   36.18   51.56   49.43   -0.23   -0.37   41.00   41.66    0.79    0.79  3
