dtype=   uv220 mean,std,direction,speed
     8     5     4     3     4     4     3     4     3     3     3     3
     2     3     3     2     2     2     3     3     2     3     3     2
     2     2     2     2     2     2     2     2     1     2     2     2
     2     2     2     2     2     3     4
    14    14    13    12    12    12    12    11    11    11    11    10
    10    10    10    10    10    10    10    10     9    10     9     9
     9     9     8     8     8     8     7     7     7     6     6     6
     6     6     7     7     7     8     9
    11    11     9     7     9     8     6     7     7     8     8     8
     6     8     7     7     7     6     7     7     5     6     7     7
     5     7     8     7     5     9     6    10     7    12     9    10
     9     8     9     9     8    10    14
    12    15    15    14    15    15    14    15    14    15    15    15
    14    16    15    16    15    16    16    16    14    16    17    18
    15    18    19    19    17    20    17    20    19    21    19    19
    15    12    11    13    14    16    22
 40.00 25.00 20.00 15.00 20.00 20.00 15.00 20.00 15.00 15.00 15.00 15.00
 10.00 15.00 15.00 10.00 10.00 10.00 15.00 15.00 10.00 15.00 15.00 10.00
 10.00 10.00 10.00 10.00 10.00 10.00 10.00 10.00  5.00 10.00 10.00 10.00
 10.00 10.00 10.00 10.00 10.00 15.00 20.00
 70.00 70.00 65.00 60.00 60.00 60.00 60.00 55.00 55.00 55.00 55.00 50.00
 50.00 50.00 50.00 50.00 50.00 50.00 50.00 50.00 45.00 50.00 45.00 45.00
 45.00 45.00 40.00 40.00 40.00 40.00 35.00 35.00 35.00 30.00 30.00 30.00
 30.00 30.00 35.00 35.00 35.00 40.00 45.00
  2.20  2.20  1.80  1.40  1.80  1.60  1.20  1.40  1.40  1.60  1.60  1.60
  1.20  1.60  1.40  1.40  1.40  1.20  1.40  1.40  1.00  1.20  1.40  1.40
  1.00  1.40  1.60  1.40  1.00  1.80  1.20  2.00  1.40  2.40  1.80  2.00
  1.80  1.60  1.80  1.80  1.60  2.00  2.80
  2.40  3.00  3.00  2.80  3.00  3.00  2.80  3.00  2.80  3.00  3.00  3.00
  2.80  3.20  3.00  3.20  3.00  3.20  3.20  3.20  2.80  3.20  3.40  3.60
  3.00  3.60  3.80  3.80  3.40  4.00  3.40  4.00  3.80  4.20  3.80  3.80
  3.00  2.40  2.20  2.60  2.80  3.20  4.40
dtype=   uv221 mean,std,direction,speed
    17     8     7     6     6     7     5     6     7     7    10    18
     8    11    15    12    13    13    12    15    11    21     8     7
     8     6     8     7     5     5     5     4     4     4     4     3
     3     4     3     3     6    10    12
    17    14    15    15    15    15    15    15    16    16    16    15
    16    17    16    15    16    16    14    14    14    14     9    10
    11     7     9    11     9     9     8     6     6     6     6     4
     6     6     7     3     3     3    16
    16    15    12    13    13    14     9    12    10    13    12    13
    15    15    18    14    18    15    20    20    16    24    22    19
    19    18    17    17    19    24    24    26    23    25    22    37
    21    12    18    15    33    50    50
    12    15    16    17    17    19    19    21    20    20    18    21
    19    18    18    18    18    19    20    17    19    18    20    21
    20    18    21    21    21    25    22    25    21    27    28    29
    24    20    16    15    21    27    38
 85.00 40.00 35.00 30.00 30.00 35.00 25.00 30.00 35.00 35.00 50.00 90.00
 40.00 55.00 75.00 60.00 65.00 65.00 60.00 75.00 55.00105.00 40.00 35.00
 40.00 30.00 40.00 35.00 25.00 25.00 25.00 20.00 20.00 20.00 20.00 15.00
 15.00 20.00 15.00 15.00 30.00 50.00 60.00
 85.00 70.00 75.00 75.00 75.00 75.00 75.00 75.00 80.00 80.00 80.00 75.00
 80.00 85.00 80.00 75.00 80.00 80.00 70.00 70.00 70.00 70.00 45.00 50.00
 55.00 35.00 45.00 55.00 45.00 45.00 40.00 30.00 30.00 30.00 30.00 20.00
 30.00 30.00 35.00 15.00 15.00 15.00 80.00
  3.20  3.00  2.40  2.60  2.60  2.80  1.80  2.40  2.00  2.60  2.40  2.60
  3.00  3.00  3.60  2.80  3.60  3.00  4.00  4.00  3.20  4.80  4.40  3.80
  3.80  3.60  3.40  3.40  3.80  4.80  4.80  5.20  4.60  5.00  4.40  7.40
  4.20  2.40  3.60  3.00  6.60 10.00 10.00
  2.40  3.00  3.20  3.40  3.40  3.80  3.80  4.20  4.00  4.00  3.60  4.20
  3.80  3.60  3.60  3.60  3.60  3.80  4.00  3.40  3.80  3.60  4.00  4.20
  4.00  3.60  4.20  4.20  4.20  5.00  4.40  5.00  4.20  5.40  5.60  5.80
  4.80  4.00  3.20  3.00  4.20  5.40  7.60
dtype=   uv224 mean,std,direction,speed
     5     4     3     2     3     3     3     3     4     4     5     5
     5     5     4     4     4     4     4     3     3     3     3    29
     3     3    11     2     8     4     3    28     0     0     0     0
     0     0     0     0     0     0     0
     9     8     8     8     9     8     9     9    10    10    10    10
    10    12    10    10     9    10     7     9     9     9     7    11
     8     7    18     8    12     9     9    14     0     0     0     0
     0     0     0     0     0     0     0
    11    13    12    11    12    13    15    15    15    15    16    16
    17    20    17    20    19    18    17    15    17    15    25    50
    14    36    50    16    50    24    28    50    37    37    37     0
     0    37    37     0    37    37     0
    13    13    13    14    14    15    14    15    15    16    16    17
    17    17    20    19    21    22    29    23    20    20    26    35
    21    37    17    26    50    25    35    43     0     0     0     0
     0     0    33    15    35     0    10
 25.00 20.00 15.00 10.00 15.00 15.00 15.00 15.00 20.00 20.00 25.00 25.00
 25.00 25.00 20.00 20.00 20.00 20.00 20.00 15.00 15.00 15.00 15.00145.00
 15.00 15.00 55.00 10.00 40.00 20.00 15.00140.00  0.00  0.00  0.00  0.00
  0.00  0.00  0.00  0.00  0.00  0.00  0.00
 45.00 40.00 40.00 40.00 45.00 40.00 45.00 45.00 50.00 50.00 50.00 50.00
 50.00 60.00 50.00 50.00 45.00 50.00 35.00 45.00 45.00 45.00 35.00 55.00
 40.00 35.00 90.00 40.00 60.00 45.00 45.00 70.00  0.00  0.00  0.00  0.00
  0.00  0.00  0.00  0.00  0.00  0.00  0.00
  2.20  2.60  2.40  2.20  2.40  2.60  3.00  3.00  3.00  3.00  3.20  3.20
  3.40  4.00  3.40  4.00  3.80  3.60  3.40  3.00  3.40  3.00  5.00 10.00
  2.80  7.20 10.00  3.20 10.00  4.80  5.60 10.00  7.40  7.40  7.40  0.00
  0.00  7.40  7.40  0.00  7.40  7.40  0.00
  2.60  2.60  2.60  2.80  2.80  3.00  2.80  3.00  3.00  3.20  3.20  3.40
  3.40  3.40  4.00  3.80  4.20  4.40  5.80  4.60  4.00  4.00  5.20  7.00
  4.20  7.40  3.40  5.20 10.00  5.00  7.00  8.60  0.00  0.00  0.00  0.00
  0.00  0.00  6.60  3.00  7.00  0.00  2.00
dtype=   uv280  mean,std,direction,speed
     6    12    14    15
 30.00 60.00  2.80  3.00
dtype=   uv281  mean,std,direction,speed
     9    14    12    11
 45.00 70.00  2.40  2.20
dtype=   uv287  mean,std,direction,speed
     9    11     8     9
 45.00 55.00  1.60  1.80
