01001   ;   70.93;  351.33;  norm
01028   ;   74.52;   19.02;  norm
01152   ;   67.28;   14.45;  norm
01241   ;   63.70;    9.60;  norm
01400   ;   56.90;    3.35;  norm
01415   ;   58.87;    5.67;  norm
02527   ;   57.67;   12.50;  norm
03005   ;   60.13;  358.82;  norm
03238   ;   55.02;  358.13;  norm
03354   ;   53.00;  358.75;  norm
03808   ;   50.22;  354.68;  norm
03882   ;   50.90;    0.32;  norm
03918   ;   54.50;  353.66;  norm
03953   ;   51.93;  349.75;  norm
04018   ;   63.97;  337.40;  bias
04220   ;   68.70;  307.15;  norm
04320   ;   76.77;  341.23;  norm
04339   ;   70.48;  338.05;  norm
04360   ;   65.60;  322.37;  norm
06011   ;   62.02;  353.23;  norm
06260   ;   52.10;    5.18;  norm
06458   ;   50.75;    4.77;  norm
06610   ;   46.82;    6.95;  norm
07110   ;   48.45;  355.58;  norm
07145   ;   48.77;    2.00;  norm
07510   ;   44.83;  359.32;  norm
07645   ;   43.87;    4.40;  norm
08001   ;   43.37;  351.58;  norm
08023   ;   43.47;  356.18;  norm
10035   ;   54.53;    9.55;  norm
10200   ;   53.38;    7.23;  norm
10238   ;   52.82;    9.93;  bias
10410   ;   51.40;    6.97;  norm
10548   ;   50.57;   10.38;  norm
10618   ;   49.70;    7.33;  norm
10739   ;   48.83;    9.20;  norm
10771   ;   49.43;   11.90;  norm
10868   ;   48.25;   11.55;  norm
16037   ;   46.03;   12.60;  norm
16044   ;   46.03;   13.18;  norm
16080   ;   45.43;    9.28;  norm
16144   ;   44.65;   11.62;  norm
70026   ;   71.29;  203.21;  norm
70133   ;   66.89;  197.39;  norm
70200   ;   64.51;  194.57;  norm
70219   ;   60.79;  198.16;  norm
70231   ;   62.96;  204.40;  norm
70261   ;   64.82;  212.12;  norm
70273   ;   61.16;  210.01;  norm
70308   ;   57.16;  189.78;  norm
70316   ;   55.20;  197.28;  norm
70326   ;   58.68;  203.33;  norm
70350   ;   57.74;  207.51;  norm
70361   ;   59.51;  220.33;  norm
70398   ;   55.05;  228.41;  norm
70414   ;   52.72;  174.10;  norm
71043   ;   65.28;  233.25;  norm
71081   ;   68.78;  278.75;  norm
71082   ;   82.50;  297.67;  norm
71109   ;   50.68;  232.63;  norm
71126   ;   53.55;  245.90;  norm
71203   ;   49.95;  240.60;  norm
71600   ;   43.93;  299.98;  norm
71603   ;   43.87;  293.90;  norm
71722   ;   46.30;  284.00;  norm
71802   ;   47.52;  307.22;  norm
71811   ;   50.22;  293.73;  norm
71815   ;   48.55;  301.43;  norm
71816   ;   53.30;  299.63;  norm
71823   ;   53.75;  286.33;  norm
71836   ;   51.27;  279.35;  norm
71845   ;   51.45;  269.80;  norm
71867   ;   53.97;  258.90;  norm
71906   ;   58.10;  291.58;  bias
71907   ;   58.47;  281.92;  norm
71908   ;   53.90;  237.20;  norm
71909   ;   63.75;  291.45;  norm
71913   ;   58.75;  265.93;  norm
71915   ;   64.20;  276.63;  norm
71917   ;   80.00;  274.07;  norm
71924   ;   74.70;  265.03;  norm
71925   ;   69.10;  254.88;  norm
71926   ;   64.30;  264.00;  norm
71934   ;   60.02;  248.07;  norm
71945   ;   58.83;  237.40;  norm
71957   ;   68.32;  226.47;  norm
71964   ;   60.72;  224.93;  norm
72201   ;   24.55;  278.21;  norm
72202   ;   25.76;  279.62;  norm
72206   ;   30.48;  278.30;  norm
72208   ;   32.89;  279.97;  norm
72214   ;   30.45;  275.70;  norm
72215   ;   33.36;  275.43;  norm
72230   ;   33.18;  273.22;  norm
72233   ;   30.34;  270.17;  norm
72235   ;   32.32;  269.92;  norm
72240   ;   30.13;  266.78;  norm
72248   ;   32.45;  266.16;  norm
72249   ;   32.84;  262.70;  norm
72250   ;   25.92;  262.58;  norm
72251   ;   27.78;  262.49;  norm
72261   ;   29.37;  259.08;  norm
72265   ;   31.94;  257.81;  norm
72274   ;   32.23;  249.04;  norm
72293   ;   32.85;  242.88;  norm
72305   ;   34.78;  283.12;  norm
72317   ;   36.10;  280.06;  norm
72318   ;   37.21;  279.59;  norm
72327   ;   36.25;  273.44;  norm
72340   ;   34.84;  267.74;  norm
72357   ;   35.18;  262.56;  norm
72363   ;   35.23;  258.29;  norm
72364   ;   31.87;  253.30;  norm
72365   ;   35.04;  253.38;  norm
72376   ;   35.23;  248.18;  norm
72388   ;   36.05;  244.82;  norm
72402   ;   37.93;  284.53;  norm
72403   ;   38.98;  282.51;  norm
72426   ;   39.42;  276.18;  norm
72440   ;   37.24;  266.60;  norm
72451   ;   37.76;  260.03;  norm
72456   ;   39.07;  264.37;  norm
72469   ;   39.77;  255.13;  norm
72476   ;   39.12;  251.48;  norm
72489   ;   39.57;  240.20;  norm
72493   ;   37.74;  237.78;  norm
72501   ;   40.87;  287.14;  norm
72518   ;   42.69;  286.17;  norm
72520   ;   40.53;  279.78;  norm
72528   ;   42.94;  281.28;  norm
72558   ;   41.32;  263.63;  norm
72562   ;   41.13;  259.30;  norm
72572   ;   40.77;  248.05;  norm
72582   ;   40.86;  244.26;  norm
72597   ;   42.38;  237.12;  norm
72632   ;   42.70;  276.53;  norm
72634   ;   44.91;  275.28;  norm
72645   ;   44.50;  271.89;  norm
72649   ;   44.85;  266.44;  norm
72659   ;   45.45;  261.59;  norm
72662   ;   44.07;  256.79;  norm
72672   ;   43.07;  251.52;  norm
72681   ;   43.57;  243.79;  norm
72694   ;   44.91;  236.99;  norm
72712   ;   46.87;  291.99;  norm
72747   ;   48.56;  266.60;  norm
72764   ;   46.77;  259.24;  norm
72768   ;   48.21;  253.37;  norm
72776   ;   47.46;  248.61;  norm
72786   ;   47.68;  242.37;  norm
72797   ;   47.93;  235.44;  norm
74389   ;   43.89;  289.74;  norm
74455   ;   41.61;  269.42;  norm
74494   ;   41.66;  290.04;  norm
74560   ;   40.15;  270.66;  norm
76679   ;   19.43;  260.87;  norm
76903   ;   14.88;  267.70;  norm
78526   ;   18.43;  294.01;  norm
91165   ;   21.99;  200.66;  norm
91285   ;   19.72;  204.95;  norm
ASDE01  ;   48.10;  309.90;  norm
ASDK01  ;   58.50;  349.10;  norm
ASDK02  ;   62.00;  349.90;  reje
ASFR3   ;   30.40;  322.00;  othe
03743   ;   51.20;  358.20;  norm
06235   ;   52.92;    4.78;  norm
72381   ;   34.90;  242.08;  norm
01004   ;   78.92;   11.93;  norm
04089   ;   65.28;  345.60;  norm
06447   ;   50.80;    4.35;  norm
72210   ;   27.71;  277.60;  norm
72393   ;   34.75;  239.43;  norm
74002   ;   39.47;  283.93;  norm
76394   ;   25.87;  259.77;  norm
76405   ;   24.17;  249.70;  norm
76458   ;   23.20;  253.58;  norm
76526   ;   22.75;  257.49;  norm
76612   ;   20.67;  256.62;  norm
76644   ;   20.98;  270.35;  norm
76654   ;   19.05;  255.68;  norm
76692   ;   19.15;  263.88;  norm
76743   ;   17.98;  267.07;  norm
78016   ;   32.37;  295.32;  norm
78073   ;   25.05;  282.53;  norm
78397   ;   17.93;  283.22;  norm
78583   ;   17.53;  271.70;  norm
78897   ;   16.27;  298.47;  norm
78954   ;   13.07;  300.50;  norm
78970   ;   10.58;  298.65;  norm
ASFR2   ;   40.80;  337.40;  othe
ASDE04  ;   46.80;  348.90;  othe
74646   ;   36.61;  262.51;  norm
78486   ;   18.47;  290.12;  norm
ASDE03  ;   46.10;  307.00;  norm
ASEU05  ;   37.80;  285.20;  norm
76805   ;   16.83;  260.07;  norm
ASFR1   ;   46.00;  354.50;  othe
ASFR4   ;   20.30;  304.80;  norm
ASGB01  ;   48.60;  345.40;  norm
71119   ;   53.55;  245.90;  norm
74004   ;   32.85;  245.60;  norm
ASEU03  ;   45.50;  316.00;  norm
ASEU04  ;   39.10;  347.80;  othe
71561   ;   44.23;  280.22;  norm
71569   ;   50.20;  255.30;  norm
76256   ;   27.95;  249.23;  norm
72221   ;   30.48;  273.48;  norm
72391   ;   34.12;  240.88;  norm
03502   ;   52.13;  355.43;  norm
70027   ;   71.32;  203.38;  norm
78807   ;    8.98;  280.42;  norm
80001   ;   12.58;  278.30;  norm
ASDK3   ;   58.80;    3.20;  norm
72291   ;   33.25;  240.55;  norm
74794   ;   28.47;  279.45;  norm
80222   ;    4.70;  285.85;  norm
ASEU01  ;   32.90;  337.80;  norm
74005   ;   32.86;  245.97;  norm
78384   ;   19.30;  278.63;  norm
76595   ;   21.02;  273.15;  norm
78988   ;   12.20;  291.03;  norm
78866   ;   18.05;  296.88;  norm
71843   ;   49.88;  262.87;  norm
ASEU02  ;   47.10;  339.20;  norm
