17600   ;   34.72;   32.48;  norm
17609   ;   34.88;   33.63;  norm
41768   ;   25.52;   69.78;  reje
42591   ;   24.75;   84.95;  norm
42623   ;   24.67;   93.90;  norm
43413   ;    8.98;   79.92;  norm
43466   ;    6.90;   79.87;  norm
43497   ;    6.12;   81.13;  norm
48378   ;   16.82;  100.27;  norm
48431   ;   14.97;  102.08;  reje
48453   ;   13.67;  100.62;  reje
48480   ;   12.60;  102.12;  norm
48500   ;   11.80;   99.80;  norm
48551   ;    9.12;   99.35;  norm
48620   ;    4.22;  100.70;  norm
48870   ;   13.77;  109.22;  reje
48877   ;   12.25;  109.20;  reje
48887   ;   10.93;  108.10;  norm
48914   ;    9.18;  105.15;  norm
51156   ;   46.78;   85.72;  norm
57067   ;   34.00;  111.02;  norm
61442   ;   18.10;  344.05;  reje
64450   ;   -4.25;   15.25;  norm
64700   ;   12.13;   15.03;  reje
67027   ;  -15.67;   46.35;  norm
92035   ;   -9.38;  147.22;  norm
94212   ;  -18.23;  127.67;  norm
94287   ;  -16.88;  145.75;  norm
94326   ;  -23.80;  133.90;  norm
94346   ;  -23.47;  144.25;  norm
94367   ;  -21.12;  149.22;  norm
94403   ;  -28.80;  114.70;  norm
94767   ;  -33.95;  151.18;  norm
94802   ;  -34.95;  117.80;  norm
94910   ;  -35.17;  147.47;  norm
96009   ;    5.13;   97.17;  norm
96011   ;    5.52;   95.42;  norm
96015   ;    4.25;   96.12;  norm
96073   ;    1.55;   98.88;  norm
96075   ;    1.50;   97.63;  norm
96091   ;    0.92;  104.53;  norm
96109   ;    0.47;  101.45;  norm
96171   ;   -0.43;  102.45;  norm
96179   ;   -0.48;  104.58;  norm
96195   ;   -1.63;  103.65;  norm
96249   ;   -2.75;  107.75;  norm
96253   ;   -3.87;  102.33;  norm
96295   ;   -5.27;  105.18;  norm
96315   ;    4.93;  114.93;  norm
96491   ;    5.90;  118.07;  norm
96509   ;    3.33;  117.57;  norm
96535   ;   -1.70;  109.30;  norm
96581   ;   -0.15;  109.40;  norm
96645   ;   -2.70;  110.70;  norm
96655   ;   -1.00;  114.00;  norm
96685   ;   -3.45;  114.75;  norm
96739   ;   -6.23;  106.65;  norm
96791   ;   -6.75;  108.27;  norm
96805   ;   -7.73;  109.02;  norm
96839   ;   -6.98;  110.38;  norm
96925   ;   -5.85;  112.63;  norm
96973   ;   -7.05;  113.97;  norm
96987   ;   -8.22;  114.38;  norm
97008   ;    3.58;  125.47;  norm
97028   ;    1.02;  120.80;  norm
97086   ;   -0.90;  122.78;  norm
97096   ;   -1.38;  120.73;  norm
97120   ;   -2.50;  119.00;  reje
97192   ;   -5.47;  122.62;  norm
97230   ;   -8.75;  115.17;  norm
97240   ;   -8.57;  116.07;  norm
97260   ;   -8.52;  117.42;  reje
97270   ;   -8.55;  118.70;  norm
97300   ;   -8.50;  122.23;  norm
97340   ;   -9.67;  120.33;  reje
97430   ;    0.78;  127.38;  norm
97460   ;   -1.62;  124.55;  norm
97502   ;   -0.93;  131.12;  norm
97530   ;   -0.88;  134.05;  norm
97600   ;   -2.08;  126.00;  norm
97686   ;   -4.07;  138.95;  norm
97748   ;   -3.88;  130.90;  norm
97760   ;   -3.67;  133.75;  norm
97810   ;   -5.68;  132.75;  norm
97876   ;   -6.10;  140.30;  norm
97900   ;   -7.98;  131.30;  norm
15420   ;   44.50;   26.13;  norm
40179   ;   32.00;   34.82;  norm
41506   ;   35.85;   71.83;  reje
41515   ;   35.40;   71.78;  reje
41529   ;   34.03;   71.93;  reje
41640   ;   31.55;   74.33;  reje
41883   ;   24.85;   89.37;  norm
41891   ;   24.90;   91.88;  reje
41907   ;   24.13;   89.05;  reje
41923   ;   23.77;   90.38;  norm
41936   ;   23.18;   89.17;  reje
41943   ;   23.03;   91.42;  norm
41950   ;   22.75;   90.37;  norm
41977   ;   22.35;   91.82;  norm
41992   ;   21.43;   91.93;  norm
42182   ;   28.58;   77.20;  norm
42314   ;   27.48;   95.02;  reje
42339   ;   26.30;   73.02;  norm
42361   ;   26.23;   78.25;  norm
42369   ;   26.75;   80.88;  norm
42647   ;   23.07;   72.63;  norm
42724   ;   23.88;   91.25;  norm
42809   ;   22.65;   88.45;  reje
42971   ;   20.25;   85.83;  norm
43003   ;   19.12;   72.85;  norm
43014   ;   19.85;   75.40;  norm
43041   ;   19.08;   82.03;  norm
43128   ;   17.45;   78.47;  norm
43150   ;   17.72;   83.30;  norm
43185   ;   16.20;   81.15;  reje
43311   ;   11.12;   72.73;  norm
43333   ;   11.67;   92.72;  norm
45004   ;   22.32;  114.17;  norm
48327   ;   18.78;   98.98;  norm
48354   ;   17.38;  102.80;  norm
48568   ;    7.20;  100.60;  norm
48601   ;    5.30;  100.27;  norm
48615   ;    6.17;  102.28;  norm
48650   ;    2.73;  101.70;  norm
59758   ;   20.00;  110.25;  norm
61052   ;   13.48;    2.17;  norm
64458   ;    1.62;   16.05;  norm
65344   ;    6.35;    2.38;  reje
67002   ;  -11.53;   43.27;  norm
67197   ;  -25.03;   46.95;  norm
94120   ;  -12.42;  130.88;  norm
94150   ;  -12.28;  136.82;  norm
94203   ;  -17.95;  122.23;  norm
94294   ;  -19.25;  146.77;  norm
94299   ;  -16.30;  149.98;  norm
94374   ;  -23.38;  150.48;  norm
94461   ;  -25.03;  128.28;  norm
94578   ;  -27.43;  153.08;  norm
94610   ;  -31.93;  115.97;  norm
94638   ;  -33.83;  121.88;  norm
94672   ;  -34.95;  138.53;  norm
94866   ;  -37.67;  144.85;  norm
94975   ;  -42.83;  147.50;  norm
94996   ;  -29.03;  167.93;  norm
96035   ;    3.57;   98.68;  norm
96147   ;    3.95;  108.38;  norm
96163   ;   -0.88;  100.35;  norm
96413   ;    1.48;  110.33;  norm
96441   ;    3.20;  113.03;  norm
96471   ;    5.93;  116.05;  norm
96595   ;   -0.95;  114.90;  norm
96737   ;   -6.12;  106.13;  norm
96749   ;   -6.12;  106.65;  norm
96797   ;   -6.85;  109.15;  norm
96935   ;   -7.37;  112.77;  norm
97072   ;   -0.68;  119.73;  norm
97180   ;   -5.07;  119.55;  norm
97372   ;  -10.17;  123.67;  norm
97724   ;   -3.70;  128.08;  norm
97980   ;   -8.47;  140.38;  norm
48407   ;   15.25;  104.87;  reje
48477   ;   12.68;  100.98;  norm
48565   ;    8.10;   98.30;  norm
61265   ;   14.52;  355.90;  norm
65510   ;   11.17;  355.70;  norm
67083   ;  -18.80;   47.48;  norm
87155   ;  -27.45;  300.95;  norm
96221   ;   -2.90;  104.70;  norm
54857   ;   36.07;  120.33;  norm
57083   ;   34.72;  113.65;  norm
57494   ;   30.62;  114.13;  norm
58457   ;   30.23;  120.17;  norm
58847   ;   26.08;  119.28;  norm
59316   ;   23.35;  116.68;  norm
61291   ;   12.53;  352.05;  norm
64910   ;    4.00;    9.73;  norm
94750   ;  -34.95;  150.53;  norm
96237   ;   -2.17;  106.13;  norm
97014   ;    1.53;  122.92;  norm
65330   ;    9.35;    2.62;  norm
94653   ;  -32.13;  133.70;  norm
96145   ;    3.20;  106.25;  reje
96565   ;    0.88;  112.93;  norm
96607   ;   -0.62;  117.15;  norm
96633   ;   -1.27;  116.90;  norm
97048   ;    0.52;  123.07;  norm
97690   ;   -2.57;  140.48;  norm
41859   ;   25.73;   89.23;  norm
42410   ;   26.10;   91.58;  reje
43279   ;   13.00;   80.18;  norm
43295   ;   12.97;   77.58;  norm
43346   ;   10.92;   79.83;  reje
94821   ;  -37.73;  140.78;  norm
65503   ;   12.35;  358.48;  norm
97560   ;   -1.18;  136.12;  norm
43369   ;    8.30;   73.15;  norm
67095   ;  -18.12;   49.40;  norm
96207   ;   -2.77;  101.37;  norm
96529   ;    2.12;  117.45;  norm
42379   ;   26.75;   83.37;  reje
94302   ;  -22.23;  114.08;  norm
61641   ;   14.73;  342.50;  norm
10954   ;   47.83;   10.87;  norm
65578   ;    5.25;  356.07;  norm
91843   ;  -21.20;  200.18;  norm
44385   ;   43.20;  107.17;  norm
83208   ;  -12.70;  299.90;  norm
87623   ;  -36.57;  295.73;  norm
61024   ;   16.97;    7.98;  reje
40373   ;   28.33;   46.12;  norm
96801   ;   -7.37;  108.25;  norm
43371   ;    8.48;   76.95;  norm
41112   ;   18.23;   42.65;  norm
41661   ;   30.27;   66.92;  norm
68424   ;  -28.42;   21.27;  norm
98444   ;   13.13;  123.73;  norm
98646   ;   10.30;  123.97;  norm
68592   ;  -29.61;   31.12;  norm
68816   ;  -33.97;   18.60;  norm
64870   ;    7.35;   13.57;  norm
64400   ;   -4.82;   11.90;  norm
41024   ;   21.70;   39.18;  norm
84628   ;  -12.02;  282.88;  norm
40990   ;   31.50;   65.85;  norm
64750   ;    9.15;   18.38;  norm
42867   ;   21.10;   79.05;  norm
93417   ;  -40.90;  174.98;  norm
96323   ;    4.58;  114.20;  norm
57972   ;   25.82;  113.02;  norm
58150   ;   33.77;  120.25;  norm
59981   ;   16.83;  112.33;  norm
71924   ;   74.70;  265.03;  norm
82193   ;   -1.38;  311.52;  norm
82917   ;  -10.00;  292.20;  norm
87576   ;  -34.82;  301.47;  norm
61415   ;   20.93;  342.97;  norm
68442   ;  -29.10;   26.30;  norm
40394   ;   27.43;   41.68;  norm
40948   ;   34.55;   69.22;  norm
42667   ;   23.28;   77.35;  norm
64500   ;    0.47;    9.42;  norm
83554   ;  -19.00;  302.33;  norm
71945   ;   58.83;  237.40;  norm
89664   ;  -77.85;  166.67;  norm
94312   ;  -20.37;  118.63;  norm
41780   ;   24.90;   67.13;  norm
68263   ;  -25.92;   28.22;  norm
82824   ;   -8.70;  296.10;  norm
48097   ;   16.77;   96.17;  reje
80222   ;    4.70;  285.85;  norm
93844   ;  -46.42;  168.32;  norm
94998   ;  -54.50;  158.95;  norm
41749   ;   26.25;   68.37;  norm
41675   ;   30.20;   71.43;  reje
71816   ;   53.30;  299.63;  norm
71843   ;   49.88;  262.87;  norm
41715   ;   28.30;   68.47;  reje
41718   ;   28.65;   70.68;  reje
41598   ;   32.93;   73.72;  norm
95527   ;  -29.48;  149.85;  norm
82411   ;   -3.67;  290.33;  norm
91680   ;  -17.75;  177.45;  norm
68842   ;  -33.98;   26.62;  norm
94332   ;  -20.68;  139.48;  norm
82397   ;   -3.77;  321.40;  norm
82678   ;   -6.77;  316.98;  norm
93112   ;  -36.78;  174.62;  norm
64650   ;    4.40;   18.52;  norm
61600   ;   16.05;  343.55;  norm
