  03953     349.75   51.93    1.55    1.46    0.63    0.48  0
     38.00    0.00    1.55    1.55    0.67    0.52
     38.00    1.60    1.80    1.04    0.37
  08001     351.58   43.37    1.60    1.57    0.56    0.42  0
     36.00    0.00    1.60    1.70    0.74    0.44
     35.00    1.40    1.65    0.59    0.74
  10548      10.38   50.57    1.37    1.71    0.64    0.52  0
     38.00    0.00    1.30    1.70    0.74    0.44
     37.00    1.10    1.80    0.59    0.59
  07510     359.32   44.83    1.99    1.86    0.54    0.41  0
     31.00    0.00    1.95    1.90    0.37    0.44
     30.00    1.85    2.15    0.30    0.52
  07145       2.00   48.77    2.09    2.24    0.51    0.38  0
     36.00    0.00    2.10    2.20    0.59    0.44
     35.00    2.05    2.10    0.82    0.52
  32389     160.83   56.32   -2.58   -2.66    0.93    0.74  0
     38.00    5.00   -2.75   -2.80    1.04    0.89
     32.00   -2.55   -2.75    1.56    0.82
