  KACJ      275.80   32.11    1.60    0.90    0.41    0.16  0
    156.00    0.00    1.55    0.90    0.37    0.15
     78.00    1.67    1.45    0.37    0.48
  KAIK      278.31   33.65    1.64    0.91    0.41    0.17  0
    154.00    0.00    1.65    1.05    0.44    0.22
     77.00    1.70    1.55    0.30    0.44
  KANK      253.95   38.53    1.77    2.78    0.56    0.41  0
    154.00   10.00    1.70    2.85    0.70    0.52
     74.00    1.75    1.55    0.48    0.63
  KAQO      261.34   30.78    1.31    1.20    0.47    0.19  0
    153.00    0.00    1.30    1.20    0.44    0.15
     77.00    1.23    1.27    0.52    0.37
  KAVC      281.95   36.69    2.31    1.82    0.42    0.17  0
    153.00    0.00    2.30    1.80    0.30    0.15
     78.00    2.32    2.30    0.26    0.30
  KBCB      279.58   37.22    1.42    1.02    0.35    0.19  0
    156.00    0.00    1.45    1.05    0.30    0.22
     78.00    1.50    1.35    0.30    0.30
  KBDG      250.52   37.58    1.58    1.65    0.52    0.30  0
    153.00    0.00    1.60    1.60    0.44    0.30
     77.00    1.60    1.60    0.44    0.96
  KBDU      254.77   40.03   -1.64   -1.42    0.87    0.50  0
    155.00    3.00   -1.55   -1.45    0.74    0.44
     75.00   -1.52   -1.65    1.48    1.19
  KCBE      281.23   39.61    1.40    1.29    0.44    0.20  0
    100.00    0.00    1.35    1.30    0.41    0.26
     56.00    1.42    1.30    0.56    0.30
  KCTJ      274.85   33.63    1.54    1.16    0.40    0.19  0
    157.00    0.00    1.50    1.20    0.37    0.15
     78.00    1.50    1.38    0.30    0.44
  KCWN      255.15   38.75   -1.72   -1.28    0.61    0.41  0
     67.00    1.00   -1.60   -1.20    0.70    0.44
     56.00   -1.20   -1.65    0.59    0.85
  KDBN      277.01   32.57    1.33    0.57    0.33    0.18  0
    155.00    0.00    1.33    0.60    0.33    0.15
     78.00    1.40    1.17    0.30    0.37
  KDHN      274.55   31.32    1.38    0.85    0.46    0.22  0
     87.00    0.00    1.35    0.80    0.52    0.15
     78.00    1.45    1.25    0.59    0.30
  KE38      256.32   30.38    1.44    1.13    0.51    0.24  0
    156.00    0.00    1.40    1.10    0.44    0.15
     78.00    1.40    1.42    0.44    0.44
  KECU      259.83   29.95    1.36    0.99    0.39    0.19  0
    156.00    0.00    1.30    1.00    0.37    0.22
     78.00    1.27    1.23    0.41    0.26
  KEOE      278.36   34.31    1.52    0.98    0.43    0.18  0
    153.00    0.00    1.85    1.00    0.59    0.15
     77.00    1.50    1.40    0.30    0.41
  KESN      283.94   38.79    1.60    1.20    0.38    0.19  0
     79.00    0.00    1.70    1.30    0.30    0.30
     72.00    1.70    1.60    0.44    0.30
  KEZM      276.87   32.21    1.49    0.74    0.32    0.16  0
    120.00    0.00    1.50    0.70    0.30    0.15
     61.00    1.60    1.38    0.30    0.30
  KFDK      282.63   39.42    1.30    1.14    0.38    0.19  0
     85.00    0.00    1.30    1.10    0.44    0.15
     69.00    1.40    1.15    0.44    0.30
  KHQU      277.48   33.53    2.28    1.61    0.43    0.18  0
    153.00    0.00    2.22    1.60    0.41    0.15
     78.00    2.25    2.17    0.37    0.44
  KI16      278.44   37.60    1.94    1.36    0.45    0.26  0
    153.00    1.00    1.80    1.30    0.44    0.30
     77.00    1.92    1.88    0.33    0.30
  KJQF      279.30   35.38    1.35    1.08    0.51    0.20  0
     86.00    0.00    1.45    1.15    0.37    0.22
     74.00    1.40    1.25    0.44    0.33
  KLHZ      281.67   36.02    1.34    0.90    0.36    0.15  0
    137.00    0.00    1.50    0.90    0.30    0.15
     72.00    1.40    1.30    0.30    0.30
  KLKU      282.03   38.01    1.84    1.34    0.49    0.17  0
    156.00    0.00    1.80    1.30    0.44    0.15
     78.00    1.90    1.75    0.44    0.22
  KMPV      287.44   44.20    1.41    1.37    0.55    0.27  0
     88.00    0.00    1.40    1.40    0.44    0.30
     78.00    1.30    1.40    0.59    0.59
  KMYP      253.68   38.47    2.07    2.84    0.43    0.65  0
    154.00    5.00    2.15    2.75    0.37    0.82
     71.00    2.30    2.05    0.30    0.41
  KNXP      243.86   34.28    1.89    2.30    0.45    0.24  0
     78.00    3.00    1.80    2.30    0.59    0.30
     75.00    1.95    1.80    0.52    0.59
  KPKB      278.57   39.35    1.55    1.18    0.53    0.24  0
    104.00    0.00    1.50    1.20    0.59    0.15
     78.00    1.70    1.40    0.74    0.52
  KRMN      282.55   38.40    1.77    1.27    0.43    0.13  0
    156.00    0.00    1.80    1.27    0.44    0.11
     78.00    1.88    1.60    0.56    0.30
  KRSN      267.41   32.51    1.45    1.17    0.51    0.22  0
    156.00    0.00    1.40    1.15    0.52    0.22
     78.00    1.33    1.35    0.56    0.52
  KSOA      259.35   30.59    1.49    1.11    0.45    0.20  0
    156.00    0.00    1.45    1.10    0.37    0.15
     78.00    1.48    1.40    0.41    0.30
  KUKF      278.91   36.22    1.67    1.53    0.55    0.28  0
    137.00    0.00    1.80    1.70    0.59    0.30
     73.00    1.85    1.60    0.59    0.30
  KVUJ      279.85   35.42    1.86    1.52    0.45    0.16  0
    141.00    0.00    1.90    1.52    0.37    0.11
     74.00    1.98    1.80    0.26    0.44
  LSZL        8.88   46.16   -1.71   -1.25    1.06    0.69  0
     71.00    0.00   -1.80   -1.30    1.19    0.74
     71.00   -2.40   -1.00    0.96    0.82
  PAJZ      202.74   59.73    1.69    1.42    0.49    0.25  0
     89.00    0.00    1.67    1.40    0.48    0.30
     72.00    1.73    1.60    0.56    0.15
  SKBG      286.80    7.10   -1.61   -1.62    0.56    0.37  0
     60.00    0.00   -1.60   -1.60    0.44    0.44
     60.00   -1.65   -1.60    0.52    0.52
  SKRG      284.57    6.18    2.01    1.96    0.57    0.32  0
     79.00    1.00    2.00    2.20    0.59    0.30
     78.00    2.00    2.00    0.59    0.82
  KMTV      279.98   36.63    1.34    1.02    0.50    0.21  0
     77.00    0.00    1.30    1.00    0.30    0.15
     71.00    1.40    1.10    0.44    0.37
  KWDR      276.33   33.97    1.38    1.01    0.40    0.16  0
    114.00    0.00    1.40    1.00    0.44    0.15
     60.00    1.40    1.40    0.33    0.37
  KIDI      280.89   40.63    1.32    1.23    0.42    0.18  0
    153.00    0.00    1.30    1.30    0.30    0.15
     77.00    1.40    1.15    0.41    0.30
  KNUW      237.35   48.35    1.34    1.67    0.54    0.23  0
     82.00    0.00    1.43    1.70    0.54    0.30
     77.00    1.60    1.15    0.30    0.74
  PADM      197.97   61.86    1.44    1.17    0.63    0.38  0
     85.00    0.00    1.40    1.10    0.59    0.44
     67.00    1.65    1.33    0.67    0.52
  SKCL      283.62    3.55   -1.34   -1.26    1.03    0.71  0
     79.00    2.00   -1.70   -1.45    0.89    0.67
     76.00   -1.25   -1.75    1.26    0.89
