  WYT8569   174.30   52.80    0.51    0.24    1.71    1.34  3
     29.00    6.00    1.60    0.65    1.41    1.04
     22.00 -999.00 -999.00 -999.00 -999.00
  VROB9     151.20   44.60    1.00    0.49    1.16    0.63  3
     25.00    0.00    0.80    0.25    1.19    0.59
     24.00 -999.00 -999.00 -999.00 -999.00
  WCDP      304.90   41.80   -0.51   -0.40    1.29    1.10  3
     20.00    0.00   -0.60   -0.40    0.44    0.59
     19.00 -999.00 -999.00 -999.00 -999.00
  9V9725    160.00   41.30    0.23    0.16    1.38    1.13  3
     29.00    2.00    0.15    0.10    1.63    0.96
     26.00 -999.00 -999.00 -999.00 -999.00
  A8PQ8     285.10   38.60   -1.31   -1.72    1.25    1.32  3
     21.00   12.00   -1.80   -0.70    3.71    2.67
      9.00 -999.00 -999.00 -999.00 -999.00
  VRRD7     242.30   32.70   -0.80   -0.55    1.25    0.95  3
     28.00    4.00   -0.90   -0.50    1.48    0.89
     23.00 -999.00 -999.00 -999.00 -999.00
  MAZS3     150.90   41.80   -0.42   -0.32    1.19    0.97  3
     18.00    3.00   -0.45   -0.25    1.19    1.33
     14.00 -999.00 -999.00 -999.00 -999.00
