  01317       5.33   60.38   -2.66   -2.13    0.45    0.32  0
     77.00    0.00   -2.70   -2.10    0.44    0.30
     77.00   -2.70   -2.45    0.22    0.52
  06456       4.65   50.23    1.91    2.10    0.38    0.16  0
     78.00    0.00    1.95    2.10    0.37    0.00
     78.00    2.00    2.10    0.30    0.44
  06458       4.76   50.75    1.95    2.13    0.35    0.15  0
     77.00    1.00    2.00    2.10    0.30    0.07
     76.00    2.05    2.10    0.22    0.37
  06654       8.05   46.19   -2.06   -1.59    0.61    0.42  0
     70.00    0.00   -2.10   -1.45    0.52    0.37
     70.00   -2.20   -1.90    0.37    0.59
  06672       8.62   46.88   -1.70   -1.47    0.99    0.87  0
     70.00    2.00   -1.50   -1.00    0.96    0.67
     68.00   -1.75   -1.55    0.96    1.11
  06799      10.26   46.81    2.14    2.86    0.38    0.39  0
     75.00    0.00    2.10    2.90    0.30    0.44
     75.00    2.10    2.40    0.30    0.30
  07053       2.02   49.08    1.50    1.74    0.33    0.18  0
     65.00    0.00    1.50    1.80    0.30    0.15
     65.00    1.40    1.50    0.30    0.30
  07230     359.43   47.50    1.49    1.58    0.32    0.16  0
     74.00    0.00    1.50    1.60    0.30    0.22
     74.00    1.35    1.60    0.30    0.30
  16059       7.65   45.22   -2.34   -1.71    0.63    0.31  0
     60.00    0.00   -2.40   -1.65    0.59    0.22
     60.00   -2.50   -2.30    0.67    0.52
  16066       8.73   45.62   -2.30   -1.71    0.59    0.18  0
     62.00    0.00   -2.30   -1.70    0.44    0.15
     62.00   -2.35   -2.10    0.52    0.44
  16111       8.19   44.24    2.84    3.42    0.70    0.70  0
     78.00   10.00    2.90    3.60    0.74    0.74
     68.00    3.25    3.05    0.82    0.67
  71020     236.25   61.25   -1.92   -1.71    0.94    0.66  0
     74.00    0.00   -1.80   -1.60    1.04    0.74
     74.00   -1.65   -1.85    0.89    1.04
  71181     304.68   47.13   -1.96   -1.79    0.57    0.32  0
     59.00    0.00   -2.00   -1.80    0.59    0.30
     59.00   -2.00   -2.00    0.59    0.67
  71321     291.45   63.75    1.55    1.56    0.56    0.37  0
     71.00    0.00    1.60    1.60    0.59    0.44
     71.00    1.60    1.55    0.67    0.37
  71379     287.45   48.83   -1.52   -1.46    0.61    0.29  0
     76.00    0.00   -1.50   -1.40    0.44    0.15
     76.00   -1.50   -1.70    0.30    0.52
  71421     296.72   51.86    1.65    1.63    0.57    0.43  0
     75.00    0.00    1.70    1.70    0.59    0.44
     75.00    1.40    2.00    0.74    0.44
  71645     239.93   51.67   -2.11   -2.12    1.17    0.66  0
     58.00    1.00   -2.00   -2.10    1.33    0.74
     57.00   -1.85   -2.45    1.56    1.11
  71750     273.71   48.58    1.68    1.61    0.54    0.26  0
     76.00    0.00    1.70    1.70    0.44    0.15
     76.00    1.70    1.55    0.30    0.52
  71769     235.84   49.35   -1.33   -1.19    0.45    0.21  0
     76.00    0.00   -1.40   -1.20    0.44    0.30
     76.00   -1.40   -1.30    0.44    0.82
  71877     245.99   51.11   -1.45   -1.29    0.52    0.28  0
     76.00    0.00   -1.45   -1.30    0.52    0.30
     76.00   -1.25   -1.45    0.44    0.52
  72235     269.92   32.32    1.72    1.38    0.49    0.19  0
     78.00    0.00    1.70    1.40    0.44    0.15
     78.00    1.80    1.60    0.37    0.37
  72274     249.05   32.22   -3.39   -3.58    0.39    0.22  0
     78.00   17.00   -3.40   -3.60    0.44    0.15
     61.00   -3.35   -3.45    0.37    0.37
  72312     277.78   34.90    1.70    1.54    0.45    0.19  0
     78.00    0.00    1.60    1.60    0.44    0.15
     78.00    1.70    1.60    0.44    0.52
  72314     279.07   35.22    2.17    1.88    0.48    0.18  0
     78.00    0.00    2.20    1.90    0.44    0.22
     78.00    2.30    2.05    0.44    0.44
  72327     273.45   36.23   -3.18   -3.98    0.39    0.18  0
     78.00    7.00   -2.80   -4.00    0.59    0.15
     71.00   -3.10   -3.30    0.37    0.37
  72386     244.83   36.08    2.32    2.44    0.50    0.23  0
     78.00    0.00    2.20    2.65    0.44    0.37
     78.00    2.25    2.25    0.52    0.67
  72464     255.48   38.28    1.75    2.53    0.60    0.36  0
     78.00    0.00    1.80    2.50    0.74    0.30
     78.00    1.85    1.65    0.59    0.67
  72476     251.47   39.11    1.70    2.16    0.84    0.50  0
     77.00    1.00    1.50    2.10    0.74    0.44
     76.00    1.45    1.70    0.96    0.59
  72494     237.62   37.61   -2.76   -2.60    0.44    0.21  0
     78.00    1.00   -2.70   -2.60    0.59    0.15
     77.00   -2.70   -2.95    0.59    0.52
  72524     278.13   41.42    1.87    1.97    0.46    0.20  0
     78.00    0.00    1.90    2.00    0.44    0.15
     78.00    2.00    1.60    0.37    0.37
  72565     255.33   39.86    1.36    1.86    0.53    0.24  0
     78.00    0.00    1.30    1.80    0.44    0.30
     78.00    1.20    1.55    0.30    0.59
  72570     252.47   40.50    2.26    2.65    0.65    0.36  0
     78.00    1.00    2.20    2.60    0.74    0.30
     77.00    2.45    2.35    0.82    0.67
  72785     242.47   47.63   -1.45   -1.42    0.54    0.24  0
     78.00    0.00   -1.50   -1.40    0.44    0.15
     78.00   -1.55   -1.45    0.52    0.37
  76640     262.59   20.95    1.98    1.54    1.01    0.87  0
    110.00    2.00    2.20    1.80    0.74    0.59
     64.00    2.05    2.35    1.04    0.52
  76683     261.77   19.32    3.10    2.68    0.52    0.37  0
     86.00    0.00    3.10    2.80    0.44    0.44
     65.00    3.10    3.05    0.30    0.52
  76687     263.10   19.50   -1.57   -1.93    0.44    0.31  0
     71.00    0.00   -1.60   -1.90    0.44    0.30
     58.00   -1.60   -1.55    0.44    0.52
  76775     263.30   17.07    2.24    2.05    0.63    0.55  0
     70.00    0.00    2.30    2.10    0.59    0.59
     61.00    2.25    2.40    0.52    0.74
  78526     294.01   18.43   -1.61   -1.73    0.35    0.18  0
     77.00    0.00   -1.50   -1.70    0.30    0.15
     77.00   -1.50   -1.65    0.44    0.37
  78858     297.29   17.30    2.55    2.51    0.36    0.15  0
     34.00    0.00    2.40    2.50    0.30    0.15
     33.00 -999.00 -999.00 -999.00 -999.00
  80063     284.16    8.82    1.72    1.48    0.72    0.40  0
     57.00    0.00    1.80    1.50    0.74    0.30
     57.00    1.90    1.40    0.89    0.89
  76634     261.65   20.07    1.90    1.48    0.34    0.36  0
     81.00    0.00    1.90    1.50    0.30    0.30
     68.00    1.95    1.90    0.22    0.30
  76161     248.95   29.10   -1.53   -0.69    0.60    0.28  0
     65.00    0.00   -1.50   -0.70    0.44    0.15
     64.00   -1.50   -1.55    0.74    0.59
  16060       7.61   45.13    1.77    2.53    0.59    0.25  0
     60.00    0.00    1.70    2.50    0.89    0.15
     59.00    1.40    1.80    0.30    0.44
  71243     247.24   49.69    1.43    1.53    0.68    0.27  0
     66.00    0.00    1.55    1.50    0.52    0.30
     66.00    1.60    1.35    0.82    0.59
  71387     288.97   48.88   -1.40   -1.42    0.61    0.32  0
     76.00    0.00   -1.25   -1.40    0.59    0.30
     76.00   -1.25   -1.75    0.37    0.52
  78224     277.60   22.98    1.98    1.76    0.55    0.38  0
     71.00    0.00    2.00    1.80    0.44    0.30
     71.00    2.10    1.95    0.44    0.37
  70273     209.98   61.17   -1.36   -1.08    0.47    0.17  0
     79.00    0.00   -1.40   -1.10    0.44    0.15
     79.00   -1.30   -1.30    0.44    0.44
  72407     285.44   39.45   -1.44   -1.97    0.42    0.19  0
     78.00    0.00   -1.40   -2.00    0.44    0.15
     78.00   -1.50   -1.50    0.44    0.44
