  AROP4     293.30   18.48    2.11    2.18    0.44    0.23  0
  CGDX      288.80   46.80    2.22    2.16    0.61    0.32  0
  DISW3     269.27   47.08   -1.68   -2.10    0.51    0.29  0
  FBIS1     280.11   32.68    1.62    1.05    0.36    0.14  0
  GDXM6     271.58   30.36    1.58    1.22    0.51    0.39  0
  GTXF1     278.78   29.66    1.83    1.49    0.52    0.53  0
  LAMV3     295.28   18.32    1.51    1.33    0.37    0.16  0
  PACF1     274.33   30.15    1.45    1.02    0.37    0.13  0
  SBPT2     266.13   29.73    1.77    1.53    0.42    0.19  0
  SWLA2     210.57   60.12   -1.71   -1.74    0.69    0.44  0
  VDZA2     213.64   61.13   -1.49   -1.39    0.76    0.50  0
  WTEF      235.40   44.90   -1.47   -1.50    0.97    0.78  0
  APXF1     275.12   29.79    1.57    1.07    0.61    0.39  0
  LKWF1     279.97   26.61    1.31    1.14    0.38    0.11  0
  SKTA2     224.67   59.45   -1.46   -1.27    0.84    0.73  0
