  AP321     279.37   43.40   -0.65   -0.53    1.57    1.50  3
  AP517  a  237.19   47.55   -0.14    0.04    1.37    1.39  2
  AP767     285.33   40.86    0.13   -0.33    1.38    1.29  3
  AP837     278.21   27.95   -0.21   -0.87    1.32    1.40  3
  APPMX     281.17   37.34   -0.59   -1.00    1.22    1.18  3
  AR304     243.52   33.79   -1.84   -1.49    1.24    1.11  3
  AR400  a  264.30   36.26    0.32   -0.09    1.26    1.33  3
  AR970  a  261.54   42.34   -0.87   -1.18    1.34    1.32  3
  AS061  a  240.28   39.04    0.86    1.24    1.48    1.47  3
  AS618  a  279.62   35.26   -0.31   -0.63    1.25    1.23  3
  AS770     358.56   52.94    0.31    0.35    1.33    1.19  3
  AT237     249.02   31.99    1.45    1.46    1.31    1.26  3
  AT538     269.64   30.45    0.12   -0.15    1.29    1.27  3
  AT590      11.70   45.71   -2.66   -1.84    1.21    1.03  3
  AT637     359.29   50.79    0.36    0.44    1.52    1.41  3
  AT951     238.73   44.27   -0.27    0.30    1.36    1.21  3
  AU215      12.27   45.65   -0.75   -0.05    1.20    1.17  3
  AU327     265.66   39.46    1.76    1.57    1.30    1.32  3
  AU424     279.75   26.79    2.02    1.49    0.86    0.92  2
  AU469  a  254.85   40.20   -0.58   -0.09    1.40    1.51  3
  AU728     278.96   39.23   -0.52   -1.17    1.28    1.19  3
  AU832       5.59   51.12    0.77    0.98    1.58    1.61  3
  AU867  a  246.57   53.53   -0.35   -0.22    1.71    1.50  3
  AU976  a  245.89   48.44   -0.36   -0.22    1.51    1.39  3
  AV046  a  225.14   60.49    0.56    0.67    1.47    1.43  3
  AV125  a  287.19   43.21   -0.07   -0.33    1.36    1.46  2
  AV316     357.07   53.17    2.28    2.34    1.26    1.24  3
  AV360     254.23   39.09   -1.58   -0.55    1.49    1.42  3
  AV402     238.39   44.29    0.66    1.07    1.47    1.28  3
  BRKVL  a  275.59   39.83   -0.23    0.16    1.14    1.52  3
  C1100     255.34   50.50   -0.15    0.07    1.52    1.50  3
  C1621     243.47   46.35    0.14    0.50    1.47    1.47  3
  C2099  a  271.15   45.52    0.28    0.09    1.34    1.37  3
  C3429  a  273.78   39.60   -0.22   -0.35    1.43    1.36  3
  C3773     271.56   43.11   -0.51   -0.86    1.39    1.30  3
  C4421  a  261.78   38.09    0.56    0.41    1.33    1.39  3
  C4498  a  255.12   38.92    0.14    1.06    1.72    1.56  3
  C4666     351.16   40.17   -1.75   -1.74    1.00    0.95  2
  C5091     240.23   39.17    0.36    0.71    1.15    1.06  3
  C5171  a  255.13   38.93    1.02    2.14    1.42    1.55  3
  C5416  a  237.31   45.28   -0.30    0.06    1.44    1.42  3
  C5507     238.34   44.44   -0.44    0.18    1.28    1.14  3
  C6407      12.34   49.88   -0.32    0.32    1.28    0.99  3
  C6697  a  239.60   48.58   -1.92   -1.74    1.16    1.03  3
  C6878     359.62   52.77   -1.49   -1.46    1.55    1.42  3
  C8420     249.86   31.47   -0.28    0.05    1.59    1.45  3
  C8810  a  258.03   37.04   -0.57   -0.62    1.38    1.44  3
  C8926  a  254.85   39.67   -0.73   -0.39    1.49    1.64  3
  C9274       5.69   58.94    0.14    0.58    2.47    2.44  3
  C9353  a  250.04   45.82   -0.61   -0.62    1.38    1.41  3
  C9754     293.95   17.99   -0.19   -0.36    1.12    1.15  3
  C9763  a  242.20   35.63   -2.44   -1.92    1.24    1.26  3
  C9795  a  237.59   48.78    0.56    0.60    1.34    1.37  3
  C9879  a  279.48   37.14   -0.50   -1.18    1.42    1.42  3
  CAPNX     208.85   60.77   -0.13   -0.22    1.76    1.79  3
  CMP14     246.99   38.39    0.38    0.43    1.61    1.55  3
  CMP16     245.55   36.55    0.55    0.68    1.74    1.57  3
  CMP17     244.00   36.22    0.62    0.68    1.82    1.77  3
  CMP19     244.26   37.64    1.39    1.26    1.77    1.55  3
  CRLST  a  271.86   41.93   -1.53   -1.52    1.26    1.51  3
  D0067     358.10   51.19   -2.21   -2.11    1.31    1.33  3
  D0417  a  254.79   40.06    0.80    0.92    1.38    1.55  3
  D0465  a  251.13   44.16   -0.90   -0.48    1.44    1.64  3
  D0487      11.28   47.51   -2.17   -1.63    1.47    1.08  3
  D0520  a  283.98   39.78   -1.51   -1.77    1.26    1.26  3
  D1833       5.48   50.96    0.05   -0.05    1.48    1.64  3
  D1878     266.38   47.40   -0.37   -0.56    2.01    1.86  3
  D2470  a  256.36   47.87   -0.77   -0.89    1.37    1.33  3
  D2783  a  276.41   41.53    0.36    0.02    1.42    1.53  3
  D2795       2.00   47.06    0.23    0.35    1.19    1.15  3
  D2809     240.73   52.83   -1.17   -0.87    1.52    1.41  3
  D2913      10.77   48.02   -2.02   -1.16    1.33    1.00  3
  D3085  a  263.17   40.76    0.09   -0.06    1.64    1.82  3
  D3200     244.05   46.38   -0.85   -0.47    1.36    1.25  3
  D3411  a  279.85   26.02    0.23   -0.18    1.38    1.42  3
  D3846  a  273.70   30.81   -0.93   -1.30    1.20    1.27  2
  D3870  a  252.78   39.28   -2.64   -1.87    1.79    1.64  3
  D4221     267.76   47.52   -0.27   -0.40    1.27    1.09  3
  D4368  a  255.16   38.82   -0.42    0.06    1.64    1.67  3
  D4381     254.53   39.84   -1.93   -1.61    1.25    1.22  3
  D4454  a  259.07   47.84   -0.79   -0.90    1.39    1.49  3
  D4515  a  246.09   35.56   -1.08   -0.89    1.49    1.37  3
  D4524  a  255.29   38.90    0.37    0.99    1.46    1.64  3
  D4640  a  270.09   38.50   -0.03   -0.32    1.44    1.52  3
  D4821  a  249.07   48.74   -0.26   -0.23    1.32    1.22  3
  D4885  a  288.92   42.82   -0.84   -0.86    1.20    1.19  3
  D4933     284.10   42.09   -1.39   -1.75    1.50    1.45  3
  D4993  a  246.04   51.11   -0.41   -0.28    1.66    1.46  3
  D5216  a  255.38   38.73   -0.46    0.35    1.38    1.34  3
  D5225      11.41   47.20   -3.11   -2.11    1.42    1.17  3
  D5400      11.86   50.44   -1.55   -1.32    1.39    1.23  3
  D5434     240.27   45.25   -1.74   -1.05    1.36    1.16  3
  D5721       8.85   46.70   -2.41   -1.94    1.62    1.51  3
  D5867     257.20   41.20   -0.85   -1.08    1.25    1.29  3
  D5933     358.13   54.62    0.21    0.43    1.40    1.36  2
  D6058       2.53   48.48   -0.23   -0.19    1.62    1.59  3
  D6114  a  238.28   37.93    0.64    0.67    1.68    1.63  3
  D6371     253.91   35.10   -0.62   -0.60    1.53    1.41  3
  D6597     357.50   54.50    1.45    1.60    1.23    1.29  3
  D7095  a  250.83   44.90   -0.22   -0.21    1.41    1.17  3
  D7220     279.61   27.61    0.44    0.09    1.81    1.80  3
  D7491  a  275.20   35.24   -0.61   -1.10    2.01    2.07  3
  D7998  a  249.20   32.10    0.32    0.27    1.71    1.80  3
  D8095     267.97   44.38   -1.68   -1.68    1.65    1.52  3
  D8222     239.25   47.18   -0.71   -0.34    1.34    1.19  3
  D8231     267.15   44.78   -1.36   -1.47    1.91    1.77  3
  D8636  a  255.67   47.50   -1.41   -1.40    1.31    1.10  3
  D8887  a  242.09   45.33   -2.08   -1.53    1.40    1.18  3
  D9043  a  241.49   40.18   -0.11    0.12    1.33    1.28  3
  D9151      11.80   45.87   -2.83   -2.13    1.85    1.79  3
  D9605  a  248.65   48.48   -0.81   -0.77    1.83    1.43  3
  D9758       9.31   47.20   -3.12   -2.37    1.25    1.07  3
  D9996  a  249.58   48.56   -0.63   -0.68    1.39    1.23  3
  DPG11     247.02   40.10    0.47    0.39    1.52    1.51  3
  E0138  a  251.14   42.89   -1.17   -0.72    2.42    2.32  3
  E0159  a  241.95   45.40    0.29    0.95    1.29    1.33  3
  E0161     278.04   28.87    2.55    1.82    1.16    1.20  3
  E0498     288.68   44.95   -1.01   -1.48    1.40    1.22  3
  E0553  a  260.62   30.00   -0.75   -1.20    1.66    1.60  3
  E0929  a  238.80   51.13   -1.92   -1.92    1.49    1.32  3
  E1015     282.26   42.85    0.17   -0.07    1.34    1.39  3
  E1142       0.10   51.10   -2.87   -2.89    1.32    1.33  3
  E1187     245.52   47.00   -0.09    0.16    1.60    1.45  3
  E1233     260.38   45.77   -1.35   -1.43    1.63    1.47  3
  E1795     265.75   47.88    0.05   -0.21    1.26    1.16  3
  E1858     281.76   40.22   -2.03   -1.95    1.45    1.32  3
  E1870       7.05   46.30   -2.80   -2.06    1.56    1.33  3
  E2194  a  245.96   50.98   -0.27   -0.06    1.72    1.54  3
  E2692     255.51   48.33   -1.30   -1.16    1.55    1.36  3
  E2781  a  284.92   39.72   -0.14   -0.77    1.55    1.64  3
  E3547     240.91   44.24   -2.13   -1.63    1.51    1.40  3
  E3676      11.64   45.71    1.26    1.97    1.34    1.42  3
  E3690     239.05   45.48   -0.45    0.21    1.44    1.28  3
  E4023     246.44   37.09    0.00    0.32    1.50    1.61  3
  E4238     248.58   48.70   -0.71   -0.77    2.20    1.81  3
  E4329  a  247.56   46.57   -1.18   -1.23    1.73    1.48  3
  E4353  a  258.13   45.55   -0.86   -0.90    1.39    1.45  3
  E4369     239.28   47.15   -1.92   -1.32    1.58    1.43  3
  E4612      12.38   47.02   -3.25   -2.23    1.58    1.27  3
  E4654  a  245.85   49.48    0.28    0.34    1.46    1.47  3
  E4856     235.79   42.11    0.61    0.62    1.48    1.46  3
  E5375     246.04   51.02   -1.25   -0.96    1.86    1.67  3
  E5500     249.09   49.88   -1.36   -1.28    1.73    1.48  3
  E5608     284.04   42.06    0.28   -0.02    1.82    1.69  3
  E5655     254.05   32.93   -0.58   -0.54    1.56    1.54  3
  E5655  a  254.05   32.93   -1.64   -1.76    2.64    2.52  3
  E5697     237.59   41.40    0.23    0.78    1.58    1.56  3
  E5718     247.09   53.38    0.07    0.19    1.76    1.61  3
  E5772  a  247.63   48.49   -0.50   -0.47    1.77    1.62  3
  E5875     297.18   17.91    0.33    0.27    1.72    1.60  3
  E5899     284.68   43.11   -1.23   -1.36    1.44    1.34  3
  E5974     248.01   51.62   -0.29   -0.09    2.25    2.01  3
  E6077     258.03   49.35   -0.57   -0.44    2.06    2.01  3
  E6082  a  275.27   39.41   -2.04   -1.72    1.39    1.15  3
  E6231       7.50   47.36   -1.17   -0.76    1.31    1.19  3
  E6287     265.42   47.09   -1.34   -1.62    1.31    1.21  3
  E6385     244.79   36.05    0.44    0.63    1.48    1.34  2
  E6426     260.38   45.77   -1.20   -1.28    1.60    1.43  3
  E6438     285.10   43.82    0.57    0.32    1.32    1.22  3
  E6456  a  252.13   46.60   -0.59   -0.58    1.74    1.53  3
  E6485     255.32   39.02   -0.95   -0.52    1.90    1.87  2
  E6663     245.81   47.73    0.14    0.38    1.70    1.56  3
  E6764  a  239.69   44.60   -2.04   -1.47    1.30    1.09  3
  E6963     255.80   47.72   -0.78   -0.72    1.62    1.43  3
  E7002     254.79   44.28   -1.45   -1.11    1.97    1.93  3
  E7122  a  245.81   51.10   -0.65   -0.40    1.71    1.45  3
  E7595     248.72   47.54    0.25    0.30    1.97    1.65  3
  E7665     263.48   39.10   -1.80   -1.66    1.18    1.25  3
  E7671      11.67   46.39   -2.38   -1.39    1.60    1.38  3
  E7744     256.35   46.92   -1.05   -0.99    1.96    1.82  3
  E7882     265.46   41.33    2.23    1.76    1.17    1.15  3
  E7885     248.11   40.77   -1.03   -0.67    1.26    1.09  3
  E7934     269.81   48.63   -0.60   -0.55    1.34    1.17  3
  E7963  a  246.47   37.16   -1.06   -0.88    1.24    1.13  3
  E8068     287.72   44.63   -1.71   -2.07    1.39    1.20  3
  E8201     248.82   48.47   -0.88   -0.77    2.04    1.67  3
  E8724     241.59   34.32   -1.34   -0.90    1.29    1.21  3
  E8771      12.71   50.44   -0.88   -0.67    1.86    1.60  3
  E8895  a  250.90   44.50   -0.95   -0.91    1.54    1.32  3
  E8942       9.76   48.99   -1.90   -1.14    1.17    1.03  3
  E9034     249.17   49.89   -0.53   -0.48    1.87    1.74  3
  E9049     246.45   37.11    0.28    0.29    1.19    1.00  3
  E9066  a  248.32   47.52   -0.94   -1.22    1.66    1.35  3
  E9067     282.73   38.90    0.82    0.19    1.31    1.27  3
  E9113     238.59   38.93    0.27    0.71    1.33    1.12  3
  E9130  a  251.56   45.83   -0.85   -0.77    1.71    1.55  3
  E9213  a  259.28   46.63   -0.65   -0.73    1.52    1.40  3
  E9458     247.93   40.60   -1.85   -1.49    1.58    1.26  3
  E9485     263.78   41.20   -1.45   -1.39    2.10    2.11  3
  E9511     266.73   45.04   -0.20   -0.61    1.87    1.73  3
  E9525     259.22   40.13   -1.78   -1.88    1.46    1.49  3
  E9561     270.31   47.97   -1.33   -1.36    1.65    1.57  3
  EDDFR     242.12   34.96    1.16    1.84    1.31    1.23  3
  F0270     268.11   42.49   -1.24   -1.21    1.64    1.58  3
  F0287  a  248.15   40.64   -2.65   -1.97    2.24    2.26  3
  F0509     269.31   38.51   -1.17   -1.07    1.17    1.15  3
  F0663     239.19   44.30    0.30    0.77    1.63    1.44  3
  F0664     243.11   34.24   -0.17    0.47    1.31    1.32  3
  F0665     243.14   34.23   -0.32    0.31    1.57    1.55  3
  F0697     274.25   38.24    0.71    0.21    1.59    1.51  3
  F0784     262.63   38.93   -2.10   -1.91    1.13    1.24  3
  F1332     271.18   42.41   -2.11   -2.10    1.39    1.46  3
  F1401     263.10   47.00    1.04    0.58    1.84    1.87  3
  F1466     271.64   41.75   -1.18   -1.04    1.34    1.32  3
  F1801     283.97   42.04   -1.14   -1.50    1.62    1.61  3
  F1980     248.32   35.19    1.73    1.53    1.52    1.60  3
  F3047     265.52   39.28   -1.96   -2.19    1.47    1.37  3
  F3074     247.90   34.30   -2.87   -2.64    1.23    1.15  3
  F3247     262.89   49.81    0.06   -0.05    1.85    1.73  3
  F3335  a  253.99   39.59   -2.74   -1.73    2.20    2.19  3
  FRTCD     278.24   26.55   -1.50   -1.95    1.50    1.62  3
  FRTVM  a  262.70   32.62   -1.21   -1.18    1.19    1.11  3
  FRWSC     262.64   32.69    0.20    0.25    1.32    1.46  3
  GGWBA     255.77   48.14   -1.34   -1.27    1.49    1.26  3
  GGWKL     255.82   48.50   -1.10   -0.91    1.61    1.38  3
  GGWPP     255.01   48.58   -0.36    0.29    1.69    1.39  3
  GGWSW     255.54   48.42   -0.60   -0.49    1.79    1.53  3
  GGWWS     255.66   47.70   -0.96   -0.94    1.88    1.69  3
  GHG35  a  287.85   43.71    1.47    0.95    1.46    1.50  3
  GLNLG  a  283.04   39.25    0.08   -0.11    1.37    1.49  3
  H0152  a  263.12   33.15    0.19    0.31    1.41    1.51  3
  HABMT  a  248.44   47.95   -0.41   -0.67    1.57    1.21  3
  HOUS1     264.59   29.71   -1.28   -1.46    1.59    1.57  3
  HSHTR     264.52   29.75   -1.45   -1.62    1.46    1.45  3
  HSTRS     264.58   29.70   -1.74   -1.85    1.46    1.44  3
  HSTTW     264.56   29.70   -1.19   -1.43    1.26    1.24  3
  HTTVL  a  267.27   35.33   -1.71   -1.72    1.48    1.51  3
  JSPRS     241.88   52.85   -1.58   -1.15    1.59    1.53  3
  K50AX     277.38   42.77    0.52    0.46    1.48    1.62  3
  K6V5      257.54   45.52   -0.16   -0.13    1.88    1.72  3
  K7G9      263.43   43.31    0.00   -0.10    1.53    1.47  3
  KLEM   a  257.89   45.92   -0.23   -0.45    1.88    1.79  3
  KNGMT  a  248.44   48.55   -0.90   -1.22    1.39    1.08  3
  KTTLC     274.82   42.34    1.11    0.85    0.58    0.43  2
  LGNTN  a  282.71   41.04   -0.05   -0.39    1.60    1.65  3
  LSC03     287.72   44.63   -1.71   -2.06    1.40    1.20  3
  MABL   a  248.36   33.84   -1.00   -0.97    1.29    1.18  3
  MARNO     261.86   29.57    0.28   -0.15    1.26    1.17  3
  MAWA      247.20   33.97   -0.38   -0.32    2.27    2.21  3
  MN007     264.23   43.64    0.02   -0.25    1.29    1.29  3
  MN017     265.97   45.39    0.71    0.57    1.83    1.77  3
  MN033     264.39   44.69   -0.90   -1.21    1.33    1.38  3
  MN036     263.51   45.56   -0.97   -1.11    1.45    1.26  3
  MN061     265.52   47.37    0.98    0.70    1.43    1.35  3
  MN076     266.34   45.88   -0.63   -1.23    1.50    1.40  3
  NHSLM     288.78   42.75    1.29    1.02    1.26    1.06  3
  NRWSH     277.39   41.23   -2.70   -2.52    1.14    1.14  3
  PNLKC     254.63   39.47    1.19    1.76    1.33    1.28  3
  Q32MX     227.73   58.96    0.27    0.35    1.26    1.26  3
  RICMT  a  247.80   48.04   -0.73   -0.76    1.55    1.51  3
  SCBSA     348.82   39.77   -0.92   -0.88    2.02    2.05  3
  SNCTY     247.71   33.69   -1.31   -1.26    1.40    1.43  3
  UNHRF     285.97   40.78   -0.75   -1.09    1.27    1.23  3
  AU185     285.36   39.28    0.22   -0.13    1.25    1.35  3
  C8540     245.33   51.53   -0.50   -0.11    2.24    2.00  3
  COLMT     248.19   47.94   -0.85   -0.90    2.09    1.75  3
  D3142     287.06   41.90   -0.06   -0.14    1.27    1.21  3
  D4749       8.18   62.26    0.18    0.27    2.27    2.22  3
  D7178     287.32   43.11   -1.63   -1.98    1.37    1.16  3
  E1664       0.89   51.14    1.38    1.41    1.44    1.31  3
  E2351     273.08   20.55   -0.45   -0.51    1.13    1.20  3
  E2421     281.95   44.63    2.05    1.72    1.48    1.34  3
  E5845  a  243.06   34.27    0.12    0.79    1.25    1.34  3
  E6485  a  255.32   39.02    1.67    2.06    0.60    0.62  2
  E9838     239.53   38.27   -0.97   -0.63    1.44    1.20  3
  F1780     251.38   47.92   -0.64   -0.47    2.19    2.03  3
  GGWUC     252.73   47.04   -1.22   -1.01    1.60    1.49  3
  HASTG     267.13   44.74    0.10    0.00    1.40    1.28  3
  K6E5      262.44   44.43    0.66    0.75    1.79    1.73  3
  AT348     351.26   39.19   -0.03    0.08    2.56    2.50  3
  AT835     269.75   41.49   -0.59   -0.66    1.47    1.39  2
  AT956     261.87   31.60   -0.18   -0.61    1.41    1.29  3
  E7234     259.23   41.14    1.83    1.60    1.79    1.65  3
  E7422     276.62   35.24   -0.91   -1.26    2.11    2.08  3
  GGWZF     254.04   48.28   -0.97   -0.83    1.86    1.62  3
  AT200  a  237.17   47.60    0.56    0.74    1.30    1.29  3
  C2849  a  239.54   42.18   -0.34    0.09    1.64    1.50  3
  E6678     295.73   44.39    0.77    0.52    1.90    1.77  3
  F0237     277.48   27.86    0.23   -0.22    1.40    1.35  3
  PLCMS     273.60   34.70   -0.72   -1.36    1.29    1.31  3
  C8486     240.86   53.88   -0.73   -0.48    2.28    2.16  3
  D5890     254.88   47.67   -1.67   -1.60    1.78    1.49  3
  D7533     262.89   38.18    0.40    0.14    1.47    1.39  3
  E3057     253.50   50.80   -0.30   -0.11    1.72    1.63  3
  F0981     259.17   39.44   -1.87   -1.81    1.64    1.55  3
  GGWKB     255.21   48.67   -0.56   -0.41    1.49    1.21  3
  C4498     255.12   38.92   -2.34   -1.26    1.24    1.04  3
  LWNBR     278.46   35.42   -0.66   -0.73    1.30    1.24  3
  D0217     250.38   48.93   -0.37   -0.29    1.73    1.49  3
  E3545     257.17   44.09   -0.62   -0.74    1.75    1.71  3
  F0710     264.36   46.73    0.02   -0.48    1.95    2.00  3
  SNTHG     278.49   27.54   -0.13   -0.61    1.37    1.44  3
  D9564     248.57   48.94   -1.11   -1.16    1.80    1.51  3
  E5606     253.52   48.67    0.15    0.14    1.85    1.68  3
  E9032     257.01   42.83   -1.40   -1.54    1.84    1.65  3
  AU964     254.05   39.60   -1.27   -0.93    1.44    1.51  3
  C3422     285.08   38.96    0.28   -0.24    1.29    1.35  3
  E6000     259.25   41.13    1.07    0.89    1.61    1.49  3
  F3335     253.99   39.59   -0.87    0.08    1.58    1.50  3
  E8519     250.99   26.36   -1.51   -0.36    1.22    0.95  3
  F0287     248.15   40.64   -1.50   -0.98    1.40    1.19  3
  C2059     259.21   46.90    1.14    1.09    1.65    1.62  3
  F1147     258.07   39.52   -1.47   -1.47    1.75    1.67  3
  CLRKN     242.92   46.39    0.04    0.53    1.55    1.38  3
  E3831  a  247.99   47.01   -1.12   -1.22    2.06    1.76  3
  F1153     252.06   44.03   -1.43   -1.23    1.90    1.50  3
  AU936      12.76   47.43    0.96    1.87    1.29    1.05  3
  E7745  a  288.56   42.46   -1.37   -1.74    1.58    1.64  3
  F3667     268.05   36.98   -1.68   -2.22    1.19    1.28  3
  AT119     237.45   47.15   -0.42    0.08    1.38    1.40  3
  F3766     278.65   36.51   -0.33   -0.44    1.45    1.50  3
  F3795     282.90   42.61   -1.10   -1.26    1.45    1.39  3
  F3739     247.64   33.45    1.01    1.14    1.44    1.44  3
  A1465     287.40   42.61   -0.29   -0.32    1.62    1.53  3
  A2410     246.11   45.18   -2.02   -1.84    1.35    1.04  3
  AN561     265.99   29.98    0.29   -0.02    1.11    1.13  3
  AN857     243.19   46.40   -0.47    0.16    1.65    1.45  3
  AN859     243.97   46.21    0.08    0.41    1.48    1.31  3
  AT995  a  261.20   39.12   -0.34   -0.76    1.27    1.40  3
  AU713     280.89   33.95    2.46    1.70    1.20    1.16  2
  BYRNS     267.37   42.03    0.55    0.60    1.12    1.13  3
  C7693      10.27   47.50   -2.74   -2.26    1.24    1.01  3
  C9085     239.35   38.07   -1.09   -0.73    1.19    1.04  3
  C9143     243.91   36.22    0.90    1.01    1.10    1.09  3
  C9999  a  278.21   24.55   -1.09   -1.32    1.14    1.14  3
  D0499       7.06   46.66   -2.54   -2.16    1.19    1.07  3
  D1894       6.63   44.91   -2.47   -1.70    1.23    1.27  3
  D3383     224.81   60.83   -0.06    0.13    1.16    1.07  3
  D4026  a  245.68   48.24    0.18    0.29    1.29    1.13  3
  D5495  a  245.54   51.03   -1.35   -1.05    1.23    1.34  3
  D6748  a  274.24   30.16    0.34   -0.05    1.45    1.45  3
  D7385  a  255.66   38.95   -1.42   -1.04    1.21    1.20  3
  D7814  a  269.80   45.40   -0.86   -1.20    1.24    1.25  3
  D8032  a  277.73   35.59   -2.67   -2.46    1.37    1.33  3
  D9630  a  238.47   43.72   -0.79   -0.41    1.26    1.34  3
  D9712     242.45   45.83   -1.38   -0.71    1.23    1.19  3
  E0420     288.13   42.37   -0.44   -0.68    1.14    1.13  3
  E1397     294.37   48.19   -0.14   -0.28    1.83    1.78  3
  E1922     240.63   39.37   -0.02    0.41    1.32    1.29  3
  E3038     357.50   54.30   -0.51   -0.11    2.44    2.40  3
  E4327      11.22   49.53    0.81    1.33    1.16    0.75  3
  E4689       5.84   49.57    0.46    0.45    1.29    1.19  3
  E5414       6.27   46.51   -2.54   -2.16    1.23    1.09  3
  E5845     243.06   34.27   -0.21    0.47    1.27    1.32  3
  E7354     248.18   40.63   -0.38    0.18    1.27    1.18  3
  E7655  a  252.80   33.26    0.78    0.58    1.24    1.14  3
  E7971     237.18   45.45    0.20    0.59    1.21    1.15  3
  F0310     255.14   38.81   -2.24   -1.17    1.42    1.37  3
  F0451     240.34   39.36   -1.10   -0.57    1.27    1.29  3
  F1524     284.08   42.13   -2.00   -2.18    1.27    1.17  3
  F1831       7.05   45.14   -2.92   -2.11    1.22    1.09  3
  F2135     278.98   35.55   -0.40   -0.59    1.16    1.26  3
  INDEC     236.79   44.85   -0.55   -0.38    1.57    1.51  3
  MDSNH  a  262.90   32.84    0.75    0.77    1.41    1.56  3
  MN016     265.07   45.71   -0.52   -0.77    1.18    1.11  3
  WCHTF     261.48   33.88   -0.42   -0.41    1.14    1.07  3
  AV225     238.26   37.28    1.04    1.23    1.26    1.28  3
  E5697  a  237.59   41.40   -0.91   -0.75    1.49    1.46  3
  SHLLN     284.04   40.31   -1.56   -1.60    1.19    1.13  3
  E0844      12.59   47.96   -1.53   -1.06    1.20    0.81  3
  E3259     272.66   35.14    0.08   -0.47    1.21    1.15  3
  D5963  a  255.86   47.95    1.00    0.94    1.25    1.05  3
  E9506     254.55   44.28   -0.46   -0.62    2.21    2.13  3
  GGWWR     255.25   48.98   -1.02   -1.02    1.16    1.05  3
  MSKDG     273.89   43.25    0.12    0.13    1.35    1.64  3
  AN045     241.58   37.37    0.23    0.57    1.28    1.33  3
  AS836     240.44   49.85   -0.20    0.02    1.13    0.93  3
  C5091  a  240.23   39.17    1.38    2.09    1.86    1.80  3
  D4200     274.31   39.60   -2.32   -2.65    1.17    1.08  3
  D5735     240.64   50.23   -0.58   -0.39    1.13    0.91  3
  D5963     255.86   47.95   -0.87   -0.63    1.22    1.17  3
  D7759     238.73   46.02   -1.39   -0.80    1.15    0.97  3
  E0681     237.11   41.46    0.49    0.83    1.26    1.22  3
  E1392     239.36   47.81   -1.50   -0.95    1.23    1.12  3
  E1633     238.88   45.75   -0.97   -0.22    1.29    1.11  3
  E2349  a  254.62   48.52   -1.16   -1.07    1.24    0.92  3
  E3283  a  263.49   43.71   -1.03   -1.33    1.23    1.14  3
  E3317     253.17   43.86   -2.26   -1.90    1.63    1.55  3
  E3811     288.80   44.21    1.23    0.76    1.25    1.06  3
  E5404     264.67   30.08    0.27   -0.05    1.17    1.29  3
  E7481  a  243.51   47.18   -0.22   -0.09    1.26    1.27  3
  STTDP     237.69   47.65    0.11    0.48    1.10    1.06  3
  WGNTV     272.31   41.95   -0.20   -0.49    1.15    1.09  3
  E3090     274.63   40.29   -2.32   -2.56    1.25    1.18  3
  F1684     245.86   46.24   -2.38   -2.27    1.17    1.01  3
  GGWFV     255.95   47.86   -1.15   -1.05    1.22    1.01  3
  E4023  a  246.44   37.09   -1.09   -0.92    2.58    2.75  3
