  KACJ      275.80   32.11    1.60    0.90    0.41    0.16  0
  KAIK      278.31   33.65    1.64    0.91    0.41    0.17  0
  KANK      253.95   38.53    1.77    2.78    0.56    0.41  0
  KAQO      261.34   30.78    1.31    1.20    0.47    0.19  0
  KAVC      281.95   36.69    2.31    1.82    0.42    0.17  0
  KBCB      279.58   37.22    1.42    1.02    0.35    0.19  0
  KBDG      250.52   37.58    1.58    1.65    0.52    0.30  0
  KBDU      254.77   40.03   -1.64   -1.42    0.87    0.50  0
  KCBE      281.23   39.61    1.40    1.29    0.44    0.20  0
  KCTJ      274.85   33.63    1.54    1.16    0.40    0.19  0
  KCWN      255.15   38.75   -1.72   -1.28    0.61    0.41  0
  KDBN      277.01   32.57    1.33    0.57    0.33    0.18  0
  KDHN      274.55   31.32    1.38    0.85    0.46    0.22  0
  KE38      256.32   30.38    1.44    1.13    0.51    0.24  0
  KECU      259.83   29.95    1.36    0.99    0.39    0.19  0
  KEOE      278.36   34.31    1.52    0.98    0.43    0.18  0
  KESN      283.94   38.79    1.60    1.20    0.38    0.19  0
  KEZM      276.87   32.21    1.49    0.74    0.32    0.16  0
  KFDK      282.63   39.42    1.30    1.14    0.38    0.19  0
  KHQU      277.48   33.53    2.28    1.61    0.43    0.18  0
  KI16      278.44   37.60    1.94    1.36    0.45    0.26  0
  KJQF      279.30   35.38    1.35    1.08    0.51    0.20  0
  KLHZ      281.67   36.02    1.34    0.90    0.36    0.15  0
  KLKU      282.03   38.01    1.84    1.34    0.49    0.17  0
  KMPV      287.44   44.20    1.41    1.37    0.55    0.27  0
  KMYP      253.68   38.47    2.07    2.84    0.43    0.65  0
  KNXP      243.86   34.28    1.89    2.30    0.45    0.24  0
  KPKB      278.57   39.35    1.55    1.18    0.53    0.24  0
  KRMN      282.55   38.40    1.77    1.27    0.43    0.13  0
  KRSN      267.41   32.51    1.45    1.17    0.51    0.22  0
  KSOA      259.35   30.59    1.49    1.11    0.45    0.20  0
  KUKF      278.91   36.22    1.67    1.53    0.55    0.28  0
  KVUJ      279.85   35.42    1.86    1.52    0.45    0.16  0
  LSZL        8.88   46.16   -1.71   -1.25    1.06    0.69  0
  PAJZ      202.74   59.73    1.69    1.42    0.49    0.25  0
  SKBG      286.80    7.10   -1.61   -1.62    0.56    0.37  0
  SKRG      284.57    6.18    2.01    1.96    0.57    0.32  0
  KMTV      279.98   36.63    1.34    1.02    0.50    0.21  0
  KWDR      276.33   33.97    1.38    1.01    0.40    0.16  0
  KIDI      280.89   40.63    1.32    1.23    0.42    0.18  0
  KNUW      237.35   48.35    1.34    1.67    0.54    0.23  0
  PADM      197.97   61.86    1.44    1.17    0.63    0.38  0
  SKCL      283.62    3.55   -1.34   -1.26    1.03    0.71  0
