  71568     230.07   50.45   -1.49   -1.45    1.62    1.54  3
     73.00   22.00   -1.90   -1.70    1.93    1.63
     51.00 -999.00 -999.00 -999.00 -999.00
  72480     241.63   37.36   -0.56   -0.22    1.13    0.94  3
     78.00    0.00   -0.40   -0.10    1.48    1.26
     78.00   -0.90   -0.25    1.26    1.26
  76382     256.57   21.51    0.64    0.15    1.29    1.25  3
     58.00    1.00    0.80    0.10    1.33    1.33
     57.00    0.65    0.95    1.26    1.48
  76855     263.52   15.65   -0.49   -0.47    1.27    1.07  3
     45.00    0.00   -0.40   -0.30    1.63    1.33
     45.00 -999.00 -999.00 -999.00 -999.00
  06727       7.85   46.30   -1.50   -0.86    1.10    1.21  3
     65.00    0.00   -1.50   -0.80    1.33    1.48
     65.00   -1.20   -1.75    1.33    1.19
  71777     237.27   50.29   -0.66   -0.58    1.16    0.95  3
     76.00    0.00   -0.80   -0.60    1.33    1.04
     76.00   -0.90   -0.80    1.33    1.70
