  AP321     279.37   43.40   -0.65   -0.53    1.57    1.50  3
    294.00    0.00   -0.78   -0.60    1.75    1.43
     51.00 -999.00 -999.00 -999.00 -999.00
  AP517  a  237.19   47.55   -0.14    0.04    1.37    1.39  2
    121.00   75.00   -0.35    0.25    1.78    1.71
     30.00 -999.00 -999.00 -999.00 -999.00
  AP767     285.33   40.86    0.13   -0.33    1.38    1.29  3
    169.00    0.00    0.60    0.20    0.89    0.67
     79.00   -1.58    1.07    1.22    0.48
  AP837     278.21   27.95   -0.21   -0.87    1.32    1.40  3
    322.00    0.00   -0.90   -1.70    0.89    0.30
     61.00   -1.03    1.37    0.37    0.80
  APPMX     281.17   37.34   -0.59   -1.00    1.22    1.18  3
    502.00    0.00   -0.44   -0.63    0.97    0.78
     75.00   -2.10   -0.49    1.30    0.37
  AR304     243.52   33.79   -1.84   -1.49    1.24    1.11  3
    470.00    1.00   -1.87   -1.56    1.30    1.42
     78.00   -1.69   -2.18    1.62    1.12
  AR400  a  264.30   36.26    0.32   -0.09    1.26    1.33  3
    427.00  318.00   -0.32    0.35    1.59    1.45
     58.00    0.52    0.03    1.64    1.59
  AR970  a  261.54   42.34   -0.87   -1.18    1.34    1.32  3
    208.00   37.00   -1.17   -1.50    1.46    1.43
     65.00   -1.84    0.28    0.84    1.33
  AS061  a  240.28   39.04    0.86    1.24    1.48    1.47  3
    235.00   46.00    1.07    1.53    1.53    1.43
     65.00   -0.18    1.93    1.48    0.86
  AS618  a  279.62   35.26   -0.31   -0.63    1.25    1.23  3
    499.00  226.00    0.13   -0.09    0.79    0.61
     45.00 -999.00 -999.00 -999.00 -999.00
  AS770     358.56   52.94    0.31    0.35    1.33    1.19  3
    105.00   48.00    0.70    0.50    0.89    1.48
     25.00 -999.00 -999.00 -999.00 -999.00
  AT237     249.02   31.99    1.45    1.46    1.31    1.26  3
    372.00   38.00    1.59    1.47    1.35    1.35
     54.00 -999.00 -999.00 -999.00 -999.00
  AT538     269.64   30.45    0.12   -0.15    1.29    1.27  3
    293.00    0.00    0.04   -0.14    1.33    1.34
     52.00 -999.00 -999.00 -999.00 -999.00
  AT590      11.70   45.71   -2.66   -1.84    1.21    1.03  3
    349.00   30.00   -2.74   -1.96    1.27    1.01
     60.00   -3.39   -1.65    1.10    1.40
  AT637     359.29   50.79    0.36    0.44    1.52    1.41  3
     69.00    6.00    0.60    0.70    1.11    1.26
     37.00 -999.00 -999.00 -999.00 -999.00
  AT951     238.73   44.27   -0.27    0.30    1.36    1.21  3
    466.00   35.00   -0.30    0.17    1.67    1.31
     64.00   -1.56    1.39    0.95    1.45
  AU215      12.27   45.65   -0.75   -0.05    1.20    1.17  3
     78.00   19.00   -0.50    0.00    0.89    0.89
     59.00   -0.15   -0.50    1.19    0.44
  AU327     265.66   39.46    1.76    1.57    1.30    1.32  3
    142.00    0.00    1.45    0.62    1.85    1.14
     43.00 -999.00 -999.00 -999.00 -999.00
  AU424     279.75   26.79    2.02    1.49    0.86    0.92  2
     92.00    0.00    2.10    1.40    0.59    0.89
     31.00 -999.00 -999.00 -999.00 -999.00
  AU469  a  254.85   40.20   -0.58   -0.09    1.40    1.51  3
    463.00  117.00   -0.30    0.15    1.46    2.18
     61.00   -0.40   -0.23    1.52    2.02
  AU728     278.96   39.23   -0.52   -1.17    1.28    1.19  3
    227.00    0.00   -0.88   -1.39    1.04    0.71
     44.00 -999.00 -999.00 -999.00 -999.00
  AU832       5.59   51.12    0.77    0.98    1.58    1.61  3
    458.00   91.00    1.90    1.63    1.48    1.41
     62.00    1.50    0.88    1.19    1.45
  AU867  a  246.57   53.53   -0.35   -0.22    1.71    1.50  3
    198.00   29.00   -0.60   -0.50    2.08    1.85
     67.00   -1.62    1.27    0.52    0.91
  AU976  a  245.89   48.44   -0.36   -0.22    1.51    1.39  3
    454.00  139.00   -0.10   -0.05    2.20    1.93
     57.00    0.16   -0.35    1.84    2.06
  AV046  a  225.14   60.49    0.56    0.67    1.47    1.43  3
    229.00    4.00    0.33    0.75    1.98    1.75
     69.00    2.11   -0.83    0.62    0.67
  AV125  a  287.19   43.21   -0.07   -0.33    1.36    1.46  2
    365.00  255.00   -0.10   -0.80    1.78    1.33
     23.00 -999.00 -999.00 -999.00 -999.00
  AV316     357.07   53.17    2.28    2.34    1.26    1.24  3
    233.00  152.00    2.80    2.87    1.33    1.14
     29.00 -999.00 -999.00 -999.00 -999.00
  AV360     254.23   39.09   -1.58   -0.55    1.49    1.42  3
    406.00    0.00   -1.22   -0.35    1.38    1.56
     69.00   -3.09   -0.52    1.26    0.72
  AV402     238.39   44.29    0.66    1.07    1.47    1.28  3
    181.00    3.00    0.73    1.27    1.33    1.21
     73.00    0.37    1.19    1.83    1.56
  BRKVL  a  275.59   39.83   -0.23    0.16    1.14    1.52  3
    467.00  386.00    0.40    0.91    0.74    0.42
     13.00 -999.00 -999.00 -999.00 -999.00
  C1100     255.34   50.50   -0.15    0.07    1.52    1.50  3
    145.00   29.00   -0.70   -0.25    1.41    1.85
     59.00   -1.23    1.40    0.63    1.26
  C1621     243.47   46.35    0.14    0.50    1.47    1.47  3
    197.00    5.00    0.49    0.94    1.28    1.28
     52.00 -999.00 -999.00 -999.00 -999.00
  C2099  a  271.15   45.52    0.28    0.09    1.34    1.37  3
    342.00  150.00    1.05    0.45    1.21    0.47
     33.00 -999.00 -999.00 -999.00 -999.00
  C3429  a  273.78   39.60   -0.22   -0.35    1.43    1.36  3
    193.00  112.00   -0.53   -0.47    1.26    1.41
     28.00 -999.00 -999.00 -999.00 -999.00
  C3773     271.56   43.11   -0.51   -0.86    1.39    1.30  3
    275.00    6.00   -0.80   -0.90    1.19    0.97
     47.00 -999.00 -999.00 -999.00 -999.00
  C4421  a  261.78   38.09    0.56    0.41    1.33    1.39  3
    199.00   11.00    0.70    0.57    1.61    1.78
     74.00   -0.83    1.05    1.09    1.07
  C4498  a  255.12   38.92    0.14    1.06    1.72    1.56  3
    119.00   64.00    0.48    1.45    1.01    1.16
     24.00 -999.00 -999.00 -999.00 -999.00
  C4666     351.16   40.17   -1.75   -1.74    1.00    0.95  2
    107.00    9.00   -1.90   -1.90    0.74    0.44
     63.00   -1.95   -1.70    0.52    1.63
  C5091     240.23   39.17    0.36    0.71    1.15    1.06  3
     88.00    2.00    0.30    0.55    1.33    1.26
     51.00 -999.00 -999.00 -999.00 -999.00
  C5171  a  255.13   38.93    1.02    2.14    1.42    1.55  3
    228.00  152.00    1.63    2.45    1.48    1.95
     26.00 -999.00 -999.00 -999.00 -999.00
  C5416  a  237.31   45.28   -0.30    0.06    1.44    1.42  3
    524.00  424.00   -0.49   -0.09    2.40    2.08
     16.00 -999.00 -999.00 -999.00 -999.00
  C5507     238.34   44.44   -0.44    0.18    1.28    1.14  3
    419.00   22.00   -0.65    0.10    1.41    1.19
     67.00   -1.49    0.83    0.77    1.45
  C6407      12.34   49.88   -0.32    0.32    1.28    0.99  3
    167.00    0.00   -0.53    0.20    1.14    1.04
     75.00   -1.27    1.02    1.07    1.41
  C6697  a  239.60   48.58   -1.92   -1.74    1.16    1.03  3
    133.00   12.00   -1.88   -1.70    1.43    1.16
     58.00   -2.40   -1.10    1.25    1.00
  C6878     359.62   52.77   -1.49   -1.46    1.55    1.42  3
    326.00   28.00   -1.68   -1.67    1.59    1.59
     70.00   -1.78   -1.75    1.73    1.50
  C8420     249.86   31.47   -0.28    0.05    1.59    1.45  3
    241.00    9.00   -0.80   -0.70    1.00    1.22
     55.00 -999.00 -999.00 -999.00 -999.00
  C8810  a  258.03   37.04   -0.57   -0.62    1.38    1.44  3
    232.00   79.00   -0.28   -0.32    1.61    1.75
     52.00 -999.00 -999.00 -999.00 -999.00
  C8926  a  254.85   39.67   -0.73   -0.39    1.49    1.64  3
    340.00  192.00   -0.90   -0.60    1.54    1.93
     31.00 -999.00 -999.00 -999.00 -999.00
  C9274       5.69   58.94    0.14    0.58    2.47    2.44  3
    298.00  190.00    0.62    1.04    3.65    3.31
     28.00 -999.00 -999.00 -999.00 -999.00
  C9353  a  250.04   45.82   -0.61   -0.62    1.38    1.41  3
    166.00  108.00   -1.00   -0.80    2.47    2.13
     27.00 -999.00 -999.00 -999.00 -999.00
  C9754     293.95   17.99   -0.19   -0.36    1.12    1.15  3
    166.00   14.00    0.03   -0.18    1.08    0.84
     58.00    0.32   -0.50    0.52    1.06
  C9763  a  242.20   35.63   -2.44   -1.92    1.24    1.26  3
    218.00  147.00   -1.95   -1.32    1.43    0.99
     24.00 -999.00 -999.00 -999.00 -999.00
  C9795  a  237.59   48.78    0.56    0.60    1.34    1.37  3
    205.00  134.00    0.27    0.53    1.58    1.43
     27.00 -999.00 -999.00 -999.00 -999.00
  C9879  a  279.48   37.14   -0.50   -1.18    1.42    1.42  3
    413.00  204.00   -0.47   -1.52    1.46    1.46
     39.00 -999.00 -999.00 -999.00 -999.00
  CAPNX     208.85   60.77   -0.13   -0.22    1.76    1.79  3
    546.00  336.00   -0.29   -0.31    2.86    2.31
     30.00 -999.00 -999.00 -999.00 -999.00
  CMP14     246.99   38.39    0.38    0.43    1.61    1.55  3
    199.00    0.00    0.48    0.50    1.90    1.93
     74.00    0.87   -0.50    1.85    2.37
  CMP16     245.55   36.55    0.55    0.68    1.74    1.57  3
    202.00    0.00    0.93    0.65    2.03    2.13
     74.00    1.70    0.08    1.48    2.64
  CMP17     244.00   36.22    0.62    0.68    1.82    1.77  3
    164.00    0.00    1.00    0.90    2.13    2.18
     59.00    1.72   -0.30    1.68    2.50
  CMP19     244.26   37.64    1.39    1.26    1.77    1.55  3
    195.00    8.00    1.30    1.23    2.03    1.73
     69.00    1.77    0.58    1.59    2.37
  CRLST  a  271.86   41.93   -1.53   -1.52    1.26    1.51  3
    527.00  239.00   -2.17   -2.30    1.85    0.41
     44.00 -999.00 -999.00 -999.00 -999.00
  D0067     358.10   51.19   -2.21   -2.11    1.31    1.33  3
    446.00   25.00   -2.53   -2.32    0.42    0.37
     67.00   -2.33   -2.55    0.46    0.51
  D0417  a  254.79   40.06    0.80    0.92    1.38    1.55  3
    240.00  136.00    1.00    0.90    1.19    1.78
     35.00 -999.00 -999.00 -999.00 -999.00
  D0465  a  251.13   44.16   -0.90   -0.48    1.44    1.64  3
    175.00   91.00   -1.32   -0.92    0.96    1.48
     38.00 -999.00 -999.00 -999.00 -999.00
  D0487      11.28   47.51   -2.17   -1.63    1.47    1.08  3
    196.00    4.00   -2.20   -1.68    1.26    0.91
     78.00   -3.68   -1.02    1.07    1.63
  D0520  a  283.98   39.78   -1.51   -1.77    1.26    1.26  3
    383.00  213.00   -1.85   -2.26    0.61    0.60
     31.00 -999.00 -999.00 -999.00 -999.00
  D1833       5.48   50.96    0.05   -0.05    1.48    1.64  3
    157.00    1.00    0.20    0.35    1.93    2.08
     79.00    0.57   -0.98    1.74    0.85
  D1878     266.38   47.40   -0.37   -0.56    2.01    1.86  3
    156.00   74.00   -0.80   -1.05    1.78    1.85
     41.00 -999.00 -999.00 -999.00 -999.00
  D2470  a  256.36   47.87   -0.77   -0.89    1.37    1.33  3
    168.00   86.00   -1.22   -1.02    1.78    1.85
     38.00 -999.00 -999.00 -999.00 -999.00
  D2783  a  276.41   41.53    0.36    0.02    1.42    1.53  3
    229.00  119.00    1.50    0.50    1.78    1.78
     37.00 -999.00 -999.00 -999.00 -999.00
  D2795       2.00   47.06    0.23    0.35    1.19    1.15  3
    451.00   96.00    0.12    0.35    1.46    1.25
     60.00    0.40   -0.25    1.20    1.26
  D2809     240.73   52.83   -1.17   -0.87    1.52    1.41  3
    165.00   14.00   -1.15   -0.98    1.62    1.21
     68.00   -1.85   -0.47    1.26    0.85
  D2913      10.77   48.02   -2.02   -1.16    1.33    1.00  3
    457.00    0.00   -2.18   -1.23    1.09    1.04
     77.00   -3.08   -0.90    1.05    1.80
  D3085  a  263.17   40.76    0.09   -0.06    1.64    1.82  3
    484.00  344.00   -0.25    0.02    2.02    2.03
     22.00 -999.00 -999.00 -999.00 -999.00
  D3200     244.05   46.38   -0.85   -0.47    1.36    1.25  3
    150.00    7.00   -0.80   -0.50    1.71    1.26
     67.00   -2.15    0.35    1.45    1.41
  D3411  a  279.85   26.02    0.23   -0.18    1.38    1.42  3
    160.00   87.00    0.22   -0.10    1.66    1.48
     34.00 -999.00 -999.00 -999.00 -999.00
  D3846  a  273.70   30.81   -0.93   -1.30    1.20    1.27  2
    172.00   65.00   -0.90   -1.30    1.26    1.48
     48.00 -999.00 -999.00 -999.00 -999.00
  D3870  a  252.78   39.28   -2.64   -1.87    1.79    1.64  3
    160.00   81.00   -3.24   -2.30    1.30    1.96
     42.00 -999.00 -999.00 -999.00 -999.00
  D4221     267.76   47.52   -0.27   -0.40    1.27    1.09  3
    189.00    0.00   -0.47   -0.57    1.29    1.19
     73.00   -1.15    1.02    0.57    1.12
  D4368  a  255.16   38.82   -0.42    0.06    1.64    1.67  3
    398.00   69.00   -0.50   -0.17    1.58    1.78
     68.00   -0.75   -0.78    1.27    2.45
  D4381     254.53   39.84   -1.93   -1.61    1.25    1.22  3
    368.00   89.00   -1.80   -1.72    1.45    1.32
     50.00 -999.00 -999.00 -999.00 -999.00
  D4454  a  259.07   47.84   -0.79   -0.90    1.39    1.49  3
    150.00   73.00   -1.20   -1.00    1.48    1.85
     41.00 -999.00 -999.00 -999.00 -999.00
  D4515  a  246.09   35.56   -1.08   -0.89    1.49    1.37  3
    313.00   47.00   -0.73   -0.60    1.99    1.67
     67.00   -1.01   -0.32    1.75    1.62
  D4524  a  255.29   38.90    0.37    0.99    1.46    1.64  3
    263.00  192.00   -0.06    1.42    1.39    2.50
     22.00 -999.00 -999.00 -999.00 -999.00
  D4640  a  270.09   38.50   -0.03   -0.32    1.44    1.52  3
    206.00  119.00   -0.30   -0.62    1.36    1.68
     34.00 -999.00 -999.00 -999.00 -999.00
  D4821  a  249.07   48.74   -0.26   -0.23    1.32    1.22  3
    176.00   82.00   -0.27   -0.25    1.33    1.19
     43.00 -999.00 -999.00 -999.00 -999.00
  D4885  a  288.92   42.82   -0.84   -0.86    1.20    1.19  3
    401.00  170.00   -0.96   -0.84    1.27    1.43
     51.00 -999.00 -999.00 -999.00 -999.00
  D4933     284.10   42.09   -1.39   -1.75    1.50    1.45  3
    204.00   32.00   -1.80   -2.25    1.68    1.33
     67.00   -2.75   -0.08    0.67    1.88
  D4993  a  246.04   51.11   -0.41   -0.28    1.66    1.46  3
    403.00  230.00   -0.65   -0.28    2.10    1.88
     31.00 -999.00 -999.00 -999.00 -999.00
  D5216  a  255.38   38.73   -0.46    0.35    1.38    1.34  3
    160.00  123.00   -0.17    0.20    1.58    1.93
     17.00 -999.00 -999.00 -999.00 -999.00
  D5225      11.41   47.20   -3.11   -2.11    1.42    1.17  3
    197.00   58.00   -3.27   -2.23    1.42    1.11
     56.00   -3.58   -2.90    1.04    2.11
  D5400      11.86   50.44   -1.55   -1.32    1.39    1.23  3
    182.00   26.00   -1.70   -1.30    0.89    1.04
     67.00   -2.12   -0.82    1.06    1.52
  D5434     240.27   45.25   -1.74   -1.05    1.36    1.16  3
    163.00    5.00   -1.75   -1.00    1.33    1.33
     75.00   -2.78   -0.65    1.21    1.11
  D5721       8.85   46.70   -2.41   -1.94    1.62    1.51  3
    239.00   55.00   -2.63   -2.38    1.50    1.40
     62.00   -2.85   -2.38    1.78    1.36
  D5867     257.20   41.20   -0.85   -1.08    1.25    1.29  3
    116.00   18.00   -1.05   -1.33    1.41    1.38
     51.00 -999.00 -999.00 -999.00 -999.00
  D5933     358.13   54.62    0.21    0.43    1.40    1.36  2
    158.00  108.00    0.45    0.40    1.85    1.56
     20.00 -999.00 -999.00 -999.00 -999.00
  D6058       2.53   48.48   -0.23   -0.19    1.62    1.59  3
    132.00    5.00   -0.43   -0.55    1.67    1.61
     64.00   -0.57    0.40    1.41    1.63
  D6114  a  238.28   37.93    0.64    0.67    1.68    1.63  3
    479.00  255.00    1.05    0.87    1.37    1.55
     35.00 -999.00 -999.00 -999.00 -999.00
  D6371     253.91   35.10   -0.62   -0.60    1.53    1.41  3
    152.00    5.00    0.13   -0.73    1.63    1.33
     45.00 -999.00 -999.00 -999.00 -999.00
  D6597     357.50   54.50    1.45    1.60    1.23    1.29  3
    167.00   11.00    1.50    1.83    1.66    1.50
     74.00    1.38    2.15    2.08    1.43
  D7095  a  250.83   44.90   -0.22   -0.21    1.41    1.17  3
    163.00  128.00    0.40    0.13    1.63    1.04
     15.00 -999.00 -999.00 -999.00 -999.00
  D7220     279.61   27.61    0.44    0.09    1.81    1.80  3
    307.00   87.00    0.30   -0.10    1.78    1.42
     47.00 -999.00 -999.00 -999.00 -999.00
  D7491  a  275.20   35.24   -0.61   -1.10    2.01    2.07  3
    169.00  111.00   -1.35   -1.60    1.85    2.63
     28.00 -999.00 -999.00 -999.00 -999.00
  D7998  a  249.20   32.10    0.32    0.27    1.71    1.80  3
    160.00   91.00    0.45    0.45    2.30    2.30
     35.00 -999.00 -999.00 -999.00 -999.00
  D8095     267.97   44.38   -1.68   -1.68    1.65    1.52  3
    140.00   47.00   -1.90   -1.88    1.82    1.82
     50.00 -999.00 -999.00 -999.00 -999.00
  D8222     239.25   47.18   -0.71   -0.34    1.34    1.19  3
    153.00    0.00   -0.67   -0.35    1.56    1.26
     76.00   -2.03    0.52    0.89    0.93
  D8231     267.15   44.78   -1.36   -1.47    1.91    1.77  3
    162.00   70.00   -1.50   -1.40    2.30    2.52
     45.00 -999.00 -999.00 -999.00 -999.00
  D8636  a  255.67   47.50   -1.41   -1.40    1.31    1.10  3
    161.00   58.00   -1.70   -1.65    1.74    1.45
     54.00 -999.00 -999.00 -999.00 -999.00
  D8887  a  242.09   45.33   -2.08   -1.53    1.40    1.18  3
    183.00   14.00   -2.20   -1.57    1.48    1.38
     71.00   -2.97   -1.07    0.82    1.33
  D9043  a  241.49   40.18   -0.11    0.12    1.33    1.28  3
    158.00   33.00   -0.15    0.10    1.71    2.08
     61.00   -1.35    1.20    0.73    0.78
  D9151      11.80   45.87   -2.83   -2.13    1.85    1.79  3
    190.00  107.00   -3.60   -2.93    2.13    1.14
     31.00 -999.00 -999.00 -999.00 -999.00
  D9605  a  248.65   48.48   -0.81   -0.77    1.83    1.43  3
    170.00   54.00   -1.08   -0.88    1.52    1.30
     54.00 -999.00 -999.00 -999.00 -999.00
  D9758       9.31   47.20   -3.12   -2.37    1.25    1.07  3
    199.00   43.00   -3.35   -2.53    1.08    1.09
     62.00   -3.69   -2.78    0.84    1.75
  D9996  a  249.58   48.56   -0.63   -0.68    1.39    1.23  3
    168.00   70.00   -1.00   -0.85    1.19    1.26
     47.00 -999.00 -999.00 -999.00 -999.00
  DPG11     247.02   40.10    0.47    0.39    1.52    1.51  3
    533.00    1.00    1.00    1.13    0.95    0.38
     77.00    1.28   -1.66    0.73    2.40
  E0138  a  251.14   42.89   -1.17   -0.72    2.42    2.32  3
    161.00   86.00   -1.63   -1.45    2.72    2.52
     31.00 -999.00 -999.00 -999.00 -999.00
  E0159  a  241.95   45.40    0.29    0.95    1.29    1.33  3
    191.00   61.00    0.23    2.05    1.14    1.71
     49.00 -999.00 -999.00 -999.00 -999.00
  E0161     278.04   28.87    2.55    1.82    1.16    1.20  3
    246.00   76.00    2.89    2.20    1.10    0.95
     25.00 -999.00 -999.00 -999.00 -999.00
  E0498     288.68   44.95   -1.01   -1.48    1.40    1.22  3
    194.00    4.00   -1.05   -1.52    1.54    1.53
     72.00   -2.24    0.03    0.89    0.70
  E0553  a  260.62   30.00   -0.75   -1.20    1.66    1.60  3
    171.00  131.00   -1.40   -1.50    2.60    1.73
     19.00 -999.00 -999.00 -999.00 -999.00
  E0929  a  238.80   51.13   -1.92   -1.92    1.49    1.32  3
    197.00   45.00   -2.13   -2.03    1.38    1.38
     59.00   -3.08   -1.26    0.77    1.52
  E1015     282.26   42.85    0.17   -0.07    1.34    1.39  3
     81.00    0.00    0.33    0.25    1.48    1.56
     31.00 -999.00 -999.00 -999.00 -999.00
  E1142       0.10   51.10   -2.87   -2.89    1.32    1.33  3
    165.00   80.00   -3.32   -3.53    0.61    0.25
     42.00 -999.00 -999.00 -999.00 -999.00
  E1187     245.52   47.00   -0.09    0.16    1.60    1.45  3
    125.00    0.00   -0.10    0.35    1.63    1.56
     61.00   -1.05    0.85    1.26    1.26
  E1233     260.38   45.77   -1.35   -1.43    1.63    1.47  3
    133.00   10.00   -1.65   -1.90    1.56    1.33
     74.00   -2.43    0.40    0.63    1.48
  E1795     265.75   47.88    0.05   -0.21    1.26    1.16  3
    149.00    0.00   -0.25   -0.43    1.06    1.26
     74.00   -0.77    1.20    0.85    1.30
  E1858     281.76   40.22   -2.03   -1.95    1.45    1.32  3
    159.00    0.00   -2.75   -2.70    0.82    0.52
     77.00   -2.82   -2.72    0.93    2.15
  E1870       7.05   46.30   -2.80   -2.06    1.56    1.33  3
    174.00   62.00   -3.18   -2.53    1.22    1.11
     48.00 -999.00 -999.00 -999.00 -999.00
  E2194  a  245.96   50.98   -0.27   -0.06    1.72    1.54  3
    174.00   79.00   -0.60   -0.45    2.52    1.90
     41.00 -999.00 -999.00 -999.00 -999.00
  E2692     255.51   48.33   -1.30   -1.16    1.55    1.36  3
    160.00   11.00   -1.55   -1.35    1.48    1.30
     72.00   -2.68   -0.05    1.22    2.11
  E2781  a  284.92   39.72   -0.14   -0.77    1.55    1.64  3
    309.00  132.00   -0.03   -0.21    2.10    2.34
     34.00 -999.00 -999.00 -999.00 -999.00
  E3547     240.91   44.24   -2.13   -1.63    1.51    1.40  3
    150.00   66.00   -2.15   -1.50    1.93    1.33
     41.00 -999.00 -999.00 -999.00 -999.00
  E3676      11.64   45.71    1.26    1.97    1.34    1.42  3
    278.00   56.00    1.51    2.29    1.32    1.22
     66.00    2.18    0.65    0.50    1.33
  E3690     239.05   45.48   -0.45    0.21    1.44    1.28  3
    164.00    0.00   -0.34    0.32    1.71    1.52
     78.00   -1.73    0.62    1.22    1.16
  E4023     246.44   37.09    0.00    0.32    1.50    1.61  3
    113.00    0.00    0.20    0.55    1.67    1.87
     36.00 -999.00 -999.00 -999.00 -999.00
  E4238     248.58   48.70   -0.71   -0.77    2.20    1.81  3
    162.00   33.00   -1.00   -0.83    2.15    1.80
     61.00   -2.47    0.35    1.30    2.41
  E4329  a  247.56   46.57   -1.18   -1.23    1.73    1.48  3
    166.00   98.00   -1.65   -1.30    1.63    1.63
     31.00 -999.00 -999.00 -999.00 -999.00
  E4353  a  258.13   45.55   -0.86   -0.90    1.39    1.45  3
    165.00   82.00   -1.20   -1.10    1.45    1.69
     38.00 -999.00 -999.00 -999.00 -999.00
  E4369     239.28   47.15   -1.92   -1.32    1.58    1.43  3
    120.00    4.00   -1.92   -1.32    1.74    1.58
     54.00 -999.00 -999.00 -999.00 -999.00
  E4612      12.38   47.02   -3.25   -2.23    1.58    1.27  3
    236.00   94.00   -3.77   -2.20    1.75    1.48
     48.00 -999.00 -999.00 -999.00 -999.00
  E4654  a  245.85   49.48    0.28    0.34    1.46    1.47  3
    130.00   84.00    0.35    0.65    1.31    1.41
     25.00 -999.00 -999.00 -999.00 -999.00
  E4856     235.79   42.11    0.61    0.62    1.48    1.46  3
    116.00    0.00    0.75    0.65    1.22    1.41
     60.00    0.90    0.95    2.37    0.96
  E5375     246.04   51.02   -1.25   -0.96    1.86    1.67  3
    110.00    5.00   -1.56   -1.03    2.48    1.95
     50.00 -999.00 -999.00 -999.00 -999.00
  E5500     249.09   49.88   -1.36   -1.28    1.73    1.48  3
    195.00   37.00   -1.40   -1.20    1.93    1.75
     62.00   -3.02    0.00    1.17    1.56
  E5608     284.04   42.06    0.28   -0.02    1.82    1.69  3
    185.00   62.00    0.25   -0.07    3.03    2.21
     20.00 -999.00 -999.00 -999.00 -999.00
  E5655     254.05   32.93   -0.58   -0.54    1.56    1.54  3
    100.00    0.00   -0.78   -0.96    2.22    2.04
     40.00 -999.00 -999.00 -999.00 -999.00
  E5655  a  254.05   32.93   -1.64   -1.76    2.64    2.52  3
    118.00   60.00   -2.90   -2.97    0.89    7.56
     29.00 -999.00 -999.00 -999.00 -999.00
  E5697     237.59   41.40    0.23    0.78    1.58    1.56  3
    123.00    0.00    0.00    0.80    1.93    1.85
     63.00   -1.08    1.85    1.19    1.14
  E5718     247.09   53.38    0.07    0.19    1.76    1.61  3
    156.00    6.00   -0.07    0.15    1.83    1.61
     57.00   -1.23    1.32    1.32    2.20
  E5772  a  247.63   48.49   -0.50   -0.47    1.77    1.62  3
    157.00   82.00   -0.98   -0.75    2.20    1.78
     38.00 -999.00 -999.00 -999.00 -999.00
  E5875     297.18   17.91    0.33    0.27    1.72    1.60  3
    184.00    0.00   -0.45   -0.45    1.31    1.16
     69.00    2.27   -0.49    1.49    0.58
  E5899     284.68   43.11   -1.23   -1.36    1.44    1.34  3
    483.00   21.00   -1.05   -1.35    1.71    1.61
     77.00   -2.34   -0.06    1.21    1.17
  E5974     248.01   51.62   -0.29   -0.09    2.25    2.01  3
    323.00   22.00   -0.81   -0.31    2.84    2.37
     72.00   -2.34    2.31    0.96    1.39
  E6077     258.03   49.35   -0.57   -0.44    2.06    2.01  3
    167.00   96.00   -0.10    0.10    1.93    2.08
     35.00 -999.00 -999.00 -999.00 -999.00
  E6082  a  275.27   39.41   -2.04   -1.72    1.39    1.15  3
    126.00   79.00   -2.33   -2.15    0.70    0.11
     26.00 -999.00 -999.00 -999.00 -999.00
  E6231       7.50   47.36   -1.17   -0.76    1.31    1.19  3
    110.00    0.00   -1.33   -0.73    1.48    1.45
     60.00   -2.05   -0.35    1.11    1.37
  E6287     265.42   47.09   -1.34   -1.62    1.31    1.21  3
    156.00    0.00   -1.60   -1.95    1.29    1.11
     77.00   -2.22   -0.15    0.67    1.31
  E6385     244.79   36.05    0.44    0.63    1.48    1.34  2
    287.00   74.00    1.05    1.27    1.63    1.26
     44.00 -999.00 -999.00 -999.00 -999.00
  E6426     260.38   45.77   -1.20   -1.28    1.60    1.43  3
    163.00   13.00   -1.50   -1.63    1.63    1.31
     67.00   -2.40    0.45    0.63    1.52
  E6438     285.10   43.82    0.57    0.32    1.32    1.22  3
    159.00    0.00    0.40    0.05    1.63    1.30
     76.00   -0.38    1.67    0.96    1.37
  E6456  a  252.13   46.60   -0.59   -0.58    1.74    1.53  3
    146.00   53.00   -0.90   -0.83    1.80    1.54
     42.00 -999.00 -999.00 -999.00 -999.00
  E6485     255.32   39.02   -0.95   -0.52    1.90    1.87  2
    384.00   33.00   -1.20   -0.70    1.85    1.78
     62.00   -1.70   -1.00    2.06    2.22
  E6663     245.81   47.73    0.14    0.38    1.70    1.56  3
    177.00    0.00    0.27    0.35    2.27    1.77
     78.00   -1.50    1.83    1.09    0.80
  E6764  a  239.69   44.60   -2.04   -1.47    1.30    1.09  3
    164.00   47.00   -2.00   -1.55    1.48    1.41
     51.00 -999.00 -999.00 -999.00 -999.00
  E6963     255.80   47.72   -0.78   -0.72    1.62    1.43  3
    158.00    7.00   -0.90   -1.00    2.08    1.56
     75.00   -2.05    1.12    0.93    1.15
  E7002     254.79   44.28   -1.45   -1.11    1.97    1.93  3
    159.00   30.00   -2.03   -1.62    1.95    1.74
     58.00   -1.92   -1.50    2.19    2.89
  E7122  a  245.81   51.10   -0.65   -0.40    1.71    1.45  3
    230.00  116.00   -0.93   -0.43    2.08    1.63
     39.00 -999.00 -999.00 -999.00 -999.00
  E7595     248.72   47.54    0.25    0.30    1.97    1.65  3
     96.00   10.00    0.28    0.32    2.15    1.78
     48.00 -999.00 -999.00 -999.00 -999.00
  E7665     263.48   39.10   -1.80   -1.66    1.18    1.25  3
    158.00   29.00   -2.00   -2.00    1.26    1.15
     64.00   -2.53   -1.15    0.70    1.52
  E7671      11.67   46.39   -2.38   -1.39    1.60    1.38  3
    144.00    7.00   -2.85   -1.70    1.33    1.19
     73.00   -3.30   -1.02    1.04    2.45
  E7744     256.35   46.92   -1.05   -0.99    1.96    1.82  3
    470.00  276.00   -1.43   -1.40    2.18    1.93
     33.00 -999.00 -999.00 -999.00 -999.00
  E7882     265.46   41.33    2.23    1.76    1.17    1.15  3
     61.00    3.00    2.38    2.31    1.27    1.32
     28.00 -999.00 -999.00 -999.00 -999.00
  E7885     248.11   40.77   -1.03   -0.67    1.26    1.09  3
     68.00    7.00   -1.30   -1.10    1.11    0.74
     43.00 -999.00 -999.00 -999.00 -999.00
  E7934     269.81   48.63   -0.60   -0.55    1.34    1.17  3
    161.00    0.00   -0.70   -0.70    1.52    1.26
     76.00   -1.73    0.92    0.74    1.30
  E7963  a  246.47   37.16   -1.06   -0.88    1.24    1.13  3
    136.00   26.00   -1.40   -1.05    1.19    0.96
     63.00   -1.67   -0.57    1.22    1.37
  E8068     287.72   44.63   -1.71   -2.07    1.39    1.20  3
    187.00   10.00   -1.93   -2.10    1.53    2.03
     75.00   -2.68   -0.48    1.00    1.21
  E8201     248.82   48.47   -0.88   -0.77    2.04    1.67  3
    184.00   32.00   -1.00   -0.90    2.15    1.71
     63.00   -2.64    0.43    1.58    1.85
  E8724     241.59   34.32   -1.34   -0.90    1.29    1.21  3
    275.00    0.00   -1.70   -1.29    1.14    0.99
     74.00    0.08   -1.86    0.78    0.89
  E8771      12.71   50.44   -0.88   -0.67    1.86    1.60  3
    461.00   18.00   -1.08   -0.95    1.78    1.71
     75.00   -2.13    0.62    0.96    2.19
  E8895  a  250.90   44.50   -0.95   -0.91    1.54    1.32  3
    190.00  149.00   -0.73   -0.55    2.27    1.11
     17.00 -999.00 -999.00 -999.00 -999.00
  E8942       9.76   48.99   -1.90   -1.14    1.17    1.03  3
    454.00   54.00   -1.73   -1.06    1.35    1.12
     68.00   -3.00   -1.10    0.57    0.82
  E9034     249.17   49.89   -0.53   -0.48    1.87    1.74  3
    167.00    5.00   -0.54   -0.52    2.34    1.99
     72.00   -2.22    1.20    0.94    1.41
  E9049     246.45   37.11    0.28    0.29    1.19    1.00  3
    157.00    0.00    0.10    0.20    0.96    1.04
     71.00   -0.30    0.30    1.07    1.00
  E9066  a  248.32   47.52   -0.94   -1.22    1.66    1.35  3
    160.00   86.00   -1.37   -1.65    1.63    1.26
     35.00 -999.00 -999.00 -999.00 -999.00
  E9067     282.73   38.90    0.82    0.19    1.31    1.27  3
    473.00    0.00    0.73   -0.07    1.83    1.75
     77.00    1.43    0.17    1.47    1.84
  E9113     238.59   38.93    0.27    0.71    1.33    1.12  3
     53.00    0.00    0.87    0.53    1.24    0.94
     23.00 -999.00 -999.00 -999.00 -999.00
  E9130  a  251.56   45.83   -0.85   -0.77    1.71    1.55  3
    167.00   87.00   -1.17   -1.07    2.72    1.88
     35.00 -999.00 -999.00 -999.00 -999.00
  E9213  a  259.28   46.63   -0.65   -0.73    1.52    1.40  3
    201.00   91.00   -0.74   -0.98    2.19    1.66
     44.00 -999.00 -999.00 -999.00 -999.00
  E9458     247.93   40.60   -1.85   -1.49    1.58    1.26  3
    290.00   36.00   -1.65   -1.32    1.98    1.61
     49.00 -999.00 -999.00 -999.00 -999.00
  E9485     263.78   41.20   -1.45   -1.39    2.10    2.11  3
    165.00   73.00   -1.95   -1.70    2.60    3.86
     45.00 -999.00 -999.00 -999.00 -999.00
  E9511     266.73   45.04   -0.20   -0.61    1.87    1.73  3
    144.00   11.00   -0.75   -0.95    1.78    1.68
     52.00 -999.00 -999.00 -999.00 -999.00
  E9525     259.22   40.13   -1.78   -1.88    1.46    1.49  3
    151.00   49.00   -2.00   -2.17    1.38    1.58
     43.00 -999.00 -999.00 -999.00 -999.00
  E9561     270.31   47.97   -1.33   -1.36    1.65    1.57  3
    201.00   15.00   -1.50   -1.70    1.73    1.48
     73.00   -2.67    0.33    0.67    1.47
  EDDFR     242.12   34.96    1.16    1.84    1.31    1.23  3
    534.00  138.00    1.32    2.12    1.33    1.43
     58.00    2.24    0.74    1.28    1.90
  F0270     268.11   42.49   -1.24   -1.21    1.64    1.58  3
    439.00   15.00   -1.38   -1.41    1.57    1.42
     76.00   -2.00   -0.45    1.17    1.90
  F0287  a  248.15   40.64   -2.65   -1.97    2.24    2.26  3
     83.00   21.00   -0.82   -3.03    4.67    0.89
     28.00 -999.00 -999.00 -999.00 -999.00
  F0509     269.31   38.51   -1.17   -1.07    1.17    1.15  3
    167.00    0.00   -1.25   -1.00    1.04    1.19
     77.00   -1.23   -0.90    0.89    1.36
  F0663     239.19   44.30    0.30    0.77    1.63    1.44  3
    160.00    2.00    0.35    0.85    1.63    1.63
     77.00   -1.12    1.43    1.37    1.15
  F0664     243.11   34.24   -0.17    0.47    1.31    1.32  3
    240.00    2.00   -0.44    0.27    1.15    1.50
     42.00 -999.00 -999.00 -999.00 -999.00
  F0665     243.14   34.23   -0.32    0.31    1.57    1.55  3
    485.00   11.00   -0.55    0.26    1.59    1.66
     72.00    0.55   -0.53    1.67    0.92
  F0697     274.25   38.24    0.71    0.21    1.59    1.51  3
    449.00    4.00    1.50    1.29    1.53    0.47
     77.00    2.03   -0.98    0.36    0.45
  F0784     262.63   38.93   -2.10   -1.91    1.13    1.24  3
    175.00  123.00   -2.45   -2.20    1.11    1.38
     23.00 -999.00 -999.00 -999.00 -999.00
  F1332     271.18   42.41   -2.11   -2.10    1.39    1.46  3
    179.00   84.00   -2.40   -2.25    1.45    1.71
     40.00 -999.00 -999.00 -999.00 -999.00
  F1401     263.10   47.00    1.04    0.58    1.84    1.87  3
    197.00   28.00    1.88    0.58    2.10    2.19
     64.00    0.47    2.17    1.93    2.08
  F1466     271.64   41.75   -1.18   -1.04    1.34    1.32  3
    200.00    0.00   -1.20   -1.20    1.38    1.48
     77.00   -1.67   -0.68    1.06    1.70
  F1801     283.97   42.04   -1.14   -1.50    1.62    1.61  3
    160.00   23.00   -1.50   -2.05    1.71    1.56
     67.00   -2.43    0.12    0.67    2.19
  F1980     248.32   35.19    1.73    1.53    1.52    1.60  3
    280.00  140.00    2.29    1.58    1.58    2.05
     38.00 -999.00 -999.00 -999.00 -999.00
  F3047     265.52   39.28   -1.96   -2.19    1.47    1.37  3
    205.00  102.00   -2.32   -2.53    1.29    1.17
     42.00 -999.00 -999.00 -999.00 -999.00
  F3074     247.90   34.30   -2.87   -2.64    1.23    1.15  3
    186.00   43.00   -3.23   -2.95    0.59    0.62
     57.00   -3.30   -3.04    0.48    1.26
  F3247     262.89   49.81    0.06   -0.05    1.85    1.73  3
    354.00   21.00    0.46    0.16    2.06    1.99
     50.00 -999.00 -999.00 -999.00 -999.00
  F3335  a  253.99   39.59   -2.74   -1.73    2.20    2.19  3
     93.00   34.00   -3.30   -2.27    1.26    1.06
     27.00 -999.00 -999.00 -999.00 -999.00
  FRTCD     278.24   26.55   -1.50   -1.95    1.50    1.62  3
    495.00    7.00   -2.35   -1.74    1.10    2.36
     74.00   -2.58    0.22    0.31    0.28
  FRTVM  a  262.70   32.62   -1.21   -1.18    1.19    1.11  3
    452.00  243.00   -1.50   -1.40    1.48    1.24
     37.00 -999.00 -999.00 -999.00 -999.00
  FRWSC     262.64   32.69    0.20    0.25    1.32    1.46  3
    280.00    0.00    0.87    1.20    0.61    0.19
     41.00 -999.00 -999.00 -999.00 -999.00
  GGWBA     255.77   48.14   -1.34   -1.27    1.49    1.26  3
     38.00    2.00   -1.45   -1.45    1.71    1.26
     36.00 -999.00 -999.00 -999.00 -999.00
  GGWKL     255.82   48.50   -1.10   -0.91    1.61    1.38  3
     57.00    3.00   -1.15   -0.95    1.93    1.63
     54.00 -999.00 -999.00 -999.00 -999.00
  GGWPP     255.01   48.58   -0.36    0.29    1.69    1.39  3
     27.00    1.00   -1.00   -0.10    1.48    1.78
     25.00 -999.00 -999.00 -999.00 -999.00
  GGWSW     255.54   48.42   -0.60   -0.49    1.79    1.53  3
     41.00    2.00   -0.50   -0.40    2.22    1.63
     39.00 -999.00 -999.00 -999.00 -999.00
  GGWWS     255.66   47.70   -0.96   -0.94    1.88    1.69  3
     41.00    3.00   -1.20   -1.20    2.08    1.93
     38.00 -999.00 -999.00 -999.00 -999.00
  GHG35  a  287.85   43.71    1.47    0.95    1.46    1.50  3
    464.00   41.00    1.46    0.91    1.55    1.53
     65.00    2.40    0.52    0.89    1.23
  GLNLG  a  283.04   39.25    0.08   -0.11    1.37    1.49  3
    453.00  268.00    0.23   -0.20    1.58    1.93
     33.00 -999.00 -999.00 -999.00 -999.00
  H0152  a  263.12   33.15    0.19    0.31    1.41    1.51  3
    210.00  105.00   -0.10    0.15    1.58    1.85
     36.00 -999.00 -999.00 -999.00 -999.00
  HABMT  a  248.44   47.95   -0.41   -0.67    1.57    1.21  3
     57.00   37.00   -0.90   -1.05    1.85    1.11
     20.00 -999.00 -999.00 -999.00 -999.00
  HOUS1     264.59   29.71   -1.28   -1.46    1.59    1.57  3
    455.00    0.00   -2.16    0.03    0.87    3.70
     77.00   -2.40    0.83    0.38    0.37
  HSHTR     264.52   29.75   -1.45   -1.62    1.46    1.45  3
    515.00   11.00   -1.95   -2.07    1.66    1.97
     75.00   -2.22    0.34    0.53    0.42
  HSTRS     264.58   29.70   -1.74   -1.85    1.46    1.44  3
    418.00    1.00   -0.27   -2.43    2.75    0.76
     63.00   -2.11   -0.12    0.31    1.66
  HSTTW     264.56   29.70   -1.19   -1.43    1.26    1.24  3
    530.00    0.00   -1.79   -2.17    0.73    0.34
     76.00   -1.90    0.64    0.43    0.69
  HTTVL  a  267.27   35.33   -1.71   -1.72    1.48    1.51  3
    533.00  325.00   -2.30   -2.55    1.40    0.37
     38.00 -999.00 -999.00 -999.00 -999.00
  JSPRS     241.88   52.85   -1.58   -1.15    1.59    1.53  3
    225.00   31.00   -1.66   -1.10    1.42    1.23
     31.00 -999.00 -999.00 -999.00 -999.00
  K50AX     277.38   42.77    0.52    0.46    1.48    1.62  3
    523.00  182.00    0.63    0.50    1.29    1.63
     51.00 -999.00 -999.00 -999.00 -999.00
  K6V5      257.54   45.52   -0.16   -0.13    1.88    1.72  3
    148.00    0.00   -0.85   -1.00    3.63    1.04
     77.00    2.20   -1.65    0.59    0.67
  K7G9      263.43   43.31    0.00   -0.10    1.53    1.47  3
     68.00    0.00   -0.40   -0.60    1.48    0.89
     68.00    1.95   -0.95    1.11    0.59
  KLEM   a  257.89   45.92   -0.23   -0.45    1.88    1.79  3
     80.00    1.00   -1.10   -1.30    1.19    1.33
     71.00    2.30   -1.60    0.67    0.59
  KNGMT  a  248.44   48.55   -0.90   -1.22    1.39    1.08  3
     72.00   45.00   -0.90   -1.70    2.08    1.63
     27.00 -999.00 -999.00 -999.00 -999.00
  KTTLC     274.82   42.34    1.11    0.85    0.58    0.43  2
    329.00    0.00    1.10    0.85    0.44    0.30
     55.00 -999.00 -999.00 -999.00 -999.00
  LGNTN  a  282.71   41.04   -0.05   -0.39    1.60    1.65  3
    441.00  309.00   -0.10   -0.60    2.08    2.22
     22.00 -999.00 -999.00 -999.00 -999.00
  LSC03     287.72   44.63   -1.71   -2.06    1.40    1.20  3
    188.00    8.00   -1.90   -1.80    1.63    1.78
     76.00   -2.65   -0.40    1.06    1.11
  MABL   a  248.36   33.84   -1.00   -0.97    1.29    1.18  3
    151.00   43.00   -1.40   -1.40    1.11    0.74
     59.00   -1.12   -1.30    1.11    1.11
  MARNO     261.86   29.57    0.28   -0.15    1.26    1.17  3
    523.00    0.00    0.70    0.53    1.10    0.28
     75.00   -1.22    1.00    0.52    0.57
  MAWA      247.20   33.97   -0.38   -0.32    2.27    2.21  3
    145.00   95.00   -1.20   -1.00    1.78    1.78
     31.00 -999.00 -999.00 -999.00 -999.00
  MN007     264.23   43.64    0.02   -0.25    1.29    1.29  3
    460.00   65.00    0.12   -0.10    1.33    1.19
     67.00    0.43   -0.67    1.21    1.26
  MN017     265.97   45.39    0.71    0.57    1.83    1.77  3
    449.00   43.00    0.87    0.77    1.93    1.95
     70.00    1.56   -0.92    1.92    1.84
  MN033     264.39   44.69   -0.90   -1.21    1.33    1.38  3
    462.00  245.00   -1.06   -1.39    1.51    1.93
     38.00 -999.00 -999.00 -999.00 -999.00
  MN036     263.51   45.56   -0.97   -1.11    1.45    1.26  3
    452.00   83.00   -0.87   -1.07    1.68    1.38
     63.00   -0.61   -1.55    1.85    1.72
  MN061     265.52   47.37    0.98    0.70    1.43    1.35  3
    450.00    4.00    1.02    0.92    1.58    1.56
     76.00    1.72   -0.30    1.47    0.99
  MN076     266.34   45.88   -0.63   -1.23    1.50    1.40  3
    442.00  203.00   -0.69   -1.15    1.87    1.54
     44.00 -999.00 -999.00 -999.00 -999.00
  NHSLM     288.78   42.75    1.29    1.02    1.26    1.06  3
    527.00   18.00    1.52    1.21    1.13    1.12
     70.00    0.89    1.58    1.74    1.30
  NRWSH     277.39   41.23   -2.70   -2.52    1.14    1.14  3
    473.00  128.00   -2.83   -2.70    0.91    0.76
     57.00   -2.34   -3.40    0.51    0.82
  PNLKC     254.63   39.47    1.19    1.76    1.33    1.28  3
    392.00  138.00    1.40    2.14    1.45    1.37
     48.00 -999.00 -999.00 -999.00 -999.00
  Q32MX     227.73   58.96    0.27    0.35    1.26    1.26  3
    470.00   39.00    0.07    0.10    0.81    0.89
     67.00   -0.24    0.28    1.18    0.61
  RICMT  a  247.80   48.04   -0.73   -0.76    1.55    1.51  3
    234.00  148.00   -1.03   -0.87    1.73    1.68
     29.00 -999.00 -999.00 -999.00 -999.00
  SCBSA     348.82   39.77   -0.92   -0.88    2.02    2.05  3
    534.00  299.00   -1.61   -1.44    1.90    2.07
     36.00 -999.00 -999.00 -999.00 -999.00
  SNCTY     247.71   33.69   -1.31   -1.26    1.40    1.43  3
    259.00   69.00   -2.05   -2.00    0.80    0.44
     44.00 -999.00 -999.00 -999.00 -999.00
  UNHRF     285.97   40.78   -0.75   -1.09    1.27    1.23  3
    246.00    0.00   -1.20   -1.73    1.78    0.64
     45.00 -999.00 -999.00 -999.00 -999.00
  AU185     285.36   39.28    0.22   -0.13    1.25    1.35  3
     80.00    1.00    0.10   -0.35    1.78    1.56
     37.00 -999.00 -999.00 -999.00 -999.00
  C8540     245.33   51.53   -0.50   -0.11    2.24    2.00  3
    181.00   61.00   -1.20   -0.30    2.45    2.22
     41.00 -999.00 -999.00 -999.00 -999.00
  COLMT     248.19   47.94   -0.85   -0.90    2.09    1.75  3
     62.00   11.00   -1.20   -1.00    2.08    1.63
     51.00 -999.00 -999.00 -999.00 -999.00
  D3142     287.06   41.90   -0.06   -0.14    1.27    1.21  3
    137.00    7.00    0.05   -0.12    1.56    1.54
     66.00    0.12    0.22    1.78    1.00
  D4749       8.18   62.26    0.18    0.27    2.27    2.22  3
    117.00   81.00    0.40    0.50    3.26    3.11
     15.00 -999.00 -999.00 -999.00 -999.00
  D7178     287.32   43.11   -1.63   -1.98    1.37    1.16  3
     87.00    9.00   -1.95   -2.00    1.56    1.71
     41.00 -999.00 -999.00 -999.00 -999.00
  E1664       0.89   51.14    1.38    1.41    1.44    1.31  3
    448.00   40.00    1.55    1.66    1.63    1.41
     60.00    1.45    1.66    1.11    2.15
  E2351     273.08   20.55   -0.45   -0.51    1.13    1.20  3
     80.00    4.00   -0.40   -0.55    1.08    1.30
     38.00 -999.00 -999.00 -999.00 -999.00
  E2421     281.95   44.63    2.05    1.72    1.48    1.34  3
    111.00    4.00    2.10    1.85    1.56    1.71
     51.00 -999.00 -999.00 -999.00 -999.00
  E5845  a  243.06   34.27    0.12    0.79    1.25    1.34  3
     90.00   27.00    0.06    0.70    1.43    1.57
     22.00 -999.00 -999.00 -999.00 -999.00
  E6485  a  255.32   39.02    1.67    2.06    0.60    0.62  2
    162.00  101.00    1.85    2.15    0.59    0.82
     12.00 -999.00 -999.00 -999.00 -999.00
  E9838     239.53   38.27   -0.97   -0.63    1.44    1.20  3
    267.00    0.00   -1.35   -0.93    2.27    1.11
     49.00 -999.00 -999.00 -999.00 -999.00
  F1780     251.38   47.92   -0.64   -0.47    2.19    2.03  3
     91.00   49.00   -0.57   -0.47    2.60    3.37
     34.00 -999.00 -999.00 -999.00 -999.00
  GGWUC     252.73   47.04   -1.22   -1.01    1.60    1.49  3
     23.00    3.00   -1.15   -1.00    2.22    2.15
     20.00 -999.00 -999.00 -999.00 -999.00
  HASTG     267.13   44.74    0.10    0.00    1.40    1.28  3
    160.00    0.00   -0.30   -0.20    1.93    1.93
     27.00 -999.00 -999.00 -999.00 -999.00
  K6E5      262.44   44.43    0.66    0.75    1.79    1.73  3
     46.00    0.00    1.40    1.70    1.85    1.33
     46.00 -999.00 -999.00 -999.00 -999.00
  AT348     351.26   39.19   -0.03    0.08    2.56    2.50  3
    102.00    2.00   -1.70   -1.63    5.64    1.43
     45.00 -999.00 -999.00 -999.00 -999.00
  AT835     269.75   41.49   -0.59   -0.66    1.47    1.39  2
    174.00    2.00   -1.20   -1.10    1.33    1.04
     29.00 -999.00 -999.00 -999.00 -999.00
  AT956     261.87   31.60   -0.18   -0.61    1.41    1.29  3
    107.00    2.00   -0.62   -1.28    0.85    0.74
     48.00 -999.00 -999.00 -999.00 -999.00
  E7234     259.23   41.14    1.83    1.60    1.79    1.65  3
    242.00   23.00    2.30    2.10    1.82    1.48
     43.00 -999.00 -999.00 -999.00 -999.00
  E7422     276.62   35.24   -0.91   -1.26    2.11    2.08  3
    132.00    0.00   -2.07   -2.57    0.59    0.32
     48.00 -999.00 -999.00 -999.00 -999.00
  GGWZF     254.04   48.28   -0.97   -0.83    1.86    1.62  3
     41.00    6.00   -1.20   -1.00    2.22    1.48
     35.00 -999.00 -999.00 -999.00 -999.00
  AT200  a  237.17   47.60    0.56    0.74    1.30    1.29  3
    310.00  205.00   -0.40    0.70    1.29    1.93
     27.00 -999.00 -999.00 -999.00 -999.00
  C2849  a  239.54   42.18   -0.34    0.09    1.64    1.50  3
     75.00    3.00   -0.80    0.00    1.85    1.48
     33.00 -999.00 -999.00 -999.00 -999.00
  E6678     295.73   44.39    0.77    0.52    1.90    1.77  3
     77.00   11.00    1.03    0.23    2.32    2.52
     23.00 -999.00 -999.00 -999.00 -999.00
  F0237     277.48   27.86    0.23   -0.22    1.40    1.35  3
    137.00   13.00    0.37   -0.28    1.41    1.61
     23.00 -999.00 -999.00 -999.00 -999.00
  PLCMS     273.60   34.70   -0.72   -1.36    1.29    1.31  3
    267.00    1.00   -0.98   -1.49    1.32    1.31
     42.00 -999.00 -999.00 -999.00 -999.00
  C8486     240.86   53.88   -0.73   -0.48    2.28    2.16  3
    165.00   17.00   -1.40   -0.77    2.60    2.63
     54.00 -999.00 -999.00 -999.00 -999.00
  D5890     254.88   47.67   -1.67   -1.60    1.78    1.49  3
    139.00   15.00   -1.88   -1.59    2.20    2.00
     62.00   -3.35    0.10    1.33    1.37
  D7533     262.89   38.18    0.40    0.14    1.47    1.39  3
    141.00    2.00    0.28   -0.05    1.69    1.63
     24.00 -999.00 -999.00 -999.00 -999.00
  E3057     253.50   50.80   -0.30   -0.11    1.72    1.63  3
    186.00    0.00   -0.53   -0.32    1.98    1.74
     70.00   -1.60    1.43    1.40    0.79
  F0981     259.17   39.44   -1.87   -1.81    1.64    1.55  3
    102.00   42.00   -2.20   -2.14    1.73    1.66
     30.00 -999.00 -999.00 -999.00 -999.00
  GGWKB     255.21   48.67   -0.56   -0.41    1.49    1.21  3
     35.00    1.00   -0.80   -0.45    1.41    1.11
     34.00 -999.00 -999.00 -999.00 -999.00
  C4498     255.12   38.92   -2.34   -1.26    1.24    1.04  3
     75.00    0.00   -2.30   -1.15    0.94    1.26
     29.00 -999.00 -999.00 -999.00 -999.00
  LWNBR     278.46   35.42   -0.66   -0.73    1.30    1.24  3
    373.00    0.00   -0.40   -0.37    1.48    1.21
     65.00    0.40   -1.16    0.79    0.80
  D0217     250.38   48.93   -0.37   -0.29    1.73    1.49  3
    109.00    0.00   -0.70   -0.50    1.56    1.63
     53.00 -999.00 -999.00 -999.00 -999.00
  E3545     257.17   44.09   -0.62   -0.74    1.75    1.71  3
     78.00    3.00   -1.10   -1.00    1.88    2.00
     31.00 -999.00 -999.00 -999.00 -999.00
  F0710     264.36   46.73    0.02   -0.48    1.95    2.00  3
     72.00   14.00    0.00   -0.50    2.22    2.37
     57.00   -1.50    0.85    1.56    1.93
  SNTHG     278.49   27.54   -0.13   -0.61    1.37    1.44  3
    375.00   50.00   -0.05   -0.68    1.85    1.91
     50.00 -999.00 -999.00 -999.00 -999.00
  D9564     248.57   48.94   -1.11   -1.16    1.80    1.51  3
    133.00   55.00   -1.55   -1.65    1.78    1.59
     38.00 -999.00 -999.00 -999.00 -999.00
  E5606     253.52   48.67    0.15    0.14    1.85    1.68  3
    213.00   12.00   -0.15    0.10    2.25    2.18
     39.00 -999.00 -999.00 -999.00 -999.00
  E9032     257.01   42.83   -1.40   -1.54    1.84    1.65  3
     62.00    9.00   -1.63   -1.80    2.32    2.08
     20.00 -999.00 -999.00 -999.00 -999.00
  AU964     254.05   39.60   -1.27   -0.93    1.44    1.51  3
     93.00    7.00   -1.48   -1.12    1.22    1.74
     42.00 -999.00 -999.00 -999.00 -999.00
  C3422     285.08   38.96    0.28   -0.24    1.29    1.35  3
    101.00    2.00    0.10   -0.40    1.48    1.78
     35.00 -999.00 -999.00 -999.00 -999.00
  E6000     259.25   41.13    1.07    0.89    1.61    1.49  3
    165.00    0.00    1.86    1.54    1.19    1.08
     28.00 -999.00 -999.00 -999.00 -999.00
  F3335     253.99   39.59   -0.87    0.08    1.58    1.50  3
    112.00    1.00   -1.00    0.37    1.78    1.75
     43.00 -999.00 -999.00 -999.00 -999.00
  E8519     250.99   26.36   -1.51   -0.36    1.22    0.95  3
     49.00    0.00   -1.40   -0.40    1.71    1.33
     24.00 -999.00 -999.00 -999.00 -999.00
  F0287     248.15   40.64   -1.50   -0.98    1.40    1.19  3
     82.00    0.00   -1.40   -1.27    1.33    0.94
     35.00 -999.00 -999.00 -999.00 -999.00
  C2059     259.21   46.90    1.14    1.09    1.65    1.62  3
     97.00   12.00    1.77    1.53    1.33    1.53
     27.00 -999.00 -999.00 -999.00 -999.00
  F1147     258.07   39.52   -1.47   -1.47    1.75    1.67  3
     87.00   14.00   -1.93   -0.98    1.54    3.11
     28.00 -999.00 -999.00 -999.00 -999.00
  CLRKN     242.92   46.39    0.04    0.53    1.55    1.38  3
    209.00    0.00    0.02    0.78    1.48    0.95
     36.00 -999.00 -999.00 -999.00 -999.00
  E3831  a  247.99   47.01   -1.12   -1.22    2.06    1.76  3
    123.00   64.00   -1.45   -1.52    2.30    2.15
     28.00 -999.00 -999.00 -999.00 -999.00
  F1153     252.06   44.03   -1.43   -1.23    1.90    1.50  3
     95.00   33.00   -1.60   -1.35    2.00    1.93
     26.00 -999.00 -999.00 -999.00 -999.00
  AU936      12.76   47.43    0.96    1.87    1.29    1.05  3
    335.00    1.00    1.18    1.97    1.75    1.41
     55.00 -999.00 -999.00 -999.00 -999.00
  E7745  a  288.56   42.46   -1.37   -1.74    1.58    1.64  3
    194.00   90.00   -2.11   -2.53    0.64    0.59
     32.00 -999.00 -999.00 -999.00 -999.00
  F3667     268.05   36.98   -1.68   -2.22    1.19    1.28  3
    135.00   73.00   -2.09   -2.32    0.98    1.67
     26.00 -999.00 -999.00 -999.00 -999.00
  AT119     237.45   47.15   -0.42    0.08    1.38    1.40  3
    256.00    2.00   -0.27    0.53    1.12    0.74
     37.00 -999.00 -999.00 -999.00 -999.00
  F3766     278.65   36.51   -0.33   -0.44    1.45    1.50  3
     81.00    1.00   -0.60   -0.85    2.03    1.85
     20.00 -999.00 -999.00 -999.00 -999.00
  F3795     282.90   42.61   -1.10   -1.26    1.45    1.39  3
     93.00    3.00   -1.20   -1.30    1.95    1.90
     34.00 -999.00 -999.00 -999.00 -999.00
  F3739     247.64   33.45    1.01    1.14    1.44    1.44  3
     80.00    0.00    1.17    1.47    0.59    0.59
     29.00 -999.00 -999.00 -999.00 -999.00
  A1465     287.40   42.61   -0.29   -0.32    1.62    1.53  3
     60.00    0.00   -0.85   -0.80    1.56    1.48
     60.00    1.25   -0.65    3.19    1.85
  A2410     246.11   45.18   -2.02   -1.84    1.35    1.04  3
     67.00    2.00   -1.90   -1.90    1.78    1.33
     65.00   -1.90   -1.85    2.15    1.41
  AN561     265.99   29.98    0.29   -0.02    1.11    1.13  3
     66.00   17.00    0.10   -0.30    0.59    0.59
     49.00 -999.00 -999.00 -999.00 -999.00
  AN857     243.19   46.40   -0.47    0.16    1.65    1.45  3
     62.00   10.00   -0.95   -0.20    1.33    1.19
     52.00 -999.00 -999.00 -999.00 -999.00
  AN859     243.97   46.21    0.08    0.41    1.48    1.31  3
     53.00    4.00    0.00    0.50    2.52    1.48
     49.00 -999.00 -999.00 -999.00 -999.00
  AT995  a  261.20   39.12   -0.34   -0.76    1.27    1.40  3
    161.00   53.00   -0.34   -0.66    1.72    1.94
     50.00 -999.00 -999.00 -999.00 -999.00
  AU713     280.89   33.95    2.46    1.70    1.20    1.16  2
     78.00   14.00    2.55    1.75    1.04    0.96
     14.00 -999.00 -999.00 -999.00 -999.00
  BYRNS     267.37   42.03    0.55    0.60    1.12    1.13  3
    453.00    0.00    1.26    0.73    1.84    1.29
     67.00    0.91   -0.01    1.20    1.25
  C7693      10.27   47.50   -2.74   -2.26    1.24    1.01  3
    110.00    4.00   -2.75   -2.35    1.11    1.11
     65.00   -3.08   -2.25    1.59    1.11
  C9085     239.35   38.07   -1.09   -0.73    1.19    1.04  3
    224.00    0.00   -1.22   -0.70    1.78    1.48
     68.00   -1.38   -1.03    1.75    1.58
  C9143     243.91   36.22    0.90    1.01    1.10    1.09  3
    200.00    9.00    1.13    1.07    1.20    1.11
     64.00    1.62    0.13    0.59    1.09
  C9999  a  278.21   24.55   -1.09   -1.32    1.14    1.14  3
    181.00  117.00   -1.25   -1.40    1.56    1.14
     28.00 -999.00 -999.00 -999.00 -999.00
  D0499       7.06   46.66   -2.54   -2.16    1.19    1.07  3
    164.00    6.00   -2.75   -2.18    1.05    1.11
     74.00   -3.50   -1.58    0.89    1.57
  D1894       6.63   44.91   -2.47   -1.70    1.23    1.27  3
    248.00   44.00   -2.28   -1.50    1.26    1.39
     68.00   -2.48   -1.77    1.27    1.14
  D3383     224.81   60.83   -0.06    0.13    1.16    1.07  3
     43.00    0.00    0.00    0.03    1.33    1.38
     27.00 -999.00 -999.00 -999.00 -999.00
  D4026  a  245.68   48.24    0.18    0.29    1.29    1.13  3
    162.00   78.00    0.15    0.38    1.56    1.30
     40.00 -999.00 -999.00 -999.00 -999.00
  D5495  a  245.54   51.03   -1.35   -1.05    1.23    1.34  3
    166.00  112.00   -1.67   -1.37    1.41    1.52
     24.00 -999.00 -999.00 -999.00 -999.00
  D6748  a  274.24   30.16    0.34   -0.05    1.45    1.45  3
    153.00  110.00    0.11   -0.29    1.56    1.67
     20.00 -999.00 -999.00 -999.00 -999.00
  D7385  a  255.66   38.95   -1.42   -1.04    1.21    1.20  3
    140.00   89.00   -1.65   -1.05    1.41    1.11
     30.00 -999.00 -999.00 -999.00 -999.00
  D7814  a  269.80   45.40   -0.86   -1.20    1.24    1.25  3
    171.00   15.00   -1.15   -1.20    1.48    1.56
     73.00   -1.75    0.20    0.74    1.19
  D8032  a  277.73   35.59   -2.67   -2.46    1.37    1.33  3
    206.00  155.00   -3.17   -3.01    0.65    0.46
     20.00 -999.00 -999.00 -999.00 -999.00
  D9630  a  238.47   43.72   -0.79   -0.41    1.26    1.34  3
    157.00   70.00   -1.00   -0.60    1.41    1.71
     43.00 -999.00 -999.00 -999.00 -999.00
  D9712     242.45   45.83   -1.38   -0.71    1.23    1.19  3
     96.00    8.00   -1.30   -0.67    1.52    1.43
     46.00 -999.00 -999.00 -999.00 -999.00
  E0420     288.13   42.37   -0.44   -0.68    1.14    1.13  3
    199.00    0.00   -0.93   -0.87    0.82    0.91
     72.00   -0.60   -1.07    0.99    0.69
  E1397     294.37   48.19   -0.14   -0.28    1.83    1.78  3
    283.00   31.00   -0.55   -0.48    2.13    2.05
     43.00 -999.00 -999.00 -999.00 -999.00
  E1922     240.63   39.37   -0.02    0.41    1.32    1.29  3
     88.00    1.00    0.18    0.64    1.48    1.36
     44.00 -999.00 -999.00 -999.00 -999.00
  E3038     357.50   54.30   -0.51   -0.11    2.44    2.40  3
    205.00  154.00   -0.70   -1.00    2.87    2.67
     19.00 -999.00 -999.00 -999.00 -999.00
  E4327      11.22   49.53    0.81    1.33    1.16    0.75  3
     41.00    0.00    0.90    1.45    1.11    0.78
     28.00 -999.00 -999.00 -999.00 -999.00
  E4689       5.84   49.57    0.46    0.45    1.29    1.19  3
    230.00   73.00    0.60    0.73    0.56    0.41
     41.00 -999.00 -999.00 -999.00 -999.00
  E5414       6.27   46.51   -2.54   -2.16    1.23    1.09  3
    166.00   39.00   -2.70   -2.28    1.11    1.12
     60.00   -3.28   -2.35    0.85    1.52
  E5845     243.06   34.27   -0.21    0.47    1.27    1.32  3
    240.00   17.00   -0.20    0.65    1.52    1.41
     63.00    0.86   -0.24    1.54    1.04
  E7354     248.18   40.63   -0.38    0.18    1.27    1.18  3
    124.00    0.00   -0.50   -0.03    1.06    1.26
     60.00   -0.77   -0.13    1.00    1.37
  E7655  a  252.80   33.26    0.78    0.58    1.24    1.14  3
    207.00   10.00    0.78    0.60    1.36    1.36
     76.00    0.03    1.23    1.15    1.09
  E7971     237.18   45.45    0.20    0.59    1.21    1.15  3
    204.00    0.00    0.20    0.63    1.19    1.33
     71.00    0.74    0.45    0.96    1.31
  F0310     255.14   38.81   -2.24   -1.17    1.42    1.37  3
     25.00    1.00   -2.13   -0.93    2.57    1.73
     13.00 -999.00 -999.00 -999.00 -999.00
  F0451     240.34   39.36   -1.10   -0.57    1.27    1.29  3
    113.00   45.00   -0.75   -0.30    0.67    0.89
     19.00 -999.00 -999.00 -999.00 -999.00
  F1524     284.08   42.13   -2.00   -2.18    1.27    1.17  3
    194.00   39.00   -2.20   -2.60    1.48    1.29
     66.00   -2.90   -0.95    0.94    1.48
  F1831       7.05   45.14   -2.92   -2.11    1.22    1.09  3
    160.00   23.00   -3.15   -2.35    1.11    1.19
     68.00   -3.60   -2.50    1.00    1.22
  F2135     278.98   35.55   -0.40   -0.59    1.16    1.26  3
    282.00    5.00   -0.47   -0.91    1.19    1.37
     50.00 -999.00 -999.00 -999.00 -999.00
  INDEC     236.79   44.85   -0.55   -0.38    1.57    1.51  3
    111.00    0.00    0.25    0.58    1.53    0.74
     22.00 -999.00 -999.00 -999.00 -999.00
  MDSNH  a  262.90   32.84    0.75    0.77    1.41    1.56  3
    533.00  380.00    0.99    0.89    1.19    1.65
     25.00 -999.00 -999.00 -999.00 -999.00
  MN016     265.07   45.71   -0.52   -0.77    1.18    1.11  3
    450.00  115.00   -0.50   -0.80    1.68    1.24
     57.00   -0.37   -0.88    1.10    1.73
  WCHTF     261.48   33.88   -0.42   -0.41    1.14    1.07  3
    466.00    0.00   -0.17   -0.05    0.77    0.67
     77.00   -1.67   -0.30    1.37    0.41
  AV225     238.26   37.28    1.04    1.23    1.26    1.28  3
    142.00    7.00    1.25    1.43    0.96    0.89
     25.00 -999.00 -999.00 -999.00 -999.00
  E5697  a  237.59   41.40   -0.91   -0.75    1.49    1.46  3
     56.00   16.00   -1.45   -1.05    1.26    1.56
     23.00 -999.00 -999.00 -999.00 -999.00
  SHLLN     284.04   40.31   -1.56   -1.60    1.19    1.13  3
    244.00    0.00   -2.10   -1.21    0.93    1.75
     44.00 -999.00 -999.00 -999.00 -999.00
  E0844      12.59   47.96   -1.53   -1.06    1.20    0.81  3
     79.00    0.00   -1.55   -1.10    1.22    0.89
     60.00   -2.45   -1.00    0.96    1.48
  E3259     272.66   35.14    0.08   -0.47    1.21    1.15  3
    210.00    0.00   -0.55   -1.05    0.89    0.82
     55.00 -999.00 -999.00 -999.00 -999.00
  D5963  a  255.86   47.95    1.00    0.94    1.25    1.05  3
     74.00    6.00    0.80    0.90    1.63    1.48
     37.00 -999.00 -999.00 -999.00 -999.00
  E9506     254.55   44.28   -0.46   -0.62    2.21    2.13  3
    112.00   57.00    0.00    0.07    2.56    2.53
     22.00 -999.00 -999.00 -999.00 -999.00
  GGWWR     255.25   48.98   -1.02   -1.02    1.16    1.05  3
     19.00    0.00   -0.95   -1.05    1.48    1.19
     18.00 -999.00 -999.00 -999.00 -999.00
  MSKDG     273.89   43.25    0.12    0.13    1.35    1.64  3
     91.00    0.00   -0.31   -0.11    1.74    2.42
     18.00 -999.00 -999.00 -999.00 -999.00
  AN045     241.58   37.37    0.23    0.57    1.28    1.33  3
     53.00   13.00    0.50    0.75    1.33    1.41
     40.00 -999.00 -999.00 -999.00 -999.00
  AS836     240.44   49.85   -0.20    0.02    1.13    0.93  3
    239.00    0.00   -0.13    0.10    1.14    0.99
     79.00   -1.03    0.50    0.82    0.94
  C5091  a  240.23   39.17    1.38    2.09    1.86    1.80  3
    243.00  193.00    1.97    2.75    1.37    1.19
     26.00 -999.00 -999.00 -999.00 -999.00
  D4200     274.31   39.60   -2.32   -2.65    1.17    1.08  3
    167.00   79.00   -2.80   -3.20    0.82    0.74
     43.00 -999.00 -999.00 -999.00 -999.00
  D5735     240.64   50.23   -0.58   -0.39    1.13    0.91  3
    147.00    0.00   -0.60   -0.45    1.11    0.89
     76.00   -1.20    0.08    1.37    1.19
  D5963     255.86   47.95   -0.87   -0.63    1.22    1.17  3
     87.00    2.00   -1.00   -0.55    1.11    1.04
     47.00 -999.00 -999.00 -999.00 -999.00
  D7759     238.73   46.02   -1.39   -0.80    1.15    0.97  3
    250.00    0.00   -1.55   -0.80    1.32    0.99
     74.00   -2.35   -0.46    0.84    1.16
  E0681     237.11   41.46    0.49    0.83    1.26    1.22  3
    403.00   84.00    1.18    0.63    1.61    1.36
     55.00 -999.00 -999.00 -999.00 -999.00
  E1392     239.36   47.81   -1.50   -0.95    1.23    1.12  3
    163.00    1.00   -1.55   -0.95    1.30    1.04
     78.00   -2.45   -0.67    1.15    1.19
  E1633     238.88   45.75   -0.97   -0.22    1.29    1.11  3
    146.00    0.00   -1.02   -0.15    1.16    1.11
     76.00   -1.88    0.45    1.15    0.96
  E2349  a  254.62   48.52   -1.16   -1.07    1.24    0.92  3
    131.00   28.00   -1.20   -1.20    1.41    1.19
     51.00 -999.00 -999.00 -999.00 -999.00
  E3283  a  263.49   43.71   -1.03   -1.33    1.23    1.14  3
    105.00    5.00   -1.33   -1.53    1.19    1.01
     56.00   -2.00   -0.87    0.74    1.43
  E3317     253.17   43.86   -2.26   -1.90    1.63    1.55  3
    106.00   73.00   -2.50   -2.00    2.15    3.71
     17.00 -999.00 -999.00 -999.00 -999.00
  E3811     288.80   44.21    1.23    0.76    1.25    1.06  3
    154.00    0.00    1.10    0.65    1.38    0.96
     75.00    0.50    2.20    0.89    1.78
  E5404     264.67   30.08    0.27   -0.05    1.17    1.29  3
     88.00    5.00    0.22   -0.16    1.33    1.48
     32.00 -999.00 -999.00 -999.00 -999.00
  E7481  a  243.51   47.18   -0.22   -0.09    1.26    1.27  3
    156.00   32.00   -0.28    0.12    1.59    1.33
     62.00   -0.92    0.58    1.85    0.70
  STTDP     237.69   47.65    0.11    0.48    1.10    1.06  3
    537.00    2.00   -0.03    0.39    1.00    0.91
     77.00    0.86   -0.69    1.13    0.79
  WGNTV     272.31   41.95   -0.20   -0.49    1.15    1.09  3
    512.00    0.00   -0.30   -0.74    1.44    1.39
     76.00    0.96   -1.44    0.53    0.47
  E3090     274.63   40.29   -2.32   -2.56    1.25    1.18  3
    153.00   65.00   -2.73   -3.00    1.19    1.04
     43.00 -999.00 -999.00 -999.00 -999.00
  F1684     245.86   46.24   -2.38   -2.27    1.17    1.01  3
     72.00   16.00   -2.20   -1.80    1.33    1.19
     33.00 -999.00 -999.00 -999.00 -999.00
  GGWFV     255.95   47.86   -1.15   -1.05    1.22    1.01  3
     32.00    1.00   -1.10   -1.10    1.19    0.74
     31.00 -999.00 -999.00 -999.00 -999.00
  E4023  a  246.44   37.09   -1.09   -0.92    2.58    2.75  3
     77.00   34.00   -2.42   -2.39    1.74    4.10
     16.00 -999.00 -999.00 -999.00 -999.00
