  AROP4     293.30   18.48    2.11    2.18    0.44    0.23  0
    160.00   15.00    2.20    2.20    0.44    0.21
     76.00    2.22    2.32    0.59    0.26
  CGDX      288.80   46.80    2.22    2.16    0.61    0.32  0
     77.00   12.00    2.30    2.20    0.44    0.30
     65.00    2.25    2.40    0.52    0.44
  DISW3     269.27   47.08   -1.68   -2.10    0.51    0.29  0
     78.00    3.00   -1.70   -2.10    0.59    0.30
     75.00   -1.55   -1.80    0.44    0.44
  FBIS1     280.11   32.68    1.62    1.05    0.36    0.14  0
     78.00    0.00    1.60    1.00    0.44    0.07
     78.00    1.50    1.70    0.37    0.44
  GDXM6     271.58   30.36    1.58    1.22    0.51    0.39  0
    225.00    4.00    1.60    1.25    0.59    0.37
     74.00    1.40    1.80    0.44    0.52
  GTXF1     278.78   29.66    1.83    1.49    0.52    0.53  0
    387.00   97.00    1.90    1.40    0.59    0.59
     65.00    2.15    1.50    0.37    0.59
  LAMV3     295.28   18.32    1.51    1.33    0.37    0.16  0
    160.00    0.00    1.50    1.33    0.37    0.19
     78.00    1.55    1.50    0.37    0.37
  PACF1     274.33   30.15    1.45    1.02    0.37    0.13  0
   1042.00    7.00    1.44    1.04    0.29    0.10
     77.00    1.52    1.37    0.32    0.20
  SBPT2     266.13   29.73    1.77    1.53    0.42    0.19  0
    145.00    4.00    1.77    1.55    0.41    0.15
     76.00    1.80    1.95    0.26    0.37
  SWLA2     210.57   60.12   -1.71   -1.74    0.69    0.44  0
    221.00   15.00   -1.78   -1.70    0.67    0.44
     74.00   -1.42   -1.63    1.14    0.69
  VDZA2     213.64   61.13   -1.49   -1.39    0.76    0.50  0
    211.00   17.00   -1.40   -1.27    0.79    0.44
     68.00   -1.19   -1.40    0.52    0.96
  WTEF      235.40   44.90   -1.47   -1.50    0.97    0.78  0
     83.00    2.00   -1.65   -1.80    0.96    0.59
     70.00   -1.50   -1.85    1.04    0.82
  APXF1     275.12   29.79    1.57    1.07    0.61    0.39  0
    165.00    0.00    1.50    1.00    0.44    0.44
     55.00 -999.00 -999.00 -999.00 -999.00
  LKWF1     279.97   26.61    1.31    1.14    0.38    0.11  0
    860.00    0.00    1.32    1.14    0.39    0.11
     77.00    1.35    1.25    0.49    0.35
  SKTA2     224.67   59.45   -1.46   -1.27    0.84    0.73  0
    146.00   16.00   -1.50   -1.50    0.89    0.74
     69.00   -1.48   -1.55    0.70    0.89
