  01317       5.33   60.38   -2.66   -2.13    0.45    0.32  0
  06456       4.65   50.23    1.91    2.10    0.38    0.16  0
  06458       4.76   50.75    1.95    2.13    0.35    0.15  0
  06654       8.05   46.19   -2.06   -1.59    0.61    0.42  0
  06672       8.62   46.88   -1.70   -1.47    0.99    0.87  0
  06799      10.26   46.81    2.14    2.86    0.38    0.39  0
  07053       2.02   49.08    1.50    1.74    0.33    0.18  0
  07230     359.43   47.50    1.49    1.58    0.32    0.16  0
  16059       7.65   45.22   -2.34   -1.71    0.63    0.31  0
  16066       8.73   45.62   -2.30   -1.71    0.59    0.18  0
  16111       8.19   44.24    2.84    3.42    0.70    0.70  0
  71020     236.25   61.25   -1.92   -1.71    0.94    0.66  0
  71181     304.68   47.13   -1.96   -1.79    0.57    0.32  0
  71321     291.45   63.75    1.55    1.56    0.56    0.37  0
  71379     287.45   48.83   -1.52   -1.46    0.61    0.29  0
  71421     296.72   51.86    1.65    1.63    0.57    0.43  0
  71645     239.93   51.67   -2.11   -2.12    1.17    0.66  0
  71750     273.71   48.58    1.68    1.61    0.54    0.26  0
  71769     235.84   49.35   -1.33   -1.19    0.45    0.21  0
  71877     245.99   51.11   -1.45   -1.29    0.52    0.28  0
  72235     269.92   32.32    1.72    1.38    0.49    0.19  0
  72274     249.05   32.22   -3.39   -3.58    0.39    0.22  0
  72312     277.78   34.90    1.70    1.54    0.45    0.19  0
  72314     279.07   35.22    2.17    1.88    0.48    0.18  0
  72327     273.45   36.23   -3.18   -3.98    0.39    0.18  0
  72386     244.83   36.08    2.32    2.44    0.50    0.23  0
  72464     255.48   38.28    1.75    2.53    0.60    0.36  0
  72476     251.47   39.11    1.70    2.16    0.84    0.50  0
  72494     237.62   37.61   -2.76   -2.60    0.44    0.21  0
  72524     278.13   41.42    1.87    1.97    0.46    0.20  0
  72565     255.33   39.86    1.36    1.86    0.53    0.24  0
  72570     252.47   40.50    2.26    2.65    0.65    0.36  0
  72785     242.47   47.63   -1.45   -1.42    0.54    0.24  0
  76640     262.59   20.95    1.98    1.54    1.01    0.87  0
  76683     261.77   19.32    3.10    2.68    0.52    0.37  0
  76687     263.10   19.50   -1.57   -1.93    0.44    0.31  0
  76775     263.30   17.07    2.24    2.05    0.63    0.55  0
  78526     294.01   18.43   -1.61   -1.73    0.35    0.18  0
  78858     297.29   17.30    2.55    2.51    0.36    0.15  0
  80063     284.16    8.82    1.72    1.48    0.72    0.40  0
  76634     261.65   20.07    1.90    1.48    0.34    0.36  0
  76161     248.95   29.10   -1.53   -0.69    0.60    0.28  0
  16060       7.61   45.13    1.77    2.53    0.59    0.25  0
  71243     247.24   49.69    1.43    1.53    0.68    0.27  0
  71387     288.97   48.88   -1.40   -1.42    0.61    0.32  0
  78224     277.60   22.98    1.98    1.76    0.55    0.38  0
  70273     209.98   61.17   -1.36   -1.08    0.47    0.17  0
  72407     285.44   39.45   -1.44   -1.97    0.42    0.19  0
