  AP838  a  261.48   29.69    1.71    1.63    0.72    0.73  0
    220.00    9.00    1.74    2.01    0.58    0.74
     75.00    1.62    1.72    0.95    0.42
  AR328     288.51   43.70    1.67    1.58    0.67    0.58  0
    226.00    1.00    1.60    1.60    0.62    0.67
     76.00    1.39    1.67    0.58    1.20
  AS869     280.91   39.99    1.47    1.52    0.63    0.64  0
    285.00    2.00    1.41    1.47    0.49    0.60
     69.00    1.65    1.45    0.82    0.50
  C8783       9.90   46.17    1.97    2.03    0.68    0.65  0
     76.00   16.00    1.94    1.99    0.79    0.77
     60.00    2.08    1.71    0.60    0.80
  C9451      10.05   51.74    1.68    1.61    0.79    0.57  0
    125.00    2.00    1.67    1.68    0.76    0.44
     72.00    1.41    1.91    0.54    0.66
  D0742     243.62   33.70    1.86    1.89    0.65    0.60  0
    181.00   15.00    1.82    1.90    0.58    0.45
     72.00    1.90    1.67    0.49    0.52
  D2386     235.60   50.49    1.75    1.73    0.85    0.83  0
    158.00   24.00    1.86    1.74    0.90    0.88
     67.00    1.37    2.21    0.91    0.88
  D3724       8.19   46.73    2.00    1.85    0.72    0.74  0
    469.00   55.00    1.98    1.76    0.77    0.86
     73.00    2.19    1.69    0.59    0.74
  D6006  a  237.61   45.53   -1.68   -2.09    0.70    0.61  0
    208.00   14.00   -1.64   -2.07    0.73    0.66
     67.00   -1.72   -1.71    0.82    0.85
  D6236       1.37   51.97   -1.62   -1.87    0.45    0.38  0
    217.00    0.00   -1.64   -1.83    0.44    0.43
     73.00   -1.63   -1.74    0.33    0.40
  D7306     277.54    8.76   -1.94   -1.97    0.65    0.64  0
    228.00   70.00   -1.79   -1.82    0.56    0.64
     57.00   -1.77   -1.98    0.60    0.76
  D7457     241.16   34.22    1.97    1.90    0.92    0.92  0
    164.00   42.00    1.94    1.89    0.81    0.98
     57.00    1.89    2.17    0.72    0.80
  D9227       7.77   45.60    1.55    1.26    0.92    1.00  0
    169.00    7.00    1.65    1.35    1.02    0.87
     75.00    1.65    1.49    0.94    1.00
  D9310     271.66   44.24   -1.73   -2.02    0.91    0.60  0
    286.00   55.00   -1.68   -1.97    0.82    0.72
     61.00   -2.09   -1.43    1.32    1.06
  E4531     237.69   37.93    2.00    1.94    0.71    0.72  0
    166.00   23.00    2.07    1.88    0.85    0.86
     67.00    2.26    1.76    0.75    0.81
  E5836       7.79   45.43    1.53    1.23    0.70    0.69  0
    298.00    4.00    1.48    1.19    0.69    0.65
     76.00    1.71    1.40    0.73    0.59
  E6079     237.95   38.27    1.92    1.75    0.88    0.50  0
    433.00   32.00    2.02    1.81    0.81    0.47
     70.00    1.95    1.85    0.97    0.62
  E6246     293.38   18.19    1.70    1.70    0.51    0.54  0
    444.00   13.00    1.71    1.73    0.52    0.51
     75.00    1.78    1.71    0.56    0.27
  E6708      10.25   45.93    1.48    1.47    0.78    0.73  0
    475.00   11.00    2.27    1.45    0.98    0.78
     77.00    1.71    1.24    0.72    0.94
  E7026     210.27   61.10    2.06    2.15    0.75    0.60  0
    177.00   29.00    2.02    2.13    0.88    0.71
     69.00    1.93    2.22    0.91    0.62
  E7991     276.14   33.76    2.12    2.12    0.54    0.58  0
    433.00   21.00    2.12    2.09    0.55    0.61
     73.00    2.10    2.21    0.56    1.01
  E8074  a  240.76   50.93    1.90    1.89    0.76    0.71  0
    439.00   40.00    2.03    2.00    0.78    0.79
     72.00    1.96    1.76    0.89    0.98
  E8832     265.74   36.16    2.10    2.06    0.77    0.78  0
    202.00   60.00    2.20    2.22    0.52    0.52
     56.00    2.24    2.13    0.38    0.66
  E9186     261.40   29.50    2.24    2.14    0.71    0.68  0
    182.00   40.00    2.43    2.24    0.76    0.73
     61.00    2.30    2.44    1.00    0.60
  E9408     275.49   34.02    2.07    2.09    0.64    0.66  0
    203.00   14.00    2.20    2.25    0.68    0.68
     74.00    2.22    2.30    0.71    0.69
  E9753  a  280.01   37.33    1.87    1.96    0.86    0.86  0
    467.00  141.00    1.98    2.44    0.73    0.73
     59.00    1.90    2.12    0.65    0.83
  E9845     261.50   31.20    1.75    1.75    0.85    0.84  0
    180.00   26.00    1.84    1.85    0.82    0.76
     71.00    1.40    1.98    0.92    1.02
  F0100     275.29   33.36    2.05    2.16    0.59    0.62  0
    204.00   21.00    2.09    2.26    0.57    0.69
     76.00    2.36    2.19    0.55    0.50
  F0155     358.90   52.93    1.69    1.53    0.78    0.73  0
    207.00    1.00    1.67    1.68    0.80    0.74
     68.00    1.94    1.60    0.77    0.59
  F1111     240.57   48.99    1.71    1.69    0.66    0.66  0
    174.00    8.00    1.74    2.15    0.70    0.75
     77.00    1.75    1.75    0.55    0.58
  F1740     237.52   45.16   -1.61   -2.02    0.94    0.76  0
    138.00   14.00   -1.72   -2.16    0.94    0.68
     65.00   -1.73   -1.12    1.13    1.30
  F1740  a  237.52   45.16   -1.65   -2.06    0.94    0.77  0
    367.00   40.00   -1.92   -2.18    1.00    0.67
     67.00   -2.15   -1.34    1.14    1.01
  F2462     279.81   36.37    1.73    1.86    0.86    0.84  0
    478.00   59.00    1.89    2.14    0.86    0.62
     70.00    2.14    1.50    0.55    0.62
  F2475     273.48   41.11   -2.10   -2.19    0.62    0.60  0
    184.00   35.00   -2.03   -2.19    0.79    0.75
     60.00   -2.27   -1.86    0.71    0.65
  F2495      12.00   45.00   -1.75   -2.14    0.60    0.61  0
    233.00   46.00   -1.83   -2.10    0.52    0.64
     63.00   -1.82   -1.91    0.54    0.65
  F3232     266.36   36.64    1.69    1.76    0.67    0.71  0
    203.00   10.00    1.84    1.85    0.55    0.55
     76.00    1.80    1.54    0.57    0.58
  KFRH      273.36   38.51   -1.85   -2.28    0.56    0.50  0
    150.00    4.00   -1.91   -2.37    0.42    0.33
     73.00   -2.02   -1.69    0.46    0.44
  KKHKS     200.28   21.97    1.50    1.44    1.03    1.07  0
    507.00  192.00    1.39    1.95    1.31    1.46
     50.00 -999.00 -999.00 -999.00 -999.00
  SCLRS     278.99   35.84    1.56    1.54    0.92    0.87  0
    338.00    0.00    1.82    1.68    0.97    1.11
     67.00    1.85    2.01    1.24    0.58
  SMCA2     210.26   61.02    2.27    2.28    0.79    0.75  0
     77.00   20.00    2.38    2.50    0.43    0.63
     57.00    2.45    2.34    0.50    0.34
  E0876  a  241.03   50.24    1.62    1.51    0.84    0.79  0
    165.00   10.00    1.58    1.55    0.90    0.80
     67.00    1.58    1.57    0.80    1.26
  AP525     237.76   40.44    1.52    1.48    0.70    0.74  0
    281.00    3.00    1.42    1.42    0.87    0.95
     77.00    1.64    1.10    0.70    0.96
  C8374     356.99   53.35   -1.77   -2.08    0.93    0.80  0
    341.00    3.00   -2.01   -2.35    0.68    0.64
     76.00   -2.01   -1.96    0.72    0.63
  D1894       6.63   44.91    2.22    1.89    1.08    0.95  0
    248.00   47.00    2.34    2.12    1.08    0.83
     69.00    2.63    2.11    1.05    0.78
  E3716     263.25   43.49    1.52    1.49    0.78    0.77  0
    252.00   25.00    1.46    1.54    0.90    0.71
     63.00    1.77    1.41    0.76    1.02
  E7678     240.64   50.86    1.56    1.54    0.86    0.80  0
    196.00    7.00    1.59    1.51    0.84    0.88
     78.00    1.51    1.99    0.84    1.18
  E8371     285.07   42.69    1.57    1.61    0.98    1.06  0
    153.00   33.00    2.10    2.20    0.95    1.04
     64.00    1.97    1.83    0.78    1.30
  E8952     277.10   39.90    1.57    1.72    0.72    0.78  0
    208.00   15.00    1.71    1.81    0.64    0.68
     73.00    1.89    1.65    0.44    0.56
  E9158     262.06   36.41    1.72    1.88    1.15    1.14  0
    462.00  130.00    2.89    2.08    1.51    0.69
     59.00    1.92    1.68    0.62    1.29
  E9592     274.60   38.32    1.53    1.64    0.78    0.80  0
    198.00    7.00    1.65    1.82    0.68    0.73
     76.00    1.77    1.58    0.61    0.77
  E9998     285.35   42.15    1.71    1.76    1.05    1.07  0
    179.00   35.00    1.86    1.93    0.82    0.89
     64.00    1.99    2.43    0.65    1.01
  F0225      13.59   46.05    1.48    1.33    0.73    0.70  0
    427.00    1.00    1.49    1.32    0.62    0.52
     78.00    1.51    1.27    0.46    0.95
  F1801     283.97   42.04    1.48    1.50    1.01    1.06  0
    160.00   14.00    1.64    1.69    0.90    0.96
     73.00    1.91    1.47    0.75    1.18
  KHSR      256.61   43.37    1.53    1.54    0.85    0.83  0
    136.00   15.00    1.65    2.05    0.65    0.79
     65.00    1.80    1.58    0.66    0.93
  SDMRO  a  242.77   33.96    2.09    2.09    0.84    0.77  0
     75.00   15.00    2.52    2.58    0.85    0.78
     60.00    2.00    2.24    0.62    0.93
  SNDS1  a  267.54   46.06    1.53    1.62    0.99    1.03  0
    516.00   22.00    1.67    1.70    0.91    1.31
     75.00    1.33    2.04    1.02    1.00
  CLCMP     284.15   44.03    1.50    1.50    0.77    0.80  0
    486.00    1.00    1.58    1.64    0.80    0.90
     72.00    1.58    1.83    0.89    0.77
  E3090     274.63   40.29    1.51    1.62    0.76    0.81  0
    153.00    6.00    1.55    1.71    0.69    0.79
     68.00    1.74    1.55    0.80    0.75
  F2842  a  208.76   59.75    1.56    1.68    0.74    0.72  0
    369.00   15.00    1.55    1.64    0.76    0.80
     59.00    1.78    1.19    0.93    0.71
  AT590      11.70   45.71    1.44    1.30    0.75    0.66  0
    359.00    9.00    1.54    1.43    0.86    0.71
     68.00    1.66    1.21    0.93    0.54
  D2187     276.05   43.43    2.19    2.01    0.86    0.75  0
    478.00  190.00    2.26    1.92    1.09    0.92
     52.00 -999.00 -999.00 -999.00 -999.00
  D2809     240.73   52.83    1.55    1.53    0.90    0.85  0
    160.00   18.00    1.57    1.53    0.89    0.92
     65.00    1.51    1.66    0.91    1.11
  D6083     277.92   34.15    1.46    1.51    0.69    0.69  0
    199.00    1.00    1.54    1.63    0.71    0.74
     76.00    1.73    1.49    0.57    0.60
  D7260       7.60   45.42    1.42    1.09    0.93    0.94  0
    287.00    4.00    1.24    1.02    0.97    1.06
     78.00    1.40    1.05    1.23    0.85
  D8389       6.58   61.07    1.49    1.59    0.88    0.81  0
    170.00    2.00    1.42    1.69    0.87    0.75
     77.00    1.78    1.21    1.09    0.81
  E3359       7.54   46.30    1.48    1.30    0.90    0.95  0
    203.00   16.00    1.45    1.29    1.02    0.86
     72.00    1.59    1.38    1.03    1.02
  E8833  a  254.73   40.15    1.41    1.14    0.63    0.55  0
    370.00    0.00    1.42    1.14    0.61    0.46
     78.00    1.38    1.42    0.67    0.68
  F1216     265.27   36.59    1.46    1.55    0.56    0.57  0
    484.00    5.00    1.51    1.57    0.49    0.56
     79.00    1.51    1.77    0.52    0.44
  F1515     284.48   42.53    1.44    1.49    0.88    0.98  0
    214.00   20.00    1.98    1.74    0.90    0.96
     66.00    1.98    1.76    0.72    0.94
  F1642     248.91   45.77    1.57    1.66    0.87    0.91  0
    462.00   43.00    1.58    1.71    0.67    0.71
     74.00    1.48    1.52    0.61    1.05
  HRVRD     288.42   42.50    1.45    1.37    0.64    0.70  0
    445.00    0.00    1.43    1.39    0.58    0.71
     72.00    1.36    1.51    0.38    0.75
  NDIA2     225.44   58.34    1.40    1.29    0.74    0.84  0
     73.00    1.00    1.46    1.51    0.73    0.68
     72.00    1.47    0.94    0.48    1.16
  VWSA2     213.65   61.13    1.41    1.38    0.97    0.98  0
     71.00    6.00    1.69    1.68    0.80    0.78
     65.00    1.68    1.84    0.67    0.59
  WNT14     278.60   28.44    1.40    1.25    0.43    0.38  0
    466.00    0.00    1.40    1.30    0.49    0.44
     78.00    1.31    1.59    0.41    0.36
  BLMNT     281.97   42.22    1.44    1.40    0.47    0.44  0
    424.00    0.00    1.48    1.40    0.37    0.36
     64.00    1.47    1.58    0.36    0.30
