  AS414     242.83   32.68    1.01    0.68    1.25    1.19  3
    352.00   18.00    1.18    0.76    1.42    1.35
     74.00    1.08    1.04    1.30    1.62
  AS725  a  237.68   38.33   -0.17   -0.22    1.68    1.58  3
    320.00   50.00   -0.39   -0.59    2.04    2.00
     69.00   -0.74   -0.39    1.51    2.75
  AT868     273.72   43.15   -0.57   -0.55    1.47    1.39  3
    252.00   21.00   -0.32   -0.13    1.79    1.47
     71.00   -0.57   -0.26    2.02    1.64
  AU014     271.27   43.23   -0.98   -0.81    1.36    1.36  3
    103.00    2.00   -0.99   -1.00    2.11    1.96
     63.00   -1.15   -1.22    1.98    1.99
  AU666       6.87   52.19    0.32    0.08    1.16    1.12  3
    151.00   18.00    0.02   -0.26    0.79    0.62
     67.00    1.11   -0.11    1.50    0.44
  AU843  a  277.69   40.65   -0.32   -0.37    1.30    1.29  3
    268.00   16.00    0.08   -0.19    1.50    1.67
     72.00    0.24    0.10    1.46    1.55
  AU913       7.00   58.02    1.07    0.98    1.38    1.21  3
    488.00  104.00    1.15    1.02    1.55    1.29
     62.00    0.56    1.62    1.28    0.80
  C6012     264.29   29.95    0.57    0.08    1.46    1.29  3
    468.00  129.00    0.85    0.47    1.15    0.63
     57.00    0.84    0.77    0.74    1.97
  C7644     357.75   57.46   -0.74   -0.54    1.50    1.36  3
    458.00  168.00   -0.83   -0.57    2.08    2.03
     51.00 -999.00 -999.00 -999.00 -999.00
  C7720     256.17   36.76   -2.53   -2.58    0.37    0.28  2
    239.00  207.00   -2.47   -2.46    0.30    0.10
      9.00 -999.00 -999.00 -999.00 -999.00
  CHSPC     269.50   38.67   -0.27   -0.40    1.16    1.00  3
    374.00    0.00   -0.27   -0.35    1.26    1.09
     64.00   -0.38   -0.22    1.42    1.20
  D0664     263.65   30.63   -0.45   -0.57    1.22    1.14  3
    296.00  134.00   -0.12   -0.22    1.14    1.11
     50.00 -999.00 -999.00 -999.00 -999.00
  D1029     271.23   17.25   -0.59   -0.75    1.32    1.17  3
    198.00   49.00   -0.61   -0.76    1.57    1.38
     60.00   -0.60   -0.61    1.65    1.30
  D2633     285.85   43.12   -0.31   -0.37    1.36    1.33  3
    155.00    0.00   -0.03   -0.03    1.72    1.56
     77.00    0.33   -0.25    1.68    1.62
  D2690     237.86   47.82   -0.69   -0.75    1.37    1.28  3
    460.00  118.00   -0.22   -0.56    1.51    1.54
     59.00   -0.18   -0.64    1.14    2.16
  D3085  a  263.17   40.76   -0.25   -0.36    1.39    1.31  3
    510.00  125.00   -0.33   -0.57    1.66    1.67
     57.00    1.31   -0.89    1.45    1.68
  D3123     359.61   50.94   -0.37   -0.47    1.50    1.39  3
    295.00   19.00   -0.38    0.28    1.66    1.78
     66.00   -0.48   -0.22    1.58    1.62
  D3152      10.52   59.72    1.28    0.91    1.11    1.08  3
    380.00  118.00    1.55    1.18    0.68    0.58
     52.00 -999.00 -999.00 -999.00 -999.00
  D5690     262.02   29.38   -0.18   -0.27    1.31    1.22  3
    215.00   34.00   -0.24   -0.23    0.76    0.85
     60.00   -0.04   -0.57    0.80    2.87
  D9009  a  274.55   32.58    0.08   -0.67    1.39    1.14  3
    120.00    9.00    0.36   -0.40    1.61    1.31
     55.00 -999.00 -999.00 -999.00 -999.00
  D9112     278.05   29.67   -0.80   -0.99    1.37    1.13  3
    168.00   43.00   -0.70   -0.41    2.03    1.14
     59.00   -1.76    0.15    1.02    0.97
  D9920  a  277.56   37.21   -1.35   -1.40    1.49    1.48  3
    356.00   75.00   -1.82   -1.81    1.53    1.85
     64.00   -1.78   -2.31    1.80    1.39
  E1016     277.70   29.81   -0.11   -0.37    1.28    1.03  3
    181.00   48.00    0.40    0.12    0.74    0.55
     59.00   -0.16    0.40    1.72    0.56
  E1221     283.96   36.63   -0.17   -0.22    1.41    1.31  3
    309.00   68.00   -0.09   -0.11    1.81    1.64
     62.00   -0.12   -0.17    1.83    2.12
  E2015  a  276.40   39.21    0.14    0.21    1.16    1.13  3
    527.00  119.00   -0.05   -0.04    0.95    1.06
     60.00   -0.23    0.12    1.26    0.91
  E2332     239.51   34.60    0.19    0.08    1.61    1.79  3
    431.00  103.00    0.35    0.44    2.15    2.27
     60.00   -0.13    0.91    1.68    1.78
  E3527     277.58   29.73   -0.92   -1.11    1.43    1.14  3
    159.00   15.00   -0.63   -0.85    1.90    1.30
     70.00    0.62   -0.08    2.88    1.24
  E4540     268.83   38.79   -0.43   -0.49    1.55    1.41  3
    165.00   16.00   -0.89   -0.87    1.27    1.18
     68.00   -0.89   -0.94    1.94    1.60
  E5550      10.92   50.84   -0.81   -0.79    1.66    1.61  3
    217.00    8.00   -1.08   -1.05    2.30    2.41
     65.00    0.86   -2.26    0.61    0.88
  E6051     355.77   53.07   -0.32   -0.59    1.35    1.24  3
    162.00    7.00   -0.13   -0.43    1.35    1.38
     74.00    0.09   -0.36    1.28    1.55
  E6485     255.32   39.02    0.86    0.45    1.19    1.19  3
    366.00   52.00    1.03    0.65    1.09    1.05
     66.00    0.56    1.37    1.01    0.71
  E8769  a  288.10   45.90    1.89    1.65    1.21    1.19  3
    202.00   79.00    2.02    1.83    1.33    1.19
     49.00 -999.00 -999.00 -999.00 -999.00
  E9019     272.36   44.12   -0.50   -0.77    1.36    1.47  3
    229.00   71.00   -0.15   -0.32    1.76    1.49
     55.00 -999.00 -999.00 -999.00 -999.00
  F0115     246.63   53.92    0.47    0.42    1.44    1.30  3
    180.00   48.00    0.20    0.20    1.50    1.98
     56.00    0.30   -0.04    1.82    0.95
  F0391       6.30   45.36    0.91    0.31    1.22    1.14  3
    510.00   21.00    0.91    0.40    1.18    1.11
     72.00    1.31    0.80    1.33    1.44
  F1332     271.18   42.41    0.94    1.09    1.22    1.28  3
    174.00   19.00    0.97    1.19    1.12    1.37
     70.00    0.81    1.47    0.78    1.12
  GHG40     204.42   19.54    0.15    0.18    1.51    1.46  3
    521.00   82.00    0.29    0.35    1.65    1.43
     65.00    0.17    0.32    1.56    2.11
  KTUA2  a  210.13   61.18    0.55    0.59    1.31    1.30  3
    533.00   55.00    0.29    0.22    1.52    1.45
     73.00    0.37   -0.15    2.07    1.25
  MHPA2     227.06   56.70   -0.85   -0.76    1.39    1.38  3
    513.00   33.00   -0.51   -0.37    1.66    1.85
     71.00   -1.12    0.13    1.62    1.19
  NWSYC  a  241.03   34.17    0.95    1.02    1.25    1.22  3
    463.00   17.00    0.88    1.01    1.21    1.32
     70.00    0.64    1.06    1.35    1.38
  PLSHG     272.24   41.66    0.18    0.25    1.28    1.23  3
    490.00   10.00    0.50    0.60    1.02    1.01
     74.00    0.27    0.82    0.71    0.89
  SCBSA     348.82   39.77   -0.05   -0.04    1.59    1.59  3
    534.00   49.00    0.09    0.10    2.00    1.95
     71.00    0.69   -0.03    1.00    2.59
  TINDX     238.43   47.81    0.00   -0.09    1.48    1.33  3
    226.00    3.00   -0.23   -0.36    1.42    1.17
     77.00   -0.31    0.16    1.68    1.77
  WITIT     272.04   43.18    0.39    0.54    1.18    1.13  3
    428.00    1.00    0.76    0.84    1.01    0.89
     62.00    0.42    0.66    1.15    1.14
  D1743       1.95   49.92   -0.18   -0.19    1.37    1.29  3
    290.00   33.00    0.25    0.16    1.20    0.81
     65.00    0.33   -0.60    0.89    1.67
  AV201     242.29   33.59   -1.28   -1.59    1.34    1.38  3
    448.00  158.00   -1.64   -2.08    1.00    1.06
     56.00   -1.87   -1.21    1.15    0.98
  AS591     278.11   29.85   -0.30   -0.49    1.73    1.37  3
    228.00   86.00    0.11    0.04    2.01    1.30
     50.00 -999.00 -999.00 -999.00 -999.00
  AU197     272.97   40.44    0.06   -0.06    1.41    1.42  3
    456.00  183.00    0.57    0.37    1.17    1.23
     46.00 -999.00 -999.00 -999.00 -999.00
  BDGPR     286.78   41.16    0.67    0.71    1.24    1.13  3
    420.00    0.00    1.01    1.01    1.15    1.10
     63.00    1.07    1.00    1.28    0.99
  C0354  a  286.72   40.69   -0.50   -0.48    1.28    1.21  3
    211.00    4.00   -0.31   -0.36    1.40    1.37
     60.00   -1.18    0.33    1.32    0.94
  C5732     285.06   40.13   -0.01    0.09    1.16    1.13  3
    497.00   86.00   -0.25   -0.35    0.73    0.55
     63.00   -0.18   -0.11    0.79    1.47
  C5771       4.99   52.93    1.03    0.93    1.21    1.16  3
    168.00   26.00    1.07    1.10    1.17    0.95
     67.00    1.26    0.89    1.11    1.46
  D4909     279.02   34.75   -0.50   -0.57    1.19    1.13  3
    171.00    3.00   -0.60   -0.53    1.60    1.56
     70.00    0.31   -0.90    1.34    2.07
  D8556  a  277.61   29.67   -0.63   -0.77    1.43    1.17  3
    210.00   68.00   -0.56   -0.35    1.95    1.23
     54.00 -999.00 -999.00 -999.00 -999.00
  E0039       2.81   50.57   -0.39   -0.45    1.25    1.22  3
    130.00   10.00   -0.72   -0.80    1.08    0.92
     66.00   -0.93    0.12    0.61    1.60
  E0157  a  285.65   41.15   -0.55   -0.64    1.27    1.15  3
    436.00  118.00   -0.96   -0.66    1.70    1.48
     57.00   -0.45   -1.03    1.16    1.77
  E1985       4.83   52.65    0.96    0.76    1.22    1.22  3
    234.00    9.00    1.15    0.95    1.09    1.06
     77.00    1.18    0.94    0.56    1.21
  E4896     288.61   42.55   -0.74   -0.78    1.18    0.98  3
    129.00   11.00   -0.69   -0.76    1.36    1.13
     59.00   -0.53   -1.16    0.82    1.71
  E6019     238.07   36.55    0.78    0.31    1.15    1.20  3
    203.00   76.00    0.98    0.68    0.87    0.80
     50.00 -999.00 -999.00 -999.00 -999.00
  E8180     278.43   30.49   -0.48   -0.61    1.39    1.24  3
    392.00   62.00    0.13   -0.16    1.21    1.08
     56.00    0.23   -0.33    0.81    1.89
  E8360     242.84   32.76    0.51    0.26    1.27    1.24  3
    482.00   12.00    0.61    0.41    0.68    0.78
     77.00    0.44    0.91    0.58    0.91
  KPKNP     204.22   20.23    0.21    0.14    1.19    1.17  3
    449.00   31.00    0.31    0.35    1.03    1.08
     60.00    0.84    0.06    1.10    1.00
  MTRIE     269.81   29.97   -0.03   -0.63    1.21    1.03  3
    334.00   30.00    0.10   -0.55    1.31    1.10
     52.00 -999.00 -999.00 -999.00 -999.00
  AP875  a  274.97   39.89    0.24    0.25    1.22    1.24  3
    212.00    3.00    0.32    0.51    1.30    1.17
     76.00    0.77    0.12    0.66    1.27
  AS961     272.61   30.33    0.57    0.37    1.74    1.59  3
    153.00   58.00    0.98    0.99    1.49    1.21
     48.00 -999.00 -999.00 -999.00 -999.00
  AU069     285.10   41.74   -1.83   -1.75    1.24    1.26  3
    146.00   12.00   -2.36   -2.32    0.77    0.88
     71.00   -2.24   -2.34    1.99    1.25
  AU265     288.26   42.36   -1.12   -1.15    1.16    0.99  3
    541.00    0.00   -1.17   -1.30    1.44    1.30
     79.00   -1.18   -1.29    1.66    1.17
  AV134     237.88   47.31   -0.65   -0.76    1.22    1.22  3
    225.00    1.00   -0.57   -0.60    1.68    1.67
     74.00   -1.38   -0.22    1.62    1.00
  C9879  a  279.48   37.14    1.67    1.64    1.14    1.06  3
    403.00  105.00    1.76    1.70    1.56    1.39
     53.00 -999.00 -999.00 -999.00 -999.00
  D2258     291.94   44.34   -0.36   -0.46    1.20    1.23  3
    221.00    6.00    0.03   -0.20    1.33    1.44
     72.00   -0.01   -0.34    1.20    1.44
  D6683     274.24   42.91   -0.45   -0.51    1.12    1.10  3
    208.00    6.00   -0.03    0.05    0.80    0.58
     77.00   -0.09   -0.12    1.02    0.77
  D7342     285.50   40.81   -0.97   -0.85    1.15    1.17  3
    165.00    1.00   -0.94   -0.81    1.65    1.69
     79.00   -0.85   -0.90    1.92    1.53
  E0362     288.65   42.83   -0.57   -0.64    1.13    0.92  3
    331.00    0.00   -0.73   -0.74    1.41    1.10
     78.00   -0.10   -1.14    0.99    0.97
  E0920     277.84   39.31    0.16    0.21    1.20    1.17  3
    161.00   41.00    0.09    0.22    1.48    1.32
     60.00    0.14    0.70    1.32    0.91
  E1132       5.87   49.14    1.92    1.77    1.15    1.04  3
    169.00   31.00    2.01    1.81    1.24    1.21
     65.00    2.50    1.76    1.00    1.49
  E3360  a  277.19   35.23   -0.71   -0.83    1.13    1.03  3
    106.00    4.00   -0.75   -0.66    1.22    1.32
     54.00 -999.00 -999.00 -999.00 -999.00
  E4324     288.22   42.44   -0.63   -0.69    1.26    1.12  3
    252.00   43.00   -0.26   -0.24    1.09    0.91
     61.00   -0.29   -0.40    1.35    1.34
  E5148     266.04   41.68   -0.50   -0.43    1.14    1.11  3
    152.00   19.00   -0.03    0.02    0.64    0.78
     64.00   -0.03    0.30    0.84    0.77
  E5675     269.94   30.48   -0.52   -0.58    1.21    1.02  3
    144.00    3.00   -0.40   -0.31    1.43    0.82
     73.00   -0.30   -0.64    0.94    1.86
  E7440     271.31   32.46   -0.56   -0.54    1.16    0.94  3
    212.00    3.00   -0.80   -0.66    1.48    1.05
     70.00   -0.42   -1.52    0.82    1.42
  E8215     262.80   30.86    0.50    0.43    1.14    1.23  3
    412.00   66.00    0.13   -0.01    0.97    1.12
     54.00 -999.00 -999.00 -999.00 -999.00
  E8783     288.73   41.96   -1.30   -1.37    1.17    1.05  3
    192.00   11.00   -1.43   -1.15    1.75    1.29
     75.00   -0.86   -1.66    1.39    1.49
  F0784     262.63   38.93    1.64    1.73    1.13    1.19  3
    185.00   40.00    1.86    2.27    0.81    0.82
     64.00    1.87    1.82    0.72    1.06
  FLSSD     285.15   39.60   -0.24   -0.28    1.10    1.08  3
    464.00    0.00   -0.32   -0.13    1.28    1.36
     71.00    0.11   -0.68    0.98    1.50
  KHES      237.10   38.65   -0.86   -0.87    1.15    1.12  3
     76.00    4.00   -0.50   -0.19    1.23    1.17
     72.00   -0.97   -0.19    1.51    0.98
  SNDS2     267.34   46.28   -0.42   -0.26    1.11    1.14  3
    453.00    0.00   -0.65   -0.60    1.12    1.22
     68.00   -0.65   -1.10    1.03    1.37
  WHMA2     211.31   60.78    1.81    1.27    1.38    1.24  3
     53.00    8.00    1.96    1.35    1.60    1.35
     45.00 -999.00 -999.00 -999.00 -999.00
  WLKHM     284.13   41.24   -0.35   -0.31    1.17    1.23  3
    514.00  101.00   -0.04    0.09    0.97    1.15
     61.00    0.04   -0.06    0.99    1.01
  D1154     271.81   30.62   -0.61   -0.59    1.11    0.95  3
    420.00    0.00   -0.29   -0.26    1.13    0.98
     60.00   -0.20   -0.29    1.24    0.82
  SUUA2     210.47   60.62    0.91    0.84    1.30    1.22  3
     30.00    0.00    1.06    1.18    1.70    1.59
     29.00 -999.00 -999.00 -999.00 -999.00
  E9113  a  238.59   38.93    1.70    1.50    1.27    1.21  3
    151.00   78.00    2.32    2.07    1.19    1.19
     28.00 -999.00 -999.00 -999.00 -999.00
  D9592     268.65   32.61   -0.35   -0.28    1.18    1.02  3
    166.00   17.00    0.01    0.14    0.94    0.67
     64.00    0.05    0.18    0.93    0.75
