  AS414     242.83   32.68    1.01    0.68    1.25    1.19  3
  AS725  a  237.68   38.33   -0.17   -0.22    1.68    1.58  3
  AT868     273.72   43.15   -0.57   -0.55    1.47    1.39  3
  AU014     271.27   43.23   -0.98   -0.81    1.36    1.36  3
  AU666       6.87   52.19    0.32    0.08    1.16    1.12  3
  AU843  a  277.69   40.65   -0.32   -0.37    1.30    1.29  3
  AU913       7.00   58.02    1.07    0.98    1.38    1.21  3
  C6012     264.29   29.95    0.57    0.08    1.46    1.29  3
  C7644     357.75   57.46   -0.74   -0.54    1.50    1.36  3
  C7720     256.17   36.76   -2.53   -2.58    0.37    0.28  2
  CHSPC     269.50   38.67   -0.27   -0.40    1.16    1.00  3
  D0664     263.65   30.63   -0.45   -0.57    1.22    1.14  3
  D1029     271.23   17.25   -0.59   -0.75    1.32    1.17  3
  D2633     285.85   43.12   -0.31   -0.37    1.36    1.33  3
  D2690     237.86   47.82   -0.69   -0.75    1.37    1.28  3
  D3085  a  263.17   40.76   -0.25   -0.36    1.39    1.31  3
  D3123     359.61   50.94   -0.37   -0.47    1.50    1.39  3
  D3152      10.52   59.72    1.28    0.91    1.11    1.08  3
  D5690     262.02   29.38   -0.18   -0.27    1.31    1.22  3
  D9009  a  274.55   32.58    0.08   -0.67    1.39    1.14  3
  D9112     278.05   29.67   -0.80   -0.99    1.37    1.13  3
  D9920  a  277.56   37.21   -1.35   -1.40    1.49    1.48  3
  E1016     277.70   29.81   -0.11   -0.37    1.28    1.03  3
  E1221     283.96   36.63   -0.17   -0.22    1.41    1.31  3
  E2015  a  276.40   39.21    0.14    0.21    1.16    1.13  3
  E2332     239.51   34.60    0.19    0.08    1.61    1.79  3
  E3527     277.58   29.73   -0.92   -1.11    1.43    1.14  3
  E4540     268.83   38.79   -0.43   -0.49    1.55    1.41  3
  E5550      10.92   50.84   -0.81   -0.79    1.66    1.61  3
  E6051     355.77   53.07   -0.32   -0.59    1.35    1.24  3
  E6485     255.32   39.02    0.86    0.45    1.19    1.19  3
  E8769  a  288.10   45.90    1.89    1.65    1.21    1.19  3
  E9019     272.36   44.12   -0.50   -0.77    1.36    1.47  3
  F0115     246.63   53.92    0.47    0.42    1.44    1.30  3
  F0391       6.30   45.36    0.91    0.31    1.22    1.14  3
  F1332     271.18   42.41    0.94    1.09    1.22    1.28  3
  GHG40     204.42   19.54    0.15    0.18    1.51    1.46  3
  KTUA2  a  210.13   61.18    0.55    0.59    1.31    1.30  3
  MHPA2     227.06   56.70   -0.85   -0.76    1.39    1.38  3
  NWSYC  a  241.03   34.17    0.95    1.02    1.25    1.22  3
  PLSHG     272.24   41.66    0.18    0.25    1.28    1.23  3
  SCBSA     348.82   39.77   -0.05   -0.04    1.59    1.59  3
  TINDX     238.43   47.81    0.00   -0.09    1.48    1.33  3
  WITIT     272.04   43.18    0.39    0.54    1.18    1.13  3
  D1743       1.95   49.92   -0.18   -0.19    1.37    1.29  3
  AV201     242.29   33.59   -1.28   -1.59    1.34    1.38  3
  AS591     278.11   29.85   -0.30   -0.49    1.73    1.37  3
  AU197     272.97   40.44    0.06   -0.06    1.41    1.42  3
  BDGPR     286.78   41.16    0.67    0.71    1.24    1.13  3
  C0354  a  286.72   40.69   -0.50   -0.48    1.28    1.21  3
  C5732     285.06   40.13   -0.01    0.09    1.16    1.13  3
  C5771       4.99   52.93    1.03    0.93    1.21    1.16  3
  D4909     279.02   34.75   -0.50   -0.57    1.19    1.13  3
  D8556  a  277.61   29.67   -0.63   -0.77    1.43    1.17  3
  E0039       2.81   50.57   -0.39   -0.45    1.25    1.22  3
  E0157  a  285.65   41.15   -0.55   -0.64    1.27    1.15  3
  E1985       4.83   52.65    0.96    0.76    1.22    1.22  3
  E4896     288.61   42.55   -0.74   -0.78    1.18    0.98  3
  E6019     238.07   36.55    0.78    0.31    1.15    1.20  3
  E8180     278.43   30.49   -0.48   -0.61    1.39    1.24  3
  E8360     242.84   32.76    0.51    0.26    1.27    1.24  3
  KPKNP     204.22   20.23    0.21    0.14    1.19    1.17  3
  MTRIE     269.81   29.97   -0.03   -0.63    1.21    1.03  3
  AP875  a  274.97   39.89    0.24    0.25    1.22    1.24  3
  AS961     272.61   30.33    0.57    0.37    1.74    1.59  3
  AU069     285.10   41.74   -1.83   -1.75    1.24    1.26  3
  AU265     288.26   42.36   -1.12   -1.15    1.16    0.99  3
  AV134     237.88   47.31   -0.65   -0.76    1.22    1.22  3
  C9879  a  279.48   37.14    1.67    1.64    1.14    1.06  3
  D2258     291.94   44.34   -0.36   -0.46    1.20    1.23  3
  D6683     274.24   42.91   -0.45   -0.51    1.12    1.10  3
  D7342     285.50   40.81   -0.97   -0.85    1.15    1.17  3
  E0362     288.65   42.83   -0.57   -0.64    1.13    0.92  3
  E0920     277.84   39.31    0.16    0.21    1.20    1.17  3
  E1132       5.87   49.14    1.92    1.77    1.15    1.04  3
  E3360  a  277.19   35.23   -0.71   -0.83    1.13    1.03  3
  E4324     288.22   42.44   -0.63   -0.69    1.26    1.12  3
  E5148     266.04   41.68   -0.50   -0.43    1.14    1.11  3
  E5675     269.94   30.48   -0.52   -0.58    1.21    1.02  3
  E7440     271.31   32.46   -0.56   -0.54    1.16    0.94  3
  E8215     262.80   30.86    0.50    0.43    1.14    1.23  3
  E8783     288.73   41.96   -1.30   -1.37    1.17    1.05  3
  F0784     262.63   38.93    1.64    1.73    1.13    1.19  3
  FLSSD     285.15   39.60   -0.24   -0.28    1.10    1.08  3
  KHES      237.10   38.65   -0.86   -0.87    1.15    1.12  3
  SNDS2     267.34   46.28   -0.42   -0.26    1.11    1.14  3
  WHMA2     211.31   60.78    1.81    1.27    1.38    1.24  3
  WLKHM     284.13   41.24   -0.35   -0.31    1.17    1.23  3
  D1154     271.81   30.62   -0.61   -0.59    1.11    0.95  3
  SUUA2     210.47   60.62    0.91    0.84    1.30    1.22  3
  E9113  a  238.59   38.93    1.70    1.50    1.27    1.21  3
  D9592     268.65   32.61   -0.35   -0.28    1.18    1.02  3
