  AP838  a  261.48   29.69    1.71    1.63    0.72    0.73  0
  AR328     288.51   43.70    1.67    1.58    0.67    0.58  0
  AS869     280.91   39.99    1.47    1.52    0.63    0.64  0
  C8783       9.90   46.17    1.97    2.03    0.68    0.65  0
  C9451      10.05   51.74    1.68    1.61    0.79    0.57  0
  D0742     243.62   33.70    1.86    1.89    0.65    0.60  0
  D2386     235.60   50.49    1.75    1.73    0.85    0.83  0
  D3724       8.19   46.73    2.00    1.85    0.72    0.74  0
  D6006  a  237.61   45.53   -1.68   -2.09    0.70    0.61  0
  D6236       1.37   51.97   -1.62   -1.87    0.45    0.38  0
  D7306     277.54    8.76   -1.94   -1.97    0.65    0.64  0
  D7457     241.16   34.22    1.97    1.90    0.92    0.92  0
  D9227       7.77   45.60    1.55    1.26    0.92    1.00  0
  D9310     271.66   44.24   -1.73   -2.02    0.91    0.60  0
  E4531     237.69   37.93    2.00    1.94    0.71    0.72  0
  E5836       7.79   45.43    1.53    1.23    0.70    0.69  0
  E6079     237.95   38.27    1.92    1.75    0.88    0.50  0
  E6246     293.38   18.19    1.70    1.70    0.51    0.54  0
  E6708      10.25   45.93    1.48    1.47    0.78    0.73  0
  E7026     210.27   61.10    2.06    2.15    0.75    0.60  0
  E7991     276.14   33.76    2.12    2.12    0.54    0.58  0
  E8074  a  240.76   50.93    1.90    1.89    0.76    0.71  0
  E8832     265.74   36.16    2.10    2.06    0.77    0.78  0
  E9186     261.40   29.50    2.24    2.14    0.71    0.68  0
  E9408     275.49   34.02    2.07    2.09    0.64    0.66  0
  E9753  a  280.01   37.33    1.87    1.96    0.86    0.86  0
  E9845     261.50   31.20    1.75    1.75    0.85    0.84  0
  F0100     275.29   33.36    2.05    2.16    0.59    0.62  0
  F0155     358.90   52.93    1.69    1.53    0.78    0.73  0
  F1111     240.57   48.99    1.71    1.69    0.66    0.66  0
  F1740     237.52   45.16   -1.61   -2.02    0.94    0.76  0
  F1740  a  237.52   45.16   -1.65   -2.06    0.94    0.77  0
  F2462     279.81   36.37    1.73    1.86    0.86    0.84  0
  F2475     273.48   41.11   -2.10   -2.19    0.62    0.60  0
  F2495      12.00   45.00   -1.75   -2.14    0.60    0.61  0
  F3232     266.36   36.64    1.69    1.76    0.67    0.71  0
  KFRH      273.36   38.51   -1.85   -2.28    0.56    0.50  0
  KKHKS     200.28   21.97    1.50    1.44    1.03    1.07  0
  SCLRS     278.99   35.84    1.56    1.54    0.92    0.87  0
  SMCA2     210.26   61.02    2.27    2.28    0.79    0.75  0
  E0876  a  241.03   50.24    1.62    1.51    0.84    0.79  0
  AP525     237.76   40.44    1.52    1.48    0.70    0.74  0
  C8374     356.99   53.35   -1.77   -2.08    0.93    0.80  0
  D1894       6.63   44.91    2.22    1.89    1.08    0.95  0
  E3716     263.25   43.49    1.52    1.49    0.78    0.77  0
  E7678     240.64   50.86    1.56    1.54    0.86    0.80  0
  E8371     285.07   42.69    1.57    1.61    0.98    1.06  0
  E8952     277.10   39.90    1.57    1.72    0.72    0.78  0
  E9158     262.06   36.41    1.72    1.88    1.15    1.14  0
  E9592     274.60   38.32    1.53    1.64    0.78    0.80  0
  E9998     285.35   42.15    1.71    1.76    1.05    1.07  0
  F0225      13.59   46.05    1.48    1.33    0.73    0.70  0
  F1801     283.97   42.04    1.48    1.50    1.01    1.06  0
  KHSR      256.61   43.37    1.53    1.54    0.85    0.83  0
  SDMRO  a  242.77   33.96    2.09    2.09    0.84    0.77  0
  SNDS1  a  267.54   46.06    1.53    1.62    0.99    1.03  0
  CLCMP     284.15   44.03    1.50    1.50    0.77    0.80  0
  E3090     274.63   40.29    1.51    1.62    0.76    0.81  0
  F2842  a  208.76   59.75    1.56    1.68    0.74    0.72  0
  AT590      11.70   45.71    1.44    1.30    0.75    0.66  0
  D2187     276.05   43.43    2.19    2.01    0.86    0.75  0
  D2809     240.73   52.83    1.55    1.53    0.90    0.85  0
  D6083     277.92   34.15    1.46    1.51    0.69    0.69  0
  D7260       7.60   45.42    1.42    1.09    0.93    0.94  0
  D8389       6.58   61.07    1.49    1.59    0.88    0.81  0
  E3359       7.54   46.30    1.48    1.30    0.90    0.95  0
  E8833  a  254.73   40.15    1.41    1.14    0.63    0.55  0
  F1216     265.27   36.59    1.46    1.55    0.56    0.57  0
  F1515     284.48   42.53    1.44    1.49    0.88    0.98  0
  F1642     248.91   45.77    1.57    1.66    0.87    0.91  0
  HRVRD     288.42   42.50    1.45    1.37    0.64    0.70  0
  NDIA2     225.44   58.34    1.40    1.29    0.74    0.84  0
  VWSA2     213.65   61.13    1.41    1.38    0.97    0.98  0
  WNT14     278.60   28.44    1.40    1.25    0.43    0.38  0
  BLMNT     281.97   42.22    1.44    1.40    0.47    0.44  0
