dtype=   q120  mean,std
     9     8     8     6     8     9     7     9     9     9    10    10
     6     9     8     8     9     9    10     9     7    10    11    10
     9    10    11    12    11
    10    12    13    12    15    16    14    18    19    19    19    20
    17    19    20    20    21    20    20    20    19    20    20    21
    19    19    20    19    17
  0.90  0.80  0.80  0.60  0.80  0.90  0.70  0.90  0.90  0.90  1.00  1.00
  0.60  0.90  0.80  0.80  0.90  0.90  1.00  0.90  0.70  1.00  1.10  1.00
  0.90  1.00  1.10  1.20  1.10
  1.00  1.20  1.30  1.20  1.50  1.60  1.40  1.80  1.90  1.90  1.90  2.00
  1.70  1.90  2.00  2.00  2.10  2.00  2.00  2.00  1.90  2.00  2.00  2.10
  1.90  1.90  2.00  1.90  1.70
dtype=   q180   mean,std
    12    10
  1.20  1.00
dtype=   q181   mean,std
    10     9
  1.00  0.90
dtype=   q187   mean,std
    10     9
  1.00  0.90
dtype=   q188   mean,std
    12    10
  1.20  1.00
