  01245       9.66   62.60    2.53    2.33    1.27    1.12  0
  01424       6.37   59.65    2.43    2.53    1.24    1.25  0
  06722       7.52   46.12    2.54    2.45    0.92    0.87  0
  06724       7.46   46.29    1.83    1.16    1.86    1.41  0
  06770       8.96   46.00    2.71    2.76    1.12    0.96  0
  71951     231.41   54.46    2.40    2.37    1.14    1.16  0
  01320       6.12   61.83    2.11    2.27    1.14    1.27  0
  01338       6.65   61.17    2.21    2.35    1.31    1.38  0
  04270     314.58   61.17    2.75    2.51    0.96    0.89  0
  06654       8.05   46.19    2.63    2.59    1.08    1.07  0
  16089      10.55   45.46    2.03    2.21    1.08    1.14  0
  16120       8.85   44.42    1.96    1.83    1.36    1.25  0
