  01397      12.27   61.30    0.57    0.62    2.07    1.92  3
     76.00    4.00    1.10    0.90    2.22    2.22
     69.00    0.80    0.95    2.67    2.59
  06693       9.10   47.27    0.52    0.52    2.06    2.04  3
     71.00    1.00    1.60    1.40    2.08    1.48
     69.00    1.50    0.30    2.30    2.52
  07197       7.40   47.92    0.65    0.67    2.17    2.01  3
     73.00    2.00    1.15    1.20    2.15    1.85
     68.00    1.50   -0.45    0.89    3.11
  07586       5.05   44.08    0.88    0.99    2.40    2.23  3
     72.00    0.00    1.40    1.40    2.97    2.97
     71.00    1.05    2.00    2.89    2.82
  08025     357.07   43.30    0.88    0.64    2.15    1.74  3
     64.00    0.00    1.00    0.70    2.22    1.78
     64.00    0.95    0.45    2.22    2.82
  08202     354.50   40.95   -0.46   -0.51    2.17    1.91  3
     77.00    2.00   -0.90   -0.85    2.74    2.67
     70.00   -0.85   -1.90    2.52    2.30
  08568     352.45   40.42   -0.73   -0.68    2.11    2.10  3
     83.00    2.00   -1.30   -1.05    1.63    1.78
     76.00   -0.40   -1.65    1.85    1.41
  14105      13.62   45.48   -0.32   -0.25    2.08    1.95  3
     67.00    1.00    0.10    0.00    3.11    2.67
     65.00    0.30    0.10    2.08    3.78
  14106      13.63   45.90    0.40    0.49    2.12    1.91  3
     65.00    0.00    0.25    0.65    2.67    2.30
     60.00    0.50    0.95    2.41    2.67
  14307      13.92   44.90   -0.93   -1.09    2.00    1.64  3
     78.00    8.00   -1.40   -1.30    2.08    1.93
     70.00   -0.30   -1.30    2.30    1.78
  24588     141.88   64.05    1.14    1.04    2.20    2.17  3
     79.00    9.00    1.85    1.80    2.08    1.93
     62.00    1.55    1.85    2.45    2.15
  24684     141.72   63.33    0.24    0.18    2.19    2.20  3
     77.00    3.00    0.45    0.30    3.04    2.97
     68.00   -1.00    0.90    3.71    1.70
  24898     149.63   61.11    1.25    1.16    2.18    2.07  3
     82.00    6.00    1.90    1.80    1.85    1.63
     72.00    2.12    1.45    1.59    2.89
  31062     137.72   59.77    0.91    0.88    1.95    1.89  3
     81.00    6.00    1.20    1.00    1.93    1.93
     71.00    0.80    1.40    1.63    2.52
  31484     135.08   51.42    0.89    0.92    2.19    2.15  3
     83.00    2.00    2.35    1.55    2.00    2.08
     76.00    2.05    0.60    1.70    3.04
  31683     140.12   49.67    0.42    0.49    2.45    2.28  3
     78.00    9.00    0.60    0.65    3.04    2.89
     68.00    1.20    0.20    1.85    4.11
  31801     136.18   47.67   -0.36   -0.32    2.07    2.00  3
     81.00    4.00    0.00   -0.05    2.45    2.30
     74.00    0.40   -0.95    1.85    2.89
  31825     138.40   47.60    0.56    0.60    2.12    2.06  3
     83.00    7.00    1.10    1.00    2.22    2.22
     71.00    2.00   -0.05    1.19    2.52
  32069     142.16   50.05    0.29    0.12    1.91    1.83  3
     79.00    8.00    0.90    0.50    1.63    1.78
     70.00    0.75    0.95    1.63    1.85
  71020     236.25   61.25    0.94    1.01    2.10    1.99  3
     81.00   12.00    1.20    1.40    2.22    1.93
     63.00    1.20    1.70    1.74    1.78
  71027     299.60   46.67    0.52    0.50    2.21    1.78  3
     77.00    2.00    0.85    0.80    2.00    1.63
     74.00    2.55    0.20    1.48    1.41
  71028     235.60   51.67    0.97    0.99    2.29    2.32  3
     95.00   17.00    1.90    2.10    2.22    2.37
     59.00    1.77    2.05    1.48    2.08
  71039     223.82   62.10    0.06    0.04    2.23    2.16  3
     81.00   14.00    0.30    0.10    2.67    2.82
     61.00   -0.20    0.30    2.15    3.78
  71045     227.28   60.16    1.04    0.78    2.19    2.32  3
     86.00    4.00    1.90    1.80    2.67    2.37
     72.00    2.35   -1.15    1.11    1.78
  71050     235.87   52.11   -0.43   -0.15    2.00    2.02  3
     78.00   13.00   -0.40    0.00    2.52    2.82
     63.00   -0.85    0.00    3.19    2.15
  71181     304.68   47.13   -0.63   -0.64    2.04    1.23  3
     61.00    0.00   -0.20   -0.40    2.15    1.11
     60.00   -0.25   -0.80    2.00    1.56
  71203     240.62   49.96    1.19    1.38    2.06    1.95  3
     86.00   11.00    1.75    1.75    2.15    2.30
     64.00    0.65    1.98    2.71    1.82
  71304     245.83   49.47    0.64    0.77    2.04    1.74  3
     70.00    4.00    1.10    0.80    1.93    2.08
     61.00    1.05    1.20    2.45    1.78
  71505     222.41   60.76    0.77    0.50    2.20    2.24  3
     82.00   33.00    0.50    0.30    2.97    3.11
     43.00 -999.00 -999.00 -999.00 -999.00
  71638     236.30   49.45    0.04   -0.30    2.02    1.71  3
     78.00    0.00    0.45    0.00    1.85    1.71
     76.00   -0.65    0.35    2.52    1.70
  71640     275.20   47.72    0.44    0.31    1.92    1.54  3
     75.00    6.00    0.40    0.40    1.78    1.63
     69.00    1.30   -0.05    1.78    1.26
  71858     260.74   53.18   -0.04   -0.51    1.97    1.45  3
     80.00    3.00   -0.30   -0.50    1.78    1.48
     73.00   -0.10   -0.50    2.37    1.48
  71927     236.29   48.82    0.75    0.77    2.14    1.89  3
     79.00    5.00    0.95    0.90    2.15    2.00
     70.00    1.50    0.90    2.59    1.63
  71950     232.82   54.81    1.44    1.48    1.95    1.90  3
     86.00    7.00    2.10    2.10    1.33    1.19
     69.00    2.07    2.30    0.96    1.19
  71952     234.05   54.38    1.27    1.31    2.05    2.14  3
     81.00   10.00    2.03    2.20    1.59    1.63
     66.00    2.28    1.70    1.26    2.15
  71965     224.13   63.61    0.61    0.57    2.07    2.00  3
     80.00    9.00    1.10    1.20    2.52    2.22
     66.00    2.45   -1.10    1.56    1.85
  71966     220.87   64.04    0.76    0.66    2.23    2.28  3
     82.00   15.00    0.90    1.00    2.52    2.52
     61.00    1.85   -0.15    2.15    3.26
  73005     292.76   48.36    0.69    0.57    1.98    1.82  3
     76.00    2.00    1.25    1.15    1.93    1.56
     72.00    1.45    1.55    1.78    1.26
  76695     269.45   19.85   -0.25   -0.52    2.05    2.02  3
     96.00    2.00   -0.60   -1.00    2.52    2.22
     63.00   -1.10   -0.40    1.78    2.89
  07299       7.52   47.60    0.67    0.69    2.10    1.85  3
     80.00    0.00    1.30    1.00    1.78    1.93
     79.00    1.65    0.25    1.04    3.04
  08544     351.37   40.92   -2.12   -1.73    2.08    1.62  3
     79.00   15.00   -2.40   -2.10    1.78    1.63
     63.00   -2.70   -2.55    2.15    1.26
  14007      13.72   46.50   -0.49   -0.40    2.03    1.89  3
     64.00    2.00   -0.40   -0.10    2.56    2.52
     58.00   -0.25   -0.70    2.37    2.52
  24691     145.60   63.83    0.27    0.09    2.04    1.74  3
     77.00   16.00    0.65    0.30    2.15    1.85
     60.00    0.10    0.95    2.97    1.41
  71021     235.53   61.25    1.62    1.64    1.96    1.94  3
     88.00   23.00    2.30    2.40    1.04    1.04
     53.00 -999.00 -999.00 -999.00 -999.00
  71497     236.54   60.23    0.32    0.43    1.99    1.87  3
     78.00    4.00    0.60    0.40    1.78    1.78
     73.00    0.50    0.50    2.00    1.52
  71933     235.71   54.46    0.71    0.74    2.05    2.03  3
     75.00    3.00    1.00    1.25    2.22    2.00
     68.00    0.65    1.60    2.74    1.63
  06612       6.80   47.08   -1.28   -0.99    1.92    1.64  3
     66.00   10.00   -1.15   -0.75    1.71    1.19
     54.00 -999.00 -999.00 -999.00 -999.00
  06647       8.22   47.53    0.52    0.37    1.93    1.81  3
     70.00    1.00    0.90    1.00    2.08    1.63
     69.00    0.70    1.00    2.08    2.00
  06695       8.58   46.63    1.46    1.32    1.92    1.92  3
     77.00    8.00    2.18    1.95    1.26    1.41
     62.00    2.20    1.70    1.11    1.93
  06792       9.88   46.53    0.85    0.85    1.94    1.99  3
     74.00   17.00    1.40    1.50    1.63    1.63
     53.00 -999.00 -999.00 -999.00 -999.00
  07247       1.68   47.30   -0.62   -0.82    1.91    1.57  3
     74.00    6.00   -0.30   -0.30    2.15    1.56
     62.00   -0.35   -0.45    2.00    2.82
  07502     358.88   44.53   -0.51   -0.72    1.94    1.27  3
     62.00    0.00   -0.30   -0.65    2.60    1.56
     62.00    0.05   -0.80    2.30    2.15
  08080     357.27   42.88    0.67    0.59    1.94    1.65  3
     64.00    1.00    1.15    1.25    1.78    1.41
     62.00    0.95    1.15    2.08    1.33
  08210     355.32   40.65   -0.11   -0.09    1.98    1.74  3
     65.00    4.00    0.15    0.70    2.30    1.85
     60.00    0.25    0.10    2.74    1.85
  24671     135.87   63.95    0.96    0.93    2.04    2.01  3
     84.00    8.00    1.50    1.40    1.93    2.22
     69.00    0.70    1.55    2.45    2.30
  24790     148.16   62.78    1.31    1.21    1.96    1.94  3
     83.00    9.00    1.65    1.45    2.00    1.85
     68.00    0.35    2.05    3.19    1.26
  71032     239.49   49.46    0.98    1.11    1.97    2.04  3
     82.00    8.00    1.35    1.60    2.00    1.78
     68.00    1.20    0.70    1.93    2.22
  71475     235.07   49.31    0.83    0.92    2.01    1.97  3
     78.00    9.00    1.20    1.40    1.33    1.41
     66.00    1.15    1.20    1.93    1.26
  71658     291.81   48.60    1.04    1.07    1.90    1.62  3
     79.00    5.00    1.45    1.30    1.93    1.71
     72.00    1.75    0.05    1.00    2.22
