  01397      12.27   61.30    0.57    0.62    2.07    1.92  3
  06693       9.10   47.27    0.52    0.52    2.06    2.04  3
  07197       7.40   47.92    0.65    0.67    2.17    2.01  3
  07586       5.05   44.08    0.88    0.99    2.40    2.23  3
  08025     357.07   43.30    0.88    0.64    2.15    1.74  3
  08202     354.50   40.95   -0.46   -0.51    2.17    1.91  3
  08568     352.45   40.42   -0.73   -0.68    2.11    2.10  3
  14105      13.62   45.48   -0.32   -0.25    2.08    1.95  3
  14106      13.63   45.90    0.40    0.49    2.12    1.91  3
  14307      13.92   44.90   -0.93   -1.09    2.00    1.64  3
  24588     141.88   64.05    1.14    1.04    2.20    2.17  3
  24684     141.72   63.33    0.24    0.18    2.19    2.20  3
  24898     149.63   61.11    1.25    1.16    2.18    2.07  3
  31062     137.72   59.77    0.91    0.88    1.95    1.89  3
  31484     135.08   51.42    0.89    0.92    2.19    2.15  3
  31683     140.12   49.67    0.42    0.49    2.45    2.28  3
  31801     136.18   47.67   -0.36   -0.32    2.07    2.00  3
  31825     138.40   47.60    0.56    0.60    2.12    2.06  3
  32069     142.16   50.05    0.29    0.12    1.91    1.83  3
  71020     236.25   61.25    0.94    1.01    2.10    1.99  3
  71027     299.60   46.67    0.52    0.50    2.21    1.78  3
  71028     235.60   51.67    0.97    0.99    2.29    2.32  3
  71039     223.82   62.10    0.06    0.04    2.23    2.16  3
  71045     227.28   60.16    1.04    0.78    2.19    2.32  3
  71050     235.87   52.11   -0.43   -0.15    2.00    2.02  3
  71181     304.68   47.13   -0.63   -0.64    2.04    1.23  3
  71203     240.62   49.96    1.19    1.38    2.06    1.95  3
  71304     245.83   49.47    0.64    0.77    2.04    1.74  3
  71505     222.41   60.76    0.77    0.50    2.20    2.24  3
  71638     236.30   49.45    0.04   -0.30    2.02    1.71  3
  71640     275.20   47.72    0.44    0.31    1.92    1.54  3
  71858     260.74   53.18   -0.04   -0.51    1.97    1.45  3
  71927     236.29   48.82    0.75    0.77    2.14    1.89  3
  71950     232.82   54.81    1.44    1.48    1.95    1.90  3
  71952     234.05   54.38    1.27    1.31    2.05    2.14  3
  71965     224.13   63.61    0.61    0.57    2.07    2.00  3
  71966     220.87   64.04    0.76    0.66    2.23    2.28  3
  73005     292.76   48.36    0.69    0.57    1.98    1.82  3
  76695     269.45   19.85   -0.25   -0.52    2.05    2.02  3
  07299       7.52   47.60    0.67    0.69    2.10    1.85  3
  08544     351.37   40.92   -2.12   -1.73    2.08    1.62  3
  14007      13.72   46.50   -0.49   -0.40    2.03    1.89  3
  24691     145.60   63.83    0.27    0.09    2.04    1.74  3
  71021     235.53   61.25    1.62    1.64    1.96    1.94  3
  71497     236.54   60.23    0.32    0.43    1.99    1.87  3
  71933     235.71   54.46    0.71    0.74    2.05    2.03  3
  06612       6.80   47.08   -1.28   -0.99    1.92    1.64  3
  06647       8.22   47.53    0.52    0.37    1.93    1.81  3
  06695       8.58   46.63    1.46    1.32    1.92    1.92  3
  06792       9.88   46.53    0.85    0.85    1.94    1.99  3
  07247       1.68   47.30   -0.62   -0.82    1.91    1.57  3
  07502     358.88   44.53   -0.51   -0.72    1.94    1.27  3
  08080     357.27   42.88    0.67    0.59    1.94    1.65  3
  08210     355.32   40.65   -0.11   -0.09    1.98    1.74  3
  24671     135.87   63.95    0.96    0.93    2.04    2.01  3
  24790     148.16   62.78    1.31    1.21    1.96    1.94  3
  71032     239.49   49.46    0.98    1.11    1.97    2.04  3
  71475     235.07   49.31    0.83    0.92    2.01    1.97  3
  71658     291.81   48.60    1.04    1.07    1.90    1.62  3
