  01245       9.66   62.60    2.53    2.33    1.27    1.12  0
     84.00    5.00    2.45    2.38    0.82    0.93
     68.00    2.50    2.45    0.96    0.74
  01424       6.37   59.65    2.43    2.53    1.24    1.25  0
     91.00   12.00    2.30    2.60    0.96    1.04
     62.00    2.25    2.55    0.89    1.22
  06722       7.52   46.12    2.54    2.45    0.92    0.87  0
     78.00    8.00    2.60    2.50    0.89    0.74
     62.00    2.65    2.30    0.89    0.96
  06724       7.46   46.29    1.83    1.16    1.86    1.41  0
     75.00    0.00    1.90    1.85    1.85    1.71
     74.00    2.10    1.20    1.78    2.45
  06770       8.96   46.00    2.71    2.76    1.12    0.96  0
     73.00    4.00    2.80    2.85    1.04    0.96
     60.00    3.10    2.55    0.89    1.33
  71951     231.41   54.46    2.40    2.37    1.14    1.16  0
     91.00   15.00    2.30    2.45    0.89    1.11
     61.00    2.38    2.20    0.52    1.41
  01320       6.12   61.83    2.11    2.27    1.14    1.27  0
     76.00    1.00    2.20    2.32    0.67    0.89
     62.00    2.30    2.20    0.74    0.63
  01338       6.65   61.17    2.21    2.35    1.31    1.38  0
     95.00   10.00    2.30    2.55    1.33    1.26
     69.00    2.28    2.35    1.30    1.33
  04270     314.58   61.17    2.75    2.51    0.96    0.89  0
     95.00   25.00    2.50    2.40    0.59    0.59
     53.00 -999.00 -999.00 -999.00 -999.00
  06654       8.05   46.19    2.63    2.59    1.08    1.07  0
     84.00   23.00    3.20    3.20    1.19    1.19
     47.00 -999.00 -999.00 -999.00 -999.00
  16089      10.55   45.46    2.03    2.21    1.08    1.14  0
     94.00   21.00    2.20    2.40    0.74    0.59
     57.00    2.07    2.28    0.56    0.52
  16120       8.85   44.42    1.96    1.83    1.36    1.25  0
     59.00    4.00    2.15    1.95    1.26    1.19
     52.00 -999.00 -999.00 -999.00 -999.00
