  CYHE      238.52   49.36    2.68    2.69    1.66    1.57  0
    113.00   16.00    2.82    3.00    1.74    1.48
     60.00    2.72    3.60    1.65    1.30
  CYXT      231.43   54.46    2.85    2.83    1.34    1.35  0
     93.00    5.00    2.80    2.82    1.33    1.59
     72.00    2.80    2.90    1.63    1.48
  K7BM      253.78   38.79    2.64    2.63    1.56    1.41  0
    182.00   46.00    2.85    2.95    1.01    1.08
     58.00    2.88    2.75    0.67    1.56
  KAEJ      253.88   38.81    2.22    2.54    3.15    2.26  0
    128.00   31.00    2.83    3.20    3.15    1.41
     49.00 -999.00 -999.00 -999.00 -999.00
  KAJZ      251.94   38.78    2.11    2.14    2.77    2.17  0
    160.00   23.00    2.50    2.64    2.85    1.84
     66.00    2.54    0.93    2.26    3.48
  KANK      253.95   38.53    2.43    2.92    2.02    1.19  0
    183.00   67.00    3.15    3.13    1.74    0.99
     47.00 -999.00 -999.00 -999.00 -999.00
  KCBK      258.95   39.43   32.44   32.41    4.01    4.02  0
    312.00    0.00 -999.00 -999.00 -999.00 -999.00
     78.00 -999.00 -999.00 -999.00 -999.00
  KCCU      253.85   39.47    2.50    2.24    1.43    1.38  0
    147.00   10.00    2.50    2.23    1.56    1.53
     64.00    2.28    2.65    1.38    2.45
  KDAG      243.22   34.85    1.51    1.86    2.77    1.96  0
     79.00    2.00    1.80    1.85    3.11    1.85
     76.00    1.80    2.40    3.04    2.52
  KEED      245.38   34.77    2.59    2.93    2.43    1.71  0
     84.00    7.00    2.80    3.25    2.52    1.71
     71.00    3.05    2.50    1.85    2.89
  KGJT      251.47   39.11    1.97    1.82    2.80    2.18  0
     84.00    5.00    1.90    2.30    3.56    2.22
     73.00    2.30    1.10    2.74    4.15
  KHII      245.64   34.57    1.61    1.89    2.26    1.56  0
    156.00    0.00    2.45    2.30    2.26    1.30
     78.00    2.25    1.48    2.52    2.78
  KLAS      244.83   36.08    2.73    2.65    2.26    1.94  0
     82.00    0.00    3.20    2.68    2.30    2.41
     78.00    2.95    2.72    2.30    2.63
  KMNI      279.78   33.58   -2.58   -2.48    0.90    0.89  0
    156.00    2.00   -2.50   -2.60    1.04    1.04
     77.00   -2.15   -2.93    0.96    0.78
  KMTJ      252.10   38.50    1.82    1.80    2.53    1.96  0
     85.00    2.00    1.75    2.35    3.34    2.15
     76.00    2.05    0.65    1.78    3.56
  KNID      242.32   35.68    1.71    1.75    2.99    2.34  0
     78.00    2.00    2.65    2.30    2.22    2.08
     76.00    2.80    2.15    2.82    2.30
  KRIL      252.28   39.53    1.64    2.25    2.87    2.01  0
     92.00   22.00    3.40    2.70    2.82    1.78
     56.00    2.85    0.70    2.22    4.15
  KSLC      248.03   40.78    2.29    1.97    2.30    2.10  0
     80.00    7.00    2.38    2.15    3.11    2.74
     70.00    2.50    2.35    3.19    1.63
  KU42      248.01   40.61    2.51    2.04    2.55    2.15  0
    161.00    4.00    2.70    2.70    3.00    1.74
     76.00    2.80    2.77    2.85    2.69
  KVGT      244.80   36.21    2.33    2.27    2.48    2.17  0
     91.00    7.00    2.53    3.30    1.96    1.85
     72.00    2.60    2.78    1.56    2.37
  LSZC        8.38   46.97    2.53    2.00    1.93    1.50  0
     78.00    1.00    3.40    2.30    1.63    1.19
     77.00    3.20    2.25    1.78    2.45
  MHSC      272.38   14.38    3.11    3.03    1.62    1.61  0
     72.00   12.00    3.20    3.30    1.41    1.19
     47.00 -999.00 -999.00 -999.00 -999.00
  PAVD      213.73   61.13    1.99    1.56    2.21    2.19  0
     96.00    5.00    2.60    2.22    2.22    2.15
     72.00    2.76    2.00    1.26    3.41
  PHTO      204.93   19.72    1.92    1.75    1.70    1.54  0
    113.00    0.00    2.32    1.72    1.74    1.48
     78.00    1.50    3.35    1.63    2.82
  SKAR      284.28    4.50    2.76    2.73    1.44    1.32  0
     65.00    3.00    2.90    2.90    1.04    0.89
     54.00 -999.00 -999.00 -999.00 -999.00
  SKCL      283.62    3.55    2.15    2.00    1.81    1.78  0
     80.00    9.00    2.00    2.05    2.15    2.15
     68.00    1.65    2.30    2.67    1.78
  SKNV      284.70    2.97    2.57    2.33    1.64    1.56  0
     54.00    2.00    2.70    2.60    1.33    1.33
     49.00 -999.00 -999.00 -999.00 -999.00
  SVMI      293.02   10.60    2.72    2.59    1.24    1.21  0
     66.00    5.00    3.50    3.47    1.48    1.67
     60.00    2.65    2.50    1.04    1.19
  KHTH      241.37   38.54    1.99    1.88    2.95    2.32  0
    141.00   13.00    2.75    2.55    2.89    2.00
     63.00    3.62    2.28    2.41    3.11
  BGBW      314.58   61.18    3.13    2.51    1.68    1.54  0
     79.00    9.00    3.30    2.55    1.63    1.56
     68.00    3.03    4.05    1.19    1.85
  KASE      253.13   39.22    1.42    2.93    2.29    1.38  0
     91.00   35.00    1.53    3.20    2.37    1.33
     44.00 -999.00 -999.00 -999.00 -999.00
  KGCD      241.04   44.40    1.72    2.47    2.78    1.75  0
    155.00    8.00    2.15    3.00    2.30    1.56
     73.00    2.40    1.99    2.34    3.21
  KIFP      245.44   35.15    2.47    2.95    2.22    1.53  0
    113.00   23.00    2.83    3.13    2.19    1.85
     50.00 -999.00 -999.00 -999.00 -999.00
  KLWS      242.98   46.38    1.88    2.28    2.24    1.49  0
     82.00    0.00    1.90    2.62    2.37    1.37
     78.00    2.10    1.80    2.22    2.30
  KMHV      241.85   35.07    2.12    2.56    2.14    1.38  0
     87.00    0.00    2.50    2.70    1.78    1.48
     78.00    2.88    2.30    1.96    1.48
  KPMD      241.92   34.63    1.42    2.32    2.37    1.57  0
     84.00    0.00    1.77    2.60    1.82    1.26
     78.00    2.50    1.40    1.74    1.70
  KTOC      276.71   34.59    2.37    2.45    1.62    0.97  0
    152.00    1.00    2.62    2.45    1.89    0.84
     76.00    3.15    2.40    1.26    2.00
  KVJI      277.97   36.68    2.24    2.22    1.52    1.31  0
    160.00    3.00    2.15    2.35    1.33    1.48
     77.00    2.30    1.75    1.04    1.19
  LIVT       13.75   45.65    2.00    1.80    1.37    1.24  0
     72.00    0.00    2.20    1.70    1.33    1.48
     67.00    2.20    2.28    1.41    1.07
  LSZA        8.92   46.00    2.46    2.46    1.55    1.40  0
     79.00    0.00    2.40    2.70    1.56    1.41
     78.00    2.85    2.00    1.19    2.22
  UHMM      150.72   59.92    2.48    2.33    2.78    2.62  0
     88.00   20.00    3.03    3.10    2.56    1.93
     58.00    2.65    3.95    2.82    1.67
  KCXY      283.16   40.22    2.28    2.07    1.36    1.20  0
     93.00    3.00    2.40    2.10    0.59    0.74
     77.00    2.45    2.35    0.74    0.70
  LIMJ        8.85   44.42    2.21    2.13    1.23    1.17  0
     79.00    1.00    3.10    3.10    1.63    1.63
     76.00    2.40    2.90    1.11    1.41
  SKCC      287.48    7.93    3.24    3.12    1.22    1.06  0
     74.00    5.00    2.90    2.95    1.04    0.96
     55.00 -999.00 -999.00 -999.00 -999.00
