  CBBC      231.84   52.19    0.07    0.37    1.91    1.98  3
  CXWT      304.67   47.14   -0.75   -0.70    2.13    1.24  3
  CYDB      220.95   61.36    1.81    1.48    2.14    2.08  3
  CYDL      230.00   58.42    0.87    0.81    2.37    2.33  3
  CYLW      240.63   49.95    1.62    1.78    2.36    2.23  3
  CYMA      224.14   63.61    0.37    0.35    2.48    2.39  3
  CYXY      224.94   60.71    0.74    0.61    2.13    2.08  3
  CYYD      232.82   54.82    1.74    1.71    2.19    2.27  3
  CYYW      271.46   50.17    0.86    0.56    2.11    1.66  3
  CYZY      236.87   55.30    1.73    1.90    1.90    1.84  3
  ETAR        7.60   49.43   -0.18   -0.24    2.25    2.35  3
  K05U      244.00   39.60    0.66    0.30    2.89    2.85  3
  K0E0      254.00   34.97    0.49    0.48    2.17    2.26  3
  K1S5      240.04   46.33   -0.51   -0.67    2.13    1.99  3
  K20V      253.63   40.04    0.77    0.69    2.44    2.37  3
  K33V      253.74   40.75    0.45    0.37    2.68    2.36  3
  K4BM      254.48   39.04   -0.40   -0.54    2.31    2.26  3
  K4V0      251.24   40.10    1.15    0.70    2.13    2.13  3
  K5SM      252.63   39.42    0.71   -0.09    2.54    2.46  3
  KAAT      239.43   41.49    0.73    0.62    2.16    2.12  3
  KAFO      249.07   42.71   -0.06   -0.11    2.86    2.55  3
  KALM      254.02   32.83    1.53    1.44    2.11    1.84  3
  KALS      254.13   37.45   -0.09   -0.16    1.94    1.85  3
  KAWO      237.83   48.17    0.20    0.31    2.01    1.83  3
  KAXX      254.72   36.42   -0.60   -0.55    2.35    2.05  3
  KAZC      246.99   36.96    0.05   -0.31    2.47    2.47  3
  KBAM      243.09   40.56    0.84    0.69    2.55    2.66  3
  KBKE      242.18   44.83    0.70    0.83    2.60    2.57  3
  KBML      288.82   44.58    1.13    1.01    2.01    1.86  3
  KBNO      241.05   43.58    0.05   -0.13    2.25    2.12  3
  KBOK      235.71   42.07   -0.99   -1.15    2.15    2.01  3
  KBPI      249.90   42.57    0.06   -0.36    2.12    2.14  3
  KBTM      247.50   45.95    1.08    1.15    2.25    2.31  3
  KCAG      252.48   40.50    1.18    1.13    2.64    2.50  3
  KCDC      246.90   37.70    1.95    1.81    2.01    1.89  3
  KCEZ      251.37   37.29   -0.08   -0.21    2.67    2.60  3
  KCLM      236.50   48.12   -0.04    0.07    2.21    1.95  3
  KCMR      247.80   35.29   -0.62   -0.60    2.28    1.88  3
  KCNO      242.37   33.97    1.35    1.39    2.15    2.16  3
  KCPW      253.20   37.45   -0.64   -1.15    2.06    1.95  3
  KCQC      254.33   35.00   -0.62   -0.51    2.56    2.43  3
  KCUT      256.38   43.73    0.14    0.21    2.23    2.26  3
  KCVH      238.59   36.89   -0.15    0.29    2.28    2.15  3
  KCXP      240.27   39.18    1.68    1.48    2.26    2.48  3
  KCZZ      243.53   32.61   -0.03   -0.20    2.31    2.26  3
  KDEW      242.59   47.97    0.09    0.15    2.21    2.22  3
  KDRA      243.98   36.61    2.39    1.95    2.17    2.26  3
  KDUB      250.32   43.55    1.59    1.47    2.01    1.69  3
  KEHY      253.54   41.73    1.17    0.90    2.17    1.82  3
  KEKO      244.22   40.83    0.34    0.02    2.63    2.84  3
  KEKS      248.35   45.26    1.66    1.80    2.28    2.08  3
  KELN      239.47   47.03    2.19    2.35    2.21    2.06  3
  KELY      245.15   39.28    1.51    1.21    2.66    2.70  3
  KEMM      249.44   41.82   -0.87   -0.88    2.47    1.94  3
  KFHR      236.98   48.52    0.29    0.37    2.58    2.11  3
  KFLG      248.33   35.13   -1.62   -1.58    2.42    1.88  3
  KFLY      255.43   38.95   -0.16   -0.01    2.19    2.10  3
  KGDP      255.20   31.83    0.58    0.63    2.03    2.02  3
  KGNB      254.09   40.08   -0.25   -0.26    2.79    2.57  3
  KGNT      252.10   35.17    0.12    0.24    2.17    2.04  3
  KGPI      245.73   48.30    1.30    1.45    2.66    2.47  3
  KGUC      253.07   38.53    1.20    0.99    2.26    2.33  3
  KGUP      251.22   35.52   -0.35   -0.30    2.22    2.07  3
  KHCR      248.57   40.47   -0.14   -0.21    2.48    2.42  3
  KHIE      288.45   44.35    0.94    0.82    2.13    2.00  3
  KHIO      237.05   45.55    0.02    0.16    2.01    1.93  3
  KIZA      239.93   34.60   -0.93   -1.00    2.65    2.71  3
  KJAC      249.27   43.60    0.96    1.00    2.54    2.37  3
  KJTC      250.69   34.13    0.52    0.66    2.42    2.13  3
  KLGD      242.00   45.28    1.55    1.76    2.68    2.66  3
  KLGU      248.15   41.78    0.69    0.24    2.30    2.42  3
  KLMO      254.84   40.15    2.02    1.96    1.98    1.96  3
  KLMT      238.27   42.15   -0.01   -0.05    1.97    1.78  3
  KLOL      241.43   40.07    0.45    0.26    2.19    2.32  3
  KLXV      253.68   39.22    0.52    0.48    2.05    1.79  3
  KMBL      273.75   44.27   -0.46   -0.76    2.26    1.98  3
  KMEH      241.60   45.52    1.10    1.05    2.26    2.38  3
  KMEV      240.25   38.97    0.89    0.55    2.98    2.97  3
  KMHS      237.68   41.32    0.76    0.83    2.52    2.31  3
  KMMH      241.17   37.61    0.30    0.06    2.40    2.40  3
  KMYL      243.90   44.88    0.58    0.76    2.26    2.37  3
  KMYP      253.68   38.47   -0.18   -0.26    1.93    1.91  3
  KNFL      241.30   39.42    0.52    0.16    2.13    2.51  3
  KOLM      237.10   46.97   -0.31   -0.05    2.10    2.08  3
  KP60      249.58   44.55   -0.73   -0.78    2.44    2.11  3
  KP68      243.99   39.60    0.31   -0.06    2.70    2.68  3
  KP69      244.40   46.15    0.94    0.98    2.12    1.96  3
  KPGA      248.55   36.93    1.82    1.49    1.93    1.69  3
  KPLU      237.72   47.10    0.61    0.85    2.12    1.93  3
  KPNA      250.19   42.80    0.26    0.05    2.63    2.40  3
  KPRB      239.37   35.67   -0.31   -0.19    2.23    2.35  3
  KPSO      252.95   37.28    1.25    1.43    2.32    1.88  3
  KRDM      238.85   44.25    0.75    0.76    2.21    2.10  3
  KREO      242.12   42.58    0.59    0.51    2.21    2.10  3
  KRNM      243.09   33.04   -0.26   -0.34    2.53    2.46  3
  KRQE      250.93   35.65   -0.34   -0.31    2.32    2.22  3
  KS32      261.90   47.42    0.70    1.15    2.08    2.11  3
  KSBA      240.17   34.43   -1.79   -2.02    2.04    1.63  3
  KSBD      242.77   34.10    1.65    1.76    2.09    2.05  3
  KSBP      239.37   35.22   -1.20   -1.11    2.11    2.13  3
  KSDB      241.27   34.75    0.52    0.30    1.96    2.19  3
  KSHR      253.03   44.77    0.62    0.77    2.49    2.32  3
  KSIY      237.53   41.78    1.39    1.28    1.91    1.71  3
  KSMN      246.12   45.12    1.26    1.33    2.20    2.23  3
  KSNS      238.40   36.67    0.35    0.63    2.26    1.95  3
  KSTS      237.18   38.50   -0.31   -0.10    2.12    1.99  3
  KSVE      239.43   40.38    1.43    1.42    2.30    2.13  3
  KSXT      236.63   42.62   -0.05   -0.07    2.03    2.24  3
  KSZT      243.44   48.30    0.30    0.63    2.66    2.16  3
  KTCM      237.52   47.13   -0.15    0.11    1.95    1.90  3
  KTMK      236.19   45.42    0.12    0.26    2.26    2.18  3
  KTPH      242.92   38.04    0.86    0.40    2.10    2.19  3
  KTSP      241.57   35.14   -1.51   -1.13    2.01    2.12  3
  KTVL      240.00   38.90    0.57    0.63    2.62    2.25  3
  KUKI      236.80   39.13    1.83    1.98    1.95    1.80  3
  KVQQ      278.12   30.22    0.31    0.47    2.13    1.73  3
  KWVI      238.21   36.94   -0.77   -0.33    2.28    2.12  3
  KWYS      248.88   44.68    0.17    0.18    2.91    2.62  3
  KYKM      239.47   46.57    0.93    1.14    2.48    2.38  3
  LDPL       13.92   44.90   -1.09   -1.19    2.21    1.80  3
  LEBB      357.07   43.30    1.39    1.15    2.14    1.76  3
  LFMV        4.90   43.90   -0.24   -0.22    2.14    1.98  3
  LFSB        7.52   47.60    0.74    0.60    2.09    2.02  3
  LFYR        1.68   47.32   -0.94   -1.07    2.29    1.98  3
  LJPZ       13.62   45.47   -0.23   -0.17    2.07    2.00  3
  LKLN       13.27   49.68    0.07    0.27    2.51    2.34  3
  LPOV      351.37   40.90   -2.28   -1.85    2.21    1.75  3
  LPPR      351.32   41.23   -2.07   -1.78    2.12    1.69  3
  LSGC        6.78   47.08   -1.18   -0.90    2.15    1.91  3
  LSZS        9.88   46.53    1.21    1.22    2.32    2.38  3
  PACV      214.50   60.50    0.57    0.63    2.17    2.09  3
  PAEG      218.85   64.78    1.18    1.29    2.58    2.48  3
  PAGS      224.28   58.42    0.54    0.27    1.96    2.24  3
  PAJN      225.42   58.37    1.34    0.93    2.23    2.58  3
  PASO      208.31   59.44   -0.28   -0.77    1.96    1.74  3
  PATO      211.17   60.78    2.26    2.10    2.38    2.32  3
  PAYA      220.34   59.52    0.74    0.53    2.34    2.24  3
  LFLB        5.88   45.65    2.08    2.08    2.03    1.89  3
  KBVS      237.58   48.47    0.22    0.32    1.96    1.71  3
  CYXS      237.33   53.89   -0.08    0.16    2.02    1.89  3
  CZPC      246.02   49.51    0.09    0.16    1.95    1.75  3
  EDSB        8.08   48.78   -0.21   -0.21    2.00    1.93  3
  K1BW      256.00   41.52   -0.87   -0.68    1.96    1.65  3
  KEEO      252.11   40.04    1.89    1.69    2.10    2.05  3
  KGAO      269.74   29.44   -0.52   -0.49    2.06    1.97  3
  KHMN      253.90   32.85    2.05    1.91    2.22    2.15  3
  KHRI      240.74   45.83    0.86    0.64    1.95    1.78  3
  KHVE      249.30   38.42    1.97    1.33    1.94    1.92  3
  KMFV      284.23   37.65   -0.51   -0.84    2.00    1.80  3
  KMLF      246.99   38.43    1.71    1.30    2.09    2.07  3
  KONO      242.98   44.02    1.02    0.60    1.99    2.02  3
  KPOY      251.20   44.86   -0.96   -0.89    2.08    1.97  3
  KRIW      251.53   43.07   -0.33   -0.43    1.91    1.46  3
  KRTS      240.12   39.65    0.72    0.51    2.09    2.29  3
  KRWL      252.80   41.80    1.10    0.80    1.97    1.69  3
  KS39      239.10   44.28    0.02   -0.14    2.19    1.97  3
  KSBS      253.13   40.52    1.51    1.57    1.96    1.81  3
  KSJX      274.43   45.69   -0.24   -0.24    2.04    1.85  3
  KSNT      245.07   44.17    1.04    1.06    2.84    2.77  3
  KSOW      250.00   34.27   -0.10    0.05    1.90    1.61  3
  KSUN      245.70   43.50    1.43    1.21    1.95    2.01  3
  KTWF      245.52   42.48    0.69    0.44    1.91    1.53  3
  KUIL      235.45   47.95    0.35    0.32    2.02    1.86  3
  KWMC      242.20   40.90    2.06    1.95    2.23    2.30  3
  KWRL      252.05   43.97   -0.39   -0.66    2.05    1.99  3
  LIPQ       13.48   45.82    0.26    0.32    2.08    1.88  3
  PADQ      207.50   57.75    1.35    1.14    1.91    1.88  3
  PANT      228.43   55.03    0.56    0.35    1.92    1.77  3
  PASX      208.97   60.48   -0.41   -0.60    2.09    1.78  3
  KBCE      247.85   37.70   -1.19   -1.34    2.13    1.99  3
  KA08      272.62   32.51    0.09    0.14    1.97    1.33  3
  CYGP      295.53   48.77    0.28    0.24    1.97    1.83  3
  CYQH      231.18   60.11   -0.80   -0.83    1.93    1.86  3
  CYQZ      237.49   53.02   -0.21    0.11    1.99    1.88  3
  CYYY      291.80   48.60    1.26    1.20    1.96    1.79  3
  CYZV      293.74   50.21   -0.24   -0.25    1.99    1.75  3
  EDDF        8.60   50.05   -0.40   -0.49    1.93    1.98  3
  K0CO      254.23   39.79   -1.13   -1.28    1.90    1.71  3
  K1AM      249.20   47.28    0.58    0.83    1.98    1.67  3
  K6S2      235.89   43.98   -0.48   -0.33    1.91    1.76  3
  KAFF      255.18   38.97    1.71    1.74    1.99    1.85  3
  KAJO      242.40   33.90    0.62    0.62    2.00    2.01  3
  KAPC      237.72   38.22   -0.57   -0.26    1.94    1.63  3
  KAVX      241.59   33.40    0.83    1.10    2.00    2.07  3
  KBDN      238.80   44.09    0.68    0.70    1.91    1.70  3
  KDGW      254.62   42.79    0.25    0.18    2.01    1.94  3
  KFKS      273.80   44.63    0.03   -0.23    1.98    1.85  3
  KIXA      282.36   36.33   -2.23   -2.08    4.92    4.87  3
  KLAR      254.33   41.32    1.41    1.23    1.95    1.72  3
  KLDM      273.59   43.96   -0.15   -0.41    2.00    1.74  3
  KLND      251.27   42.82    2.62    2.42    1.94    1.80  3
  KLVM      249.55   45.70    2.17    2.24    2.01    1.92  3
  KMRY      238.15   36.58    0.90    1.08    1.94    1.84  3
  KMWH      240.68   47.20    0.90    1.07    1.93    1.86  3
  KNUQ      237.95   37.42    0.71    1.38    1.91    1.54  3
  KNUW      237.35   48.35    0.81    0.68    1.91    1.73  3
  KPUC      249.25   39.61    2.20    1.76    1.92    1.93  3
  KSJC      238.08   37.36    0.78    1.62    1.99    1.63  3
  KVEL      250.48   40.43    1.46    1.13    2.05    1.94  3
  LESA      354.50   40.95   -0.78   -0.72    2.07    1.87  3
  LFBC      358.88   44.53   -0.31   -0.56    1.97    1.36  3
  LFBE        0.52   44.82   -0.31   -0.61    1.96    1.61  3
  LFMO        4.83   44.13    0.32    0.43    2.01    1.85  3
  LFMT        3.97   43.58    0.47    0.53    2.06    1.95  3
  MHLC      273.13   15.73    1.73    1.63    1.98    1.83  3
  MSLP      270.95   13.43    0.42    0.25    1.96    1.81  3
  PAEN      208.75   60.57   -0.19   -0.31    2.05    1.70  3
