  CBBC      231.84   52.19    0.07    0.37    1.91    1.98  3
     90.00    2.00    0.73    1.00    1.48    1.71
     58.00    0.60    0.30    1.33    2.00
  CXWT      304.67   47.14   -0.75   -0.70    2.13    1.24  3
     60.00    0.00   -0.10   -0.30    2.08    1.04
     60.00   -0.35   -0.60    2.08    1.26
  CYDB      220.95   61.36    1.81    1.48    2.14    2.08  3
     83.00   13.00    2.20    1.90    1.48    1.33
     63.00    2.35    1.85    1.70    1.78
  CYDL      230.00   58.42    0.87    0.81    2.37    2.33  3
     96.00    0.00    1.35    1.25    2.26    2.45
     70.00    1.50    0.80    2.22    3.71
  CYLW      240.63   49.95    1.62    1.78    2.36    2.23  3
     91.00    7.00    2.30    2.47    2.45    2.56
     68.00    0.85    2.45    3.26    2.30
  CYMA      224.14   63.61    0.37    0.35    2.48    2.39  3
     84.00    5.00    1.00    1.00    2.67    2.52
     71.00    2.30   -1.20    1.48    3.19
  CYXY      224.94   60.71    0.74    0.61    2.13    2.08  3
     85.00    0.00    1.00    0.90    2.60    2.52
     76.00    2.05   -0.85    1.48    1.85
  CYYD      232.82   54.82    1.74    1.71    2.19    2.27  3
     98.00    6.00    2.47    2.62    1.67    1.67
     70.00    2.70    2.30    1.33    2.15
  CYYW      271.46   50.17    0.86    0.56    2.11    1.66  3
     90.00    2.00    1.00    0.70    2.67    1.93
     61.00    1.50    0.05    2.22    1.70
  CYZY      236.87   55.30    1.73    1.90    1.90    1.84  3
     91.00    0.00    2.05    2.50    1.56    1.63
     76.00    2.15    2.15    1.78    1.70
  ETAR        7.60   49.43   -0.18   -0.24    2.25    2.35  3
     94.00    3.00    0.35    0.70    2.89    2.60
     72.00    0.45    0.30    2.82    3.41
  K05U      244.00   39.60    0.66    0.30    2.89    2.85  3
    165.00   15.00    0.25   -0.15    3.19    3.30
     72.00   -0.08    0.80    3.19    3.82
  K0E0      254.00   34.97    0.49    0.48    2.17    2.26  3
    166.00    4.00    1.00    1.05    2.67    2.67
     77.00    0.90    0.95    2.37    3.08
  K1S5      240.04   46.33   -0.51   -0.67    2.13    1.99  3
    158.00    0.00   -0.15   -0.45    2.74    2.52
     78.00   -0.82    0.12    2.89    2.93
  K20V      253.63   40.04    0.77    0.69    2.44    2.37  3
    174.00   12.00    2.07    0.70    2.99    2.67
     73.00    1.08    0.77    2.52    1.96
  K33V      253.74   40.75    0.45    0.37    2.68    2.36  3
    155.00    2.00    0.50    0.80    3.19    2.74
     75.00    0.20    0.95    2.59    2.84
  K4BM      254.48   39.04   -0.40   -0.54    2.31    2.26  3
    149.00    0.00   -0.80   -0.90    2.67    2.72
     72.00   -0.60   -0.85    2.78    2.22
  K4V0      251.24   40.10    1.15    0.70    2.13    2.13  3
    154.00    2.00    1.33    0.98    1.96    2.22
     76.00    1.77    1.50    2.45    1.56
  K5SM      252.63   39.42    0.71   -0.09    2.54    2.46  3
    163.00    3.00    0.00   -0.65    3.31    3.19
     75.00   -0.26    0.15    3.43    2.89
  KAAT      239.43   41.49    0.73    0.62    2.16    2.12  3
     90.00    8.00    1.20    1.20    2.82    2.08
     68.00    1.75    1.00    2.22    1.70
  KAFO      249.07   42.71   -0.06   -0.11    2.86    2.55  3
    167.00   23.00    0.90    0.85    2.48    2.04
     68.00    1.10    0.70    2.08    2.74
  KALM      254.02   32.83    1.53    1.44    2.11    1.84  3
    156.00    0.00    1.45    1.23    2.63    2.22
     78.00    0.73    1.58    2.71    2.15
  KALS      254.13   37.45   -0.09   -0.16    1.94    1.85  3
     80.00    0.00   -0.25   -0.45    2.22    2.15
     78.00    0.45   -0.20    2.59    2.52
  KAWO      237.83   48.17    0.20    0.31    2.01    1.83  3
     96.00    0.00    0.60    0.70    2.22    1.78
     75.00    0.85    0.55    1.93    2.52
  KAXX      254.72   36.42   -0.60   -0.55    2.35    2.05  3
    157.00   39.00   -0.30   -0.30    2.45    1.93
     59.00   -0.35    0.05    2.67    2.30
  KAZC      246.99   36.96    0.05   -0.31    2.47    2.47  3
    173.00    9.00    0.25   -0.10    3.49    3.71
     75.00    0.35   -0.50    3.30    3.00
  KBAM      243.09   40.56    0.84    0.69    2.55    2.66  3
    172.00   26.00    1.50    1.60    2.60    2.60
     67.00    1.10    1.98    3.37    2.30
  KBKE      242.18   44.83    0.70    0.83    2.60    2.57  3
     88.00    3.00    1.30    1.50    2.37    2.22
     71.00    1.65    1.35    2.22    3.11
  KBML      288.82   44.58    1.13    1.01    2.01    1.86  3
     98.00    0.00    1.75    1.50    1.74    1.48
     78.00    1.85    1.65    1.41    1.96
  KBNO      241.05   43.58    0.05   -0.13    2.25    2.12  3
     87.00   10.00    0.50    0.50    2.60    2.08
     68.00    0.65    0.90    2.89    2.22
  KBOK      235.71   42.07   -0.99   -1.15    2.15    2.01  3
    100.00    8.00   -1.30   -1.40    2.13    2.18
     72.00   -2.15   -0.23    1.56    2.22
  KBPI      249.90   42.57    0.06   -0.36    2.12    2.14  3
     85.00    2.00    0.50    0.30    2.37    2.22
     77.00    1.15   -0.20    2.45    1.85
  KBTM      247.50   45.95    1.08    1.15    2.25    2.31  3
     84.00    0.00    1.25    1.70    2.60    2.41
     78.00    1.00    1.70    3.34    2.08
  KCAG      252.48   40.50    1.18    1.13    2.64    2.50  3
     81.00    3.00    1.60    1.90    2.67    2.22
     75.00    2.15    1.80    2.08    1.33
  KCDC      246.90   37.70    1.95    1.81    2.01    1.89  3
     88.00    3.00    2.20    2.00    2.37    1.85
     75.00    2.45    2.20    2.59    2.15
  KCEZ      251.37   37.29   -0.08   -0.21    2.67    2.60  3
     84.00    0.00   -0.45   -0.60    3.26    3.11
     78.00   -0.10   -0.45    3.41    3.11
  KCLM      236.50   48.12   -0.04    0.07    2.21    1.95  3
     92.00    2.00    0.40    0.30    2.08    1.93
     77.00   -0.55    0.62    1.70    2.00
  KCMR      247.80   35.29   -0.62   -0.60    2.28    1.88  3
    160.00   15.00    0.08   -0.30    2.26    1.93
     72.00   -1.10    0.48    3.26    1.85
  KCNO      242.37   33.97    1.35    1.39    2.15    2.16  3
     80.00    0.00    1.80    2.30    2.52    2.08
     77.00    1.75    2.05    2.45    2.15
  KCPW      253.20   37.45   -0.64   -1.15    2.06    1.95  3
    166.00    0.00   -1.45   -1.70    1.82    2.15
     76.00   -1.80   -1.17    2.37    2.19
  KCQC      254.33   35.00   -0.62   -0.51    2.56    2.43  3
     82.00    4.00   -1.30   -0.65    3.19    3.04
     72.00   -1.35   -1.05    3.04    2.67
  KCUT      256.38   43.73    0.14    0.21    2.23    2.26  3
     90.00    7.00    0.25    0.15    2.52    2.37
     70.00    0.15    0.15    2.97    1.48
  KCVH      238.59   36.89   -0.15    0.29    2.28    2.15  3
    157.00    0.00   -0.05    0.28    2.67    2.52
     78.00    0.40   -0.15    2.67    3.08
  KCXP      240.27   39.18    1.68    1.48    2.26    2.48  3
    159.00    2.00    2.90    2.43    1.71    1.93
     76.00    2.53    2.20    1.67    2.11
  KCZZ      243.53   32.61   -0.03   -0.20    2.31    2.26  3
     80.00    2.00   -0.10   -0.10    2.97    2.97
     75.00   -0.10   -0.20    3.04    3.48
  KDEW      242.59   47.97    0.09    0.15    2.21    2.22  3
     84.00    8.00    0.90    0.75    1.85    1.85
     70.00    0.30    1.00    2.37    1.56
  KDRA      243.98   36.61    2.39    1.95    2.17    2.26  3
     77.00    2.00    2.50    3.90    2.52    2.08
     71.00    3.70    2.75    1.19    2.45
  KDUB      250.32   43.55    1.59    1.47    2.01    1.69  3
    155.00    3.00    1.40    1.38    2.37    2.04
     76.00    1.35    1.55    2.57    2.00
  KEHY      253.54   41.73    1.17    0.90    2.17    1.82  3
    148.00    3.00    1.75    1.27    2.47    2.04
     72.00    1.83    2.32    1.82    2.41
  KEKO      244.22   40.83    0.34    0.02    2.63    2.84  3
     85.00    3.00    0.40    0.40    3.71    3.86
     75.00    0.30    0.35    3.56    2.82
  KEKS      248.35   45.26    1.66    1.80    2.28    2.08  3
    169.00   17.00    2.45    2.30    2.82    2.15
     72.00    2.35    2.20    1.19    3.19
  KELN      239.47   47.03    2.19    2.35    2.21    2.06  3
     85.00    2.00    2.68    2.78    2.15    2.00
     76.00    2.68    2.65    2.15    2.82
  KELY      245.15   39.28    1.51    1.21    2.66    2.70  3
     89.00    7.00    2.60    2.35    2.22    1.93
     70.00    2.35    2.90    2.89    1.70
  KEMM      249.44   41.82   -0.87   -0.88    2.47    1.94  3
    164.00   12.00   -1.00   -0.95    3.26    2.60
     73.00   -0.30   -1.90    3.26    2.11
  KFHR      236.98   48.52    0.29    0.37    2.58    2.11  3
     96.00    1.00    0.00    0.10    1.93    1.93
     77.00   -0.10   -0.40    2.37    2.08
  KFLG      248.33   35.13   -1.62   -1.58    2.42    1.88  3
     85.00   18.00   -1.10   -1.50    3.11    2.08
     63.00   -3.15   -0.50    2.59    2.37
  KFLY      255.43   38.95   -0.16   -0.01    2.19    2.10  3
    163.00    8.00    0.03    0.05    2.37    2.34
     76.00    0.08    0.10    2.30    1.70
  KGDP      255.20   31.83    0.58    0.63    2.03    2.02  3
     75.00    0.00    0.30    0.20    2.08    1.78
     73.00    0.40    0.10    2.74    2.08
  KGNB      254.09   40.08   -0.25   -0.26    2.79    2.57  3
    146.00    6.00   -1.05   -0.62    2.97    3.15
     72.00   -1.20    0.03    1.70    3.19
  KGNT      252.10   35.17    0.12    0.24    2.17    2.04  3
    157.00    4.00   -0.12    0.28    2.52    2.48
     76.00    1.43    0.03    2.82    2.85
  KGPI      245.73   48.30    1.30    1.45    2.66    2.47  3
     87.00    3.00    2.10    1.90    2.37    2.82
     75.00    1.45    2.80    2.97    1.85
  KGUC      253.07   38.53    1.20    0.99    2.26    2.33  3
     84.00    2.00    3.15    1.50    2.82    2.45
     74.00    2.30    1.40    2.45    3.56
  KGUP      251.22   35.52   -0.35   -0.30    2.22    2.07  3
     83.00    3.00   -0.60   -0.40    2.67    2.22
     75.00   -0.45   -0.55    2.00    2.74
  KHCR      248.57   40.47   -0.14   -0.21    2.48    2.42  3
    169.00   42.00   -0.32    0.93    2.97    2.97
     58.00   -0.52    1.22    2.11    2.82
  KHIE      288.45   44.35    0.94    0.82    2.13    2.00  3
    100.00    0.00    1.35    1.31    1.82    1.45
     78.00    1.45    1.00    1.13    2.52
  KHIO      237.05   45.55    0.02    0.16    2.01    1.93  3
     82.00    0.00    0.10    0.20    2.15    1.93
     78.00    0.40   -0.55    2.08    2.08
  KIZA      239.93   34.60   -0.93   -1.00    2.65    2.71  3
    166.00   40.00   -1.60   -1.70    2.82    2.82
     57.00   -2.53   -0.90    3.11    3.67
  KJAC      249.27   43.60    0.96    1.00    2.54    2.37  3
     66.00    1.00    1.40    1.45    3.04    2.45
     62.00   -0.05    1.70    3.26    2.67
  KJTC      250.69   34.13    0.52    0.66    2.42    2.13  3
    156.00    2.00    0.80    0.90    2.82    2.22
     77.00    0.15    1.35    2.15    2.82
  KLGD      242.00   45.28    1.55    1.76    2.68    2.66  3
     86.00    2.00    2.50    2.65    1.63    1.71
     75.00    2.70    2.50    0.89    2.30
  KLGU      248.15   41.78    0.69    0.24    2.30    2.42  3
     81.00    1.00    0.50    0.40    2.97    3.11
     77.00    0.35    1.45    2.82    2.30
  KLMO      254.84   40.15    2.02    1.96    1.98    1.96  3
    129.00    5.00    2.25    2.30    2.00    1.93
     63.00    2.33    2.33    2.30    2.19
  KLMT      238.27   42.15   -0.01   -0.05    1.97    1.78  3
     80.00    0.00    0.05    0.00    2.00    1.71
     74.00   -0.20    0.50    2.08    1.48
  KLOL      241.43   40.07    0.45    0.26    2.19    2.32  3
     82.00   12.00    0.70    0.90    2.15    2.22
     66.00    0.60    0.70    2.37    2.15
  KLXV      253.68   39.22    0.52    0.48    2.05    1.79  3
     84.00    1.00    0.20    0.05    1.85    1.71
     78.00    0.00    0.70    1.48    2.67
  KMBL      273.75   44.27   -0.46   -0.76    2.26    1.98  3
     91.00    0.00   -0.20   -0.05    2.08    1.56
     68.00    0.20   -0.40    1.93    1.63
  KMEH      241.60   45.52    1.10    1.05    2.26    2.38  3
     87.00   22.00    1.55    1.25    1.85    1.71
     56.00    2.00    1.15    1.70    1.96
  KMEV      240.25   38.97    0.89    0.55    2.98    2.97  3
    166.00   15.00    1.45    0.95    4.00    3.93
     73.00   -0.45    2.20    3.48    3.34
  KMHS      237.68   41.32    0.76    0.83    2.52    2.31  3
     86.00    5.00    1.45    1.50    1.78    2.08
     68.00    1.60    1.60    2.08    1.48
  KMMH      241.17   37.61    0.30    0.06    2.40    2.40  3
    165.00   42.00   -0.05   -0.25    2.89    3.19
     59.00    1.35   -0.90    2.85    2.19
  KMYL      243.90   44.88    0.58    0.76    2.26    2.37  3
     87.00    0.00    0.60    0.80    3.11    2.97
     75.00    1.90   -0.20    2.08    2.30
  KMYP      253.68   38.47   -0.18   -0.26    1.93    1.91  3
    151.00    0.00   -0.55   -0.70    1.41    1.63
     72.00   -0.55   -0.50    1.78    1.26
  KNFL      241.30   39.42    0.52    0.16    2.13    2.51  3
     82.00    1.00    1.00    1.00    2.37    2.37
     73.00    1.00    1.15    2.74    2.30
  KOLM      237.10   46.97   -0.31   -0.05    2.10    2.08  3
     84.00    0.00   -0.10    0.15    2.00    1.56
     78.00    0.60   -0.45    1.93    2.00
  KP60      249.58   44.55   -0.73   -0.78    2.44    2.11  3
     79.00    7.00   -0.70   -0.65    2.93    2.45
     70.00   -1.10   -0.85    3.26    2.52
  KP68      243.99   39.60    0.31   -0.06    2.70    2.68  3
     79.00    4.00   -0.45   -0.40    3.19    3.71
     70.00    0.60   -0.45    4.00    3.78
  KP69      244.40   46.15    0.94    0.98    2.12    1.96  3
     80.00    2.00    0.80    0.90    2.52    2.22
     75.00    0.70    1.25    2.52    2.74
  KPGA      248.55   36.93    1.82    1.49    1.93    1.69  3
     79.00    2.00    2.00    1.70    1.48    1.48
     75.00    2.00    2.15    2.00    1.33
  KPLU      237.72   47.10    0.61    0.85    2.12    1.93  3
    161.00    2.00    0.80    1.10    2.74    2.67
     77.00    1.00    0.62    2.31    3.48
  KPNA      250.19   42.80    0.26    0.05    2.63    2.40  3
    164.00    2.00    0.10   -0.25    2.97    3.11
     77.00    0.12    0.40    3.08    2.41
  KPRB      239.37   35.67   -0.31   -0.19    2.23    2.35  3
     89.00    0.00   -0.10    0.05    2.52    2.67
     78.00    0.05    0.75    1.93    1.85
  KPSO      252.95   37.28    1.25    1.43    2.32    1.88  3
    157.00    3.00    1.02    1.30    2.71    2.00
     78.00    1.02    1.28    2.19    2.82
  KRDM      238.85   44.25    0.75    0.76    2.21    2.10  3
     80.00    0.00    1.15    1.35    2.08    2.00
     78.00    1.50    0.80    2.15    1.70
  KREO      242.12   42.58    0.59    0.51    2.21    2.10  3
     82.00    1.00    0.70    0.80    2.22    2.37
     77.00    1.10    0.70    2.22    2.15
  KRNM      243.09   33.04   -0.26   -0.34    2.53    2.46  3
     88.00    3.00   -1.00   -1.10    2.37    2.22
     75.00   -1.05   -1.00    1.70    2.37
  KRQE      250.93   35.65   -0.34   -0.31    2.32    2.22  3
     75.00    3.00   -0.30   -0.30    2.52    2.37
     68.00   -0.05   -0.40    2.59    2.15
  KS32      261.90   47.42    0.70    1.15    2.08    2.11  3
    158.00   14.00    0.93    1.52    1.93    1.74
     70.00    1.20    1.10    1.85    1.78
  KSBA      240.17   34.43   -1.79   -2.02    2.04    1.63  3
     85.00    1.00   -2.00   -2.10    1.93    1.78
     77.00   -1.45   -2.05    1.70    3.04
  KSBD      242.77   34.10    1.65    1.76    2.09    2.05  3
     76.00   10.00    2.10    2.55    2.08    2.00
     59.00    2.75    1.30    1.70    3.19
  KSBP      239.37   35.22   -1.20   -1.11    2.11    2.13  3
     92.00    3.00   -0.95    0.05    2.89    2.82
     76.00   -0.65   -1.05    2.59    2.89
  KSDB      241.27   34.75    0.52    0.30    1.96    2.19  3
     87.00    0.00    0.18   -0.20    1.83    2.08
     74.00    0.60   -0.45    3.04    1.04
  KSHR      253.03   44.77    0.62    0.77    2.49    2.32  3
     89.00    4.00    0.80    1.65    2.74    2.45
     74.00    1.45    1.20    2.67    2.45
  KSIY      237.53   41.78    1.39    1.28    1.91    1.71  3
     82.00    0.00    1.60    1.55    1.48    1.48
     78.00    1.80    1.20    1.93    1.70
  KSMN      246.12   45.12    1.26    1.33    2.20    2.23  3
     82.00    8.00    1.10    1.30    2.52    2.60
     68.00    1.05    1.20    3.11    2.34
  KSNS      238.40   36.67    0.35    0.63    2.26    1.95  3
     94.00    3.00    0.70    0.90    2.37    2.08
     77.00    1.20    0.65    2.45    2.11
  KSTS      237.18   38.50   -0.31   -0.10    2.12    1.99  3
     85.00    3.00   -0.30    0.00    2.15    1.93
     75.00   -0.50    0.00    1.93    2.52
  KSVE      239.43   40.38    1.43    1.42    2.30    2.13  3
    158.00    2.00    1.30    2.10    2.67    2.22
     77.00    1.45    1.55    2.78    2.52
  KSXT      236.63   42.62   -0.05   -0.07    2.03    2.24  3
     85.00    0.00   -0.50   -0.60    1.93    2.08
     73.00   -0.35   -0.65    1.78    1.78
  KSZT      243.44   48.30    0.30    0.63    2.66    2.16  3
    163.00    4.00    0.93    0.80    2.67    2.37
     76.00    0.60    1.20    3.19    2.34
  KTCM      237.52   47.13   -0.15    0.11    1.95    1.90  3
     84.00    0.00    0.50    0.65    1.93    1.52
     70.00    0.57   -0.20    2.00    2.77
  KTMK      236.19   45.42    0.12    0.26    2.26    2.18  3
    160.00    4.00    0.80    0.90    1.93    1.78
     77.00    0.65    0.43    1.63    2.89
  KTPH      242.92   38.04    0.86    0.40    2.10    2.19  3
     71.00    1.00    2.20    1.25    2.97    3.11
     70.00   -0.10    1.15    2.45    2.30
  KTSP      241.57   35.14   -1.51   -1.13    2.01    2.12  3
    161.00   16.00   -1.40   -1.00    2.30    2.60
     71.00   -0.98   -1.40    1.93    3.00
  KTVL      240.00   38.90    0.57    0.63    2.62    2.25  3
     80.00   16.00    1.50    1.35    1.78    1.33
     62.00    1.55    1.50    1.70    1.78
  KUKI      236.80   39.13    1.83    1.98    1.95    1.80  3
     93.00    4.00    1.85    2.30    2.00    1.78
     74.00    1.55    1.60    1.70    2.15
  KVQQ      278.12   30.22    0.31    0.47    2.13    1.73  3
    110.00    0.00   -0.15    0.10    2.45    1.89
     78.00   -0.05   -0.20    1.59    3.04
  KWVI      238.21   36.94   -0.77   -0.33    2.28    2.12  3
     96.00    3.00   -0.40   -0.07    2.37    1.88
     75.00   -0.50   -0.35    2.82    2.08
  KWYS      248.88   44.68    0.17    0.18    2.91    2.62  3
    172.00   10.00    0.10    0.55    3.21    2.97
     73.00   -0.45    0.45    3.11    1.59
  KYKM      239.47   46.57    0.93    1.14    2.48    2.38  3
     79.00    2.00    1.60    1.55    2.52    2.30
     76.00    2.00    1.20    2.15    2.82
  LDPL       13.92   44.90   -1.09   -1.19    2.21    1.80  3
     79.00    4.00   -1.20   -1.30    2.30    2.08
     74.00   -0.40   -1.50    2.22    2.22
  LEBB      357.07   43.30    1.39    1.15    2.14    1.76  3
     79.00    0.00    1.45    1.25    2.15    1.48
     78.00    1.40    2.55    2.15    2.82
  LFMV        4.90   43.90   -0.24   -0.22    2.14    1.98  3
     79.00    0.00    0.25    0.20    2.30    2.22
     78.00    0.55   -0.05    1.48    3.34
  LFSB        7.52   47.60    0.74    0.60    2.09    2.02  3
     79.00    0.00    1.45    1.30    1.71    1.63
     78.00    1.55    1.70    2.30    1.78
  LFYR        1.68   47.32   -0.94   -1.07    2.29    1.98  3
     77.00    3.00    1.10   -0.30    2.08    1.63
     73.00   -0.25   -0.65    1.56    3.04
  LJPZ       13.62   45.47   -0.23   -0.17    2.07    2.00  3
     79.00    0.00    0.20    0.10    2.74    2.67
     78.00    0.40    1.10    2.15    2.59
  LKLN       13.27   49.68    0.07    0.27    2.51    2.34  3
     78.00    4.00    0.90    1.00    2.22    1.63
     73.00    1.50   -0.15    1.41    2.74
  LPOV      351.37   40.90   -2.28   -1.85    2.21    1.75  3
     76.00    9.00   -2.60   -2.15    2.22    1.56
     66.00   -2.90   -2.75    2.52    2.00
  LPPR      351.32   41.23   -2.07   -1.78    2.12    1.69  3
     79.00    8.00   -2.00   -1.65    2.30    1.41
     70.00   -1.65   -2.10    2.37    1.19
  LSGC        6.78   47.08   -1.18   -0.90    2.15    1.91  3
     79.00   11.00   -0.70   -0.50    1.78    1.63
     67.00   -0.85   -0.60    1.63    2.15
  LSZS        9.88   46.53    1.21    1.22    2.32    2.38  3
     87.00    8.00    1.55    1.80    2.37    2.45
     70.00    1.75    2.30    1.93    2.37
  PACV      214.50   60.50    0.57    0.63    2.17    2.09  3
     98.00    5.00    1.00    1.10    2.22    2.22
     74.00    1.65    0.90    1.33    1.67
  PAEG      218.85   64.78    1.18    1.29    2.58    2.48  3
     92.00   17.00    1.90    2.00    2.08    1.93
     64.00    2.25    1.50    1.93    3.26
  PAGS      224.28   58.42    0.54    0.27    1.96    2.24  3
    103.00    8.00    0.90    0.80    1.56    2.08
     68.00    1.25    0.10    0.96    2.11
  PAJN      225.42   58.37    1.34    0.93    2.23    2.58  3
     87.00    2.00    1.80    1.60    1.48    1.93
     76.00    2.20    1.00    0.89    2.37
  PASO      208.31   59.44   -0.28   -0.77    1.96    1.74  3
     90.00    4.00   -0.15   -0.65    2.00    1.85
     74.00    1.10   -0.45    1.48    1.26
  PATO      211.17   60.78    2.26    2.10    2.38    2.32  3
    107.00    5.00    2.90    3.00    1.78    1.63
     76.00    3.00    3.45    0.89    1.93
  PAYA      220.34   59.52    0.74    0.53    2.34    2.24  3
    106.00    7.00    1.10    0.80    2.08    2.08
     71.00    1.40    0.65    1.33    2.00
  LFLB        5.88   45.65    2.08    2.08    2.03    1.89  3
     82.00    2.00    2.47    2.50    2.19    2.00
     74.00    2.72    1.25    1.85    3.04
  KBVS      237.58   48.47    0.22    0.32    1.96    1.71  3
    134.00    3.00    0.30    0.60    1.93    1.56
     65.00    0.12    1.27    3.00    2.59
  CYXS      237.33   53.89   -0.08    0.16    2.02    1.89  3
    109.00    8.00    0.10    0.40    1.78    1.78
     73.00   -0.50    1.40    2.45    1.41
  CZPC      246.02   49.51    0.09    0.16    1.95    1.75  3
     96.00    1.00    0.05    0.28    2.08    1.78
     76.00    0.75   -0.15    2.48    1.11
  EDSB        8.08   48.78   -0.21   -0.21    2.00    1.93  3
     79.00    0.00    1.30    0.45    1.85    1.85
     76.00    1.30   -0.65    1.11    2.67
  K1BW      256.00   41.52   -0.87   -0.68    1.96    1.65  3
     58.00    4.00   -0.30   -0.40    2.00    1.63
     54.00 -999.00 -999.00 -999.00 -999.00
  KEEO      252.11   40.04    1.89    1.69    2.10    2.05  3
     82.00    1.00    2.25    2.15    1.85    2.00
     74.00    1.50    2.40    1.85    1.56
  KGAO      269.74   29.44   -0.52   -0.49    2.06    1.97  3
    154.00    0.00   -0.70   -0.65    1.85    1.78
     77.00   -0.67   -0.77    2.37    1.67
  KHMN      253.90   32.85    2.05    1.91    2.22    2.15  3
     66.00    2.00    2.20    2.10    2.82    2.67
     54.00 -999.00 -999.00 -999.00 -999.00
  KHRI      240.74   45.83    0.86    0.64    1.95    1.78  3
     76.00    1.00    1.25    1.00    1.71    1.56
     74.00    0.45    1.50    2.00    1.41
  KHVE      249.30   38.42    1.97    1.33    1.94    1.92  3
    161.00    4.00    2.28    1.77    1.67    1.45
     78.00    2.82    2.28    1.70    1.85
  KMFV      284.23   37.65   -0.51   -0.84    2.00    1.80  3
    157.00    2.00   -0.50   -0.85    1.71    1.71
     77.00   -0.55   -0.47    2.26    1.30
  KMLF      246.99   38.43    1.71    1.30    2.09    2.07  3
    324.00    0.00    2.10    1.81    2.25    1.96
     78.00    2.00    1.75    2.82    2.83
  KONO      242.98   44.02    1.02    0.60    1.99    2.02  3
     80.00    5.00    0.80    0.70    1.93    1.93
     71.00    0.90    1.15    1.93    2.37
  KPOY      251.20   44.86   -0.96   -0.89    2.08    1.97  3
    152.00    2.00   -0.80   -0.77    2.45    2.04
     74.00   -0.98   -0.52    2.67    1.96
  KRIW      251.53   43.07   -0.33   -0.43    1.91    1.46  3
     80.00    2.00   -0.20   -0.30    2.22    1.48
     77.00   -0.15    0.00    2.00    2.15
  KRTS      240.12   39.65    0.72    0.51    2.09    2.29  3
    159.00    4.00    1.30    1.60    1.63    1.33
     77.00    1.20    1.45    1.78    1.63
  KRWL      252.80   41.80    1.10    0.80    1.97    1.69  3
     84.00    3.00    1.30    1.10    2.08    1.63
     75.00    1.45    0.80    1.93    1.93
  KS39      239.10   44.28    0.02   -0.14    2.19    1.97  3
    168.00    9.00    0.52    0.43    2.26    1.74
     76.00    0.55    0.45    2.59    1.22
  KSBS      253.13   40.52    1.51    1.57    1.96    1.81  3
    156.00    3.00    3.25    1.85    2.67    1.56
     77.00    1.38    1.55    1.37    2.26
  KSJX      274.43   45.69   -0.24   -0.24    2.04    1.85  3
    215.00   11.00   -0.58   -0.42    1.64    1.37
     76.00    0.92   -0.90    2.93    1.24
  KSNT      245.07   44.17    1.04    1.06    2.84    2.77  3
     88.00   24.00    2.15    2.53    2.89    2.78
     54.00 -999.00 -999.00 -999.00 -999.00
  KSOW      250.00   34.27   -0.10    0.05    1.90    1.61  3
    146.00    0.00    0.00    0.15    1.85    1.56
     73.00   -0.30    0.62    1.45    1.52
  KSUN      245.70   43.50    1.43    1.21    1.95    2.01  3
     99.00    0.00    1.65    1.35    2.37    2.15
     78.00    1.20    1.75    2.82    1.56
  KTWF      245.52   42.48    0.69    0.44    1.91    1.53  3
     81.00    2.00    0.85    0.60    1.63    1.33
     76.00    0.60    1.10    2.00    2.00
  KUIL      235.45   47.95    0.35    0.32    2.02    1.86  3
    118.00   10.00    0.50    0.50    1.71    1.48
     72.00    0.20    0.30    1.56    2.22
  KWMC      242.20   40.90    2.06    1.95    2.23    2.30  3
     81.00   18.00    2.95    2.90    1.63    1.41
     60.00    2.85    3.20    1.93    0.89
  KWRL      252.05   43.97   -0.39   -0.66    2.05    1.99  3
     83.00    0.00   -0.35   -0.60    2.15    1.93
     78.00   -0.05   -0.40    2.59    1.63
  LIPQ       13.48   45.82    0.26    0.32    2.08    1.88  3
     75.00    0.00    0.10   -0.20    2.08    1.93
     75.00    0.15    0.45    1.26    3.34
  PADQ      207.50   57.75    1.35    1.14    1.91    1.88  3
     86.00    0.00    3.20    1.20    2.82    1.48
     78.00    1.85    1.00    2.00    1.26
  PANT      228.43   55.03    0.56    0.35    1.92    1.77  3
     75.00    0.00    1.25    1.30    1.78    1.93
     62.00    0.90   -0.05    1.33    1.70
  PASX      208.97   60.48   -0.41   -0.60    2.09    1.78  3
     85.00    6.00   -0.20   -0.45    2.22    1.71
     73.00    0.80   -0.35    1.48    2.63
  KBCE      247.85   37.70   -1.19   -1.34    2.13    1.99  3
     78.00    8.00   -1.20   -1.70    2.26    1.78
     60.00   -1.75   -0.90    2.97    1.33
  KA08      272.62   32.51    0.09    0.14    1.97    1.33  3
    114.00    0.00   -0.18   -0.22    1.56    0.89
     58.00   -0.30   -0.20    2.04    2.22
  CYGP      295.53   48.77    0.28    0.24    1.97    1.83  3
     80.00    0.00    0.35    0.30    2.08    1.93
     76.00    0.80    0.15    1.63    2.15
  CYQH      231.18   60.11   -0.80   -0.83    1.93    1.86  3
     83.00    6.00    1.70    1.80    3.86    4.00
     71.00   -0.55   -0.40    1.78    2.97
  CYQZ      237.49   53.02   -0.21    0.11    1.99    1.88  3
    113.00    1.00    0.10    0.40    2.37    2.22
     75.00    0.30    0.00    3.01    2.15
  CYYY      291.80   48.60    1.26    1.20    1.96    1.79  3
     90.00    1.00    1.20    1.40    1.78    1.78
     75.00    2.00    0.50    1.70    1.19
  CYZV      293.74   50.21   -0.24   -0.25    1.99    1.75  3
     90.00    3.00    0.00   -0.25    1.78    1.71
     74.00    0.20   -0.50    1.63    1.48
  EDDF        8.60   50.05   -0.40   -0.49    1.93    1.98  3
     80.00    1.00    0.00    0.10    2.22    2.37
     77.00    0.30   -0.30    2.08    2.74
  K0CO      254.23   39.79   -1.13   -1.28    1.90    1.71  3
    141.00    0.00   -1.60   -1.60    1.56    1.63
     75.00   -1.70   -1.30    3.15    1.04
  K1AM      249.20   47.28    0.58    0.83    1.98    1.67  3
     60.00    0.00    0.75    1.00    1.78    1.41
     60.00    0.80    1.15    1.78    2.00
  K6S2      235.89   43.98   -0.48   -0.33    1.91    1.76  3
    128.00    0.00   -0.45   -0.15    2.00    1.78
     65.00   -0.35   -0.60    1.67    2.41
  KAFF      255.18   38.97    1.71    1.74    1.99    1.85  3
     79.00    0.00    1.77    2.00    2.04    1.41
     64.00    1.85    1.70    1.93    2.15
  KAJO      242.40   33.90    0.62    0.62    2.00    2.01  3
     66.00    2.00    1.50    0.50    2.52    2.08
     63.00    0.50    0.95    1.33    3.19
  KAPC      237.72   38.22   -0.57   -0.26    1.94    1.63  3
     86.00    3.00   -0.20    0.00    1.93    1.63
     75.00   -0.05   -0.25    1.56    1.33
  KAVX      241.59   33.40    0.83    1.10    2.00    2.07  3
     90.00    0.00    0.90    1.20    2.08    2.22
     73.00    1.05    0.55    1.82    1.70
  KBDN      238.80   44.09    0.68    0.70    1.91    1.70  3
    156.00    0.00    0.80    1.05    2.08    1.59
     78.00    0.77    0.55    1.56    2.45
  KDGW      254.62   42.79    0.25    0.18    2.01    1.94  3
     90.00    1.00    0.40    0.30    1.93    2.52
     76.00    0.70    0.05    1.63    2.30
  KFKS      273.80   44.63    0.03   -0.23    1.98    1.85  3
    140.00    0.00   -0.28   -0.23    2.22    1.59
     70.00    0.10   -0.52    2.08    1.89
  KIXA      282.36   36.33   -2.23   -2.08    4.92    4.87  3
    147.00    0.00   -1.20   -1.15    1.11    0.82
     74.00   -1.70   -0.70    1.67    1.07
  KLAR      254.33   41.32    1.41    1.23    1.95    1.72  3
     82.00    0.00    1.40    1.25    2.37    2.08
     78.00    1.25    1.65    1.93    2.26
  KLDM      273.59   43.96   -0.15   -0.41    2.00    1.74  3
    156.00    2.00    0.15   -0.15    1.78    1.41
     77.00   -0.28   -0.02    2.41    1.56
  KLND      251.27   42.82    2.62    2.42    1.94    1.80  3
     83.00    3.00    3.10    2.80    1.78    1.33
     75.00    3.25    1.85    1.19    2.59
  KLVM      249.55   45.70    2.17    2.24    2.01    1.92  3
     85.00    7.00    2.70    2.70    1.48    1.33
     67.00    2.97    2.75    1.59    0.89
  KMRY      238.15   36.58    0.90    1.08    1.94    1.84  3
    101.00    0.00    1.10    1.25    1.78    2.00
     78.00    1.35    0.70    1.56    2.30
  KMWH      240.68   47.20    0.90    1.07    1.93    1.86  3
     79.00    0.00    1.05    1.55    2.22    1.56
     78.00    0.15    1.60    1.63    1.33
  KNUQ      237.95   37.42    0.71    1.38    1.91    1.54  3
     85.00    0.00    1.10    1.40    1.48    1.41
     78.00    1.35    0.75    1.56    1.48
  KNUW      237.35   48.35    0.81    0.68    1.91    1.73  3
     82.00    1.00    0.95    1.00    2.15    1.93
     76.00    0.35    1.60    1.26    1.93
  KPUC      249.25   39.61    2.20    1.76    1.92    1.93  3
     87.00    2.00    2.35    1.70    2.15    2.00
     76.00    2.25    2.55    2.30    1.93
  KSJC      238.08   37.36    0.78    1.62    1.99    1.63  3
     82.00    1.00    1.10    1.80    2.37    1.78
     77.00    1.30    1.23    2.22    2.41
  KVEL      250.48   40.43    1.46    1.13    2.05    1.94  3
     81.00    1.00    1.50    1.50    2.08    1.93
     77.00    1.55    1.40    1.70    2.22
  LESA      354.50   40.95   -0.78   -0.72    2.07    1.87  3
     80.00    2.00   -0.35   -0.20    2.15    1.71
     76.00    0.50   -0.85    1.19    2.52
  LFBC      358.88   44.53   -0.31   -0.56    1.97    1.36  3
     77.00    0.00    0.00    1.10    2.22    2.08
     77.00    0.20    0.55    2.08    2.59
  LFBE        0.52   44.82   -0.31   -0.61    1.96    1.61  3
     80.00    1.00    0.30    0.40    1.78    1.48
     77.00   -0.10    0.10    2.00    2.15
  LFMO        4.83   44.13    0.32    0.43    2.01    1.85  3
     78.00    0.00    0.70    0.80    1.93    1.78
     78.00    0.90    0.45    1.85    2.89
  LFMT        3.97   43.58    0.47    0.53    2.06    1.95  3
     78.00    0.00    0.60    0.70    2.37    2.00
     78.00    0.80    0.15    2.22    2.37
  MHLC      273.13   15.73    1.73    1.63    1.98    1.83  3
     80.00    1.00    1.45    1.35    2.15    2.00
     76.00    2.00    1.25    2.74    1.48
  MSLP      270.95   13.43    0.42    0.25    1.96    1.81  3
     86.00    0.00    0.80    0.70    2.37    2.08
     77.00    1.00   -0.25    2.30    2.30
  PAEN      208.75   60.57   -0.19   -0.31    2.05    1.70  3
     94.00    2.00    0.00   -0.15    1.63    1.41
     76.00    0.00   -0.05    0.82    1.56
