  CYHE      238.52   49.36    2.68    2.69    1.66    1.57  0
  CYXT      231.43   54.46    2.85    2.83    1.34    1.35  0
  K7BM      253.78   38.79    2.64    2.63    1.56    1.41  0
  KAEJ      253.88   38.81    2.22    2.54    3.15    2.26  0
  KAJZ      251.94   38.78    2.11    2.14    2.77    2.17  0
  KANK      253.95   38.53    2.43    2.92    2.02    1.19  0
  KCBK      258.95   39.43   32.44   32.41    4.01    4.02  0
  KCCU      253.85   39.47    2.50    2.24    1.43    1.38  0
  KDAG      243.22   34.85    1.51    1.86    2.77    1.96  0
  KEED      245.38   34.77    2.59    2.93    2.43    1.71  0
  KGJT      251.47   39.11    1.97    1.82    2.80    2.18  0
  KHII      245.64   34.57    1.61    1.89    2.26    1.56  0
  KLAS      244.83   36.08    2.73    2.65    2.26    1.94  0
  KMNI      279.78   33.58   -2.58   -2.48    0.90    0.89  0
  KMTJ      252.10   38.50    1.82    1.80    2.53    1.96  0
  KNID      242.32   35.68    1.71    1.75    2.99    2.34  0
  KRIL      252.28   39.53    1.64    2.25    2.87    2.01  0
  KSLC      248.03   40.78    2.29    1.97    2.30    2.10  0
  KU42      248.01   40.61    2.51    2.04    2.55    2.15  0
  KVGT      244.80   36.21    2.33    2.27    2.48    2.17  0
  LSZC        8.38   46.97    2.53    2.00    1.93    1.50  0
  MHSC      272.38   14.38    3.11    3.03    1.62    1.61  0
  PAVD      213.73   61.13    1.99    1.56    2.21    2.19  0
  PHTO      204.93   19.72    1.92    1.75    1.70    1.54  0
  SKAR      284.28    4.50    2.76    2.73    1.44    1.32  0
  SKCL      283.62    3.55    2.15    2.00    1.81    1.78  0
  SKNV      284.70    2.97    2.57    2.33    1.64    1.56  0
  SVMI      293.02   10.60    2.72    2.59    1.24    1.21  0
  KHTH      241.37   38.54    1.99    1.88    2.95    2.32  0
  BGBW      314.58   61.18    3.13    2.51    1.68    1.54  0
  KASE      253.13   39.22    1.42    2.93    2.29    1.38  0
  KGCD      241.04   44.40    1.72    2.47    2.78    1.75  0
  KIFP      245.44   35.15    2.47    2.95    2.22    1.53  0
  KLWS      242.98   46.38    1.88    2.28    2.24    1.49  0
  KMHV      241.85   35.07    2.12    2.56    2.14    1.38  0
  KPMD      241.92   34.63    1.42    2.32    2.37    1.57  0
  KTOC      276.71   34.59    2.37    2.45    1.62    0.97  0
  KVJI      277.97   36.68    2.24    2.22    1.52    1.31  0
  LIVT       13.75   45.65    2.00    1.80    1.37    1.24  0
  LSZA        8.92   46.00    2.46    2.46    1.55    1.40  0
  UHMM      150.72   59.92    2.48    2.33    2.78    2.62  0
  KCXY      283.16   40.22    2.28    2.07    1.36    1.20  0
  LIMJ        8.85   44.42    2.21    2.13    1.23    1.17  0
  SKCC      287.48    7.93    3.24    3.12    1.22    1.06  0
