  ABS01     278.65   27.18   15.23   15.20    1.88    1.88  0
    222.00    0.00   13.80   13.85    0.69    0.79
     37.00 -999.00 -999.00 -999.00 -999.00
  AP156     241.83   34.86    1.70    2.34    2.97    2.12  0
    244.00    0.00    3.90    2.10    2.41    1.63
     70.00    2.10    2.30    4.32    2.37
  AP156  a  241.83   34.86    1.63    2.41    3.06    2.13  0
    173.00    0.00    2.96    3.00    2.80    1.89
     52.00 -999.00 -999.00 -999.00 -999.00
  AR006       9.01   46.17    6.83    6.19    2.51    2.06  0
    467.00    0.00    6.87    6.55    2.09    1.84
     78.00    6.50    7.47    2.40    2.36
  AR297  a  278.52   43.34   15.79   15.99    3.49    3.49  0
   1007.00    4.00   14.26   13.80    0.78    1.55
     73.00 -999.00 -999.00 -999.00 -999.00
  AS656  a  263.87   44.28   -4.17   -4.20    1.28    1.05  0
    236.00    0.00   -4.13   -4.40    1.24    1.19
     79.00   -4.78   -3.35    1.74    0.84
  AS991      10.07   45.81    4.36    3.96    1.78    1.44  0
    431.00    0.00    3.94    3.87    1.51    1.21
     74.00    4.17    4.35    1.75    1.46
  AT326  a  276.24   35.76    2.90    2.88    1.32    1.32  0
    408.00    0.00    3.78    3.65    1.96    1.85
     79.00    2.67    2.46    1.53    1.87
  ATLN4     285.58   39.38    7.04    6.98    1.40    1.45  0
    548.00    0.00    6.89    6.87    1.33    1.28
     55.00 -999.00 -999.00 -999.00 -999.00
  AU849     240.12   39.54    2.53    2.44    2.83    2.60  0
    231.00    0.00    3.88    3.05    1.75    1.88
     78.00    3.58    3.43    2.50    1.56
  AU992       5.12   52.11    3.24    3.43    1.42    0.75  0
    226.00    0.00    3.53    3.53    1.14    0.54
     77.00    3.98    2.92    1.04    1.09
  AV342     241.31   36.16    2.92    3.17    1.58    1.67  0
    374.00    0.00    3.15    3.38    1.87    1.59
     72.00    3.17    3.26    1.48    2.09
  BGLN4     285.89   39.76    7.10    7.06    1.39    1.43  0
    752.00    0.00    7.16    7.15    1.42    1.46
     76.00    8.13    6.40    0.96    0.85
  BLLHD  a  245.39   35.11    4.08    4.23    2.29    1.65  0
    456.00    0.00    4.55    4.58    2.25    1.43
     76.00    4.69    3.84    1.96    2.64
  BLUIN     243.95   33.13    2.79    3.34    2.01    1.26  0
    334.00    0.00    2.89    3.45    1.72    0.93
     70.00    3.04    2.83    2.13    1.73
  BNDW      238.07   45.65    2.72    3.03    1.97    1.54  0
    219.00    0.00    3.10    3.03    1.78    1.85
     74.00    2.78    3.05    2.08    1.98
  BORYO     243.62   33.26    5.94    6.74    3.20    2.22  0
    438.00    0.00    7.04    7.11    2.98    1.93
     76.00    7.36    5.55    3.08    3.26
  BRRSP     243.64   33.24    4.36    5.12    3.42    2.45  0
    487.00    0.00    5.34    5.80    2.63    1.61
     74.00    6.09    5.18    2.32    2.54
  C2285     243.60   33.82    5.74    6.10    2.13    1.42  0
   1071.00    0.00    5.72    6.21    1.79    1.23
     77.00    5.74    5.68    1.98    1.83
  C2542     283.06   34.73   -3.29   -3.41    1.49    1.26  0
    127.00    0.00   -3.28   -3.30    1.11    1.04
     74.00   -3.15   -3.25    1.15    1.26
  C5634  a  245.36   35.12    3.26    3.39    2.47    1.81  0
     76.00    0.00    3.20    4.05    2.97    1.48
     76.00    4.20    2.50    2.67    2.97
  C6245  a  244.53   31.05    9.08    9.08    1.31    1.32  0
    920.00    0.00    9.23    9.20    1.03    1.10
     78.00    9.68    8.11    0.74    1.73
  C8635  a  248.01   41.10    1.35    1.17    1.81    1.51  0
    195.00    0.00    1.30    1.17    1.88    1.51
     59.00    0.97    1.50    2.32    1.61
  C8947  a  248.02   41.24    2.68    2.49    2.74    2.56  0
    231.00    0.00    3.20    2.95    2.52    2.50
     78.00    3.48    2.90    2.67    2.13
  C8948     248.10   40.93    2.54    1.96    2.88    2.56  0
    229.00    0.00    2.90    2.87    4.05    2.27
     77.00    2.80    2.43    3.58    4.23
  C9067  a  242.31   35.59    2.73    2.90    2.39    1.82  0
    409.00    0.00    3.17    3.34    2.08    1.11
     68.00    3.75    2.79    2.04    2.01
  C9348     248.37   40.09    3.18    3.08    2.50    2.19  0
    240.00    0.00    3.10    3.10    2.67    2.22
     75.00    3.05    2.81    3.34    1.93
  C9451      10.05   51.74    3.64    3.75    1.82    1.59  0
    125.00    0.00    3.65    3.97    1.85    1.58
     73.00    4.00    3.28    1.48    2.04
  CAPN4     285.11   38.95    7.43    7.40    1.29    1.32  0
    748.00    0.00    7.66    8.05    1.22    1.41
     76.00    8.43    6.68    1.50    1.57
  CHILL     278.29   36.79    2.31    2.35    1.85    1.36  0
    451.00    0.00    2.56    2.46    2.04    1.75
     76.00    2.32    2.32    2.04    2.27
  CMP12     244.85   36.11    3.03    2.94    2.47    2.10  0
    199.00    0.00    3.50    3.15    2.47    2.30
     72.00    3.70    3.30    2.55    2.62
  CMPHL     283.10   40.23    2.97    2.74    1.50    1.30  0
    541.00    0.00    3.05    2.76    0.82    0.66
     78.00    3.22    2.97    0.70    0.74
  CPEC2  a  255.29   40.82   19.95   19.92    5.12    5.14  0
    142.00    0.00   13.55   13.38    1.33    1.52
     70.00 -999.00 -999.00 -999.00 -999.00
  CQ044     243.51   33.82    5.93    6.35    2.05    1.46  0
     75.00    0.00    6.20    6.50    2.08    1.48
     75.00    5.60    6.55    1.93    2.00
  CQ047     243.78   33.71    4.73    5.10    2.02    1.40  0
     75.00    0.00    4.90    6.00    1.93    1.78
     75.00    5.00    4.75    2.22    1.78
  CQ050     243.14   33.92    2.07    2.76    2.81    1.74  0
     75.00    0.00    1.70    2.80    3.41    1.93
     75.00    1.20    1.60    3.48    2.97
  CSORM     248.32   40.30    3.40    3.15    2.79    2.53  0
    470.00    0.00    3.32    3.50    3.41    2.62
     78.00    3.04    3.03    3.62    2.43
  CVAN2     245.03   40.87   39.28   39.26    5.16    5.17  0
    158.00    0.00 -999.00 -999.00 -999.00 -999.00
     79.00 -999.00 -999.00 -999.00 -999.00
  CVLG1     275.27   34.16    7.00    7.04    1.58    1.64  0
    152.00    0.00    6.82    6.72    1.63    1.67
     76.00    7.00    6.60    2.08    1.22
  D0029  a  259.74   25.60    2.55    2.37    1.58    1.53  0
    161.00    0.00    2.75    2.47    1.41    1.43
     77.00    3.42    2.35    1.70    1.00
  D1021     243.72   33.19    4.47    5.20    2.84    1.92  0
    203.00    0.00    6.30    5.60    2.47    1.48
     77.00    5.48    4.20    2.06    2.89
  D1544     264.47   29.98  -42.65  -42.50    8.20    8.20  0
    144.00    2.00 -999.00 -999.00 -999.00 -999.00
     31.00 -999.00 -999.00 -999.00 -999.00
  D2822     357.51   51.83    2.79    2.79    1.49    1.44  0
    191.00    0.00    2.82    3.18    1.61    1.30
     76.00    3.00    2.65    1.28    1.56
  D4988     248.02   40.65    2.62    2.13    2.81    2.60  0
    196.00    0.00    3.25    2.70    2.69    2.27
     77.00    2.87    3.06    3.16    2.27
  D5042       2.37   43.21    2.86    2.90    1.92    1.76  0
    460.00    0.00    3.45    3.60    1.31    1.33
     77.00    3.82    3.45    1.24    1.14
  D5339      12.62   46.01    2.51    2.66    1.52    1.26  0
    464.00    0.00    2.70    2.78    1.09    0.96
     79.00    2.93    2.40    1.10    1.63
  D5623       8.52   47.36    2.43    2.35    1.79    1.56  0
    198.00    0.00    2.75    2.88    2.30    1.72
     76.00    3.08    2.72    2.40    2.04
  D6558     247.91   40.70    4.07    3.56    2.03    1.69  0
    410.00    0.00    3.90    3.53    1.84    1.82
     68.00    4.08    3.90    2.87    1.75
  D7306     277.54    8.76   -3.58   -3.71    1.60    1.60  0
    228.00    0.00   -3.57   -3.70    1.78    1.73
     77.00   -3.10   -4.00    1.63    1.73
  D7809     356.88   54.11    2.02    2.01    1.89    1.53  0
    209.00    0.00    2.13    2.10    1.58    1.33
     69.00    2.92    1.62    1.21    1.58
  D8519  a  245.70   34.50    1.72    2.01    2.25    1.47  0
    198.00    0.00    3.07    2.57    2.57    1.29
     65.00    1.80    1.40    2.84    2.59
  D9108     243.61   33.27    5.04    5.83    3.84    2.81  0
    918.00    0.00    6.60    6.70    4.97    2.03
     77.00    7.05    4.57    2.42    3.55
  D9231  a  253.46   35.17    7.71    7.73    1.92    1.90  0
    326.00    0.00    7.25    7.32    1.32    1.37
     78.00    7.41    7.05    1.09    1.78
  E0076  a  259.47   25.73    2.39    2.20    1.58    1.29  0
    139.00    0.00    2.32    2.25    1.47    1.50
     66.00    3.48    1.65    1.11    0.91
  E0171  a  276.01   41.10   17.31   17.39    1.76    1.75  0
    324.00    0.00   14.73   14.60    0.33    0.48
     79.00 -999.00 -999.00 -999.00 -999.00
  E0553  a  260.62   30.00   -6.96   -7.00    2.23    2.20  0
    267.00   52.00   -7.40   -7.32    2.30    2.28
     56.00   -7.16   -7.52    2.15    3.06
  E1601     244.66   36.15    2.55    2.53    2.57    2.26  0
    198.00    0.00    3.40    3.30    2.27    2.18
     67.00    3.90    2.87    2.22    1.90
  E1975  a  274.37   33.44   -2.77   -2.54    1.51    1.34  0
    191.00    0.00   -3.10   -2.90    1.26    1.19
     77.00   -3.13   -3.20    1.36    1.61
  E3081     243.66   33.88    3.95    4.18    1.85    1.29  0
    904.00    0.00    4.10    4.28    2.04    0.91
     76.00    4.20    4.02    2.50    1.85
  E3105  a  262.08   30.24    6.96    6.95    1.90    1.90  0
    946.00    0.00    8.43    6.51    3.11    1.98
     79.00    7.30    5.90    3.12    2.01
  E3204  a  243.76   32.91    3.20    3.99    2.01    1.25  0
    272.00    0.00    4.40    4.20    1.72    1.19
     75.00    3.93    3.22    2.09    2.39
  E3298     243.78   33.70    4.26    4.67    2.10    1.36  0
    386.00    0.00    4.20    5.55    2.08    1.31
     77.00    4.62    4.11    1.85    1.95
  E3393     243.63   33.89    3.74    4.00    2.25    1.46  0
    458.00    0.00    4.00    4.10    2.22    1.14
     77.00    4.08    3.28    2.73    2.31
  E3686     263.77   30.19   -3.22   -3.40    1.88    1.19  0
    144.00    0.00   -3.20   -3.40    2.15    1.19
     70.00   -3.00   -3.35    1.82    2.48
  E4197  a  241.61   37.29    2.93    2.68    1.48    1.13  0
    152.00    0.00    2.97    2.65    1.59    1.11
     76.00    3.22    2.40    1.26    1.41
  E4606  a  245.53   32.67   -6.53   -6.59    2.08    2.18  0
    186.00    0.00   -6.03   -6.20    2.09    2.35
     36.00 -999.00 -999.00 -999.00 -999.00
  E4700       9.28   46.83    3.63    3.29    2.01    1.74  0
    430.00    0.00    3.30    3.09    1.53    1.52
     72.00    3.86    2.77    1.90    2.03
  E4925  a  248.37   40.22    4.10    3.86    2.14    2.05  0
    471.00    0.00    3.96    4.23    3.15    2.15
     77.00    3.98    3.12    3.21    2.52
  E5423  a  249.26   32.30    2.06    2.40    3.06    1.95  0
    434.00    0.00    1.72    2.32    4.13    2.20
     73.00    1.42    1.67    4.25    4.03
  E5760     238.45   37.79    1.38    2.78    1.92    1.88  0
    229.00    0.00    1.20    2.97    2.03    2.18
     77.00    1.20    1.37    2.27    1.90
  E5836       7.79   45.43    3.14    2.29    1.87    1.41  0
    307.00    0.00    3.24    2.50    1.66    1.30
     72.00    3.51    3.40    1.29    2.08
  E5967  a  244.66   36.19    2.16    2.06    1.89    1.60  0
    195.00    0.00    2.40    2.40    2.22    1.88
     77.00    2.67    1.67    2.41    1.56
  E6385     244.79   36.05    2.63    2.63    2.99    2.71  0
    287.00    0.00    2.11    3.60    3.77    2.78
     63.00    2.64    3.16    3.39    3.24
  E6393     248.18   40.72    3.31    2.74    2.69    2.42  0
    454.00    0.00    3.15    3.30    3.39    2.84
     77.00    2.58    3.11    2.90    3.31
  E6708      10.25   45.93    6.08    5.82    2.51    1.95  0
    469.00    0.00    6.10    5.98    1.93    1.86
     77.00    6.13    6.30    2.09    2.46
  E6850     279.31   28.37   -2.45   -2.42    1.01    0.92  0
    185.00    0.00   -2.20   -2.40    0.74    0.89
     77.00   -2.70   -1.92    1.04    0.63
  E6927     278.79   36.04    5.75    5.78    1.50    1.50  0
    340.00    0.00    5.75    5.85    1.30    1.33
     79.00    5.26    5.52    1.17    1.19
  E7146  a  239.96   48.39    2.65    2.89    2.18    1.85  0
    470.00    0.00    2.70    2.73    2.25    1.66
     77.00    1.70    2.97    1.58    1.92
  E7734     244.61   33.74    2.14    2.56    3.49    2.43  0
    172.00    0.00    2.07    3.03    4.56    2.50
     76.00    2.25    1.02    3.48    4.88
  E7781       8.97   48.36    2.42    2.32    2.04    1.52  0
    291.00    0.00    2.30    2.47    2.15    1.59
     76.00    3.65    2.23    1.69    2.27
  E7803  a  259.63   25.72    3.19    3.01    1.84    1.72  0
    200.00    0.00    3.25    3.10    1.11    1.19
     77.00    4.20    3.15    1.59    0.89
  E7930  a  254.06   35.53   16.04   16.05    2.72    2.74  0
    414.00    0.00   13.27   13.47    1.17    1.09
     79.00 -999.00 -999.00 -999.00 -999.00
  E8501  a  243.43   51.58    8.10    8.08    1.76    1.76  0
    354.00    0.00    8.45    8.48    1.42    1.38
     76.00    8.74    6.50    1.19    1.82
  E9092     249.20   32.23    1.34    1.63    3.74    2.60  0
    470.00    0.00    0.70    1.48    5.24    2.88
     77.00    0.56    0.48    4.67    4.35
  E9135  a  238.28   37.97    1.49    3.15    2.20    2.44  0
    396.00    0.00    1.57    3.26    2.35    2.73
     73.00    1.98    1.38    2.08    2.03
  E9221  a  278.28   30.26   -6.90   -6.75    1.07    0.85  0
    165.00    0.00   -6.75   -6.50    0.82    0.82
     79.00   -6.68   -6.70    1.19    0.44
  F0218  a  278.28   36.30    4.45    4.47    1.13    1.13  0
    210.00    0.00    4.39    4.44    1.24    1.06
     76.00    4.15    4.30    1.11    0.93
  F0523     252.33   38.02    5.86    5.98    2.39    2.48  0
    215.00    3.00    6.08    6.38    2.51    2.13
     74.00    5.81    6.45    3.11    1.68
  F1790     248.04   40.51    2.86    2.53    2.84    2.62  0
    404.00    0.00    3.05    3.30    3.16    2.45
     75.00    2.87    2.83    3.16    2.63
  HANAL     200.50   22.20   -2.33   -2.53    1.84    1.90  0
    503.00    0.00   -2.40   -2.77    1.93    1.76
     75.00   -2.25   -1.24    1.67    2.76
  HGHED     276.80   35.01   -3.00   -3.11    1.16    1.10  0
    543.00    0.00   -2.95   -3.05    1.19    1.10
     78.00   -2.94   -3.30    1.10    1.33
  IVNSU     246.32   37.17    1.98    1.80    2.98    2.30  0
    460.00    0.00    2.67    2.43    3.58    2.52
     77.00    3.74    1.91    2.93    3.64
  KHWSR     204.96   19.61   -2.74   -2.90    1.53    1.45  0
    485.00    0.00   -2.67   -2.73    1.67    1.58
     70.00   -2.67   -2.32    1.86    2.08
  KLUEA     200.59   22.21   -2.87   -3.07    1.20    1.29  0
    506.00    0.00   -2.18   -2.42    1.39    1.38
     74.00   -2.84   -2.87    1.44    1.22
  KWHH1     204.17   20.04    1.44    1.39    1.02    1.06  0
    354.00    0.00    1.40    1.30    0.92    0.92
     77.00    1.10    1.20    0.82    0.61
  LAUGH  a  245.37   35.15    3.83    4.01    2.59    1.90  0
    455.00    0.00    3.78    4.42    3.39    1.80
     77.00    4.38    3.38    2.63    3.10
  LKHVS  a  245.65   34.47    2.48    2.76    2.35    1.73  0
    471.00    0.00    2.93    3.10    2.13    1.23
     77.00    3.45    2.50    1.67    2.65
  LSVDP     244.83   36.11    2.49    2.44    2.49    2.12  0
    376.00    0.00    2.66    2.57    2.65    2.48
     55.00 -999.00 -999.00 -999.00 -999.00
  LVSPR     244.81   36.17    2.55    2.45    2.36    2.08  0
    466.00    0.00    3.10    2.30    2.22    2.52
     77.00    3.27    3.04    2.26    2.16
  MA003     288.70   42.56  156.00  156.00   45.53   45.54  0
    665.00  199.00 -999.00 -999.00 -999.00 -999.00
     36.00 -999.00 -999.00 -999.00 -999.00
  MA013     287.50   42.60  170.81  170.78   38.52   38.55  0
    470.00  180.00 -999.00 -999.00 -999.00 -999.00
     25.00 -999.00 -999.00 -999.00 -999.00
  MA014     287.38   42.50  171.36  171.37   43.68   43.67  0
    475.00  149.00 -999.00 -999.00 -999.00 -999.00
     25.00 -999.00 -999.00 -999.00 -999.00
  MA015     288.43   42.28  164.06  164.08   39.65   39.69  0
    530.00  172.00 -999.00 -999.00 -999.00 -999.00
     27.00 -999.00 -999.00 -999.00 -999.00
  MA027     287.37   42.22  175.53  175.50   30.84   30.85  0
    368.00  136.00 -999.00 -999.00 -999.00 -999.00
     19.00 -999.00 -999.00 -999.00 -999.00
  MABL   a  248.36   33.84    1.61    2.03    2.97    1.84  0
    151.00    0.00    1.50    2.20    4.00    2.15
     77.00    1.40    1.20    3.74    4.19
  MALP   a  247.73   33.90    2.84    3.18    1.99    1.11  0
    151.00    0.00    3.05    4.00    2.67    1.26
     77.00    3.47    2.47    2.26    2.59
  MC006     273.96   46.35  151.28  151.27   49.55   49.57  0
    152.00   38.00 -999.00 -999.00 -999.00 -999.00
     31.00 -999.00 -999.00 -999.00 -999.00
  MC017     274.47   43.89  146.65  146.63   41.03   41.01  0
    166.00   44.00 -999.00 -999.00 -999.00 -999.00
     31.00 -999.00 -999.00 -999.00 -999.00
  MC022     275.19   44.33  140.49  140.45   42.10   42.12  0
    163.00   43.00 -999.00 -999.00 -999.00 -999.00
     30.00 -999.00 -999.00 -999.00 -999.00
  MC047     274.19   44.22  144.19  144.17   49.88   49.91  0
    171.00   45.00 -999.00 -999.00 -999.00 -999.00
     33.00 -999.00 -999.00 -999.00 -999.00
  MC050     275.11   45.08  140.27  140.24   44.69   44.72  0
    194.00   50.00 -999.00 -999.00 -999.00 -999.00
     36.00 -999.00 -999.00 -999.00 -999.00
  MC052     276.28   45.07  143.00  142.97   47.81   47.85  0
    172.00   50.00 -999.00 -999.00 -999.00 -999.00
     31.00 -999.00 -999.00 -999.00 -999.00
  MTWOD     253.72   31.76    2.79    3.04    2.52    1.57  0
    326.00    0.00    2.49    2.90    2.80    1.38
     68.00    2.29    3.22    2.95    3.30
  NP1N2     245.59   38.93   42.27   42.26    4.03    4.03  0
    154.00    0.00 -999.00 -999.00 -999.00 -999.00
     77.00 -999.00 -999.00 -999.00 -999.00
  NSVN2     245.49   39.46   41.70   41.69    4.53    4.53  0
    158.00    0.00 -999.00 -999.00 -999.00 -999.00
     79.00 -999.00 -999.00 -999.00 -999.00
  O29MX     221.42   60.30    1.95    1.68    0.94    0.93  0
    468.00    0.00    1.97    1.74    1.00    0.97
     75.00    2.00    1.72    0.97    1.09
  OREUT     248.32   40.32    2.36    2.05    2.20    2.22  0
    466.00    0.00    2.95    2.70    2.52    1.97
     77.00    3.16    1.94    2.51    3.28
  P529      247.96   34.73    2.05    2.58    2.74    1.77  0
    396.00    0.00    1.94    2.60    3.04    2.07
     60.00    1.43    2.14    3.21    3.05
  PNTHD  a  250.05   34.13   -4.08   -3.96    1.20    1.17  0
   1044.00    0.00   -4.10   -3.99    1.36    1.35
     75.00   -4.05   -3.94    1.38    1.21
  QBV       248.11   40.90    2.35    1.92    3.00    2.59  0
     78.00    0.00    2.55    2.20    2.30    2.08
     78.00    2.25    2.45    3.56    1.33
  RNWSH     240.19   39.58    1.58    1.48    2.03    1.84  0
    530.00    0.00    2.30    1.89    1.86    1.91
     77.00    2.41    2.14    1.80    2.19
  RYWSV     247.96   41.18    1.75    1.56    2.64    2.41  0
    466.00    0.00    1.17    1.46    2.99    2.94
     76.00    1.12    0.55    3.92    2.56
  SADI4     265.42   41.52  -10.53  -10.59    3.08    3.10  0
    614.00    0.00  -10.30  -10.45    3.11    3.04
     58.00 -999.00 -999.00 -999.00 -999.00
  SBE    a  248.14   41.22   18.29   18.27    2.89    2.90  0
    434.00    0.00   13.81   13.37    1.38    1.71
     73.00 -999.00 -999.00 -999.00 -999.00
  SCLRS     278.99   35.84    3.88    3.91    1.07    0.61  0
    474.00    0.00    3.83    4.35    0.94    0.82
     79.00    3.97    3.80    0.88    0.52
  SMCA2     210.26   61.02    3.66    3.61    1.50    1.49  0
     77.00    0.00    4.30    3.65    1.48    1.71
     76.00    4.30    3.85    1.41    1.33
  SNSTS     247.97   41.14    2.50    2.23    2.21    1.76  0
    430.00    0.00    2.30    2.30    2.67    2.35
     71.00    2.15    2.25    3.27    2.45
  SRP45     248.66   33.59   18.83   18.84    3.56    3.55  0
   1106.00    0.00   12.80   12.88    1.55    1.60
     79.00 -999.00 -999.00 -999.00 -999.00
  SRWN2     245.67   38.89   41.59   41.59    3.81    3.82  0
    154.00    0.00 -999.00 -999.00 -999.00 -999.00
     77.00 -999.00 -999.00 -999.00 -999.00
  SSVN2     244.20   37.65   39.58   39.57    4.38    4.39  0
    156.00    0.00 -999.00 -999.00 -999.00 -999.00
     78.00 -999.00 -999.00 -999.00 -999.00
  STHSL     248.08   40.70    3.39    2.84    2.46    2.23  0
    436.00    0.00    4.09    3.50    2.50    1.66
     71.00    3.76    4.19    2.35    2.25
  SYCC1  a  240.92   34.58    5.59    5.60    1.84    1.86  0
    256.00    0.00    5.50    5.50    1.93    1.85
     75.00    5.30    5.59    1.53    2.54
  UBWHR     250.09   40.48    2.19    2.24    2.80    2.09  0
    535.00    0.00    2.51    2.31    3.60    1.99
     77.00    3.11    2.28    3.38    3.01
  UCAB      243.60   33.26    5.14    5.92    3.31    2.33  0
    222.00    0.00    6.27    6.47    3.16    2.08
     75.00    6.98    5.40    2.74    3.06
  UCDE      243.62   33.65    4.27    4.79    1.94    1.40  0
    221.00    0.00    4.67    4.77    2.18    1.33
     75.00    4.55    4.77    2.00    2.03
  WDSCR     248.10   40.88    3.05    2.55    3.11    2.67  0
    342.00    0.00    2.76    2.64    3.43    3.18
     65.00    3.28    2.63    3.25    3.18
  WHLA2     211.27   60.78    2.76    2.14    2.26    2.19  0
     73.00    0.00    3.20    3.60    2.08    2.22
     73.00    4.70    3.10    1.63    2.08
  WHLRV  a  244.82   35.95    2.92    2.83    3.13    2.95  0
    456.00    0.00    3.10    2.93    3.68    3.14
     77.00    2.98    2.97    3.83    3.56
  WSTJR     247.99   40.60    2.23    1.80    2.56    2.30  0
    457.00    0.00    2.68    1.98    2.67    2.21
     77.00    1.62    2.20    2.67    2.45
  XS15      238.11   45.69    1.94    2.31    2.23    1.70  0
    496.00    0.00    2.23    2.17    1.89    1.68
     76.00    1.88    2.33    2.70    1.33
  YERMO     243.34   34.87    2.11    2.42    2.71    1.93  0
    451.00    0.00    2.78    2.43    2.65    1.98
     76.00    2.28    2.35    3.45    2.74
  AT688     247.87   36.08    5.01    5.79    2.23    2.05  0
     55.00    0.00    5.15    5.63    2.00    1.98
     27.00 -999.00 -999.00 -999.00 -999.00
  D0425  a    8.69   54.97  106.63  106.69   33.13   33.10  0
    155.00    9.00 -999.00 -999.00 -999.00 -999.00
     53.00 -999.00 -999.00 -999.00 -999.00
  E5313     256.46   29.33    1.59    1.50    2.87    2.30  0
    451.00    0.00    1.88    1.83    2.88    2.32
     77.00    1.35    2.13    2.82    3.01
  MA002     289.11   42.87  174.05  174.04   46.79   46.82  0
    539.00  185.00 -999.00 -999.00 -999.00 -999.00
     30.00 -999.00 -999.00 -999.00 -999.00
  MA006     288.74   42.33  173.06  173.05   47.98   47.97  0
    476.00  198.00 -999.00 -999.00 -999.00 -999.00
     23.00 -999.00 -999.00 -999.00 -999.00
  MA008     288.56   42.68  174.01  174.03   47.72   47.75  0
    493.00  179.00 -999.00 -999.00 -999.00 -999.00
     26.00 -999.00 -999.00 -999.00 -999.00
  MA011     288.90   42.20  173.13  173.13   44.88   44.86  0
    432.00  172.00 -999.00 -999.00 -999.00 -999.00
     19.00 -999.00 -999.00 -999.00 -999.00
  MA018     288.70   41.79  175.17  175.21   44.87   44.91  0
    443.00  181.00 -999.00 -999.00 -999.00 -999.00
     20.00 -999.00 -999.00 -999.00 -999.00
  MA021     288.93   42.14  174.39  174.39   45.98   46.01  0
    483.00  179.00 -999.00 -999.00 -999.00 -999.00
     23.00 -999.00 -999.00 -999.00 -999.00
  MA023     289.71   41.69  185.91  185.94   39.04   39.06  0
    455.00  203.00 -999.00 -999.00 -999.00 -999.00
     20.00 -999.00 -999.00 -999.00 -999.00
  MC016     273.66   43.96  156.21  156.19   52.07   52.12  0
    172.00   44.00 -999.00 -999.00 -999.00 -999.00
     33.00 -999.00 -999.00 -999.00 -999.00
  MC034     272.73   45.55  139.43  139.43   42.92   42.92  0
    200.00   48.00 -999.00 -999.00 -999.00 -999.00
     38.00 -999.00 -999.00 -999.00 -999.00
  MC048     273.69   44.22  153.44  153.41   48.20   48.23  0
    160.00   32.00 -999.00 -999.00 -999.00 -999.00
     32.00 -999.00 -999.00 -999.00 -999.00
  AS322       8.25   44.12    2.49    2.31    1.38    1.26  0
    227.00    0.00    2.35    2.10    1.38    1.06
     74.00    2.90    3.15    1.41    2.13
  HYSHM  a  252.77   46.29   10.94   10.93    3.21    3.22  0
    128.00    0.00   10.45   10.48    2.97    2.93
     63.00   10.75    9.52    2.85    2.34
  MA025     286.94   42.07  175.48  175.44   42.33   42.34  0
    500.00  178.00 -999.00 -999.00 -999.00 -999.00
     26.00 -999.00 -999.00 -999.00 -999.00
  E9692  a  288.36   42.55   10.70   10.71    3.07    3.08  0
    138.00   34.00    9.55    9.68    2.55    3.19
     23.00 -999.00 -999.00 -999.00 -999.00
  E0075  a  245.37   35.13    3.95    4.09    3.50    2.81  0
     72.00    0.00    3.90    4.30    4.30    3.41
     71.00    6.25    3.00    3.19    4.52
  E0161  a  278.04   28.87   -6.28   -6.09    2.05    2.25  0
    237.00   13.00   -6.50   -6.26    2.22    1.96
     41.00 -999.00 -999.00 -999.00 -999.00
  MC019     274.82   45.36  154.30  154.26   44.24   44.23  0
    151.00   55.00 -999.00 -999.00 -999.00 -999.00
     24.00 -999.00 -999.00 -999.00 -999.00
  C6038  a  272.68   31.53  -44.74  -44.65    4.30    4.24  0
    792.00    0.00 -999.00 -999.00 -999.00 -999.00
     68.00 -999.00 -999.00 -999.00 -999.00
  E3540     280.57   41.17   -1.92   -2.12    2.14    1.78  0
    235.00    0.00   -0.90   -1.30    2.22    1.48
     55.00 -999.00 -999.00 -999.00 -999.00
  MC002     273.16   46.43  141.91  141.91   47.54   47.58  0
    180.00   36.00 -999.00 -999.00 -999.00 -999.00
     37.00 -999.00 -999.00 -999.00 -999.00
  MC009     275.44   46.19  155.61  155.55   47.61   47.61  0
    134.00   42.00 -999.00 -999.00 -999.00 -999.00
     24.00 -999.00 -999.00 -999.00 -999.00
  BLMNT     281.97   42.22    3.92    3.92    1.30    1.17  0
    453.00    0.00    3.60    3.95    1.22    1.25
     66.00    3.65    3.90    1.14    1.54
  MWQW8  a  241.80   46.37  -17.85  -17.67    5.39    5.71  0
    193.00   29.00 -999.00 -999.00 -999.00 -999.00
     22.00 -999.00 -999.00 -999.00 -999.00
  D5482     355.50   50.40  -35.87  -36.00    1.70    1.61  0
     96.00   14.00 -999.00 -999.00 -999.00 -999.00
     21.00 -999.00 -999.00 -999.00 -999.00
  MA010     289.32   42.62  176.16  176.16   47.70   47.73  0
    434.00  118.00 -999.00 -999.00 -999.00 -999.00
     23.00 -999.00 -999.00 -999.00 -999.00
  F3842     243.46   33.81    5.97    6.34    3.05    2.17  0
    150.00    0.00    5.86    6.86    3.68    1.79
     24.00 -999.00 -999.00 -999.00 -999.00
  AN046     241.88   36.80    6.01    5.79    2.47    1.83  0
     67.00    0.00    6.40    5.90    2.67    1.93
     67.00    6.95    5.90    2.00    2.45
  AS661  a  241.72   34.78    1.84    2.64    3.11    2.29  0
    482.00    0.00    2.23    2.57    3.43    2.35
     77.00    1.91    2.23    3.50    2.89
  AT688  a  247.87   36.08    5.44    5.73    2.10    1.95  0
    304.00    0.00    6.20    5.84    1.78    1.72
     73.00    6.49    5.43    1.63    1.87
  AU206     254.06   32.89    2.59    2.87    2.92    1.73  0
    454.00    0.00    2.75    3.22    3.74    1.78
     76.00    2.64    2.15    3.31    4.39
  AU272       5.53   45.32    3.44    3.42    1.73    1.57  0
    182.00    0.00    3.40    3.40    1.78    1.53
     79.00    3.90    2.75    1.72    2.22
  C3151     277.55   35.27   -3.55   -3.74    2.20    1.58  0
    151.00    0.00   -3.35   -3.90    2.19    1.48
     76.00   -1.95   -3.53    3.37    2.56
  C4367     245.48   35.19    4.16    4.32    2.77    2.06  0
    280.00    0.00    4.90    5.45    3.21    1.71
     71.00    4.90    4.02    3.40    3.09
  C7869  a  262.04   30.37   18.50   18.52    7.18    7.19  0
    634.00    0.00    5.97    5.93    7.29    7.41
     60.00 -999.00 -999.00 -999.00 -999.00
  C8783       9.90   46.17    9.07    8.62    2.86    2.44  0
     75.00    0.00    8.60    8.30    2.82    2.67
     75.00    8.65    9.00    2.74    2.67
  CQ148     241.87   34.67    2.15    3.13    2.37    1.76  0
     73.00    0.00    2.70    3.00    1.78    1.48
     73.00    3.35    1.70    1.78    2.00
  CQ190     241.82   33.79   -2.27   -2.41    1.80    1.69  0
     78.00    0.00   -2.60   -2.90    1.78    1.63
     78.00   -2.70   -2.15    1.93    2.08
  CRSC5     240.20   39.18    2.04    1.91    1.83    1.57  0
    463.00    0.00    2.25    1.77    1.36    1.61
     77.00    2.15    2.25    1.06    1.80
  CTTNW     247.97   34.74    2.56    3.02    3.18    2.01  0
    520.00    0.00    2.31    3.06    4.11    1.99
     75.00    3.40    3.25    3.73    3.66
  D4348  a  247.94   34.75    1.95    2.43    2.72    1.77  0
    234.00    0.00    2.05    2.50    3.34    1.88
     77.00    1.30    2.55    2.84    3.31
  D6119      10.94   45.74    4.22    4.07    2.52    1.97  0
    430.00    0.00    4.87    3.80    2.57    1.93
     73.00    4.75    3.33    1.95    2.74
  E0161     278.04   28.87   -6.58   -6.37    1.90    2.01  0
    255.00   27.00   -6.70   -6.60    1.93    1.96
     60.00   -6.95   -6.73    2.21    2.52
  E0772     243.85   33.67    3.69    4.16    2.63    1.72  0
    328.00    0.00    4.28    4.52    2.16    1.38
     64.00    4.57    3.77    1.72    2.17
  E1199       6.42   46.47    1.81    1.59    2.40    1.93  0
    208.00    0.00    2.80    2.63    2.52    1.93
     77.00    2.47    1.80    3.01    2.93
  E1631     243.87   33.12    3.40    4.08    2.41    1.69  0
    279.00    0.00    4.00    4.37    2.19    1.21
     66.00    4.40    3.97    2.04    1.61
  E3528  a  254.67   33.92    6.67    6.66    2.00    2.00  0
    460.00    0.00    7.48    7.52    2.35    2.40
     77.00    7.20    6.40    2.77    1.89
  E4085     274.13   35.24    4.76    4.68    1.66    1.65  0
    406.00    0.00    4.46    4.46    1.77    1.78
     68.00    5.05    4.27    1.59    1.48
  E5498       6.89   46.34    5.03    4.71    2.50    2.03  0
    469.00    0.00    4.94    4.70    2.14    1.72
     76.00    5.73    4.22    2.70    2.29
  E5812  a  254.39   36.48    2.91    2.98    1.80    1.67  0
    222.00    0.00    3.09    3.15    1.84    1.59
     78.00    4.47    4.13    1.80    2.10
  E6506     278.60   30.18   -3.10   -3.04    1.91    1.69  0
    162.00    0.00   -3.62   -3.38    1.11    1.08
     78.00   -3.50   -3.72    3.60    1.33
  E6604     278.53   29.39   -2.63   -2.44    1.76    1.39  0
     68.00    0.00   -2.60   -2.50    1.56    1.04
     68.00   -2.20   -2.85    1.70    1.33
  E6809     242.75   47.44   10.76   10.82    3.54    3.58  0
    352.00    0.00   10.32   10.22    3.31    3.26
     35.00 -999.00 -999.00 -999.00 -999.00
  E8703  a  250.99   31.87    3.14    3.23    1.93    1.95  0
    794.00    0.00    3.43    3.28    2.48    2.64
     65.00    2.50    4.25    1.92    1.79
  E9084     352.33   43.78   -2.55   -2.48    1.44    1.40  0
    184.00    0.00   -2.40   -2.37    1.19    1.24
     75.00   -2.10   -2.95    0.89    1.41
  E9166     255.93   32.23    8.36    8.20    3.02    3.06  0
     96.00   68.00    9.20    9.00    2.03    1.93
     15.00 -999.00 -999.00 -999.00 -999.00
  E9198     264.90   30.63   -2.67   -2.51    1.70    1.75  0
    175.00    0.00   -2.70   -2.47    1.33    1.14
     76.00   -2.60   -3.15    1.19    1.26
  E9267     277.53   35.26    8.34    8.33    1.61    1.66  0
    167.00   81.00    8.55    8.40    1.48    1.71
     42.00 -999.00 -999.00 -999.00 -999.00
  ELIZB     277.78   36.34    2.92    2.92    1.68    1.23  0
    474.00    0.00    2.70    2.82    1.71    1.06
     79.00    3.08    2.18    0.83    1.51
  F0391       6.30   45.36    7.01    6.54    3.05    2.83  0
    510.00    0.00    7.00    6.34    3.14    3.33
     75.00    7.10    6.63    3.23    3.82
  F1062  a  256.83   25.88    2.66    2.68    1.86    1.88  0
    390.00    0.00    2.32    2.30    2.55    2.55
     69.00    2.92    2.86    2.80    2.92
  HNLVS     202.21   21.30    2.43    2.42    1.41    1.47  0
    453.00    0.00    2.70    2.32    2.08    1.27
     73.00    2.23    2.14    0.89    1.20
  HWTHR     241.37   38.53    4.27    4.05    3.11    2.49  0
    456.00    0.00    5.08    4.87    3.58    2.69
     77.00    3.42    4.33    4.78    3.40
  INUSD  a  241.80   36.80    6.68    6.58    3.63    2.84  0
    205.00    0.00    6.60    6.97    4.34    3.06
     49.00 -999.00 -999.00 -999.00 -999.00
  KSNVT     244.87   36.19    2.71    2.61    3.13    2.87  0
    507.00    0.00    4.03    4.00    2.85    2.47
     76.00    3.76    2.84    3.24    3.05
  LSALM     253.67   35.87    2.86    2.94    2.22    1.99  0
    455.00    0.00    2.98    3.16    1.72    1.25
     78.00    3.12    2.98    1.99    1.24
  LSVEB     244.71   36.20    3.91    3.80    3.35    3.16  0
    459.00    0.00    4.02    3.80    3.91    3.86
     77.00    5.61    4.13    3.94    2.66
  MA024     286.64   42.14  148.81  148.81   50.54   50.55  0
    736.00  178.00 -999.00 -999.00 -999.00 -999.00
     42.00 -999.00 -999.00 -999.00 -999.00
  MC010     272.58   46.28  122.90  122.86   40.54   40.50  0
    186.00   34.00 -999.00 -999.00 -999.00 -999.00
     41.00 -999.00 -999.00 -999.00 -999.00
  MC014     273.90   44.59  143.53  143.49   45.41   45.38  0
    177.00   43.00 -999.00 -999.00 -999.00 -999.00
     34.00 -999.00 -999.00 -999.00 -999.00
  MC020     275.31   44.88  129.31  129.27   37.58   37.60  0
    188.00   62.00 -999.00 -999.00 -999.00 -999.00
     32.00 -999.00 -999.00 -999.00 -999.00
  MC035     273.02   45.93  142.29  142.29   46.37   46.42  0
    195.00   29.00 -999.00 -999.00 -999.00 -999.00
     42.00 -999.00 -999.00 -999.00 -999.00
  ROTNW     279.12   26.33   -3.24   -3.14    2.07    1.67  0
    221.00    0.00   -3.07   -3.17    2.03    1.53
     79.00   -3.20   -3.02    2.71    1.41
  XVIE      238.33   45.70    2.71    3.05    3.05    2.56  0
    461.00    0.00    3.32    3.02    3.11    2.82
     77.00    2.97    3.47    3.93    2.57
  ELCN5  a  254.19   35.70   14.65   14.65    1.73    1.76  0
     46.00    0.00   13.15   13.20    1.71    1.56
     22.00 -999.00 -999.00 -999.00 -999.00
  SENN5  a  253.17   36.00    7.91    7.88    3.13    3.12  0
     70.00    0.00    8.10    8.27    4.49    4.23
     34.00 -999.00 -999.00 -999.00 -999.00
  SFSN5  a  254.22   35.77   10.63   10.53    1.67    1.65  0
     94.00    0.00   10.70   10.43    1.82    1.85
     46.00 -999.00 -999.00 -999.00 -999.00
  SYCC1     240.92   34.58    5.46    5.47    1.81    1.83  0
    210.00    0.00    5.30    5.22    2.74    2.71
     69.00    4.51    5.66    1.59    2.08
  WSSN5  a  254.46   35.78   10.97   10.94    2.08    2.06  0
     76.00    0.00   11.12   11.15    2.78    2.41
     37.00 -999.00 -999.00 -999.00 -999.00
  SADI4  a  265.42   41.52   -9.90   -9.95    3.01    2.89  0
    159.00    2.00  -10.50  -10.20    2.60    2.30
     18.00 -999.00 -999.00 -999.00 -999.00
  MC023     275.77   44.25  155.30  155.24   37.87   37.89  0
    110.00   26.00 -999.00 -999.00 -999.00 -999.00
     21.00 -999.00 -999.00 -999.00 -999.00
  MC012     275.26   45.90  170.60  170.53   43.59   43.55  0
    111.00   35.00 -999.00 -999.00 -999.00 -999.00
     21.00 -999.00 -999.00 -999.00 -999.00
  AR671  a  285.19   42.74    7.86    7.87    3.03    3.03  0
    391.00   36.00    8.50    8.20    2.82    2.64
     39.00 -999.00 -999.00 -999.00 -999.00
  AU959       8.96   44.40    2.40    2.31    1.44    1.36  0
    510.00    0.00    2.62    2.40    1.41    1.30
     78.00    2.87    2.14    1.31    1.57
  C4253  a  239.95   38.47    4.11    3.30    1.60    1.65  0
    229.00    0.00    4.13    3.23    1.68    1.80
     76.00    4.55    3.70    1.48    1.83
  C5530     283.50   42.45    2.20    2.28    1.24    1.15  0
     80.00    0.00    2.00    2.30    1.04    1.19
     78.00    2.10    2.05    1.19    1.04
  C7473     273.54   30.49   -2.29   -2.22    0.94    1.09  0
    162.00    0.00   -2.30   -2.07    0.89    0.85
     78.00   -1.70   -2.55    0.56    0.52
  D5923       9.46   45.79    1.64    1.71    1.91    1.68  0
    165.00    0.00    1.10    1.15    1.26    1.26
     79.00    1.35    2.22    2.08    2.78
  D6962  a  277.09   34.82    2.06    1.89    1.59    1.67  0
    198.00    0.00    1.95    1.73    1.54    1.66
     78.00    1.76    2.12    1.47    1.32
  D7931  a  237.51   45.65   -8.04   -7.97    2.35    2.27  0
     60.00    0.00   -7.80   -7.75    2.30    2.08
     27.00 -999.00 -999.00 -999.00 -999.00
  D9435  a  248.12   40.48    3.38    3.01    1.64    1.40  0
    159.00    0.00    3.35    2.85    1.71    1.11
     77.00    3.30    2.55    1.67    1.89
  E1198     275.80   39.76    1.97    1.78    1.31    1.07  0
    453.00    0.00    2.00    1.73    1.36    1.24
     77.00    2.38    2.45    1.31    1.38
  E3730     275.88   40.73    2.04    1.85    1.26    1.17  0
    113.00    0.00    1.70    1.75    0.89    1.22
     66.00    1.68    1.98    0.96    1.14
  E4395  a  241.82   45.99    3.54    3.60    1.72    1.90  0
    173.00    0.00    3.40    3.23    1.73    1.73
     57.00    3.37    3.60    1.93    2.17
  E9539     279.87   39.48    7.87    7.93    1.71    1.70  0
    178.00  134.00    8.68    8.32    2.03    2.30
     18.00 -999.00 -999.00 -999.00 -999.00
  GHG42     248.15   40.77    3.39    2.93    3.17    2.72  0
    279.00    0.00    2.85    2.22    1.97    1.56
     74.00    2.67    2.46    1.96    1.60
  LHSKB  a  284.96   40.34    2.60    2.66    1.83    1.86  0
    958.00    0.00    2.98    2.96    1.99    1.92
     78.00    2.42    3.34    2.68    2.08
  LOCUS     286.41   40.87   -1.88   -1.87    1.25    1.05  0
    494.00    0.00   -2.00   -1.93    1.33    0.85
     77.00   -1.73   -2.05    1.63    0.79
  MC018     274.60   44.77  145.64  145.61   47.05   47.07  0
    184.00   48.00 -999.00 -999.00 -999.00 -999.00
     34.00 -999.00 -999.00 -999.00 -999.00
  MC025     275.41   45.27  140.51  140.48   46.61   46.63  0
    198.00   44.00 -999.00 -999.00 -999.00 -999.00
     39.00 -999.00 -999.00 -999.00 -999.00
  MC040     274.07   46.10  130.49  130.47   40.37   40.42  0
    176.00   38.00 -999.00 -999.00 -999.00 -999.00
     37.00 -999.00 -999.00 -999.00 -999.00
  MSI03     248.03   40.60   12.25   12.25    2.49    2.49  0
    138.00    0.00   11.30   11.25    2.45    2.30
     69.00   13.02   11.90    2.78    1.67
  OOSC1     241.07   34.12    2.17    2.18    1.41    1.42  0
    468.00    0.00    2.08    2.12    1.56    1.54
     78.00    1.63    2.40    1.30    1.01
  C2046  a  281.02   36.03   12.36   12.39    2.11    2.12  0
    852.00    0.00   11.85   11.90    1.63    1.56
     72.00   12.21   11.69    1.47    1.82
  D8188       7.51   45.24    2.04    1.89    1.66    1.45  0
    115.00    0.00    2.00    1.85    1.78    1.33
     63.00    2.72    1.60    1.35    1.85
  QMZN5  a  253.61   35.92    9.63    9.63    2.03    2.04  0
     84.00    0.00   10.05   10.10    2.74    2.45
     41.00 -999.00 -999.00 -999.00 -999.00
  TABN5  a  254.54   36.58   11.16   11.07    1.77    1.73  0
     84.00    0.00   11.50   11.40    2.08    2.22
     41.00 -999.00 -999.00 -999.00 -999.00
  VACN5  a  253.19   36.03    9.43    9.40    2.33    2.34  0
     96.00    0.00    9.85    9.90    2.97    2.89
     47.00 -999.00 -999.00 -999.00 -999.00
  BAMN5  a  253.68   36.51    9.64    9.61    2.23    2.23  0
     94.00    0.00   10.17   10.20    2.93    2.71
     46.00 -999.00 -999.00 -999.00 -999.00
  GLGN5  a  254.44   36.19    9.94    9.92    2.29    2.30  0
     78.00    0.00   10.60   10.77    3.19    2.93
     38.00 -999.00 -999.00 -999.00 -999.00
  HPWN5  a  253.74   36.72   10.22   10.20    1.94    1.96  0
     78.00    0.00   10.85   10.75    2.93    3.15
     38.00 -999.00 -999.00 -999.00 -999.00
  NCSN5     254.74   36.99   12.79   12.75    2.38    2.39  0
     78.00    0.00   11.55   11.45    2.82    2.97
     38.00 -999.00 -999.00 -999.00 -999.00
  SBAN5  a  254.37   36.07   10.81   10.77    1.81    1.79  0
     86.00    0.00   10.85   10.85    2.30    2.26
     42.00 -999.00 -999.00 -999.00 -999.00
  SHUN5  a  254.76   36.79   10.33   10.30    2.30    2.30  0
     84.00    0.00   11.00   11.10    2.82    4.15
     41.00 -999.00 -999.00 -999.00 -999.00
  TACN5     254.67   36.41    9.68    9.67    1.39    1.38  0
     60.00    0.00    9.45    9.45    2.74    1.48
     29.00 -999.00 -999.00 -999.00 -999.00
  E4606     245.53   32.67   -6.63   -6.82    1.49    1.50  0
    230.00    0.00   -6.60   -6.85    1.78    1.80
     45.00 -999.00 -999.00 -999.00 -999.00
  XSCA3  a  248.35   35.34    8.81    8.90    1.86    1.88  0
     58.00    0.00    8.25    8.38    2.00    2.00
     28.00 -999.00 -999.00 -999.00 -999.00
  C8191  a    5.55   52.01   64.60   64.64   17.16   17.15  0
    107.00    1.00 -999.00 -999.00 -999.00 -999.00
     25.00 -999.00 -999.00 -999.00 -999.00
