dtype=   t120  mean,std
    14    13    12     8     9     8     6     8     7     7     7     7
     6     6     6     7     6     6     6     5     5     6     5     6
     6     5     6     7     7    10     7     8     5     7     6    10
     7     5     7     7    11    21    35
    20    20    19    17    17    17    14    15    15    14    14    14
    11    12    12    11    11    11    11    10     9    10     9    10
     8     9    11    10    11    14    14    16    13    16    12    15
    12    11    11    12    14    17    24
  1.40  1.30  1.20  0.80  0.90  0.80  0.60  0.80  0.70  0.70  0.70  0.70
  0.60  0.60  0.60  0.70  0.60  0.60  0.60  0.50  0.50  0.60  0.50  0.60
  0.60  0.50  0.60  0.70  0.70  1.00  0.70  0.80  0.50  0.70  0.60  1.00
  0.70  0.50  0.70  0.70  1.10  2.10  3.50
  2.00  2.00  1.90  1.70  1.70  1.70  1.40  1.50  1.50  1.40  1.40  1.40
  1.10  1.20  1.20  1.10  1.10  1.10  1.10  1.00  0.90  1.00  0.90  1.00
  0.80  0.90  1.10  1.00  1.10  1.40  1.40  1.60  1.30  1.60  1.20  1.50
  1.20  1.10  1.10  1.20  1.40  1.70  2.40
dtype=   t180   mean,std
    14    15
  1.40  1.50
dtype=   t181   mean,std
    16    23
  1.60  2.30
dtype=   t187   mean,std
    16    27
  1.60  2.70
dtype=   t188   mean,std
    24    35
  2.40  3.50
