  KTLX      262.72   35.33       5
    937.50  912.50   -2.64   -2.02    0.55    1.18   33.02   33.58    4.24    3.15  3
    912.50  887.50    3.30   -0.37    0.18    0.75   58.01   69.76    4.14    3.47  3
    887.50  862.50    1.35    1.95    0.20    0.11   33.85   30.68    3.45    2.95  3
    862.50  837.50   -4.90   -5.45    0.54    0.41   30.37   30.62    3.05    2.97  3
    837.50  812.50   -5.13   -5.70    0.30    0.26   52.86   51.88    3.81    3.23  3
  KARX      268.81   43.82       5
    937.50  912.50    5.29    0.65   -1.16   -0.82   35.57   23.88    4.38    3.87  3
    912.50  887.50    2.64    0.07    0.63    0.80   29.93   21.59    3.02    2.57  3
    862.50  837.50   -3.39   -0.80    0.76    0.58   38.57   28.85    2.49    2.11  3
    837.50  812.50   -1.04    1.09    1.00    0.56   52.17   33.78    3.92    3.70  3
    812.50  787.50    7.59    1.06    0.62    0.73   32.69   47.32    3.51    3.23  3
  KDYX      260.75   32.54       8
    937.50  912.50   -8.71   -9.58   -0.12   -0.25   37.42   35.62    3.75    3.51  3
    912.50  887.50   -1.80   -3.33   -0.10   -0.33   22.41   18.83    2.54    2.48  3
    887.50  862.50   -1.27   -3.66    1.08    0.65   44.86   32.73    3.94    3.91  3
    862.50  837.50   -3.11  -11.51   -0.32   -0.42   39.31   43.72    4.35    3.60  3
    837.50  812.50   -5.28   -7.89   -0.24   -0.33   42.49   26.93    4.43    3.62  3
    812.50  787.50    5.14   -0.92    1.75    1.44   61.40   45.42    5.39    5.20  3
    787.50  762.50   -4.59   -9.39    0.60    0.70   61.13   54.59    3.27    3.10  3
    762.50  737.50  -12.27  -17.92    0.23    0.28   45.37   54.20    3.17    3.04  3
  KBGM      284.02   42.20       4
    937.50  912.50  -15.18  -11.05    0.13    0.28   69.66   56.36    5.38    4.64  3
    887.50  862.50  -14.23  -12.14   -0.96   -0.69   38.77   31.06    5.28    4.16  3
    862.50  837.50  -17.65  -22.82   -0.40   -0.45   59.44   61.22    5.93    4.66  3
    812.50  787.50   -8.16   -4.89    0.73    0.72   73.28   60.68    5.24    4.77  3
