  KTLX      262.72   35.33       5
         4   57.00   -2.64   -2.02    0.55    1.18   33.02   33.58    4.24    3.15  107.00    0.00  3
      0.00    0.47   13.09    1.69    1.33    0.00   19.34   12.71
         5   56.00    3.30   -0.37    0.18    0.75   58.01   69.76    4.14    3.47  107.00    0.00  3
      0.00    0.32   15.69    2.20 -999.00 -999.00 -999.00 -999.00
         6   57.00    1.35    1.95    0.20    0.11   33.85   30.68    3.45    2.95   47.00    0.00  3
      0.00    0.00    0.00    0.00    0.00    0.00    0.00    4.70
         7   57.00   -4.90   -5.45    0.54    0.41   30.37   30.62    3.05    2.97   54.00    0.00  3
      0.00    0.00    0.00    0.00    0.00    0.00    7.43    0.00
         8   57.00   -5.13   -5.70    0.30    0.26   52.86   51.88    3.81    3.23   74.00    0.00  3
      0.00    0.00   16.01    2.15    0.00    0.00   19.49   13.34
  KARX      268.81   43.82       5
         4   59.00    5.29    0.65   -1.16   -0.82   35.57   23.88    4.38    3.87  109.00    0.00  3
      1.35    0.00   25.50    2.58   -2.00    4.20   26.46   22.17
         5   59.00    2.64    0.07    0.63    0.80   29.93   21.59    3.02    2.57   98.00    0.00  3
      0.00    0.00   13.18    2.05    0.00    0.00   17.01   12.52
         7   59.00   -3.39   -0.80    0.76    0.58   38.57   28.85    2.49    2.11   91.00    0.00  3
      0.00    0.00   12.19    1.46    0.00    0.00    6.74   13.23
         8   59.00   -1.04    1.09    1.00    0.56   52.17   33.78    3.92    3.70  108.00    0.00  3
      0.00    0.14   15.66    2.91    0.14    0.00   16.61   12.75
         9   57.00    7.59    1.06    0.62    0.73   32.69   47.32    3.51    3.23   79.00    0.00  3
      0.00    0.00    0.00    0.00    0.00    0.00   16.95    1.16
  KDYX      260.75   32.54       8
         4   58.00   -8.71   -9.58   -0.12   -0.25   37.42   35.62    3.75    3.51   73.00    0.00  3
      0.00    0.00    0.00    1.28    0.00    0.00   11.94    0.39
         5   58.00   -1.80   -3.33   -0.10   -0.33   22.41   18.83    2.54    2.48   55.00    0.00  3
      0.00    0.00    0.00    0.00    0.00    8.16    1.15   12.09
         6   58.00   -1.27   -3.66    1.08    0.65   44.86   32.73    3.94    3.91  104.00    0.00  3
      0.73    0.78   12.83    1.66   -3.08   26.94   23.42   39.94
         7   53.00   -3.11  -11.51   -0.32   -0.42   39.31   43.72    4.35    3.60   77.00    0.00  3
      0.00    0.00   20.08    1.66 -999.00 -999.00 -999.00 -999.00
         8   54.00   -5.28   -7.89   -0.24   -0.33   42.49   26.93    4.43    3.62   73.00    0.00  3
      0.00    0.00   23.94    1.58 -999.00 -999.00 -999.00 -999.00
         9   58.00    5.14   -0.92    1.75    1.44   61.40   45.42    5.39    5.20   81.00    0.00  3
      0.00    0.00    8.83    0.00    0.00    0.00   12.31    6.62
        10   54.00   -4.59   -9.39    0.60    0.70   61.13   54.59    3.27    3.10   54.00    0.00  3
      0.00    0.00    0.00    0.00 -999.00 -999.00 -999.00 -999.00
        11   53.00  -12.27  -17.92    0.23    0.28   45.37   54.20    3.17    3.04   46.00    0.00  3
      0.00    0.00    0.00    0.00 -999.00 -999.00 -999.00 -999.00
  KBGM      284.02   42.20       4
         4   66.00  -15.18  -11.05    0.13    0.28   69.66   56.36    5.38    4.64  133.00    1.00  3
     -2.47    0.62   31.23    3.16   -7.77   -2.47   23.21   27.25
         6   64.00  -14.23  -12.14   -0.96   -0.69   38.77   31.06    5.28    4.16   98.00    0.00  3
     -1.64    0.00   14.43    2.53  -10.25   -1.64   20.76    8.94
         7   61.00  -17.65  -22.82   -0.40   -0.45   59.44   61.22    5.93    4.66  125.00    0.00  3
      0.00    0.00   18.94    4.02   -1.49    0.00   19.51   17.27
         9   66.00   -8.16   -4.89    0.73    0.72   73.28   60.68    5.24    4.77  101.00    0.00  3
      0.00    0.00   14.36    1.85    0.00    0.00   17.41   10.72
