  46027     235.60   41.90  -18.74  -19.20    0.44    1.13   61.08   57.02    2.37    2.46  3
     77.00    0.00   -2.73    0.47   29.91    2.00
     77.00  -12.42   -2.14   55.24   20.71
  FFIA2     226.37   57.27   10.88   13.59    1.46    1.83   75.31   76.63    2.35    2.28  3
     77.00    0.00    5.04    1.06   48.46    2.17
     77.00    2.87   -1.24   43.83   55.51
  POTA2     213.30   61.06   -3.28    0.54    1.60    1.83   49.90   45.99    2.66    2.68  3
    234.00    0.00   -1.28    2.90   18.22    3.41
     78.00   -5.15   -1.61   28.25   10.94
  VOLG      296.50   44.60   14.22   12.77   -1.56   -1.22   46.82   43.82    2.55    2.35  3
    155.00   16.00   10.55   -1.53   17.34    2.58
     71.00    6.82   14.99   12.55   13.64
  CGHL      307.30   47.60  -13.83  -13.62    1.20    1.33   51.81   46.32    2.67    2.42  3
    139.00   13.00  -19.10    0.92   29.92    2.28
     67.00  -14.06  -27.16   79.12   20.57
  ATKA2     185.83   52.23   20.58   16.30   -1.20   -0.68   46.99   44.22    2.39    1.91  3
    150.00    6.00   12.97   -0.94   43.26    2.19
     76.00   13.09    5.61   75.39   36.38
  LGWS      359.40   60.30   -1.05   -0.67   -1.55   -1.23   63.03   62.15    2.71    2.57  3
     58.00    0.00   -6.57   -0.57   32.18    2.78
     58.00  -16.11   10.04   21.99   82.72
  VCLM      288.80   46.80    5.68    4.95    0.64    0.60   41.56   35.03    2.02    1.79  3
    142.00    1.00    6.49    0.38   23.45    1.67
     78.00    5.02    5.31   24.72   13.50
  WDC6698   202.10   21.30    3.97    4.67    0.46    0.77   32.97   30.38    2.38    2.05  3
     88.00    1.00   10.31    0.21   14.77    2.41
     60.00   12.01    6.05   21.11   16.95
  62149       1.10   53.70   -0.38   -1.49   -0.42   -0.37   17.78   14.27    2.23    2.02  3
     77.00    0.00   -0.68   -0.08   13.10    1.82
     77.00   -1.47    0.30   15.70   14.00
  CG3029    305.40   49.70    3.09    1.10   -0.42   -0.31   27.58   27.07    1.39    1.23  3
     77.00    0.00   -1.06   -0.35   18.73    1.17
     77.00   14.92    7.13   28.93   21.28
  CGBR      232.50   50.70    3.08    2.55    0.16    0.27   57.62   54.41    1.94    1.82  3
     65.00    0.00    4.27   -0.05   42.07    1.87
     65.00  -21.20   17.88   39.27   76.49
  CGCB      293.90   49.80   -1.09    0.81    0.50    0.85   32.03   25.50    1.62    1.37  3
    132.00    0.00    3.52    0.58   16.28    1.47
     77.00    6.97    0.15   17.35   19.50
  CGCX      297.20   44.60    4.04    2.48   -0.18    0.25   40.01   35.84    1.99    1.59  3
    146.00    0.00    8.50    0.20   26.80    2.31
     78.00   11.10   -2.30   21.66   31.23
  CGJV      304.30   47.10   -5.33   -8.01   -1.71   -1.35   42.72   38.63    1.92    1.73  3
     73.00    0.00    1.47   -1.41   22.46    2.13
     73.00    2.91   -4.42   21.81   34.17
  CGUM      296.40   44.70    2.48   -0.19    0.18    0.36   37.47   35.49    1.33    1.16  3
    147.00    0.00    1.67    0.77   30.34    1.80
     77.00   21.15    4.92   25.72   22.30
  DBBT      338.10   64.20    5.89    4.66    1.21    1.14   32.32   28.43    2.02    1.62  3
    149.00    1.00    4.65    0.90   15.35    1.39
     77.00    5.70    1.19   13.91   10.43
  DBCK      355.70   58.80    8.74    8.42    0.09    0.26   34.08   32.74    1.40    1.22  3
     65.00    0.00    1.81    0.23   12.80    1.32
     65.00    0.49    6.44    6.90   31.15
  OLSA2     191.13   52.94    4.42    3.52    1.27    1.17   28.27   25.62    1.88    1.39  3
    147.00    4.00    2.01    0.86   16.06    1.41
     76.00    1.34    4.11   13.16   16.82
  VCRG      298.10   46.40   -3.17   -4.09    0.43    0.88   19.91   15.57    1.97    1.62  3
    155.00    6.00   -5.26    0.85   14.67    1.80
     76.00    1.43   -8.85   14.69   14.47
  VOCJ      300.90   47.60    2.32    8.09    1.06    1.41   40.00   30.79    2.04    1.89  3
    155.00    1.00    5.36    1.39   21.67    1.62
     78.00   17.70    5.36   29.08   18.76
  VXKF      300.40   46.80   -1.36   -2.11    0.77    1.07   27.23   23.97    2.02    1.65  3
    155.00    0.00   -1.87    0.82   15.54    2.15
     78.00    0.94   -2.99   12.50   12.39
  XJAB      307.30   48.90    2.42    0.09    1.44    1.49   49.18   46.05    2.23    2.19  3
     73.00    0.00   -1.08    1.19   23.91    1.85
     73.00    1.16    0.01   29.87   24.93
  YJQN7     312.00   46.70   17.36   13.01    2.37    1.88   37.84   23.29    2.15    1.76  3
     65.00    4.00   14.50    2.01   20.30    1.84
     61.00   23.71    9.03   22.86   19.16
  62153       2.00   57.30    8.07    6.59   -1.55   -1.32   20.42   21.20    2.33    2.24  3
     74.00    2.00    4.03   -0.09   10.81    1.90
     71.00    7.57    3.64   15.15    9.10
  WTER      279.70   32.20   -1.53    1.09    0.26    0.49   40.68   41.35    1.76    1.59  3
    101.00    0.00   -2.43    0.37   12.86    1.40
     62.00   -3.27    2.53    8.65   17.17
  VAAP      288.80   46.80    4.17    2.90    1.37    1.33   46.93   43.55    2.25    2.06  3
    114.00    0.00   -2.35    1.04   33.02    2.05
     62.00   24.14   -1.21   40.67   34.03
