  CECC1     235.82   41.74  -40.87  -35.49    0.14    0.80   70.02   61.27    1.69    1.61  3
  DBLN6     280.65   42.49  105.40  105.40    4.08    4.08   52.64   52.64    2.61    2.61  3
  DISW3     269.27   47.08   98.20   98.20    5.05    5.05   45.77   45.77    2.63    2.63  3
  MRNA2     225.74   58.20    7.72   17.07    0.23    0.75   74.15   67.43    1.59    1.55  3
  NTBC1     240.31   34.40  -47.22  -42.27    0.60    1.02   58.23   60.67    1.36    1.37  3
  PBPA2     225.85   58.20   45.33   48.18   -0.29    0.20   61.42   60.68    2.61    2.58  3
  PILM4     271.63   48.22  101.77  101.77    5.75    5.75   48.74   48.74    2.80    2.80  3
  RCMC1     237.59   37.92  -58.46  -52.88   -0.04    0.57   43.23   49.05    1.38    1.53  3
  SBIO1     277.16   41.63  102.68  102.68    4.76    4.76   47.66   47.66    2.31    2.31  3
  SDIA2     225.61   58.28   45.99   47.16    0.33    0.81   53.45   51.43    1.65    1.64  3
  SGNW3     272.31   43.75   96.28   96.28    5.18    5.18   57.13   57.13    2.71    2.71  3
  STDM4     272.78   47.18   99.71   99.71    6.96    6.96   52.72   52.72    3.17    3.17  3
  VDZA2     213.64   61.13   69.15   68.06   -1.82   -1.45   54.77   55.62    1.99    1.60  3
  PSBC1     238.11   38.04   49.95   46.36    2.31    3.16   19.28   27.06    1.65    1.84  3
  KWHH1     204.17   20.04   91.13   69.07   -1.15   -0.09   68.94   74.66    2.17    2.05  3
  ROAM4     270.69   47.87   96.47   96.47    6.53    6.53   50.28   50.28    3.25    3.25  3
