  CYDB      220.95   61.36   35.61   37.91    1.08    1.15   71.51   70.94    1.69    1.68  3
  CYGP      295.53   48.77   18.09   18.88    0.09    0.64   73.01   71.70    1.97    1.91  3
  CYIN      238.32   51.26   -0.89    0.33    0.71    0.84   71.35   68.84    1.33    1.28  3
  CYKA      239.56   50.70    1.53    6.56    1.48    1.62   75.03   73.06    2.00    1.90  3
  CYLW      240.63   49.95  -14.02  -13.24   -0.16    0.09   92.80   93.84    1.61    1.48  3
  CYMA      224.14   63.61   35.17   34.03   -0.34   -0.18   76.05   75.77    1.15    1.08  3
  CYOY      288.70   46.54   24.96   26.72   -0.57   -0.14   80.95   77.25    1.28    1.07  3
  CYQZ      237.49   53.02   15.57   15.62    0.42    0.44   69.99   69.53    1.26    1.21  3
  CYRV      241.82   50.96   44.75   39.09    0.14    0.33   84.34   81.68    1.63    1.66  3
  CYXC      244.22   49.61   20.68   11.24    1.40    1.64   78.69   77.69    1.60    1.54  3
  CYXX      237.64   49.02   14.60   19.84    0.93    1.35   77.82   72.40    1.43    1.42  3
  CYYF      240.40   49.46   33.89   32.59    1.13    1.50   81.88   80.84    1.68    1.63  3
  EDNY        9.52   47.67  -18.18   -7.63    1.14    1.24   70.12   61.13    1.16    1.10  3
  K05U      244.00   39.60  -10.85  -12.14    0.04    0.54   78.13   77.23    1.68    1.54  3
  K0A9      277.83   36.36   54.07   54.53   -0.41   -0.05   76.03   70.81    1.17    1.14  3
  K1AM      249.20   47.28   27.09   22.03    0.62    1.04   84.00   81.80    2.03    2.02  3
  K1S5      240.04   46.33   28.21   29.20   -1.02   -0.52   71.04   68.32    1.27    1.19  3
  K20V      253.63   40.04   58.14   48.23   -0.21    0.29   67.91   59.52    1.72    1.66  3
  K24J      276.97   30.30   69.68   69.99   -1.02   -0.74   60.09   59.87    0.89    0.80  3
  K2I0      272.60   37.35   46.02   47.24   -0.43    0.14   51.60   50.18    0.87    0.78  3
  K3J7      276.86   33.60   59.63   52.08   -0.71   -0.30   53.39   55.35    0.89    0.82  3
  K4A6      274.00   34.68   61.96   57.27   -0.41    0.01   52.74   51.60    1.15    1.06  3
  K4O4      265.14   33.90   78.19   78.06   -1.17   -0.67   52.84   53.23    1.23    1.14  3
  K5A6      270.27   33.46   72.05   70.44   -0.60   -0.32   59.73   59.81    1.05    0.91  3
  K6R3      264.99   30.36   70.64   64.50   -0.68   -0.28   47.06   45.03    0.97    0.91  3
  K7W4      282.25   37.96   59.41   60.53   -0.23    0.02   52.32   57.64    0.96    0.88  3
  K8B0      289.30   44.96   50.86   52.86   -0.28    0.45   58.40   57.70    1.02    1.07  3
  KAAT      239.43   41.49   37.27   46.19   -1.28   -0.12   72.16   76.56    1.59    1.68  3
  KABQ      253.38   35.04    8.87    5.07    1.27    1.47   73.95   69.78    1.88    1.83  3
  KACP      267.31   30.75   74.61   76.44   -1.04   -0.71   63.09   65.71    0.83    0.81  3
  KADF      266.94   34.10   63.72   58.67   -0.33   -0.13   71.17   70.53    1.20    1.16  3
  KADU      265.08   41.70   57.36   55.99   -1.65   -0.92   58.33   60.61    1.41    1.26  3
  KAFO      249.07   42.71   50.13   42.94   -0.66    0.23   70.44   72.80    1.58    1.49  3
  KAHN      276.68   33.95   69.30   63.54   -0.45   -0.05   58.82   58.17    0.90    0.86  3
  KAID      274.38   40.11   48.12   49.77   -1.18   -0.41   58.13   59.07    1.04    1.06  3
  KAKH      278.85   35.20   61.05   61.70   -0.16    0.27   67.48   77.40    1.12    1.18  3
  KAKQ      282.99   36.97   70.43   66.07   -0.55   -0.28   64.67   67.61    1.05    0.97  3
  KALS      254.13   37.45   26.91   25.68    1.33    1.47   87.47   81.08    1.89    1.91  3
  KALX      274.04   32.90   60.12   55.51   -0.56   -0.23   57.55   55.54    0.89    0.77  3
  KANB      274.15   33.58   22.34   23.28   -0.97    0.44   72.65   72.90    1.29    1.09  3
  KAQO      261.34   30.78   45.36   46.60   -1.12   -0.47   66.50   68.69    1.10    1.01  3
  KAQR      263.85   34.40   45.50   46.22   -1.32   -0.65   55.90   55.13    1.10    0.96  3
  KAQW      286.83   42.70   43.66   37.44    0.26    0.73   73.18   75.75    1.61    1.74  3
  KASE      253.13   39.22   43.27   27.66    0.69    1.44   70.54   73.61    1.83    1.65  3
  KASJ      282.83   36.29   64.47   57.64   -0.73   -0.21   63.07   62.49    1.07    0.92  3
  KASN      273.95   33.57   49.40   49.16   -0.07    0.28   55.09   52.07    0.96    0.91  3
  KAVP      284.27   41.33   13.61   20.05    0.21    0.88   84.45   83.65    1.29    1.28  3
  KAVX      241.59   33.40   -2.05    1.00   -0.81   -0.14   74.38   69.08    1.36    1.31  3
  KAZE      277.36   31.88   53.77   50.49   -0.73   -0.32   51.07   53.42    0.82    0.69  3
  KBAN      240.49   38.35   71.13   72.49   -1.46   -0.56   77.47   78.08    1.63    1.56  3
  KBKB      267.03   31.00   90.48   94.41   -0.94   -0.66   58.30   64.49    0.70    0.65  2
  KBKE      242.18   44.83    0.28   -1.30    0.30    0.83   72.22   69.93    1.60    1.70  3
  KBNO      241.05   43.58   -4.95   -6.48    0.86    1.21   70.76   67.47    1.43    1.40  3
  KBOK      235.71   42.07   -5.67   -1.05   -1.22   -0.50   73.34   75.74    1.58    1.42  3
  KBQP      268.12   32.76   55.84   53.96   -0.77   -0.53   63.77   63.74    1.11    1.04  3
  KBTM      247.50   45.95    9.95   17.92   -0.31    0.60   89.82   90.54    1.91    1.73  3
  KBUR      241.65   34.20    2.39   12.20    0.64    1.29   72.64   65.34    1.03    1.39  3
  KBVU      245.14   35.94   34.17   33.59    0.46    0.10   80.37   78.72    2.00    2.02  3
  KBYI      246.23   42.55   26.82   27.27   -0.05    0.33   71.93   69.98    1.55    1.40  3
  KBZN      248.85   45.78   26.32   30.63    0.58    0.97   81.16   75.28    1.78    1.72  3
  KCAG      252.48   40.50   55.45   53.27   -0.64    0.02   74.84   68.07    1.93    1.81  3
  KCBE      281.23   39.61   64.86   69.89   -0.62   -0.02   57.07   63.50    1.07    0.96  3
  KCDA      287.99   44.57   34.30   39.74   -0.34    0.45   76.69   80.18    1.06    1.13  3
  KCDD      267.52   48.27   61.87   61.05   -1.36   -0.88   65.13   63.62    1.06    0.98  3
  KCDH      267.23   33.61   58.29   60.23   -0.52   -0.24   62.07   62.35    0.92    0.86  3
  KCGC      277.43   28.87   52.03   51.91   -0.97   -0.67   45.82   48.80    1.32    1.26  3
  KCGS      283.08   38.97   65.70   64.78   -1.14   -0.76   55.20   56.58    1.02    0.91  3
  KCGZ      248.23   32.95   29.20   25.09    0.88    1.00   73.46   70.77    2.05    1.83  3
  KCKB      279.78   39.29   40.58   38.83    0.17    0.65   72.38   68.54    1.18    1.17  3
  KCNI      275.59   34.31   45.55   37.34   -0.65   -0.25   52.23   47.41    1.07    0.93  3
  KCRW      278.41   38.36   62.96   59.82   -0.30    0.14   78.70   77.01    1.24    1.17  3
  KCTJ      274.85   33.63   71.59   66.16   -0.63   -0.27   56.80   59.01    0.90    0.79  3
  KCVC      276.15   33.63   72.18   59.30   -0.52   -0.11   57.63   54.39    0.87    0.74  3
  KCWV      278.13   32.20   51.80   49.26   -0.86   -0.49   70.91   69.74    1.10    1.03  3
  KCXO      264.59   30.35   53.30   46.78    0.22    0.65   58.22   57.06    1.51    1.43  3
  KCXP      240.27   39.18   48.55   51.80   -0.50    0.51   69.65   68.99    2.16    1.85  3
  KCZZ      243.53   32.61  -31.69  -19.28    1.13    1.54   72.11   61.87    1.85    1.72  3
  KDVO      237.44   38.14   35.24   37.05   -0.37    0.27   71.92   75.33    1.82    1.61  3
  KDYB      279.72   33.07   52.43   49.68   -0.84   -0.43   61.51   61.55    1.00    0.90  3
  KDYT      267.96   46.72   -1.14    3.73   -0.06    1.67   73.75   71.16    2.13    1.98  3
  KEDN      274.10   31.30   61.41   57.24   -0.81   -0.43   55.31   55.82    0.92    0.80  3
  KEEN      287.73   42.90   49.80   50.74   -0.42    0.13   68.28   68.61    1.21    1.20  3
  KEET      273.22   33.18   45.35   41.84   -0.20    0.10   57.12   55.74    0.91    0.93  3
  KEGE      253.08   39.65   40.54   11.67    0.75    1.07   90.56   98.86    2.08    2.09  3
  KEKN      280.16   38.88   75.80   73.39   -0.79   -0.31   71.49   73.16    1.16    1.11  3
  KEKO      244.22   40.83   11.63   16.11   -0.87    0.27   82.75   86.10    1.72    1.51  3
  KEKQ      275.14   36.86   19.32   16.53    2.41    2.81   89.04   86.29    1.55    1.55  3
  KELD      267.20   33.22   20.82   24.31    0.52    0.77   72.33   74.72    1.20    1.07  3
  KELM      283.10   42.17   51.06   51.93   -0.11    0.63   72.86   71.58    1.53    1.50  3
  KENV      245.97   40.72   14.65   19.68    0.41    1.32   88.80   80.06    2.12    2.03  3
  KFHR      236.98   48.52   28.89   28.51   -0.50   -0.26   74.82   71.75    1.54    1.42  3
  KFHU      249.65   31.60   20.47   21.43    0.23    1.11   80.38   78.59    1.61    1.49  3
  KFIG      281.59   41.05   25.76   25.02    0.19    0.82   74.49   73.31    1.16    1.15  3
  KFKN      283.10   36.70   51.37   48.05   -0.19    0.14   58.22   64.06    0.92    0.83  3
  KFLG      248.33   35.13   27.01   34.80   -1.92   -0.09   71.17   73.00    2.60    1.87  3
  KFLP      267.41   36.28   55.34   58.70   -0.34   -0.03   68.22   68.38    1.08    1.07  3
  KFUL      242.02   33.86   61.26   57.86   -0.81    0.03   88.39   89.79    0.81    0.86  3
  KFWN      285.38   41.20   39.18   36.93   -0.24    0.33   73.78   67.11    1.32    1.25  3
  KGAO      269.74   29.44   50.02   47.68   -1.12   -0.88   61.82   60.61    1.12    1.09  3
  KGCN      247.85   35.95   58.32   58.11   -0.55   -0.12   94.35   93.91    2.00    2.06  3
  KGIC      243.89   45.95   35.79   40.61    0.02    0.47   84.19   72.43    1.39    1.28  3
  KGNB      254.09   40.08   30.31   33.22    0.65    1.00   72.73   59.31    1.68    1.75  3
  KGPI      245.73   48.30   40.63   39.08    0.98    1.56   84.88   77.81    2.00    2.25  3
  KGUP      251.22   35.52   19.87   19.24    0.11    0.52   92.89   92.34    2.11    2.10  3
  KHBI      280.10   35.65   53.59   46.87   -0.56   -0.07   51.45   57.20    0.97    0.90  3
  KHCR      248.57   40.47   56.08   58.34   -1.73   -0.18   65.37   68.38    2.08    1.89  3
  KHIE      288.45   44.35   71.31   76.84   -1.64   -0.14   71.90   72.85    1.56    1.42  3
  KHLN      248.00   46.60   33.93   30.75    0.83    1.13   88.37   88.35    1.75    1.66  3
  KHNZ      281.47   36.36   54.39   48.98   -0.08    0.45   54.59   55.92    0.99    1.01  3
  KHZR      268.52   30.71   49.06   49.52   -0.42   -0.08   56.87   55.40    1.01    0.94  3
  KIER      266.90   31.73   55.35   54.91   -0.15    0.13   59.32   60.51    1.13    1.04  3
  KINS      244.33   36.59    9.26   11.62    0.38    0.25  100.11   98.87    2.02    2.02  3
  KIPJ      278.84   35.47   54.50   59.15   -0.73   -0.23   55.98   62.73    0.81    0.86  3
  KIPL      244.42   32.83   -7.65    8.13    0.92    1.56   73.80   63.92    1.98    1.73  3
  KIPT      283.08   41.25   11.25    7.32    0.54    1.23   71.98   68.06    1.48    1.59  3
  KIYA      267.92   29.98   57.74   55.66   -0.66   -0.40   57.66   58.53    1.26    1.13  3
  KJAC      249.27   43.60    9.25    7.09    0.21    1.15   80.04   79.24    1.97    1.92  3
  KJAS      265.97   30.89   60.63   60.41   -0.56   -0.23   61.92   63.08    0.95    0.84  3
  KJFZ      278.20   37.06   57.73   54.79   -0.07    0.32   55.82   55.32    1.08    1.14  3
  KJWN      273.12   36.18   46.22   44.73   -0.10    0.32   59.24   61.42    1.15    1.08  3
  KL18      242.75   33.35   66.47   62.34   -0.73   -0.11   70.99   67.19    0.89    0.98  3
  KLAM      253.72   35.88    7.13   15.17    0.91    1.43   72.63   59.85    1.90    1.77  3
  KLCQ      277.42   30.18   45.07   46.17   -0.14    0.18   45.94   46.27    1.08    0.98  3
  KLEB      287.70   43.63   50.77   52.11   -0.30    0.39   62.36   66.92    1.32    1.30  3
  KLGB      241.85   33.82   12.95   24.53    0.75    1.06   74.65   69.48    1.09    1.02  3
  KLGD      242.00   45.28   14.66   11.62    1.61    2.36   75.84   75.21    2.30    2.31  3
  KLGU      248.15   41.78   67.98   62.01   -0.83    0.60   69.94   68.65    2.03    1.72  3
  KLLJ      245.78   44.52   24.23   28.59   -0.05    0.30  100.52  101.12    1.76    1.76  3
  KLND      251.27   42.82   16.19   18.43    0.65    0.90   86.22   88.27    2.33    2.19  3
  KLNP      277.47   36.97   47.87   47.52    0.28    0.66   53.19   51.08    1.17    1.23  3
  KLSF      275.00   32.33   49.79   42.24   -0.14    0.19   62.22   63.74    1.30    1.22  3
  KLUK      275.58   39.10   48.16   43.28   -0.24    0.40   65.50   63.72    1.32    1.30  3
  KLWS      242.98   46.38   41.74   48.28    0.06    0.48   80.62   81.47    1.77    1.68  3
  KM08      270.96   35.21   47.88   50.66   -0.57   -0.06   62.71   66.70    1.13    1.06  3
  KMEV      240.25   38.97   19.69   19.19   -0.04    0.89   83.54   82.57    1.82    1.61  3
  KMKJ      278.66   36.90   62.32   60.10   -0.33    0.07   66.25   61.92    1.31    1.22  3
  KMKS      279.96   33.18   48.38   47.36   -0.50   -0.10   53.94   52.62    1.22    0.92  3
  KMMH      241.17   37.61   34.95   42.67    0.07    0.54   73.56   72.43    2.22    2.11  3
  KMMI      275.43   35.40   85.30   84.66   -0.63   -0.26   56.00   59.25    1.12    0.97  3
  KMNE      266.70   32.65   54.33   51.43   -0.36   -0.06   56.67   57.06    1.16    1.09  3
  KMRN      278.39   35.82   45.57   50.45   -0.84   -0.31   52.24   55.57    0.70    0.62  3
  KMSO      245.92   46.92   58.30   49.77    0.87    1.49   79.53   81.71    2.00    2.10  3
  KMVL      287.39   44.53   51.00   49.41   -0.31    0.48   70.50   74.46    1.31    1.38  3
  KMWT      266.42   34.54   88.28   88.79   -0.90   -0.53   62.67   59.03    1.05    0.98  3
  KMZG      263.81   27.73   78.67   77.72   -1.35   -1.34   29.86   34.96    1.80    1.90  3
  KN03      283.80   42.60   45.45   45.53   -1.27   -0.56   65.61   63.93    1.26    1.02  3
  KNFE      283.87   36.70   69.03   68.85   -0.76   -0.57   69.22   72.60    1.32    1.20  3
  KNUQ      237.95   37.42   46.87   45.66    0.94    1.19   79.47   71.86    1.72    1.52  3
  KOLS      249.15   31.42   18.19   22.17   -0.13    0.21   75.07   71.59    1.56    1.47  3
  KONO      242.98   44.02   -6.09  -10.18    0.39    0.76   73.48   71.76    1.55    1.67  3
  KP68      243.99   39.60   -2.96    5.36    0.74    1.18   78.89   78.17    1.89    1.76  3
  KPBX      277.44   37.56   46.88   50.43    0.03    0.39   64.00   63.40    0.88    0.83  3
  KPGA      248.55   36.93   24.52   32.96    0.11    0.47   83.36   78.26    1.55    1.48  3
  KPLU      237.72   47.10   80.64   74.96   -1.09   -0.75   55.68   56.99    0.81    0.82  3
  KPSC      240.88   46.27   30.55   31.46    0.42    0.88   73.15   66.82    1.58    1.50  3
  KPSK      279.32   37.13   48.93   49.31    0.01    0.41   62.05   61.84    1.02    1.00  3
  KPSP      243.50   33.83  -10.81  -17.35    0.23    1.10   76.86   75.03    2.22    2.18  3
  KPUJ      275.06   33.90   72.37   69.65   -0.34    0.01   57.62   56.90    1.02    0.99  3
  KPUW      242.88   46.75   46.38   52.03   -0.02    0.38   66.38   65.37    1.50    1.52  3
  KPVE      271.80   35.65   54.02   58.76   -0.56   -0.02   65.57   67.31    1.22    1.12  3
  KRDM      238.85   44.25   18.05   19.21    0.56    0.96   76.78   76.06    1.25    1.27  3
  KREO      242.12   42.58  -18.69  -17.13    0.68    1.04   76.34   74.60    1.80    1.71  3
  KRFI      265.15   32.14   49.55   53.93   -0.87   -0.41   59.47   61.39    1.02    0.93  3
  KRIL      252.28   39.53   55.80   54.57    0.89    1.61   65.20   65.60    2.65    2.49  3
  KRIW      251.53   43.07  -12.96   -8.78    1.70    1.79   78.02   80.07    1.68    1.50  3
  KRKR      265.38   35.02   57.40   57.60   -0.39    0.00   70.28   73.05    1.22    1.14  3
  KRNC      274.15   35.70   70.56   71.77   -0.51   -0.08   65.02   69.54    1.16    1.15  3
  KRNO      240.22   39.50   22.96   24.83    0.12    1.13   85.63   80.97    2.10    1.90  3
  KRQE      250.93   35.65   50.83   47.39   -0.11    0.30   78.53   69.65    1.71    1.67  3
  KRRL      270.29   45.18   47.96   42.05   -0.34    0.11   48.36   48.10    1.06    0.98  3
  KRTN      255.50   36.74   15.36   18.93    1.20    1.55   83.26   87.17    1.72    1.64  3
  KRZR      275.20   35.22   59.02   53.44   -0.14    0.22   58.62   59.93    1.23    1.17  3
  KSBA      240.17   34.43   -4.56  -23.80    0.34    0.75   74.73   72.14    1.62    1.46  3
  KSBS      253.13   40.52   44.56   36.51   -1.63   -0.14   72.26   63.41    2.29    1.73  3
  KSCR      280.50   35.70   53.22   42.86   -0.44    0.10   57.59   55.77    0.83    0.88  3
  KSDL      248.08   33.61   30.85   33.01   -0.22    0.39   71.94   66.07    1.89    1.53  3
  KSEM      273.02   32.35   58.44   58.59   -0.28    0.08   57.23   55.46    1.16    1.11  3
  KSFF      242.68   47.68   24.99   27.94   -0.04    0.45   76.01   75.86    1.81    1.76  3
  KSHR      253.03   44.77   52.08   48.81    0.45    0.65   68.47   67.65    1.99    1.78  3
  KSIY      237.53   41.78   24.36   23.88    0.85    1.31   72.32   78.37    1.71    1.81  3
  KSJS      277.37   37.75   65.36   67.58   -0.36    0.02   59.97   60.22    0.78    0.71  3
  KSKX      254.33   36.45   15.42   16.63    1.43    1.67   71.95   73.56    1.85    1.99  3
  KSLI      241.95   33.78   38.82   38.64   -0.16    0.67   76.09   75.60    1.30    1.34  3
  KSLR      264.38   33.15   60.35   59.36   -1.27   -0.61   56.35   59.68    1.51    1.46  3
  KSME      275.39   37.04   70.96   68.28   -0.66   -0.27   60.10   54.19    1.07    0.95  3
  KSMN      246.12   45.12   43.16   54.16   -1.38   -0.75   84.89   88.77    1.85    1.82  3
  KSMO      241.55   34.02   38.36   43.83    0.56    0.65   73.31   72.36    1.17    1.14  3
  KSNH      271.78   35.15   47.62   48.82   -0.30    0.22   53.44   54.52    1.10    0.99  3
  KSPB      237.14   45.77    9.04    5.74   -0.08    0.15   70.76   62.97    1.22    1.27  3
  KSRB      274.47   36.06   61.54   63.14   -0.69   -0.26   63.82   64.58    1.12    1.04  3
  KSRE      263.32   35.27   83.62   85.54   -2.00   -1.51   70.72   74.38    1.66    1.51  3
  KSTF      271.16   33.43   61.81   61.28   -0.56   -0.30   61.71   63.64    0.99    0.85  3
  KSTS      237.18   38.50    4.96   12.08    0.27    0.80   79.74   90.64    1.26    1.30  3
  KSUN      245.70   43.50   -3.84    8.25    0.55    1.56   70.82   74.14    2.59    2.10  3
  KSXS      274.15   31.36   56.20   51.56   -0.63   -0.24   51.77   52.37    1.10    1.00  3
  KSZT      243.44   48.30   20.83   23.41    0.51    0.98   71.28   69.91    1.86    2.01  3
  KTHA      273.75   35.38   51.61   53.11   -0.47   -0.03   56.86   58.80    1.01    0.94  3
  KTMA      276.52   31.42   45.91   45.01   -0.77   -0.35   51.85   50.98    1.06    0.94  3
  KTNB      278.35   36.20   72.50   72.95   -0.88   -0.41   52.69   51.19    1.11    1.01  3
  KTOI      273.98   31.87   48.85   49.57   -0.30    0.06   65.08   72.39    1.05    1.04  3
  KTTA      280.91   35.58   66.02   59.62   -0.55    0.01   63.43   62.15    1.16    1.01  3
  KTVI      276.12   30.90   55.68   48.82   -0.44   -0.10   49.38   49.41    0.86    0.82  3
  KTVK      267.10   40.68   69.87   69.96   -1.78   -1.04   67.67   67.66    1.71    1.51  3
  KTVL      240.00   38.90   34.13   36.27   -0.08    0.74   89.90   90.72    1.60    1.76  3
  KTVR      268.97   32.35   45.52   44.84   -0.03    0.24   67.22   65.85    1.24    1.23  3
  KVBW      281.05   38.36   56.18   59.34   -0.85   -0.31   60.78   60.88    0.94    0.81  3
  KVDF      277.65   28.01   51.75   54.13   -1.20   -0.91   45.98   51.41    0.88    0.81  3
  KVEL      250.48   40.43   44.44   40.10    0.52    0.90   77.43   73.17    1.79    1.68  3
  KVJI      277.97   36.68   56.20   54.34   -0.14    0.23   56.35   51.98    1.13    1.10  3
  KVKS      269.07   32.22   70.83   68.37   -0.37   -0.09   59.94   60.10    1.23    1.10  3
  KVLD      276.72   30.78   59.15   57.21   -0.41   -0.04   59.75   58.76    1.17    1.11  3
  KVNY      241.52   34.22   -8.49    4.06    0.30    0.88   77.52   67.13    1.05    1.37  3
  KVPC      275.15   34.11   73.66   65.46   -0.67   -0.31   60.15   67.87    0.90    0.84  3
  KVSF      287.48   43.35   58.38   60.82   -0.56    0.09   71.86   72.96    1.29    1.20  3
  KW31      281.82   36.95   69.16   67.58   -0.49   -0.09   58.46   60.24    0.91    0.73  3
  KW99      280.87   38.97   81.17   87.95   -1.21   -0.62   57.55   64.72    1.05    0.92  3
  KWMC      242.20   40.90   12.78   13.92    0.47    0.94   73.31   70.80    1.79    1.65  3
  KWVI      238.21   36.94   -1.14   -4.20   -0.35    0.18   72.06   76.88    1.08    1.27  3
  KYKM      239.47   46.57   23.09   27.39    0.18    0.73   77.27   73.33    1.57    1.43  3
  LEVX      351.37   42.22   27.40   22.68    0.46    0.76   71.35   72.57    1.37    1.18  3
  LFLN        4.01   46.42   20.10   17.12   -0.52   -0.10   74.40   68.93    1.02    0.87  3
  LIMK        7.73   45.03   46.14   35.81    0.08    0.23   85.87   89.54    1.44    1.46  3
  LIMU        8.17   43.95   12.18   12.98   -0.89   -0.62   70.15   67.99    1.86    1.61  3
  LIVE       10.50   46.83   -7.52   -6.77    0.57    0.78   87.11   81.75    1.39    1.25  3
  LIVP       11.03   46.15   17.32    1.20    0.49    0.76   82.77   81.92    2.00    1.89  3
  LSMM        8.11   46.75   -2.70   -4.83    0.28    0.83   97.52   97.73    2.43    2.24  3
  LSZG        7.42   47.18    0.08   -3.03    0.44    0.61   73.63   73.51    1.55    1.42  3
  LSZH        8.52   47.48   45.92   35.29    0.56    0.67   72.09   58.56    1.33    1.23  3
  MHLM      272.07   15.45   26.40   23.67    0.87    1.03   70.02   68.51    1.59    1.59  3
  MPTO      280.63    9.05   -7.40   -8.83    0.49    0.51   72.93   68.12    1.38    1.34  3
  PAAQ      210.92   61.60   45.82   48.43    0.72    1.02   96.11   92.89    1.98    2.02  3
  PABV      210.48   61.42   45.53   33.26   -0.24   -0.11   81.01   88.15    1.31    1.25  3
  PAED      210.20   61.25   52.67   49.12    0.37    0.47   74.69   67.98    1.76    1.72  3
  PAEG      218.85   64.78   55.23   55.41   -0.68   -0.42   84.16   82.18    1.33    1.37  3
  PAEI      212.90   64.67   48.49   46.50   -0.13   -0.01   58.19   55.16    1.56    1.47  3
  PAGY      224.70   59.47    2.91    2.02    1.20    1.65   73.99   75.25    2.68    2.87  3
  PAHN      224.48   59.25   17.00   13.17    1.51    1.86   78.03   78.36    1.85    1.91  3
  PAHO      208.50   59.63    3.04    0.18   -0.34    0.05   80.80   80.04    2.01    1.69  3
  PAJC      201.63   56.31   12.05   13.73   -0.32    0.08   85.45   87.47    2.18    2.03  3
  PAJN      225.42   58.37   -6.94    2.46    0.29    0.94   81.08   87.00    2.24    1.96  3
  PAKW      226.92   55.58    7.64   13.54   -0.18    0.25   70.20   70.66    1.45    1.50  3
  PAMR      210.15   61.22   69.09   61.13   -0.13    0.00   73.28   77.28    1.38    1.29  3
  PAOH      224.56   58.12   39.73   33.33   -0.53   -0.25   83.44   83.43    1.59    1.44  3
  PAPG      227.03   56.82   31.93   11.90   -0.13    0.34   97.07  104.67    1.30    1.21  3
  PASO      208.31   59.44   45.17   43.26   -1.36   -0.92   76.93   82.25    1.72    1.32  3
  PAVD      213.73   61.13   64.30   64.72   -1.81   -1.46   76.78   73.55    2.01    1.66  3
  PAWG      227.63   56.48   51.64   56.43   -0.32    0.11   70.14   67.14    1.45    1.30  3
  PHKO      203.95   19.73   16.77    2.62    1.79    1.81   74.93   82.05    1.90    1.88  3
  PHTO      204.93   19.72   15.81    9.87    1.01    1.29   70.06   65.77    1.34    1.45  3
  SKBO      285.87    4.70    4.37    5.54    1.17    1.31   73.43   65.95    1.48    1.34  3
  SKCC      287.48    7.93   45.46   44.81    2.29    2.41   68.45   67.64    2.12    2.02  3
  SKCL      283.62    3.55  -44.55  -45.04    1.20    1.15   74.83   73.06    1.29    1.26  3
  K0J4      273.69   31.04   45.67   42.03   -0.36    0.02   59.02   55.80    1.02    1.02  3
  KEEO      252.11   40.04    0.07    9.68   -0.77    0.59   84.75   74.01    2.26    2.14  3
  KFYE      270.61   35.21   63.10   61.69   -0.88   -0.38   61.20   63.00    1.23    1.11  3
  KGEY      251.92   44.52   51.86   42.92    0.63    0.84   70.36   73.02    2.45    2.35  3
  KLXV      253.68   39.22   -4.88   -7.69    0.51    1.04   88.04   86.60    1.89    1.86  3
  KUTS      264.41   30.75   46.71   41.75   -0.18    0.30   49.58   55.67    1.13    1.11  3
  KVBS      266.36   29.48   20.12   15.39   -0.29    0.23   76.01   76.97    1.86    1.92  3
  LEBB      357.07   43.30  -15.08  -19.73    0.07    0.24   70.32   66.14    1.20    1.15  3
  LSZS        9.88   46.53  -16.46  -18.32    0.51    0.86   77.15   67.59    2.11    2.00  3
  SKLT      290.05   -4.17   79.90   61.72    0.29    0.34   68.75   75.92    1.19    1.20  3
  SKPE      284.27    4.82  -47.33  -45.23    1.48    1.52   72.87   70.84    1.43    1.41  3
  K79J      273.60   31.32   46.48   43.74   -0.06    0.34   58.78   62.07    1.10    1.09  3
  KLOL      241.43   40.07    5.11   11.09    0.33    0.59   74.69   70.31    1.75    1.75  3
  KMEH      241.60   45.52  105.88   97.62   -1.76   -1.30   48.37   42.98    0.75    0.65  2
  KNID      242.32   35.68   -6.42    0.19    0.44    1.00   70.28   71.36    1.89    1.89  3
  KSNT      245.07   44.17   58.85   61.65   -0.26    0.03   80.95   82.23    1.54    1.35  3
  KWDR      276.33   33.97   57.31   45.14   -0.43    0.00   49.24   44.53    0.98    0.94  3
  LFLB        5.88   45.65   18.32   20.28    1.23    1.45   70.55   68.82    2.17    2.00  3
  KSRR      254.47   33.47   15.86    1.16   -0.26    0.66   69.98   64.03    2.35    1.63  3
  PAIN      211.09   63.73   59.92   59.77   -1.42   -1.03   73.53   72.74    1.80    1.63  3
  KE16      238.40   37.08  -12.20   -5.58    1.08    1.50   80.14   83.84    1.67    1.63  3
  CYDL      230.00   58.42   -0.56   -1.20   -0.41   -0.24   78.18   77.77    1.57    1.49  3
  K1A5      276.58   35.22   73.87   68.62   -0.93   -0.57   57.64   60.90    1.02    0.91  3
  K1A6      276.26   36.61   59.49   53.52   -0.64   -0.29   63.71   63.85    1.11    1.01  3
  K1A9      273.49   32.43   71.30   69.61   -1.08   -0.78   62.66   62.60    0.87    0.78  3
  K1P1      288.25   43.78   63.01   59.00   -1.05   -0.39   65.17   64.71    1.10    0.90  3
  K5R8      266.53   30.43   47.87   44.69   -0.29   -0.08   52.94   49.96    0.98    0.99  3
  K65S      243.70   48.73   59.30   58.62   -0.14    0.28   58.76   55.54    1.40    1.35  3
  K6A2      275.72   33.22   55.02   46.99   -0.30    0.01   51.05   53.52    0.95    0.85  3
  K8W2      281.30   38.65   48.27   54.68   -0.37    0.07   66.32   73.07    1.16    1.10  3
  KACB      274.80   44.99   49.72   50.07   -1.62   -1.04   66.09   67.79    1.25    0.95  3
  KAJO      242.40   33.90   55.01   37.77    1.01    1.76   52.57   47.84    1.28    1.58  3
  KAQX      278.74   32.97   85.22   81.93   -1.59   -1.17   55.05   52.59    1.19    1.11  3
  KASL      265.70   32.52   57.75   57.55   -0.38   -0.09   59.00   61.95    0.97    0.84  3
  KAVC      281.95   36.69   47.57   44.59   -0.26    0.15   59.72   60.06    0.97    0.89  3
  KAXX      254.72   36.42   58.10   62.76    0.37    0.75   61.19   65.82    2.18    2.18  3
  KBCB      279.58   37.22   45.73   49.53   -0.20    0.15   59.82   59.54    1.04    1.06  3
  KBCK      269.15   44.25   52.17   52.56   -1.12   -0.51   60.21   62.80    1.10    0.82  3
  KBGE      275.36   30.97   49.85   46.52   -0.47   -0.07   55.25   54.45    0.92    0.86  3
  KBMC      247.94   41.55   65.29   57.04   -1.44   -0.09   54.94   52.67    1.58    1.20  3
  KCCA      267.55   35.60   81.72   85.75   -1.02   -0.80   62.96   62.68    1.08    0.93  3
  KCDJ      266.42   39.82   45.64   45.32   -1.32   -0.63   61.32   61.86    0.91    0.89  3
  KCDW      285.72   40.88   52.29   48.79   -0.71   -0.19   58.68   55.57    1.21    1.12  3
  KCJR      282.14   38.53   59.79   62.38   -0.78   -0.44   55.25   55.48    1.00    0.89  3
  KCMY      269.26   43.96   55.32   55.31   -1.16   -0.50   58.64   60.01    1.24    1.02  3
  KCQF      272.11   30.46   54.28   54.98   -1.93   -1.62   60.55   58.64    1.28    1.18  3
  KCQT      241.72   34.02  123.83  109.99   -1.47   -0.85   46.63   48.61    1.03    0.80  3
  KCSV      274.92   35.95   45.18   43.42    0.21    0.58   64.59   68.82    1.18    1.15  3
  KCUB      279.02   33.97   56.94   60.99   -0.53   -0.12   65.62   74.35    1.29    1.17  3
  KDCM      278.81   34.79   48.32   40.73    0.00    0.41   59.84   61.82    1.00    1.09  3
  KDDH      286.75   42.89   50.10   49.45   -0.38    0.09   66.25   66.91    1.24    1.27  3
  KDNN      275.13   34.72   48.06   45.14   -0.24    0.09   53.55   52.81    1.14    1.05  3
  KEZM      276.87   32.21   49.96   44.41   -0.36    0.02   49.24   51.57    0.93    0.84  3
  KF17      265.85   31.83   54.55   54.01   -0.29    0.00   67.80   69.09    1.04    1.03  3
  KF44      264.18   32.15   45.51   46.95   -0.97   -0.49   61.66   61.80    1.09    0.98  3
  KFFC      275.43   33.36   65.39   57.94   -0.04    0.24   60.86   62.64    1.30    1.19  3
  KFWC      271.59   38.38   48.28   49.11   -1.50   -0.84   62.17   62.08    0.85    0.75  3
  KGAD      273.92   33.97   49.53   49.47   -0.08    0.20   64.15   63.11    1.31    1.26  3
  KGEV      278.58   36.43   45.95   45.21    0.11    0.51   58.99   61.73    1.52    1.45  3
  KGLW      274.05   37.03   57.84   55.24   -0.73   -0.39   60.64   60.64    1.04    0.96  3
  KGVE      281.84   38.15   45.75   47.54   -0.36   -0.04   52.25   51.02    0.97    0.84  3
  KGYB      263.02   30.17   52.01   49.00   -0.55   -0.11   53.76   56.93    1.32    1.18  3
  KHBV      261.26   27.35   76.73   76.85   -2.56   -2.20   47.29   48.26    1.48    1.37  3
  KHFF      280.50   35.03   46.44   42.97    0.34    0.74   60.49   54.22    1.38    1.27  3
  KHHR      241.67   33.92   57.82   49.55   -0.12    0.60   65.20   61.49    1.05    1.24  3
  KHKS      269.78   32.33   50.40   49.04   -0.01    0.26   61.38   63.89    1.39    1.29  3
  KHVS      279.88   34.40   45.43   42.18   -0.39    0.07   58.41   59.45    1.11    1.03  3
  KI35      276.64   36.86   80.94   77.91   -1.05   -0.66   57.58   57.43    0.76    0.66  3
  KI67      275.22   39.25   47.22   45.15   -1.04   -0.48   60.10   60.79    0.97    0.93  3
  KI69      275.78   39.08   45.44   42.71   -0.51    0.01   51.38   49.80    1.12    1.08  3
  KIOB      276.02   38.06   46.30   43.64   -0.12    0.26   48.45   49.11    0.85    0.90  3
  KIXA      282.36   36.33   80.98   75.85   -0.96   -0.48   59.30   59.93    1.28    1.09  3
  KJNX      281.61   35.54   62.23   59.11   -1.11   -0.53   59.94   58.65    1.19    0.98  3
  KJVW      269.59   32.29   58.92   56.78   -0.51   -0.25   63.50   65.02    1.20    1.11  3
  KJYL      278.41   32.65   66.70   62.76   -0.77   -0.35   51.33   48.60    0.94    0.86  3
  KL35      243.14   34.26   80.33   75.81   -0.84   -0.11   66.74   70.48    1.61    1.76  3
  KLGC      274.93   33.01   49.63   45.75   -0.26    0.00   45.76   47.38    0.96    0.84  3
  KLLQ      268.25   33.64   46.84   43.91   -0.15    0.05   62.33   61.67    1.23    1.11  3
  KLOM      284.73   40.14   46.23   41.73   -0.97   -0.36   57.23   51.56    0.86    0.82  3
  KM40      271.52   33.86   55.59   52.93   -0.29    0.00   61.33   58.17    1.22    1.04  3
  KMEZ      265.80   34.54   63.24   61.69   -0.64   -0.26   61.97   63.29    1.24    1.15  3
  KMMT      279.20   33.92   46.77   48.17   -0.09    0.35   69.75   74.60    1.28    1.26  3
  KMNI      279.78   33.58   50.82   47.16   -0.67   -0.28   50.96   50.38    1.10    0.96  3
  KMRC      272.82   35.54   50.09   51.30   -0.48   -0.13   65.02   66.67    1.05    1.00  3
  KMTV      279.98   36.63   48.80   48.35   -0.47   -0.15   57.61   55.87    0.88    0.86  3
  KMXF      273.63   32.38   52.08   48.56   -0.20    0.11   62.33   63.16    1.07    1.06  3
  KMZZ      274.32   40.49   72.08   74.72   -1.77   -1.11   57.01   58.86    1.36    1.34  3
  KNY0      285.67   42.98   49.23   48.06   -0.29    0.14   55.19   50.70    1.25    1.25  3
  KO69      237.40   38.25   61.17   57.80   -0.09    0.52   42.77   48.71    1.52    1.44  3
  KOGD      247.98   41.20   50.95   58.02    0.46    1.55   60.00   55.72    1.34    1.20  3
  KPOB      280.99   35.15   45.59   43.47    0.31    0.69   57.61   53.50    1.27    1.14  3
  KRAL      242.55   33.95   57.73   51.75    0.41    1.09   42.51   45.75    1.03    1.29  3
  KRBW      279.38   32.90   63.88   58.03   -0.72   -0.35   56.35   54.52    1.09    1.09  3
  KRIV      242.73   33.88   86.15   79.34    0.41    1.10   51.73   50.74    1.24    1.49  3
  KRMN      282.55   38.40   46.64   46.89   -0.17    0.05   59.50   62.61    0.96    0.93  3
  KRSN      267.41   32.51   72.78   71.51   -0.49   -0.34   57.20   59.91    1.16    1.05  3
  KRTS      240.12   39.65   53.57   49.73    0.71    1.61   50.65   50.32    1.85    1.86  3
  KRUE      266.91   35.26   46.97   45.85   -0.33   -0.10   57.70   54.82    1.07    0.97  3
  KRUQ      279.48   35.65   49.18   47.39   -0.44   -0.03   52.66   54.74    0.89    0.88  3
  KSEG      283.14   40.82   45.73   45.47   -0.55    0.14   66.34   63.76    0.98    0.96  3
  KSEP      261.82   32.22   61.69   62.64   -1.57   -1.07   61.37   62.73    1.56    1.47  3
  KSMQ      285.33   40.63   61.98   52.94   -0.98   -0.38   62.52   63.03    1.14    1.08  3
  KSMS      279.64   34.00   62.43   59.63   -0.52   -0.07   55.80   55.91    1.34    1.36  3
  KSRC      268.26   35.21   46.97   46.68    0.04    0.26   61.49   59.93    1.20    1.10  3
  KSWF      285.91   41.50   46.91   47.35    0.28    0.75   58.81   57.29    1.49    1.50  3
  KSYM      276.42   38.21   48.23   45.27   -0.26    0.13   55.75   56.14    0.93    0.90  3
  KT82      261.09   30.24   51.59   49.82   -0.83   -0.21   60.08   60.91    1.29    1.16  3
  KTKV      270.19   45.47   59.69   58.40   -1.02   -0.62   62.21   65.14    1.23    0.95  3
  KTRI      277.60   36.47   67.93   64.88   -0.15    0.18   61.70   55.92    1.38    1.37  3
  KUBE      268.01   45.50   59.35   58.81   -1.28   -0.58   56.64   57.43    1.66    1.42  3
  KUKT      284.62   40.44   49.19   40.51   -1.00   -0.25   58.15   51.35    0.90    0.91  3
  KUZA      278.94   34.99   51.06   48.86    0.24    0.63   61.94   62.82    1.09    1.09  3
  KW78      281.16   36.68   50.56   51.52   -0.18    0.18   56.88   57.81    0.68    0.67  3
  KW81      281.91   37.18   57.07   56.25   -0.46   -0.15   57.17   57.87    0.86    0.70  3
  KWHP      241.58   34.27   23.91   23.84   -0.42    0.27   98.26   86.44    1.01    1.28  3
  KWYS      248.88   44.68   52.33   49.95    0.31    0.83   66.55   66.63    1.89    1.87  3
  KZPH      277.85   28.22   68.62   70.79   -1.36   -0.97   45.78   47.27    1.49    1.44  3
  LIVR       11.78   46.30    1.33  -22.74    1.36    1.61   71.20   80.14    1.42    1.25  3
  LJPZ       13.62   45.47   48.76   38.83    0.46    0.69   47.83   49.39    1.23    1.19  3
  MDPP      289.45   19.75   61.49   61.10   -1.38   -1.31   69.73   69.03    2.14    1.97  3
  MGPB      271.40   15.72   55.51   52.74   -1.00   -0.90   52.90   52.84    1.59    1.56  3
  MMMM      258.97   19.85   36.59   33.29    0.07    0.22   71.54   74.87    1.40    1.43  3
  MMPS      262.92   15.87   26.26   27.16    0.61    0.71   98.91   98.39    1.80    1.79  2
  PAGN      225.41   57.50   82.43   77.91   -1.58   -1.27   63.02   57.95    0.95    0.80  3
  SKSM      285.77   11.13   55.94   55.76   -0.84   -0.68   61.82   62.03    2.45    2.36  3
  TTPP      298.65   10.62   47.72   46.21   -0.29   -0.07   31.68   31.12    1.55    1.46  3
  KBML      288.82   44.58   68.65   68.63   -0.69    0.05   58.53   58.12    1.10    1.19  3
  KP59      272.12   47.47   58.53   56.19   -1.10   -0.64   42.67   41.76    1.82    1.71  3
  MMVR      263.82   19.14   46.66   44.48   -1.72   -1.50   39.21   35.69    0.73    0.59  2
  KLDJ      285.77   40.61   68.22   63.68   -0.96   -0.49   52.78   49.87    1.40    1.31  3
  KMCJ      264.60   29.71   74.51   72.51   -0.89   -0.60   64.59   66.89    1.84    1.70  3
  KOQT      275.77   36.02   58.06   45.71   -0.49   -0.30   51.45   50.55    0.94    0.91  3
  KA08      272.62   32.51   56.85   55.89   -0.44   -0.19   50.61   51.25    1.01    0.94  3
  K04V      253.83   38.10   87.49   81.58   -0.98   -0.23   61.65   62.44    2.56    2.20  3
  K40J      276.44   30.07   49.86   47.89   -1.12   -0.06   45.80   48.21    1.08    0.98  3
  K6L4      278.09   37.85  106.28  104.52   -2.02   -1.11   57.63   54.84    1.04    0.73  2
  K8A3      274.69   36.40   54.16   48.10   -0.87    0.25   55.81   54.14    1.04    1.11  3
  KACJ      275.80   32.11   45.08   46.69   -1.51   -0.19   53.42   58.74    1.01    0.78  3
  KBBP      280.27   34.61   48.12   51.32   -1.48   -0.20   63.78   65.71    1.25    1.00  3
  KBIJ      275.11   31.40   70.20   68.43   -2.21   -0.93   54.76   54.51    0.94    0.73  3
  KCCO      275.23   33.31   58.33   60.71   -1.22   -0.04   59.56   67.31    0.96    0.88  3
  KCDN      279.44   34.28   62.93   72.89   -1.78   -0.27   60.30   65.61    1.20    1.06  3
  KCEW      273.48   30.78   62.92   62.59   -1.66   -0.52   60.30   64.54    1.10    0.92  3
  KCKF      276.23   31.98   51.64   50.03   -1.82   -0.48   57.72   60.65    1.12    0.88  3
  KCKI      280.16   33.72   54.18   50.79   -1.55   -0.43   59.64   59.65    1.17    1.23  3
  KCLM      236.50   48.12   50.21   33.99    0.81    0.85   64.07   62.34    1.39    1.41  3
  KCPC      281.30   34.27   45.05   44.37   -1.63   -0.57   63.55   64.10    0.91    0.90  3
  KCTZ      281.64   34.97   66.19   66.79   -2.05   -0.74   59.22   62.37    0.97    0.75  3
  KCVH      238.59   36.89   53.22   66.73    0.69    1.20   61.85   76.81    2.31    2.58  3
  KCXE      281.50   36.78   60.91   65.53   -1.66   -0.40   61.13   66.62    1.06    0.84  3
  KDAA      282.82   38.72   47.74   51.77   -1.70   -0.57   65.20   69.37    1.43    1.13  3
  KDBN      277.01   32.57   65.68   63.99   -1.77   -0.39   50.60   55.14    0.96    0.80  3
  KDQH      277.15   31.47   57.20   58.25   -1.73   -0.53   56.31   58.60    1.24    0.90  3
  KDWU      277.27   38.54   64.95   79.54   -1.53   -0.50   60.70   65.30    1.39    1.31  3
  KEMK      265.68   27.82   71.81   69.82    0.88    0.58   23.91   25.72    1.44    1.32  3
  KESF      267.70   31.40   59.72   61.30   -1.10   -0.37   69.51   73.80    1.59    1.41  3
  KFFA      284.33   36.02   63.47   62.31   -3.09   -2.15   55.64   55.75    1.58    1.19  3
  KGKT      276.47   35.85   87.05   76.70   -1.42   -0.49   62.03   60.69    1.12    0.82  3
  KGZH      272.95   31.42   51.03   53.09   -1.31   -0.11   61.67   68.51    1.34    1.27  3
  KHMZ      281.49   40.09   51.27   51.50   -1.39   -0.02   57.94   59.35    1.31    1.29  3
  KHQU      277.48   33.53   72.27   72.65   -1.20    0.19   47.37   50.96    1.09    1.03  3
  KHSB      271.45   37.81   47.06   48.14   -1.93   -0.32   66.51   64.73    1.28    0.91  3
  KHUM      269.33   29.57   51.67   57.82   -1.32   -0.47   66.11   65.96    1.54    1.43  3
  KHWY      282.28   38.58   45.08   57.32   -1.37   -0.19   59.34   62.93    1.03    0.90  3
  KJFX      272.69   33.90   91.77   93.97   -2.25   -1.01   58.50   59.80    1.07    0.86  3
  KJGG      283.28   37.24   45.43   43.70   -1.45   -0.38   50.56   55.14    1.35    1.12  3
  KJKL      276.68   37.60   77.01   89.21   -1.61   -0.69   59.20   61.04    1.13    0.96  3
  KJQF      279.30   35.38   66.45   70.86   -1.68   -0.34   55.21   62.35    1.36    1.05  3
  KLOR      274.25   31.35   67.86   70.05   -2.21   -0.89   60.43   62.39    1.49    1.12  3
  KLVL      282.21   36.77   51.14   53.56   -1.57   -0.30   61.47   62.31    0.99    0.72  3
  KMLJ      276.76   33.14   69.50   69.56   -1.48   -0.23   57.98   63.97    0.95    0.80  3
  KP69      244.40   46.15   81.01   80.80   -1.42   -0.65   52.20   43.79    1.35    0.95  3
  KPGV      282.60   35.63   49.97   50.76   -1.21    0.11   56.36   62.25    1.04    1.01  3
  KPOE      266.80   31.05   59.15   54.19   -0.29    0.46   49.79   50.34    1.27    1.06  3
  KPRB      239.37   35.67   50.60   71.57    1.34    1.83   64.33   73.24    2.24    2.53  3
  KPTB      282.48   37.18   48.66   57.74   -1.12   -0.03   66.42   69.99    1.09    0.95  3
  KPVG      283.55   36.78   48.83   51.01   -1.70   -0.69   63.02   66.18    0.95    0.88  3
  KSBO      277.63   32.61   57.40   56.65   -1.59   -0.20   54.39   58.21    1.06    0.84  3
  KSCD      273.70   33.15   80.49   88.42   -1.98   -0.75   56.01   57.43    1.26    0.99  3
  KSFQ      283.41   36.68   51.52   46.97   -1.41   -0.33   60.75   64.31    1.04    0.96  3
  KTRK      239.87   39.32   60.08   69.18   -1.32    0.24   68.15   74.57    1.66    1.71  3
  KVUJ      279.85   35.42   50.14   55.86   -1.07    0.27   60.18   59.73    0.95    1.28  3
  MGMM      270.13   16.97   75.13   75.82   -1.35   -1.17   53.41   55.56    1.80    1.74  3
  MMTO      260.43   19.35   57.14   57.91    0.38    0.49   65.67   70.87    2.01    1.80  3
  PHBK      200.21   22.04   61.98   58.44   -2.65   -1.58   59.70   58.60    2.52    2.10  3
  PHSF      204.45   19.78   81.35   41.32    0.58    1.31   63.11   97.22    1.70    1.71  3
  KAFP      279.92   35.02   51.81   53.96   -1.44   -0.21   64.24   69.84    1.09    0.90  3
  KEUF      274.87   31.95   58.59   59.71   -1.63   -0.33   62.66   63.53    0.99    0.82  3
  LSZC        8.38   46.97   35.12   29.62    0.73    1.27   78.62   82.94    1.27    1.09  3
  SKAR      284.28    4.50  103.68   95.00   -0.39   -0.21   67.62   66.89    1.47    1.38  3
  SKRG      284.57    6.18   51.17   53.16   -0.01    0.06   64.41   62.56    1.50    1.41  3
  KRHP      276.14   35.19   89.79   91.63   -1.60   -0.44   58.25   69.97    1.34    0.83  3
