  01209       6.07   62.18   24.27   26.95   -1.82   -1.40   99.07   99.63    1.67    1.42  3
     70.00    0.00   38.42   -1.84  112.69    1.66
     70.00   49.96   17.70  110.71  115.40
  01217       7.27   62.75  -21.68  -19.17    1.02    1.29   71.06   68.75    1.83    1.72  3
     72.00    0.00  -13.75    1.10   66.74    1.57
     72.00  -13.01   -8.33   67.99   36.55
  01218       7.42   62.23   -0.21    5.89   -1.68   -1.36   88.04   89.47    1.69    1.59  3
     74.00    2.00   10.22   -1.48   81.54    1.72
     72.00   -8.23   16.12   89.42   89.59
  01232       7.84   62.44  -13.21  -11.70   -2.24   -1.77   73.15   74.13    1.77    1.73  3
     70.00    0.00  -10.86   -2.14   70.07    1.60
     70.00    4.50  -48.91   44.25   69.02
  01281      12.84   64.73   -6.08   -4.69   -2.50   -2.10   77.43   76.57    1.75    1.72  3
     78.00    0.00  -27.26   -1.66   36.57    2.05
     78.00  -23.29  -30.03   39.69   50.50
  01293      11.72   63.41  -29.32  -21.28   -2.69   -1.69   73.83   78.04    1.99    1.85  3
     78.00    6.00  -35.84   -2.28   52.98    1.66
     72.00  -44.36  -39.09   88.55   40.71
  01320       6.12   61.83  -25.21  -21.98   -1.13   -0.78   86.20   87.37    1.77    1.71  3
     58.00    0.00  -25.34   -1.17   94.44    1.21
     58.00    4.56  -73.66  109.26   81.39
  01321       6.57   61.92   -4.87   -1.30   -2.43   -2.02   78.14   78.99    1.46    1.27  3
     70.00    1.00    1.64   -2.21   77.03    1.43
     69.00   26.89  -15.64   75.23   87.26
  01329       6.27   60.35    3.46   10.82    0.11    0.68   78.98   77.39    2.36    2.39  3
     78.00    2.00   -0.71   -0.03   54.62    2.24
     76.00  -10.15    2.17  122.89   37.81
  01337       6.42   60.62  -25.73  -22.44   -2.58   -2.13   80.28   80.40    1.87    1.63  3
     78.00    0.00  -27.64   -2.26   68.51    1.63
     78.00  -27.97  -25.39   59.75   68.49
  01373       9.13   60.56  -15.38  -15.33   -1.62   -1.02   93.69   94.47    1.39    1.09  3
     71.00    1.00  -17.41   -1.39  128.64    1.60
     70.00   -5.07  -22.76   67.74  144.46
  01378      10.48   61.10   -2.40   -1.63   -0.63   -0.26   75.43   75.03    1.06    0.96  3
     78.00    0.00   -7.81   -0.53   59.36    0.97
     78.00  -19.29  -11.90   54.85   64.76
  01383      11.15   61.40  -18.65  -18.02   -2.71   -1.53   75.83   77.22    2.26    1.69  3
     71.00    2.00  -31.67   -2.64   63.47    2.09
     69.00  -28.06  -40.03   74.80   64.77
  01392      12.01   60.61  -46.15  -44.20   -0.35   -0.08   96.03   95.90    1.09    0.94  3
     77.00    0.00  -88.39   -0.36   41.78    0.93
     77.00  -84.02  -97.86   53.20   24.99
  01425       6.52   58.52    2.13    3.13   -3.47   -2.78   76.78   75.09    2.62    2.10  3
     75.00    5.00    6.86   -2.67   91.77    2.74
     70.00   20.05  -25.22   84.80   96.95
  01434       7.37   59.77    0.99    1.82   -3.12   -2.53   77.26   76.67    1.96    1.69  3
     78.00    0.00   -5.40   -2.70   50.36    1.77
     78.00   28.12  -16.70   78.94   30.90
  01442       7.80   58.67  -35.14  -30.76   -0.66    0.35   76.16   74.62    2.36    1.84  3
     75.00    5.00  -53.86   -0.44   82.03    2.26
     70.00  -23.99  -84.11   72.32   56.93
  01447       8.19   59.49  -29.19  -27.57   -1.32   -0.83   75.89   76.19    1.44    1.18  3
     79.00    0.00  -34.86   -1.08   77.00    1.59
     79.00  -30.25  -60.84  103.56   45.62
  01455       8.52   59.03   -9.24   -7.39   -1.18   -0.89   71.29   71.66    1.20    1.14  3
     72.00    0.00  -13.79   -1.09   79.63    1.28
     72.00  -27.21  -13.79   89.32   60.44
  06011     353.23   62.02  -46.00  -50.85   -3.61   -3.12   87.62   83.58    1.83    1.69  3
     78.00   18.00  -84.21   -3.83   39.20    1.73
     60.00  -80.84    5.02   39.19  149.10
  06602       7.34   47.35   10.99    5.13   -0.16    0.06   92.62   88.30    1.31    1.10  3
     64.00    0.00   83.02   -0.41  131.31    0.98
     64.00  -14.91   -2.52   62.93  129.23
  06604       6.95   47.00    1.99    4.04   -0.27    0.39   79.56   70.14    1.59    1.33  3
     74.00    0.00   14.06   -0.33   59.46    1.32
     74.00   22.94   -2.29   60.83   78.99
  06606       7.05   47.04   -1.16    0.73   -0.45    0.22   77.95   79.56    1.84    1.56  3
     74.00    0.00   -0.34   -0.61   72.26    1.38
     74.00   13.71    0.55   81.57   57.57
  06615       7.22   46.07  -12.89   -6.08   -1.23   -0.74   83.76   86.24    1.29    1.08  3
     69.00    0.00   -9.87   -1.16   55.68    1.42
     69.00  -16.56    6.91   53.08   61.16
  06617       6.61   46.98    4.92    7.78    0.33    0.52   70.80   67.46    1.11    1.06  3
     64.00    0.00    2.19    0.32   53.91    0.97
     64.00   -3.09    2.19   45.18   67.00
  06618       6.56   46.73  -34.52  -38.03    0.58    0.63   73.05   73.00    1.29    1.24  3
     70.00    0.00  -25.46    0.32   52.89    1.34
     70.00  -26.39  -23.10   56.71   49.54
  06619       6.58   46.83    4.85    1.62    0.11    0.22   73.35   67.99    1.05    1.08  3
     70.00    0.00   -5.14    0.04   68.75    1.09
     70.00  -18.84   12.17   63.46   61.39
  06621       9.27   47.60   25.26   16.15    0.17    0.71   71.72   71.22    1.26    1.12  3
     73.00    0.00   20.14    0.28   74.10    1.15
     73.00   38.03   13.65   74.78   58.16
  06625       7.11   46.77    8.98   16.79   -0.01    0.33   73.37   73.72    1.03    0.93  3
     70.00    0.00    7.73   -0.16   59.44    0.99
     70.00    8.90    6.97   50.76   51.03
  06626       7.97   47.36   34.56   32.01   -0.66   -0.01   84.61   83.99    1.19    0.93  3
     74.00    0.00   34.93   -0.72   77.70    1.01
     74.00    7.00   39.80  104.75   79.95
  06627       7.13   46.47  -18.41   -2.22   -0.68   -0.20  110.84  108.60    0.89    0.81  3
     70.00    0.00  -56.00   -0.83  111.20    0.98
     70.00  -41.27  -36.62  135.12  144.11
  06632       7.42   47.18   -1.90   -4.13    0.12    0.29   76.64   76.04    1.29    1.19  3
     70.00    0.00    4.12   -0.04   69.41    0.90
     70.00   -4.61   17.29   61.83   67.95
  06633       8.08   47.38   30.97   27.80   -1.02   -0.40   78.49   78.30    1.02    0.76  3
     73.00    0.00   20.61   -0.94   75.57    0.81
     73.00   -3.31   31.10   78.95   63.26
  06635       7.60   47.11    3.83    0.34   -0.63    0.10   81.47   79.35    1.07    0.82  3
     74.00    0.00   -4.76   -0.64   56.63    1.15
     74.00    9.06   12.99  102.20   57.78
  06636       7.27   46.97   36.75   36.43   -0.40   -0.15  101.55   98.96    0.80    0.71  3
     65.00    0.00   45.00   -0.41  139.13    0.87
     65.00   22.50   77.14   95.61  139.00
  06637       8.16   46.73   -5.32   -2.37   -0.46    0.15   89.39   89.94    1.81    1.76  3
     70.00    0.00  -19.54   -0.77   81.23    1.41
     70.00  -30.66   -7.24   69.03  141.05
  06638       7.80   46.93   29.25   34.90   -0.38    0.02   91.53   87.05    1.17    1.06  3
     63.00    0.00   25.35   -0.57  118.36    1.10
     63.00   19.37   23.40  102.46  140.71
  06644       8.23   47.24    7.85    6.69   -0.02    0.25   75.47   67.11    0.79    0.67  3
     65.00    0.00   -4.97    0.04   64.49    0.69
     65.00   -5.90   -4.68   87.31   43.95
  06648       8.00   47.17   18.87   21.85    0.05    0.39   84.79   85.88    1.19    1.09  3
     70.00    0.00   41.37   -0.06   89.84    1.11
     70.00   -2.95    8.92  105.44   83.13
  06649       9.61   47.37   11.20   11.51   -0.01    0.58   85.04   87.36    1.16    1.06  3
     74.00    0.00   24.77   -0.21   92.44    0.90
     74.00   15.38   24.77   85.05  118.60
  06650       8.30   47.03   39.20   49.93   -0.05    0.37   94.66   88.80    1.07    0.87  3
     65.00    0.00   65.02   -0.01   91.73    0.92
     65.00   44.91   85.57  113.00  107.06
  06655       8.42   46.82  -56.82  -56.63   -0.43    0.08   87.03   90.90    1.34    1.11  3
     70.00    1.00  -86.82   -0.35   35.86    1.11
     69.00  -94.99  -79.08   29.47   68.43
  06656       8.06   46.74  -32.24  -33.21   -0.51   -0.02   94.45   91.65    1.56    1.39  3
     65.00    0.00  -59.51   -0.80  114.68    1.41
     65.00  -55.77  -62.96  114.49   54.12
  06657       8.19   46.84   33.19   27.85   -1.03   -0.56   86.74   89.72    1.37    1.19  3
     65.00    0.00   35.42   -1.17   95.95    1.21
     65.00    7.85   65.59  126.80   86.40
  06659       8.25   46.98    7.82   12.93    1.93    2.37   80.69   83.36    2.33    2.30  3
     65.00    0.00   18.43    1.31   65.04    2.41
     65.00   -7.25   25.08   74.26   42.49
  06660       8.56   47.37    6.95   12.62   -0.48    0.11   75.79   67.41    1.02    0.88  3
     74.00    0.00    1.27   -0.63   52.46    0.76
     74.00   -0.02    0.35   67.10   56.58
  06662       8.63   47.08  -64.09  -61.47    0.66    1.11   77.95   73.98    0.95    1.01  3
     65.00    0.00  -95.86    0.67   39.47    0.91
     65.00  -81.10  -98.31   76.52   86.71
  06664       8.52   47.43   41.82   44.41   -0.02    0.18   76.37   69.71    1.07    0.92  3
     70.00    0.00   28.15   -0.12   77.06    1.02
     70.00   15.03   37.98   81.58   58.27
  06668       8.59   46.69   -6.04  -14.95   -0.31    0.16   74.51   77.27    1.48    1.28  3
     69.00    0.00    1.16   -0.40   49.74    1.63
     69.00  -15.47   -5.13   37.25  134.86
  06670       8.52   47.48   12.76   17.46    0.91    1.06   76.95   62.72    1.36    1.30  3
     70.00    0.00    3.67    0.71   50.63    1.05
     70.00    0.42   -0.98   41.21   68.91
  06672       8.62   46.88    2.39    2.88   -0.28    0.24   85.09   87.11    1.81    1.63  3
     70.00    1.00  -14.04   -0.25   62.58    1.51
     69.00  -11.18   -8.75   59.50   92.44
  06673       8.67   47.22   -9.77   -2.55    0.36    0.73   72.90   72.65    1.49    1.37  3
     70.00    0.00   -2.17    0.12   59.22    1.10
     70.00   -3.25   -7.94   59.20   39.70
  06674       8.52   47.23   -7.15   -3.40    0.14    0.45   97.60   98.81    0.86    0.71  3
     65.00    0.00  -17.74    0.37  116.53    1.03
     65.00  -16.42  -27.93   91.91  180.58
  06675       8.75   47.13   23.42   19.74   -0.22    0.20   73.95   75.76    1.22    0.98  3
     70.00    0.00   28.22   -0.09   69.79    1.27
     70.00    7.10   31.52   74.94   49.20
  06678       9.23   47.49   48.02   42.40   -1.07   -0.46   72.67   74.34    1.10    0.85  3
     75.00    0.00   53.13   -0.26   70.03    1.23
     75.00   44.63   36.03   64.77   71.41
  06679       8.90   47.48   51.61   47.17   -0.04    0.16   59.66   53.84    1.14    1.06  3
     65.00    0.00   38.66   -0.34   49.53    0.65
     65.00   48.04   30.05  100.23   44.34
  06680       9.35   47.25   31.51   26.92    1.74    2.16   83.44   82.93    2.51    2.50  3
     65.00    6.00   40.83    2.75   68.42    3.23
     59.00   22.69   47.37   80.65   67.57
  06682       9.17   46.92   17.69   13.75   -0.62   -0.21   71.49   75.50    1.14    0.90  3
     64.00    0.00    0.87   -0.67   65.32    1.05
     64.00    3.02   -2.51   76.85   57.86
  06683       8.94   47.22  -45.60  -38.35    0.24    0.65   86.70   90.81    1.23    1.22  3
     70.00    0.00  -64.49    0.05   61.57    0.96
     70.00  -79.25  -67.03   53.10   70.53
  06685       9.07   47.03   14.40    5.31    0.14    0.71   95.09   98.34    1.95    1.82  3
     71.00    0.00    8.49   -0.51  110.45    1.56
     71.00   71.05   -6.32  129.16  151.35
  06687       9.21   47.12  -26.22  -23.81    0.20    0.68  108.19  107.47    2.17    1.97  3
     70.00    0.00  -48.79   -0.38  134.52    1.77
     70.00  -39.08  -64.78  121.24  109.18
  06688       9.18   46.84   17.81   20.52    0.95    1.38   77.44   74.21    2.08    1.99  3
     65.00    0.00   35.06    0.74   52.00    2.03
     65.00   30.80   62.46   53.81   44.78
  06690       9.56   47.48    1.36    2.77    0.23    0.55   76.69   75.13    1.26    1.09  3
     70.00    0.00    2.04    0.13   65.22    1.35
     70.00  -11.38   21.02   99.65   53.21
  06693       9.10   47.27   44.19   40.06   -0.91   -0.26   95.89   94.80    1.19    1.02  3
     74.00    0.00   50.14   -0.61  127.97    1.22
     74.00   37.18   54.72  125.28   86.52
  06695       8.58   46.63  -14.51  -16.28    1.05    1.48   76.98   77.02    2.21    2.15  3
     70.00    0.00  -17.28    0.95   58.42    2.34
     70.00  -39.94    1.94   66.71   65.92
  06700       6.13   46.25   24.44   27.86    0.85    0.96   85.27   75.59    1.57    1.49  3
     70.00    0.00   30.85    0.31   72.14    1.28
     70.00   28.40   30.66   64.43   94.34
  06702       6.10   46.43   50.95   49.00    4.27    4.31   52.52   54.53    2.38    2.47  3
     65.00    2.00   42.27    3.94   41.54    2.98
     63.00   45.97   39.35   38.86   54.86
  06704       6.34   46.52   30.69   27.75    0.46    0.51   70.46   64.44    0.90    0.88  3
     64.00    0.00   20.93    0.37   75.54    0.60
     64.00   14.35   39.06   59.16   80.15
  06711       6.67   46.52  -42.72  -24.00   -0.57   -0.07   82.61   78.47    1.12    1.02  3
     73.00    0.00  -54.23   -0.41   88.75    1.14
     73.00  -48.12  -43.80   91.59   86.96
  06714       7.23   46.41  -11.19   -5.77    1.91    2.24   82.94   84.56    2.35    2.30  3
     62.00    2.00    0.26    1.25  100.20    2.57
     60.00  -12.65    0.78  104.94   91.46
  06716       7.62   46.14  -14.18   -7.90   -0.05    0.31   80.57   84.34    1.79    1.56  3
     65.00    0.00   18.18    0.45   53.08    1.38
     65.00    3.88   18.23   91.86   39.08
  06720       7.33   46.22   -4.04   -2.88    0.71    1.04   76.20   75.30    2.15    2.15  3
     65.00    1.00  -28.50    0.01   87.85    1.90
     64.00  -28.50  -43.25   76.29   45.50
  06722       7.52   46.12  -59.56  -55.85   -0.33    0.03   59.62   57.71    1.50    1.36  3
     65.00    0.00  -69.08   -0.34   46.67    1.10
     65.00  -57.33  -71.65   69.38   42.80
  06723       7.26   46.09  -22.33  -23.02    0.35    0.71   78.37   79.46    1.63    1.52  3
     64.00    0.00  -25.35    0.24   96.61    1.51
     64.00  -41.69    3.89   90.85   78.70
  06725       7.82   46.42  -81.41  -72.74   -0.57   -0.18   59.38   66.89    1.14    0.94  3
     65.00    0.00  -87.58   -0.49   43.02    1.08
     65.00 -100.80  -75.23   51.79   39.75
  06727       7.85   46.30   -5.68    2.66    0.86    1.24   73.66   73.49    2.34    2.37  3
     65.00    0.00  -14.56    0.32   46.11    2.28
     65.00   -3.10  -19.86   36.09   54.75
  06730       7.98   46.55   13.46   14.54    2.36    2.82   83.89   79.69    2.21    2.31  3
     75.00    2.00    4.71    2.14   85.68    2.09
     73.00    8.97   -5.21   99.56   54.73
  06731       7.58   46.74   39.56   57.38   -0.31    0.11   82.63   71.36    1.38    1.25  3
     65.00    0.00   38.42   -0.46   80.54    1.11
     65.00   18.09   53.41  130.94   62.14
  06733       7.38   46.62   15.62   30.44    0.27    0.69   80.85   76.56    1.66    1.54  3
     64.00    0.00   44.41    0.04   67.52    1.42
     64.00    8.75   54.20   92.37   37.86
  06734       7.88   46.67   29.19   40.20   -0.59   -0.09   88.05   85.53    1.60    1.31  3
     63.00    0.00   23.20   -0.75   98.28    1.71
     63.00   21.95   51.14  127.37  108.46
  06735       7.57   46.50  -12.40    1.83    0.07    0.51  101.03  107.09    1.22    1.11  3
     74.00    0.00  -34.15   -0.22  123.39    1.06
     74.00  -14.87   -6.13  111.02  117.66
  06739       8.09   46.42  -20.35  -11.53    0.52    1.00   79.23   83.44    1.45    1.40  3
     75.00    1.00  -20.67    0.50   57.96    1.32
     74.00  -20.67  -22.76   72.42   58.88
  06740       8.42   46.77   -5.82   -0.87    1.71    2.27   83.65   83.89    2.51    2.41  3
     70.00    1.00  -15.71    1.47   84.13    2.80
     69.00  -15.89  -16.22  116.39   69.31
  06745       8.32   46.50  -49.68  -42.04    0.14    0.59   86.63   83.03    1.81    1.75  3
     75.00    1.00  -82.47   -0.07   98.35    1.83
     74.00  -39.73  -75.19  104.64   84.48
  06749       7.78   45.98  -35.86  -33.81    0.33    0.76   82.10   83.57    1.40    1.19  3
     74.00    0.00  -24.64    0.20   60.09    1.19
     74.00  -17.74  -33.41  105.67   54.13
  06751       8.52   46.45   33.49   26.78   -0.50   -0.15   75.75   72.76    1.19    1.19  3
     70.00    0.00   20.44   -0.51   64.73    0.93
     70.00   11.01   22.32   53.42   94.73
  06752       8.60   46.32  -13.65   -7.49    0.34    0.63   73.45   71.82    2.10    2.05  3
     70.00    0.00  -19.06    0.49   64.70    1.55
     70.00  -25.75   -0.18   71.06   52.84
  06753       8.68   46.51   16.46    6.03   -0.23    0.17   89.81   88.19    2.02    1.95  3
     70.00    0.00   94.46   -0.34  117.45    1.59
     70.00   17.50   20.39  116.01  110.43
  06754       8.92   46.41   17.33   14.36    1.88    2.30   73.03   69.12    2.18    2.34  3
     75.00    2.00   34.45    1.52   87.60    2.00
     73.00   32.65   18.40  143.58   82.84
  06756       8.93   46.45   69.30   67.67    0.14    0.44   64.00   63.85    1.67    1.46  3
     62.00    0.00   79.37   -0.02   80.61    1.64
     62.00   98.16  131.57   78.32   72.02
  06758       9.16   46.25   -3.11    2.74   -0.67   -0.35   77.47   78.75    1.62    1.21  3
     70.00    0.00   -0.01   -0.32   51.20    1.36
     70.00    9.27   -5.76   51.86   59.72
  06762       8.88   46.17   52.49   41.68   -0.31   -0.02   64.26   75.01    1.56    1.35  3
     65.00    1.00   65.57    0.07   43.06    1.79
     64.00   67.69   63.32   29.13   42.08
  06771       8.93   45.85   63.98   64.78   -0.72   -0.31   81.44   80.47    0.87    0.92  3
     73.00    0.00   51.54   -0.91  106.14    0.83
     73.00   31.98  119.84  123.24   73.16
  06778      10.26   46.64  -43.45  -46.06   -0.39   -0.10   78.67   81.26    1.52    1.35  3
     69.00    0.00  -50.39   -0.55   55.22    1.46
     68.00  -39.12  -69.06   30.62   96.02
  06779       9.76   46.43    7.51   11.40    0.78    1.07   78.06   80.39    1.87    1.80  3
     65.00    0.00    1.33    0.78   89.62    1.84
     65.00   26.13    8.59   94.96   84.10
  06782       8.85   46.70   29.86   25.01   -1.27   -0.86   81.80   83.11    1.51    1.20  3
     65.00    0.00   86.05   -1.36   88.22    1.51
     65.00   30.72   46.96   80.81   73.13
  06783       9.18   46.47   55.10   54.08   -0.57   -0.08   78.79   73.50    1.59    1.43  3
     75.00    0.00   67.10   -0.73   67.17    1.59
     75.00   90.00   58.83   58.10   67.64
  06785       9.67   46.79   44.01   44.39   -0.57   -0.11   95.41   91.16    1.11    0.89  3
     65.00    0.00   47.73   -0.50  125.64    0.91
     65.00   51.17   32.57  113.24  134.14
  06787       9.43   46.61   20.87   15.09   -1.39   -0.96   81.65   82.87    1.68    1.44  3
     65.00    0.00   12.99   -1.20   59.00    1.82
     65.00   11.13   14.08   85.27   62.44
  06788       9.62   46.35   14.12   13.96   -0.03    0.27   85.88   85.40    1.74    1.69  3
     75.00    1.00   27.88   -0.34   64.00    1.82
     74.00    2.04   47.00  109.77   52.06
  06791       9.82   46.42    1.69    0.42    1.21    1.49   78.66   79.35    1.83    1.85  3
     70.00    1.00    9.44    1.22   83.83    1.63
     69.00   27.65   18.63   76.73   67.85
  06792       9.88   46.53  -32.37  -34.90    0.05    0.39   85.07   79.74    2.00    1.89  3
     70.00    0.00  -28.77   -0.37   91.27    1.50
     70.00  -16.09  -31.09   85.24   99.14
  06794      10.07   46.35  -16.78  -25.11   -0.55   -0.32   83.79   81.81    1.27    1.33  3
     70.00    0.00  -17.25    0.10   93.92    1.16
     70.00   39.11  -48.92   51.96  108.67
  06796      10.42   46.60  -62.12  -54.72   -0.09    0.16   82.66   84.28    1.33    1.16  3
     70.00    0.00  -67.20   -0.13   97.12    1.35
     70.00  -57.45  -57.73   87.70  101.93
  06797      10.01   46.40   -6.19   -9.05    1.98    2.23   76.83   70.83    2.14    2.18  3
     64.00    0.00  -10.99    1.78   79.64    2.34
     64.00    3.32  -15.33   74.41   82.97
  06798      10.28   46.80   14.79   21.13   -0.42   -0.09   91.32   86.56    1.48    1.29  3
     65.00    0.00   24.15   -0.44  122.71    1.27
     65.00   10.58   36.51  150.02  106.99
  06799      10.26   46.81  -20.55  -25.65    0.82    1.10   91.14   87.22    1.79    1.65  3
     75.00    0.00  -17.92    0.56  108.27    1.39
     75.00   14.07  -11.93  102.10  109.47
  06990       9.52   47.13    9.32   13.05   -0.18    0.37   75.33   78.55    1.10    1.13  3
     75.00    0.00   -9.00   -0.32   58.60    1.10
     75.00  -23.66   25.32   56.31   97.26
  07197       7.40   47.92    4.87   -1.66    0.21    0.26   69.93   64.53    0.92    0.84  3
     71.00    0.00    0.39    0.18   46.37    0.93
     71.00  -19.16    9.67   54.12   32.56
  07288       5.98   47.25   34.56   34.90   -0.95   -0.81   79.03   75.02    1.11    1.04  3
     72.00    0.00   23.99   -0.90   67.93    0.97
     72.00   24.52   26.39   62.33  101.17
  07471       3.77   45.08   12.91   13.45    0.04    0.04   72.44   70.27    1.23    1.12  3
     70.00    0.00   10.23   -0.05   57.31    1.15
     70.00    2.80   13.16   41.51   83.67
  07475       4.30   45.53  -20.28  -21.41    0.13    0.17   71.23   70.41    1.44    1.35  3
     70.00    0.00   -6.89   -0.15   53.13    1.30
     70.00   -7.90   -2.58   56.32   55.93
  07497       6.77   45.62    4.67    3.08   -0.50   -0.34   99.56   93.53    1.11    1.00  3
     75.00    0.00   26.57   -0.52  160.81    1.28
     75.00  -40.90   64.01  117.87  115.07
  07591       6.50   44.57  -24.10  -25.68    0.60    0.75   71.35   70.91    1.75    1.74  3
     72.00    1.00  -37.87    0.57   42.54    1.41
     71.00  -39.56  -26.73   35.28   58.43
  07627       1.10   43.00   26.00   27.89   -0.33   -0.27   80.85   78.56    1.16    1.11  3
     72.00    0.00   25.50   -0.04   84.59    1.31
     72.00   14.63   25.49   64.26   93.81
  08045     351.37   42.22   29.63   31.95    0.61    0.93   73.57   73.56    1.45    1.30  3
     70.00    0.00   14.21    0.67   82.52    1.58
     70.00   14.21   35.28  101.25   77.81
  08053     353.42   42.53   25.00   31.98   -0.19    0.08   84.12   76.05    0.88    0.80  3
     63.00    0.00   22.52   -0.40   84.79    0.86
     63.00    2.86   38.11   64.76   87.83
  08506     331.37   38.52   47.97   45.16   -0.05    0.23   61.59   59.62    1.88    1.81  3
     78.00    0.00   32.39    0.71   44.32    2.19
     78.00   40.48   84.91   63.92   96.05
  08511     332.78   38.65   26.61   25.46   -1.50   -1.26   87.50   86.16    1.40    1.30  3
    156.00   14.00   29.74   -1.40  133.60    1.17
     71.00   59.69  -38.13   73.18   93.77
  08551     351.20   41.63  -39.84  -50.45   -1.29   -0.94   72.65   74.26    1.55    1.42  3
     78.00    0.00  -39.67   -1.14   86.66    1.38
     78.00  -93.97  -39.67   44.86   84.27
  08575     353.27   41.80   55.95   56.39   -0.35   -0.06   51.82   54.04    1.12    1.00  3
     73.00    0.00   56.77   -0.30   40.37    1.09
     73.00   40.91   62.65   48.80   51.38
  11121      11.40   47.35   38.05   42.23    0.19    0.59   82.83   86.79    1.44    1.37  3
     73.00    0.00   50.39   -0.04   72.78    1.42
     73.00   61.73   67.21   75.06   78.07
  11130      12.17   47.58   18.69   30.06   -0.35    0.05   80.81   80.30    1.05    0.96  3
     74.00    0.00   25.37   -0.48   66.95    1.02
     74.00   19.98   36.10   51.39   96.72
  11204      12.82   46.83   40.26   31.34   -0.15    0.08   82.62   84.58    1.72    1.57  3
     67.00    0.00   53.57   -0.20  101.72    1.32
     67.00   55.40    4.36   87.74  108.02
  11406      12.39   50.06   70.34   69.77   -0.34   -0.27   71.08   70.26    0.79    0.75  3
     72.00    0.00   87.69   -0.28   85.45    0.88
     72.00   78.80   76.72   88.72  126.42
  16008      10.53   46.75   -6.20   -6.02    0.57    0.75   81.19   74.75    1.27    1.12  3
    145.00    0.00   87.62    0.59  131.73    1.35
     76.00  -10.00    9.19   52.96   62.55
  16020      11.33   46.47   52.39   49.97    0.16    0.29   77.14   85.89    1.07    0.95  3
     63.00    0.00   70.56    0.04   83.97    1.01
     63.00   57.01   85.93  100.45   75.24
  16021      11.78   46.30   -1.55  -22.47    1.35    1.55   70.69   80.21    1.36    1.29  3
     77.00    0.00   -1.22    1.14   81.64    1.31
     77.00   -6.19  -13.79   86.12   74.47
  16022      11.03   46.15   17.36    5.50    0.70    0.97   85.56   84.00    2.08    2.09  3
     78.00    3.00   14.31    0.49   52.66    2.23
     75.00   12.79   13.42   59.20   84.62
  16052       7.70   45.93   -2.33    2.42    1.31    1.53   81.65   82.94    2.21    2.18  3
    151.00   16.00    7.34    1.20   92.20    2.31
     70.00  -18.23   32.70   95.02  112.42
  16059       7.65   45.22   10.62   12.99    0.18    0.28   73.29   73.51    0.88    0.81  3
     60.00    0.00    9.89    0.20   54.64    1.21
     60.00   15.56   11.57   81.86   51.13
  16061       7.73   45.03   38.12   33.20    0.13    0.27   86.65   89.79    1.44    1.43  3
     77.00    0.00   50.01   -0.10   89.79    1.42
     77.00   49.31   51.20   65.19  101.37
  16089      10.55   45.46   29.06   25.28   -0.45   -0.21   82.33   81.56    1.50    1.47  3
     78.00    0.00   36.45   -0.68   68.12    1.26
     78.00   44.02   33.92  115.04   77.09
  16153       8.17   43.95   22.88   23.24   -0.98   -0.75   72.86   70.69    1.84    1.65  3
    148.00    0.00   15.49   -1.06   44.88    1.89
     77.00   17.96   15.25   77.75   27.43
  24585     144.40   64.55   11.06   11.02    0.59    0.78   76.90   74.26    1.83    1.77  3
     77.00    0.00   45.25    0.60   93.70    2.04
     77.00    4.95   16.84  171.52   71.83
  24588     141.88   64.05   38.87   39.41   -1.42   -1.19   74.14   73.28    1.82    1.69  3
     71.00    0.00   37.22   -1.39   66.82    1.32
     70.00   56.08   27.81   93.22   61.77
  24671     135.87   63.95   40.36   40.34   -2.47   -2.28   74.31   73.86    1.73    1.59  3
     77.00    0.00   15.95   -1.30   68.45    1.45
     77.00   45.95    4.12  116.84   33.78
  24684     141.72   63.33   27.98   24.84   -1.45   -1.21   81.77   81.50    1.23    1.08  3
     77.00    0.00   77.01   -1.30  117.05    1.21
     77.00   57.07   -0.44  122.95   72.09
  24688     143.15   63.27   16.07   17.93   -0.61   -0.32   73.43   71.75    1.17    1.06  3
     78.00    0.00    1.39   -0.71   50.28    1.00
     78.00   24.41   -2.96  110.91   42.11
  24691     145.60   63.83   10.41   10.16   -0.99   -0.72   77.45   77.31    1.47    1.16  3
     71.00    0.00   16.67   -0.60   79.60    1.42
     71.00   19.21   35.67   91.02   52.31
  24790     148.16   62.78  -15.69  -14.34   -0.90   -0.46   72.87   71.00    1.29    0.94  3
     78.00    0.00   -6.58   -0.61   67.50    0.99
     78.00    1.26  -21.52   62.29   60.38
  24894     147.66   61.85   41.90   40.23   -1.82   -1.33   85.49   85.78    1.80    1.49  3
     78.00    0.00   28.31   -1.48   97.18    1.62
     78.00   62.39   14.06  138.49   97.73
  24982     142.78   60.72    7.90    7.24   -1.24   -0.91   71.27   69.81    1.66    1.28  3
     77.00    0.00   -4.78   -0.99   57.73    1.24
     77.00  -15.11   -4.15   87.94   40.13
  25627     158.50   63.30   -4.99   -3.26   -1.47   -1.16   81.37   81.07    1.88    1.75  3
     78.00    0.00   -1.48   -1.32   71.20    1.69
     78.00   16.22  -12.67   77.11   58.41
  25700     150.66   62.80    7.31    9.25   -1.27   -0.81   76.46   74.58    1.18    0.94  3
     78.00    0.00    5.26   -1.48   69.73    0.99
     78.00   17.08   -4.86   97.58   71.95
  25705     152.31   62.45    8.91   11.48   -1.88   -1.53   77.42   76.69    1.63    1.39  3
     78.00    1.00    3.18   -1.44   70.70    1.28
     77.00   25.69   -7.61   63.73   70.49
  25707     150.66   62.09   14.04   13.04   -1.15   -0.68   70.65   67.57    1.33    1.19  3
     78.00    0.00   10.35   -1.35   64.34    1.23
     78.00   27.02   15.57   80.77   53.85
  25808     152.38   61.13   34.90   36.05   -2.85   -2.33   71.49   71.06    1.80    1.37  3
     77.00    0.00   23.33   -2.14   61.22    1.82
     77.00   52.85   18.07   68.66   26.45
  25904     150.69   60.60   43.88   39.45   -2.46   -1.95   70.43   69.48    2.02    1.59  3
     78.00    0.00   32.30   -2.02   59.94    1.30
     78.00   40.47   29.58   99.93   35.72
  31062     137.72   59.77    8.07    8.26   -1.43   -1.17   77.29   76.29    1.32    1.08  3
     78.00    0.00    7.19   -1.30   80.85    1.27
     78.00   35.17   10.86   95.02   55.15
  31152     136.15   57.65   -0.51    0.53   -1.08   -0.91   78.20   77.97    1.29    1.20  3
     78.00    0.00    1.41   -0.84   76.69    1.20
     78.00   18.18   18.99  124.01   50.40
  31683     140.12   49.67   26.02   24.21   -1.18   -0.78   86.45   87.45    1.21    0.99  3
     79.00    0.00   80.54   -0.95   99.42    1.08
     79.00   35.57   35.37   98.62   64.69
  31754     137.05   48.60   60.28   60.43   -1.58   -1.31   83.55   83.18    1.11    0.90  3
     77.00    0.00   69.44   -1.49  100.62    0.89
     77.00   46.89  103.75  104.99   82.85
  31770     140.30   48.97   19.15   18.33   -0.74   -0.38   71.23   69.96    1.85    1.63  3
     79.00    0.00    9.16   -0.91   60.75    1.64
     79.00   33.21   -6.57  109.26   92.44
  31801     136.18   47.67   40.77   40.28   -1.17   -0.90   92.94   92.08    1.05    0.97  3
     78.00    0.00   32.50   -1.27  117.60    1.22
     78.00   55.90   13.09  104.06  144.46
  31825     138.40   47.60    8.64    8.29   -1.34   -1.08   81.68   79.85    1.51    1.31  3
     78.00    0.00   34.86   -1.10   51.00    1.53
     78.00    4.39   46.06   81.89   41.83
  31832     134.27   46.80   21.14   18.85   -1.65   -1.41   85.26   85.45    1.39    1.28  3
     78.00    0.00   10.38   -1.67   82.17    1.44
     78.00    1.15   32.33   50.12   81.94
  31845     135.32   46.53   40.44   41.45   -1.80   -1.53   85.30   87.44    1.12    0.98  3
     78.00    1.00   24.78   -1.70  108.79    0.86
     77.00   13.83   78.57  109.91  108.43
  32069     142.16   50.05  -36.57  -30.72    0.15    0.55   72.34   70.82    2.41    2.10  3
     77.00    8.00  -33.86    0.43   66.88    2.05
     69.00  -59.26  -25.38   88.26   64.32
  70260     210.92   64.55   35.54   39.06   -1.32   -0.70   94.37   92.74    2.39    2.08  3
     48.00    1.00   70.71   -1.39   70.21    2.57
     47.00 -999.00 -999.00 -999.00 -999.00
  70381     225.42   58.37   -5.28    3.08    0.27    0.92   83.19   87.52    2.24    1.96  3
     77.00    0.00   10.30   -0.30   80.60    2.54
     77.00  -41.94   31.53   85.21  110.43
  71028     235.60   51.67   21.01   24.13   -0.45   -0.34   87.10   92.46    1.27    1.11  3
     76.00    0.00   38.91   -0.40  106.87    1.27
     76.00   18.87   68.66  126.44   57.97
  71032     239.49   49.46   33.67   36.86   -0.26    0.14   86.65   88.21    1.25    1.20  3
     77.00    0.00   63.43   -0.45   72.27    0.81
     77.00   43.63   50.15   72.75  110.20
  71039     223.82   62.10   25.34   31.93   -0.27   -0.05   88.99   81.52    1.38    1.34  3
     76.00    0.00   25.88   -0.46  108.61    1.30
     76.00  -25.00   78.58  104.73   84.51
  71045     227.28   60.16  -17.44  -17.92    0.21    0.40   77.45   76.78    1.27    1.19  3
     76.00    0.00  -10.70    0.06   58.49    1.13
     76.00    2.96  -34.25   32.35  107.36
  71108     237.64   49.03   14.87   20.56    0.89    1.31   79.37   74.03    1.41    1.39  3
     75.00    0.00  169.70    0.72  249.25    1.49
     75.00   22.88   -1.43   64.77   75.32
  71113     238.24   49.24    5.88   12.20    0.00    0.38   98.24   99.68    0.99    1.22  3
     76.00    1.00  -21.34   -0.21  122.03    0.83
     75.00  -26.66   50.31  120.10  131.21
  71115     240.81   50.23  -12.18  -10.02    0.30    0.47   88.05   87.23    1.38    1.31  3
     77.00    0.00  -19.65    0.21   76.72    1.29
     77.00  -48.56    8.80  112.13  130.63
  71188     295.52   48.78   11.75   12.12    0.03    0.60   75.43   74.69    1.75    1.64  3
     76.00    0.00    2.48    0.15   49.29    1.48
     76.00  -19.87    1.77   57.46   72.90
  71192     237.49   53.02  -14.67  -13.77   -0.26   -0.22   78.29   78.65    1.31    1.23  3
     76.00    0.00  -14.49   -0.49   83.33    1.08
     76.00  -17.49   -5.93   95.12   67.70
  71195     220.98   61.36   20.92   24.10    0.87    0.95   74.52   73.74    1.61    1.59  3
     76.00    0.00    2.58    0.37   82.90    1.58
     76.00  -16.85   31.98   75.10  101.17
  71203     240.62   49.96  -23.46  -20.78   -0.15    0.11   95.74   95.74    1.69    1.59  3
     75.00    0.00  -31.49   -0.28   94.35    1.19
     75.00  -29.66   -0.14  143.65  116.38
  71207     236.84   49.78   11.54   11.82   -0.55   -0.19   93.80   90.34    1.01    0.93  3
     76.00    0.00    0.32   -0.67  102.59    1.09
     76.00  100.78   36.20  207.35  122.62
  71215     240.57   49.03   13.08    9.33   -0.03    0.35   75.96   73.15    1.06    1.01  3
     76.00    0.00    9.03   -0.09   77.01    1.00
     76.00   -1.05   27.60   74.71   93.89
  71216     242.20   50.25    1.35   -5.47   -0.05    0.14   80.86   82.96    0.91    0.83  3
     77.00    0.00    3.18   -0.11   78.01    0.75
     77.00   19.69   17.57   82.97  136.32
  71218     240.72   50.70   26.90   25.74   -0.27   -0.23   92.83   91.10    0.84    0.86  3
     76.00    0.00   34.99   -0.29   97.39    0.78
     76.00   30.13   39.25  112.23   82.88
  71252     241.67   53.38   35.76   39.51   -0.90   -0.47   86.37   85.65    1.32    1.09  3
     77.00    0.00   59.04   -0.99   81.46    1.47
     77.00   -9.82   65.93  113.37   63.03
  71268     232.82   54.82    5.51    9.99   -0.15   -0.02   78.28   76.86    0.96    0.92  3
     66.00    0.00   13.45   -0.20   71.03    1.06
     66.00   -8.25   43.98   74.00   63.64
  71290     236.87   55.28  -10.58  -12.49    0.16    0.26   75.03   73.71    1.26    1.23  3
     77.00    0.00  -19.29    0.84   71.45    1.52
     77.00  -53.13  -25.17   66.39   38.54
  71401     242.27   49.12   55.84   53.40    0.00    0.39   82.29   80.39    1.10    1.04  3
     77.00    0.00   62.57   -0.05   89.21    1.05
     77.00   29.93   59.69  114.24   83.49
  71448     263.94   50.18   45.37   40.57   -0.76   -0.36   60.02   59.15    0.84    0.82  3
     67.00    1.00   20.12   -0.71   36.57    0.92
     66.00  119.70    6.85   72.96   15.88
  71475     235.07   49.31   -4.05   -2.03   -0.01    0.05   88.59   89.02    1.32    1.37  3
     75.00    0.00    0.64   -0.22  100.39    1.33
     75.00  -53.52   46.30   84.68   72.10
  71505     222.41   60.76   -6.17   -6.38   -1.00   -0.76   89.39   88.09    1.60    1.50  3
     76.00    0.00   10.58   -1.19   91.77    1.46
     76.00   19.79  -11.70   82.75  142.23
  71533     233.42   52.38    2.02   -1.37   -0.18   -0.27   80.39   77.19    1.72    1.59  3
     72.00    0.00    7.26   -0.67   44.57    1.44
     72.00    8.21   -2.27   36.67   52.14
  71555     246.12   50.18   80.27   78.84    0.85    1.35   46.34   49.58    1.53    1.37  3
     77.00    2.00   82.66    0.51   44.67    1.37
     75.00   78.66   82.39   29.98   50.47
  71582     231.85   52.18   15.01   11.03   -0.80   -0.66   79.81   78.71    1.06    0.99  3
     59.00    0.00   11.05   -0.80   55.42    0.92
     59.00    1.33   11.18  102.67   36.78
  71590     291.69   47.41   19.24   14.66   -2.08   -0.67   75.79   66.53    1.23    0.87  3
     76.00    0.00   -0.94   -2.00   64.21    1.37
     76.00    5.10    1.12  124.70   38.79
  71605     236.52   49.52   37.47   31.06   -1.21   -1.11   86.38   85.97    0.71    0.78  3
     76.00    0.00   43.61   -1.22   91.28    0.79
     76.00   40.44   16.21   61.80   66.56
  71645     239.93   51.67   -6.17  -11.45   -0.65   -0.55   90.56   91.17    0.75    0.75  3
     57.00    0.00    8.50   -0.79  104.09    0.85
     57.00   24.46    4.25   97.45  117.54
  71669     245.60   50.37   12.51    8.34   -2.09   -1.44   83.78   81.16    1.37    1.01  3
     77.00    0.00   -1.32   -2.09   92.11    1.61
     77.00  -22.22   48.46   56.10  135.19
  71681     238.72   50.70    7.17   22.43   -0.71   -0.55  101.88   99.93    1.28    1.31  3
     76.00    0.00    8.21   -0.26  103.68    1.38
     76.00   -4.70   54.73  152.65  119.40
  71682     237.15   61.12   30.42   33.13   -0.84   -0.71   76.17   76.13    0.72    0.69  3
     57.00    0.00   33.69   -0.78   66.74    0.82
     57.00    4.56   35.78   65.89   52.94
  71688     236.90   50.14    2.97    4.13   -1.11   -0.86   89.79   86.52    0.71    0.81  3
     76.00    0.00    1.95   -1.17   99.08    0.81
     76.00  -21.92    7.62  115.10   79.24
  71741     239.56   50.70   -5.70   -1.83    1.15    1.30   75.86   75.90    1.73    1.61  3
     76.00    0.00   -9.45    0.80   70.80    1.79
     76.00  -50.23   24.94   90.33   67.42
  71768     240.35   49.56    6.58   14.10    0.30    0.64   80.52   76.42    1.23    1.10  3
     66.00    0.00   11.56    0.22   80.09    1.17
     66.00    5.74   27.96   48.89  100.27
  71770     243.49   49.08   10.46    6.37    0.29    0.70   80.38   83.26    1.31    1.27  3
     76.00    1.00   11.31    0.27   87.23    1.17
     75.00   13.48    5.58  113.45   64.59
  71775     237.32   49.19   -4.30   -7.26   -0.59   -0.21   70.85   66.02    0.88    0.78  3
     76.00    0.00    1.48   -0.61   68.60    0.81
     76.00   12.80    1.65   90.12   50.74
  71776     242.71   49.49  -27.71  -29.95    0.56    0.95   95.95   97.28    1.09    1.14  3
     77.00    0.00  -46.85    0.41  105.65    1.06
     77.00  -55.75  -68.32  135.97   69.28
  71779     237.50   53.02   14.65   13.69    0.00    0.04   80.54   81.63    1.08    1.00  3
     74.00    0.00   12.93   -0.10   56.01    1.01
     74.00   25.36   24.78   84.19   56.64
  71782     245.12   49.75  -30.62  -24.14    0.10    0.64   71.60   72.41    1.56    1.44  3
     77.00    0.00  -46.79   -0.17   63.63    1.31
     77.00  -47.46  -35.39   57.99   90.16
  71880     244.22   49.61   23.17   17.17    1.19    1.43   80.19   79.84    1.55    1.49  3
     64.00    0.00   13.24    0.89   90.81    1.42
     63.00   30.75   17.36   82.13   95.81
  71883     240.71   52.13   22.17   18.29   -1.02   -0.88  104.58  103.08    1.21    1.17  3
     73.00    0.00   52.59   -1.00  110.41    1.17
     73.00   66.66   52.86  104.41  117.87
  71887     239.55   50.70    0.73    5.92    1.25    1.40   79.51   79.38    1.81    1.69  3
     76.00    0.00    0.00    0.86   65.75    1.71
     76.00  -30.56   20.66  101.59   69.20
  71889     240.41   49.46   16.12   13.76    1.03    1.41   88.33   87.12    1.63    1.56  3
     73.00    0.00   15.17    0.99   88.29    1.64
     73.00    2.57   17.48   96.42   64.58
  71905     243.02   51.30   45.77   44.78   -0.25   -0.08   81.63   78.63    1.17    1.05  3
     74.00    0.00   52.39   -0.46   86.87    0.94
     74.00   28.91   68.88   68.44   52.94
  71927     236.29   48.82   46.59   42.69   -0.91   -0.73   78.66   79.37    0.95    0.85  3
     75.00    0.00   45.00   -1.12   93.05    0.94
     75.00   68.68   25.45   94.53   77.51
  71933     235.71   54.46    9.21   10.20   -0.93   -0.83   76.29   75.72    1.20    1.04  3
     71.00    0.00    9.17   -0.28   63.76    1.11
     71.00   -0.47   14.86   87.83   57.11
  71950     232.82   54.81    1.02    6.36    0.38    0.50   82.07   84.32    1.36    1.32  3
     76.00    0.00   16.49    0.31   73.35    1.12
     76.00  -36.79   44.01  120.23   49.74
  71965     224.13   63.61   17.63   19.40   -0.08    0.12   85.99   83.03    1.12    1.01  3
     76.00    0.00    7.03    0.03   95.01    1.21
     76.00    0.61    3.50  120.64   83.49
  71966     220.87   64.04   -6.78   -5.75   -0.28   -0.16   80.91   81.36    0.89    0.85  3
     75.00    0.00  -10.78   -0.23   76.45    1.07
     75.00  -30.12    8.68   64.99   59.31
  72234     271.25   32.33   45.84   45.10    0.12    0.42   61.74   65.04    1.18    1.12  3
     72.00    0.00   29.02    0.31   59.36    1.41
     72.00   30.35   16.42   73.32   78.81
  72297     241.85   33.82   12.95   24.53    0.75    1.06   74.65   69.48    1.09    1.02  3
     72.00    0.00   20.71    0.87   88.01    1.02
     72.00   19.24   38.28  101.80   79.65
  72311     276.68   33.95   69.75   64.30   -0.46   -0.06   59.23   58.41    0.90    0.87  3
     60.00    0.00   71.14   -0.54   88.62    0.85
     60.00   71.14   69.88   76.00   85.05
  72320     274.83   34.35   58.15   51.66   -1.22    0.04   74.10   73.80    1.18    1.02  3
     70.00    0.00   55.57   -1.43   88.59    1.05
     70.00   74.48   37.75  106.49   77.47
  72326     276.02   35.82   37.22   33.95    0.90    1.24   70.57   65.15    1.51    1.46  3
     74.00    0.00   28.51    0.92   71.26    1.67
     74.00    3.23   37.37   54.05   98.74
  72332     271.23   34.27   26.97   22.54    0.30    0.67   70.82   65.87    1.16    1.12  3
     73.00    0.00    8.75    0.43   70.54    1.20
     73.00   15.05   17.64   80.77  114.33
  72365     253.38   35.04    9.52    5.22    1.26    1.47   74.29   70.27    1.89    1.84  3
     71.00    2.00    6.34    1.01   82.89    1.74
     69.00    6.18    5.87   80.04  110.59
  72371     248.55   36.93  -10.11    8.51   -0.08    0.56   90.21   99.08    2.12    1.71  3
     67.00    0.00    1.56   -0.25   91.76    1.62
     67.00    2.42   -0.68  137.63   84.26
  72375     248.34   35.13   27.45   35.17   -1.91   -0.09   71.02   73.33    2.63    1.89  3
     74.00    0.00   15.30   -1.64   76.67    2.79
     74.00  -14.90   20.50   62.48   55.43
  72376     248.18   35.22  -46.38  -45.78    2.01    2.26   96.90  103.17    1.83    1.81  3
     70.00    0.00  -74.58    2.12  104.00    1.77
     70.00  -80.24  -81.61  101.62   89.13
  72414     278.41   38.36   63.18   60.00   -0.31    0.13   78.75   77.04    1.23    1.17  3
     72.00    0.00   47.20   -0.48   88.69    1.12
     72.00   82.23   40.38   98.91   91.62
  72417     280.16   38.88   76.48   74.45   -0.82   -0.34   72.55   74.08    1.20    1.14  3
     69.00    0.00   82.57   -0.42   89.32    1.47
     69.00   73.10   79.27  102.09   87.48
  72462     254.13   37.45    8.95    4.12    0.90    1.27   92.33   86.28    1.81    1.83  3
     70.00    1.00    1.24    0.99  113.33    1.19
     69.00    8.16   -9.13   81.06   78.11
  72488     240.22   39.50   22.96   24.83    0.11    1.12   85.63   80.97    2.09    1.89  3
     74.00    0.00   27.69    0.11  103.04    2.05
     74.00   17.92   41.03  101.15  106.14
  72513     284.27   41.33   14.36   20.20    0.26    0.92   83.13   82.26    1.30    1.31  3
     69.00    0.00   14.66    0.27   66.08    1.28
     69.00   18.31   24.95   97.99   74.43
  72514     283.08   41.25   12.75    8.82    0.53    1.22   72.48   68.48    1.54    1.67  3
     73.00    0.00    7.71    0.50   67.35    1.84
     73.00   20.05    7.23   58.41   84.53
  72570     252.47   40.50   55.60   53.32   -0.65    0.02   74.71   67.95    1.93    1.81  3
     73.00    0.00   51.55   -1.04   89.62    1.99
     73.00   62.92   39.31   91.99   91.79
  72583     242.20   40.90   12.78   13.92    0.47    0.94   73.31   70.80    1.79    1.65  3
     66.00    0.00    0.18    0.33   52.33    1.83
     66.00    5.89   -4.06   54.05   95.27
  72666     253.03   44.77   51.87   48.65    0.46    0.66   68.57   67.71    1.99    1.78  3
     74.00    0.00   25.06    0.42   65.70    2.14
     74.00   64.52   15.47  105.05   75.75
  72672     251.52   43.07    7.24   13.02    0.47    1.04   79.40   78.48    2.20    1.96  3
     73.00    0.00    7.92    0.85   67.49    1.95
     73.00   14.04   41.24   72.03   59.56
  72683     241.05   43.58  -24.54  -16.60    0.49    0.91   70.18   66.64    1.66    1.60  3
     70.00    0.00  -44.82    0.33   49.63    1.41
     70.00  -51.31  -39.19   57.17   51.66
  72772     248.00   46.60   34.10   30.93    0.85    1.15   88.48   88.43    1.74    1.66  3
     72.00    0.00   29.86    0.92  107.02    1.93
     72.00    9.66   34.72  126.53   85.18
  72773     245.92   46.92   52.02   51.73    0.92    1.49   81.42   74.24    1.76    1.85  3
     73.00    0.00   63.61    0.98   79.86    1.80
     73.00   35.49   72.88   98.83   95.53
  72781     239.47   46.57   22.88   27.17    0.17    0.73   76.92   73.01    1.57    1.43  3
     69.00    0.00   22.75    0.41   80.84    1.46
     69.00   32.20   29.35   65.82  113.21
  72783     242.98   46.38   41.52   48.06    0.07    0.49   80.75   81.62    1.79    1.69  3
     68.00    0.00   31.94    0.29  108.73    1.61
     68.00   90.87   26.53  107.01  122.22
  73005     292.76   48.36   22.53   17.37   -0.80   -0.44   71.74   69.40    1.11    0.96  3
     75.00    0.00   19.03   -0.81   68.32    1.24
     75.00    1.96   42.21   49.62   60.26
  76311     251.72   26.72   46.87   60.39   -1.36   -1.44   69.82   74.87    0.99    1.01  3
     57.00    0.00   67.80   -1.56   34.94    0.86
     56.00   71.14   60.35   25.17   53.23
  76382     256.57   21.51   10.49    9.93    0.25    0.34   85.18   88.43    1.24    1.12  3
     58.00    0.00   30.26    0.26   87.36    1.32
     58.00   26.70   34.67   98.75   83.54
  76490     270.32   22.38   68.83   66.85   -3.01   -2.58   77.70   78.74    1.99    1.90  3
     72.00    0.00   77.87   -3.06   87.37    1.93
     72.00   69.68   90.68   89.74   83.89
  76518     256.63   22.38    4.12   -2.05   -0.53   -0.32   80.23   79.14    1.28    1.27  3
     71.00    0.00    7.13   -0.29   65.57    1.15
     71.00   17.36   -0.54   73.62   72.93
  76556     255.10   21.52   18.22   18.47    0.61    0.80   83.46   82.52    0.93    0.93  3
     67.00    0.00   25.34    0.70   60.92    0.98
     67.00   26.29   25.28  105.51   59.01
  76581     260.00   21.85   61.07   59.96   -1.57   -1.21   61.72   61.07    1.28    1.10  3
     70.00    0.00   71.16   -1.45   69.12    1.23
     68.00   63.48   80.69   60.59   74.71
  76612     256.62   20.67   41.98   47.91   -0.10    0.05   75.67   71.36    0.70    0.61  3
     77.00    0.00   47.49   -0.06   79.82    0.64
     63.00   41.22  124.00  101.82   99.78
  76640     262.59   20.95   47.62   42.76   -1.40   -1.15   81.44   79.06    1.40    1.22  3
     68.00    0.00   57.98   -1.36   77.54    1.46
     68.00   46.53   61.98   96.99   77.10
  76665     258.82   19.70   22.07    7.85   -0.21   -0.09   85.15   88.05    0.70    0.64  3
     72.00    1.00   29.05   -0.09   72.23    0.76
     61.00   23.74   32.21  103.21  110.66
  76675     260.33   19.30   28.91    8.05    0.09    0.17   75.69   76.68    0.92    0.90  3
     86.00    0.00   29.74    0.11   62.05    1.00
     61.00   19.68   37.30   78.54   52.30
  76685     261.83   19.05   34.79   25.51   -0.65   -0.48   74.27   80.59    0.94    0.87  3
     76.00    0.00   15.95   -0.75   59.18    0.82
     65.00   14.99   14.04   59.44   99.28
  76762     260.50   17.55    5.61    2.71    0.76    0.89   86.60   85.97    1.35    1.23  3
     79.00    0.00  -25.75    0.67   73.89    1.16
     61.00  -32.87  -14.14  100.04   72.00
  76773     262.24   17.80   43.64   43.18   -0.76   -0.53   78.29   76.88    1.19    1.04  3
     60.00    0.00   64.79   -0.66   54.89    1.10
     60.00   50.38   74.02   51.73   46.36
  76775     263.30   17.07   67.84   65.71   -0.68   -0.43   72.27   71.83    0.95    0.92  3
     79.00    0.00   69.72    0.12   73.79    1.64
     63.00   96.74   55.18   84.06   36.33
  78762     275.82    9.98   36.64   27.97    1.85    1.88   72.43   72.03    1.72    1.61  3
     68.00    0.00   53.95    1.62   81.80    1.71
     68.00   24.46   10.01   44.97   77.52
  80112     284.57    6.18   47.06   48.56   -0.08    0.00   70.08   67.55    1.37    1.29  3
     69.00    0.00   28.37   -0.10   90.75    1.29
     68.00   24.14   84.37   78.87   82.26
  80210     284.20    4.82  -46.75  -46.70    1.22    1.26   70.05   68.54    1.33    1.35  3
     45.00    1.00  -45.37    1.00   71.14    1.44
     44.00 -999.00 -999.00 -999.00 -999.00
  80211     284.28    4.50  102.45   91.88   -0.13    0.06   73.60   75.14    1.64    1.55  3
     59.00    0.00  121.17   -0.86   44.86    1.35
     58.00  112.05  113.99   52.48   63.95
  80222     285.85    4.70   -2.05   -0.21    1.06    1.20   74.52   69.28    1.55    1.44  3
     71.00    0.00   -5.01    0.54   68.79    1.43
     71.00   -8.78    1.38   47.93  103.87
  80259     283.62    3.55  -30.47  -31.17    1.11    1.05   77.74   75.63    1.42    1.40  3
     64.00    0.00   15.63    1.46   74.04    1.46
     63.00  -70.88   31.43   93.94   56.56
  80315     284.70    2.97   41.31   43.27   -1.23   -1.10   87.39   85.08    1.36    1.27  3
     48.00    0.00   -6.20   -1.24   67.27    1.46
     48.00 -999.00 -999.00 -999.00 -999.00
  80398     290.05   -4.16   62.10   58.44    0.04    0.17   80.59   70.84    1.03    0.97  3
     69.00    2.00  116.41   -0.04   79.29    1.28
     66.00   55.49   91.96   67.60   94.19
  82212     293.83   -2.52   31.69   34.88    0.00    0.04   86.87   83.96    0.84    0.85  3
     57.00    0.00   26.57   -0.22   84.67    0.86
     57.00   39.85   25.50  118.46   58.73
  91285     204.93   19.72   67.30   60.57   -1.14   -0.25   70.80   74.28    1.79    1.76  3
     76.00    1.00   79.56   -0.99   86.68    1.82
     75.00   77.37   85.53   71.20   70.77
  CWMM      237.32   49.20   -4.46   -7.06   -0.58   -0.20   70.33   65.90    0.88    0.79  3
     76.00    0.00    2.50   -0.66   68.76    0.81
     76.00   13.05    2.50   90.02   50.74
  07491       5.87   45.63   17.48   14.10    0.65    0.79   75.60   77.36    1.52    1.43  3
     68.00    0.00   26.57    0.40   73.54    1.34
     67.00   39.20   81.68  102.97   89.37
  14308      13.93   45.23   36.34   35.35   -0.82   -0.61   71.58   67.05    1.75    1.42  3
     18.00    0.00   29.09   -0.43  108.27    2.66
     17.00 -999.00 -999.00 -999.00 -999.00
  16033      12.22   46.73   45.77   35.74   -0.33   -0.19   79.09   84.76    1.84    1.66  3
     58.00    0.00   31.72   -0.62   76.03    0.83
     58.00   52.34   17.57   73.81   96.88
  76499     261.80   23.77   58.21   58.20   -2.07   -1.87   71.61   72.02    1.20    1.15  3
     65.00    1.00   66.30   -1.99   91.27    1.28
     56.00   19.70   81.33  109.05   57.34
  71944     236.87   55.29   -1.36   -1.30   -0.74   -0.64   72.03   71.39    1.31    1.23  3
     73.00    0.00   -7.62   -0.74   78.45    0.92
     72.00   -2.89  -22.25  106.02   63.36
  06717       7.17   45.86  -11.37  -11.49    1.82    2.15  119.51  116.91    1.57    1.47  3
     70.00   14.00   -0.77    2.83  179.10    1.78
     56.00   -0.24   22.30  168.64  183.58
  06724       7.46   46.29  -52.36  -40.23   -0.46    0.05   65.56   69.89    0.96    0.95  3
     70.00    0.00  -56.68   -0.49   59.90    0.99
     70.00  -61.22  -45.50   68.86   51.03
  08502     328.88   39.67   52.93   53.11   -2.24   -1.81   57.32   56.98    2.34    2.19  3
     78.00    0.00   38.78   -2.12   38.19    2.30
     78.00   46.80   33.75   60.91   32.99
  08567     352.28   41.27   59.88   60.26   -0.86   -0.61   45.30   48.56    1.06    1.01  3
     78.00    0.00   68.82   -0.87   27.20    0.96
     78.00   65.77   70.14   30.14   28.54
  11343      12.95   47.05    4.25   13.75    3.89    4.21   78.90   75.87    2.50    2.59  3
     56.00    5.00    3.69    4.12   68.08    2.68
     51.00 -999.00 -999.00 -999.00 -999.00
  71856     303.45   48.80   53.09   51.44   -2.50   -2.16   63.72   62.04    1.25    1.17  3
     76.00    0.00   33.90   -2.47   65.03    1.12
     76.00  102.41   27.69   92.50   33.29
  76683     261.77   19.32   62.62   62.60   -0.13    0.12   63.23   62.42    1.28    1.23  3
     57.00    0.00   66.85   -0.02   71.44    1.34
     57.00   64.27   63.16   69.25   75.51
  76843     266.87   16.75   -4.40   -6.57   -0.33   -0.20   82.23   80.32    1.06    1.01  3
     52.00    1.00   -7.86   -0.11   80.34    0.78
     50.00 -999.00 -999.00 -999.00 -999.00
  78970     298.65   10.62   48.17   46.63   -0.31   -0.09   33.43   32.71    1.61    1.51  3
     74.00    0.00   47.26   -0.50   40.94    1.95
     74.00   49.22   38.92   37.86   42.15
  06496       6.18   50.47   77.45   72.04   -2.44   -1.61   64.05   65.36    1.62    1.17  3
     77.00    0.00   77.91   -1.44   89.66    1.46
     77.00   76.08   99.56   82.99  103.34
  06748       7.75   46.03  -48.60  -46.96   -0.10    0.37   63.45   68.14    2.34    2.09  3
     74.00    0.00  -68.52   -0.62   84.85    1.50
     74.00  -63.67  -65.23   54.62  100.22
  14008      13.85   46.38   63.46   65.04    1.77    2.06   61.06   65.73    2.08    2.01  3
     75.00    4.00   69.27    1.67   60.83    2.43
     71.00   63.10   90.22   54.11   53.79
  71362     248.07   60.03  -93.66  -90.82   -1.11   -0.52   54.61   56.76    0.70    0.66  3
     76.00    3.00 -101.51   -1.08   44.41    0.76
     73.00  -89.71 -104.72   71.62   18.45
  72218     278.03   33.36   46.21   47.09   -1.55    0.05   67.95   71.97    1.48    1.33  3
     74.00    0.00   42.24   -1.62   73.48    1.61
     74.00   19.86   77.89   68.07   94.45
  72315     277.45   35.43   56.99   71.62   -0.53    0.68   59.92   61.92    2.12    1.85  3
     71.00    0.00   47.12   -0.95   67.45    1.43
     71.00   33.30   49.84   63.21   79.20
  78458     289.44   19.75   69.37   68.89   -2.84   -2.54   69.49   70.61    1.85    1.74  3
     68.00    0.00  107.00   -3.22   43.50    1.80
     68.00   -0.05  113.34   54.17   32.24
