  BGBW      314.58   61.18   11.73   11.41    1.63    1.82   74.72   76.13    2.26    2.42  3
  CWLY      238.42   50.22    1.28    5.07    2.17    2.48   64.58   64.80    2.37    2.42  3
  ENLA        2.84   59.11    0.27   -0.44    2.29    2.42   28.63   28.11    2.68    2.66  3
  KELN      239.47   47.03   -5.18    0.14    1.41    2.25   87.55   85.29    2.28    2.54  3
  PACD      197.28   55.22    6.01    1.06    2.01    2.37   36.53   37.88    2.57    3.01  3
  PAUT      194.40   54.15    7.96    2.88   -0.10    0.78   45.07   41.06    2.24    2.09  3
  PAVC      197.73   55.12  -19.29  -21.27    0.86    1.40   50.71   54.41    2.46    2.61  3
  KHSE      284.38   35.22    4.86    6.73   -1.76   -1.19   32.95   28.50    1.78    1.45  3
  SKCC      287.48    7.93   20.81   22.30    2.11    2.21   68.84   66.00    2.11    2.08  3
  K0CO      254.23   39.79   28.98   32.39    4.05    4.63   54.43   59.60    2.45    2.57  3
  ENRO       11.35   62.58    1.41    2.36   -0.76   -0.19   45.63   45.59    1.76    1.39  3
  K1LM      250.27   46.70   13.47   18.58    1.97    2.11   73.00   65.45    2.07    1.83  3
  KCVS      256.68   34.38   15.93   14.85    0.45    0.66   46.99   38.04    1.56    1.36  3
  KDGW      254.62   42.79    4.02   11.15    0.64    1.09   71.35   71.14    1.90    1.69  3
  KDUB      250.32   43.55   19.17   10.12    2.12    2.41   41.31   35.80    1.97    1.91  3
  KGDP      255.20   31.83  -12.38   -9.95    3.78    4.13   53.36   48.31    2.27    2.39  3
  KLAR      254.33   41.32   -2.69   -6.67    1.27    1.89   41.82   37.37    2.08    1.88  3
  KLIC      256.33   39.27   19.73   16.37    0.09    0.58   63.01   64.03    1.74    1.62  3
  KOMK      240.47   48.42   20.97   27.23    1.64    2.12   58.09   59.33    1.88    1.93  3
  KP58      277.20   44.02   11.42   10.43   -0.72   -0.30   44.28   46.85    1.97    1.89  3
  KPEQ      256.49   31.38   10.43   11.18    0.22    0.57   53.42   45.37    1.35    1.29  3
  KTSP      241.57   35.14   20.71   17.52    0.82    1.31   35.61   33.33    1.85    1.96  3
  MKJP      283.22   17.93   40.17   37.93    1.41    1.42   50.69   48.44    2.34    2.11  3
  MKJS      282.08   18.50   24.44   22.14    0.59    0.59   47.89   46.60    2.10    1.89  3
  PADU      193.45   53.90    8.29   14.71   -0.78   -0.18   57.97   55.97    2.01    2.02  3
  PAEH      197.93   58.65   12.04   11.11   -1.07   -0.75   31.53   28.38    2.34    2.21  3
  PASD      199.48   55.32    3.64    1.22   -0.58   -0.13   44.79   41.36    2.12    1.67  3
  PHOG      203.57   20.90   -9.71   -9.05    1.63    2.01   47.16   45.42    2.03    1.88  3
  TGPY      298.22   12.00    4.48    5.19   -0.93   -0.69   37.42   33.52    2.23    2.01  3
