  01203       4.98   62.03  -10.06   -6.10    3.57    3.40   38.17   37.35    2.68    2.48  3
     75.00   12.00   -9.87    3.65   19.20    3.40
     63.00   -6.81  -11.37   26.09   13.80
  04285     314.80   59.98    4.22    1.84    0.65    0.89   41.05   38.62    2.60    2.19  3
     78.00    1.00    2.52    0.77   16.10    2.27
     77.00    5.33   -0.93   14.26   15.34
  04373     319.71   64.78  -10.83  -10.52    0.47    0.56   54.20   51.37    2.61    2.28  3
     78.00    1.00   -5.16    0.12   22.72    2.27
     77.00   -4.72   -9.40   51.58   15.47
  04382     317.93   61.93  -29.59  -27.08   -0.34   -0.03   57.44   57.68    2.52    2.28  3
     77.00    0.00   -8.73   -0.57   33.97    2.36
     77.00  -12.12   -7.99   54.38   29.00
  04390     316.83   60.05  -13.45  -12.10   -1.49   -1.00   68.42   67.21    2.48    2.16  3
     78.00    0.00   -1.64   -0.92   36.03    2.10
     78.00  -10.36   -4.69   44.72   27.89
  11126      11.47   47.22    9.48   12.87    2.17    2.42   63.30   60.40    1.97    2.11  3
     66.00    4.00    2.40    1.74   27.96    1.96
     62.00    4.32   -6.17   28.18   24.85
  25916     151.35   58.83    6.60    3.69   -0.44   -0.20   64.64   61.13    2.11    1.94  3
     78.00    2.00   10.47   -0.15   49.50    2.13
     76.00   22.71   10.47   47.97   46.07
  32213     156.66   50.87    5.48    6.10    0.83    1.38   22.63   20.44    2.03    1.71  3
     78.00    0.00    3.80    1.00   13.35    1.98
     78.00    4.85    2.91   15.63   15.61
  70316     197.28   55.20   -0.35   -0.68    1.14    1.89   50.50   49.30    2.24    2.76  3
     78.00    2.00   -3.84    0.88   27.67    2.09
     76.00    2.26    4.53   25.74   60.49
  71417     303.89   50.71   -7.55   -4.69    1.09    1.26   45.54   37.58    2.38    2.15  3
     75.00    1.00    4.78    1.19   28.57    2.13
     74.00   -5.47    2.86   38.42   31.09
  71468     271.69   49.69   17.31   13.70    0.58    0.80   43.90   40.10    2.49    2.13  3
     73.00    0.00   23.87    0.75   17.96    2.07
     73.00   29.60   22.35   27.42   16.01
  71472     227.24   53.31   -6.39   -6.74    0.88    1.04   54.05   52.54    2.54    2.32  3
     76.00    0.00    9.10    0.61   34.90    2.20
     76.00    2.27   19.46   38.25   25.91
  71476     229.31   54.58  -12.37   -8.96    3.00    3.05   53.52   44.65    2.28    2.19  3
     76.00    3.00   -4.48    2.50   37.40    1.72
     73.00   -6.94   -2.27   56.54   36.44
  71479     232.07   50.11  -10.97   -8.64    2.95    2.84   34.71   31.72    2.52    2.29  3
     77.00    2.00  -15.32    2.90   27.92    2.99
     75.00   -6.28  -14.93   29.86   18.65
  71568     230.07   50.45  -13.54  -10.96    0.30    0.15   58.17   55.38    3.32    3.09  3
     73.00   13.00   15.19    1.95   67.23    3.04
     60.00  -16.33  -26.10   26.00   59.41
  71641     284.33   62.17   11.65   13.36   -0.23   -0.03   44.69   45.03    3.55    3.20  3
     76.00    8.00    3.92    0.36   27.65    4.14
     68.00   31.36   -1.92   55.11   22.06
  71765     238.42   50.22    6.67    9.98    1.67    1.95   68.57   66.85    2.39    2.48  3
     76.00    0.00   -6.06    0.98   40.26    2.29
     76.00   -9.74    9.48   65.79   63.91
  71778     236.48   48.28   -8.12   -9.89    3.86    3.93   56.64   50.79    2.30    2.28  3
     69.00    3.00   12.78    4.06   27.46    2.50
     66.00   10.46   13.04   21.36   57.99
  CWQK      236.47   48.30   -6.51   -8.35    3.77    3.83   55.49   50.48    2.27    2.26  3
     69.00    3.00   14.87    3.95   23.67    2.55
     66.00   10.27    5.94   19.42   37.29
  03305     356.07   53.10    0.75    3.39    2.85    2.92   50.87   50.43    2.39    2.11  3
     70.00    1.00    8.85    3.24   36.84    2.40
     69.00   11.98    0.91   27.23   54.67
  04260     310.34   62.01    8.86    7.89   -0.34   -0.18   47.69   44.14    2.27    1.72  3
     78.00    0.00   -0.48    0.20   27.74    1.41
     78.00    3.71   -5.15   35.58   28.69
  31087     141.85   58.81   22.74   25.61   -0.71   -0.43   73.74   71.14    2.53    2.26  3
     78.00    3.00   16.89   -0.83   69.43    2.68
     75.00   22.16    8.79  104.54   38.76
  71418     299.87   47.23   -3.36   -0.29    0.36    1.62   22.72   15.35    1.90    1.66  3
     74.00    0.00   -2.52    1.13   14.23    1.80
     74.00   -4.92   -1.39   16.56   10.98
  71482     232.54   52.18   -9.46  -15.07    3.01    2.92   74.24   73.29    2.33    2.34  3
     76.00    7.00  -14.87    3.10   56.40    2.33
     69.00  -14.04   -8.52   44.49  104.59
  01265      10.78   62.28    1.90    3.71   -1.83   -1.21   72.83   72.27    1.52    1.32  3
     75.00    0.00  -10.05   -1.68   46.49    1.67
     75.00  -13.54  -11.39   51.27   48.83
  01278      11.67   63.78  -22.76  -20.19   -1.21   -0.95   62.40   60.26    2.16    2.26  3
     18.00    0.00  -32.72   -1.18  185.22    3.80
     17.00 -999.00 -999.00 -999.00 -999.00
  01290      11.58   64.47  -35.37  -35.23    0.44    0.81   68.67   66.23    1.72    1.56  3
     72.00    0.00  -31.35    0.22   49.46    1.85
     72.00  -30.34   13.38   50.94   63.70
  01304       4.68   61.57    4.50    3.81    0.53    0.66   21.32   21.12    1.88    1.80  3
     78.00    0.00    3.42    0.65   16.22    2.06
     78.00   10.43    0.29   22.86   11.63
  01431       6.90   58.92  -19.20  -19.36   -3.42   -3.05   77.63   77.52    1.98    1.94  3
     72.00    2.00  -18.65   -3.41   76.78    1.82
     70.00  -15.76  -14.11   93.52   80.18
  01441       7.38   59.58  -18.11  -17.97   -1.83   -1.34   49.98   48.72    1.92    1.69  3
     78.00    0.00  -16.00   -2.28   31.90    2.09
     78.00    2.24  -21.86   30.24   11.79
  03044     355.57   58.28  -17.76  -17.41   -1.06   -0.77   49.70   51.51    1.76    1.68  3
     70.00    0.00  -29.22   -0.82   21.46    1.74
     70.00  -35.41  -27.73   17.83   18.10
  04253     309.58   62.57    6.86    7.67    0.69    0.80   34.45   31.00    2.05    1.68  3
     77.00    0.00   12.90    0.51   26.72    1.64
     77.00    9.04    1.24   26.97   31.45
  07560       3.58   44.12    0.86   -3.13    4.32    4.34   65.55   65.12    2.67    2.60  3
     68.00   15.00   27.40    4.32   34.98    3.31
     53.00 -999.00 -999.00 -999.00 -999.00
  08509     332.90   38.77   16.20   20.95   -0.50   -0.19   54.91   51.10    2.25    2.09  3
     77.00    1.00   17.16   -0.64   30.01    2.03
     76.00    7.02   16.72   36.47   19.28
  71027     299.60   46.67    5.88    7.07   -3.38   -2.82   60.16   58.64    1.98    1.71  3
     77.00    0.00    1.68   -3.24   38.46    1.64
     77.00   13.14    0.49   36.47   35.32
  71107     228.99   51.93    4.26    5.07    1.09    1.15   26.26   25.73    2.32    2.15  3
     76.00    0.00   10.88    1.01   15.79    2.35
     76.00    9.33   10.81   15.46   17.56
  71428     293.34   49.11   -3.15   -4.01    0.41    0.71   49.93   49.23    2.30    1.99  3
     77.00    0.00    0.00    0.48   26.59    2.53
     77.00    1.64    2.58   25.48   64.74
  71429     295.69   48.41    8.64   11.15    0.40    0.95   51.36   47.41    1.82    1.72  3
     76.00    1.00   12.08    0.35   38.09    1.86
     75.00   21.61    0.04   29.18   47.75
  71432     280.80   43.24   12.37   13.00   -0.05    0.38   43.25   40.58    2.23    1.97  3
     74.00    0.00    6.63   -0.06   17.02    1.90
     74.00    4.13   11.34   12.71   15.45
  71772     236.18   49.20   24.17   28.79    2.58    2.76   58.56   48.96    2.39    2.27  3
     68.00    0.00   28.91    2.44   28.50    2.80
     68.00   22.03   28.91   37.27   28.51
  78388     282.08   18.50   36.84   34.87    0.12    0.16   53.53   52.83    2.23    2.06  3
     77.00    1.00   23.12   -0.12   54.33    2.69
     76.00    4.55   19.29   44.00   43.15
  78397     283.22   17.93   36.97   34.81    1.33    1.33   50.50   48.36    2.38    2.17  3
     77.00    1.00   37.66    0.74   41.94    2.50
     76.00   39.06   35.85   50.78   40.98
  78958     298.22   12.00    4.56    5.28   -1.01   -0.77   36.68   32.85    2.24    2.02  3
     75.00    0.00   -0.02   -1.11   15.50    2.29
     75.00    3.04   -1.54   17.85   14.86
  91190     203.57   20.90    3.66    7.74    1.27    1.76   54.79   50.12    2.48    2.13  3
     77.00    0.00   32.21    1.11   81.78    2.68
     77.00  -20.07  -17.95   15.16   44.82
  CWEL      236.20   49.22   26.15   30.07    2.55    2.72   59.02   50.28    2.37    2.24  3
     68.00    0.00   28.46    2.37   31.71    2.65
     68.00   37.39   31.23   33.84   29.50
  CWSG      293.35   49.10   13.40   11.02    1.12    1.38   44.31   42.40    2.30    1.86  3
     75.00    0.00    8.80    1.02   24.22    2.56
     75.00   15.42    7.85   34.18   21.42
