  A27AA     243.90   36.77   18.73   27.55    3.38    4.17   42.86   42.90    2.02    2.00  3
  AFA09     255.08   38.99  -10.49   -9.83    3.48    4.09   54.73   52.64    2.83    2.91  3
  AR160     235.95   44.76   15.82   19.90    0.68    1.29   50.87   53.72    2.36    2.39  3
  ATKA2     185.83   52.23   14.91   12.01   -1.17   -0.56   40.40   35.23    2.70    2.03  3
  BHRI3     272.85   41.65   35.00   33.16   -1.24   -0.64   55.11   52.67    2.49    2.34  3
  C2235       8.02   58.09   28.20   28.72   -3.33   -3.20   42.29   40.51    2.34    2.29  3
  C3540      12.40   55.73   18.39   23.02   -2.61   -1.55   57.23   55.15    2.74    2.50  3
  D6193     237.76   45.54  -30.20  -30.92    0.70    1.22   74.01   65.62    2.45    2.58  3
  E1486  a  253.24   32.40   29.86   28.63    0.96    2.15   75.53   60.38    2.32    2.13  3
  E1487  a  253.08   32.46  -11.38  -22.62    1.52    2.72   68.61   53.78    2.31    2.53  3
  E1872     304.54   51.52   14.08   17.41   -3.52   -2.86   48.50   47.70    2.48    2.40  3
  E2875     357.96   55.78   18.49   20.57   -3.67   -2.58   46.31   46.22    2.89    2.74  3
  E3393     243.63   33.89   20.88   13.37   -0.60    0.18   43.37   47.63    2.47    2.43  3
  E4395  a  241.82   45.99  -10.74   -2.89    1.00    2.36   48.88   46.17    1.98    2.48  3
  E5679  a  287.13   40.74   19.68   24.90   -0.38    0.94   53.55   55.58    1.97    2.12  3
  E5793  a  254.41   36.34  -10.88  -11.57    1.57    1.77   69.98   64.65    2.60    2.44  3
  F0218  a  278.28   36.30   34.94   41.04    1.02    2.34   65.43   64.58    3.08    2.99  3
  FREUT     247.67   41.15  -11.79    5.07    2.13    2.54   65.14   62.02    2.56    2.47  3
  FTG23     214.05   63.77  -19.70  -18.18    1.43    1.76   66.16   70.02    2.54    2.77  3
  GHG39     242.71   34.61  -25.90  -19.78    1.53    2.98   37.32   40.77    2.58    2.90  3
  HP001     243.58   32.89  -45.89  -37.93    3.56    4.18   60.87   64.31    2.81    3.36  3
  HYRMC     248.18   41.63   -1.65   -3.56    0.66    2.30   47.85   47.97    3.58    3.70  3
  N17KX     202.81   60.53    0.13    1.17    1.29    1.52   37.63   35.78    2.20    2.07  3
  P19KX     206.77   59.65  -12.60   -6.67    1.64    2.12   51.75   49.29    2.25    2.27  3
  RHRA2     214.27   61.13    4.81    3.38    2.40    2.83   45.43   45.48    2.59    2.75  3
  SMCA2     210.26   61.02    4.12   -1.53    4.58    4.88   57.99   59.77    4.15    4.69  3
  STORM     253.26   40.46   26.29   27.70    0.94    1.60   72.38   71.94    2.32    2.38  3
  SUM       246.98   43.40   24.45   18.75    2.34    2.73   71.83   71.27    2.24    2.04  3
  TCOA2     214.12   63.82  -11.29   -8.31    2.29    2.55   56.19   56.11    3.56    3.77  3
  TEXA2     214.09   63.84   -3.79    0.52    1.26    1.54   60.42   59.01    2.78    3.05  3
  UB7ST     250.65   39.98    5.35    2.76    3.50    3.82   59.75   54.34    3.01    2.91  3
  UBCSP     249.98   40.05  -10.09    4.46    3.92    4.06   60.62   54.37    3.09    3.16  3
  UVM02     286.67   44.56   14.73   18.04    3.36    4.65   44.58   38.69    2.49    2.88  3
  VCVA2     189.71   57.13   -2.45    0.99   -2.85   -1.68   29.05   26.39    2.56    1.80  3
  WSM05     253.43   32.43   25.10   20.33    3.26    4.34   65.63   71.55    2.51    2.30  3
  XBLT      237.58   37.85   -3.35   -4.97    4.10    4.76   32.57   31.80    2.75    2.84  3
  XCPT      239.53   34.45  -19.39  -18.27    1.35    1.84   36.49   39.15    2.36    2.38  3
  XMRK      260.01   32.32    2.26    6.12    2.26    3.87   21.22   21.31    2.48    2.97  3
  XMRY      239.16   45.67  -10.78   -6.93    2.33    2.98   56.43   60.70    2.48    2.82  3
  XSQU      236.83   49.68   12.16   15.00    2.86    3.19   70.98   71.58    3.15    3.18  3
  XTRI      237.63   37.83   -5.20   -8.56    2.51    3.20   41.11   34.48    2.30    2.27  3
  XVEN      250.01   24.05   34.44   36.98   -1.27   -1.21   75.48   76.35    2.04    1.94  3
  D4338       4.90   60.51   32.72   33.65    1.63    2.00   42.58   41.45    4.44    4.54  3
  AT076     356.80   50.81   18.65   16.55   -2.04   -1.89   63.96   61.91    2.08    2.00  3
  AU563     241.76   35.11  -27.57  -32.19    2.10    3.55   41.57   40.26    2.35    2.46  3
  CMP26     243.58   38.19   -5.40   -3.13    3.08    3.42   52.21   47.54    2.37    2.30  3
  E7054     283.12   34.73   36.34   34.93   -1.55   -1.12   52.33   53.56    2.18    2.02  3
  E8903  a  276.08   43.69   46.80   44.50   -0.95   -0.33   64.59   65.40    2.55    2.54  3
  L20KX     206.12   62.48   27.67   22.80    2.35    2.36   75.95   80.47    3.48    3.13  3
  MN084     267.47   47.51  -43.19  -38.62    4.10    4.65   68.94   73.93    3.18    3.13  3
  N20KX     207.79   61.20   35.92   32.91    3.64    3.87   63.98   59.91    2.82    3.05  3
  WSHA2     214.05   63.79  -19.97  -21.87    1.18    1.48   66.31   67.76    2.47    2.71  3
  XJNB      236.70   46.15  -17.32  -13.38    2.33    2.77   62.37   65.01    2.45    2.48  3
  XSWL      238.43   45.72   -7.43   -6.60    2.13    2.82   40.75   40.08    2.50    2.79  3
  XVIE      238.33   45.70   -7.42   -1.84    3.97    4.67   40.13   39.91    2.13    2.42  3
  XWHT      286.67   44.62   47.02   46.58    0.07    0.71   63.39   66.91    2.63    2.86  3
  S14KX     200.45   56.28  -19.24  -19.69    3.37    3.75   45.65   45.36    4.62    4.65  3
  AS539  a  254.00   41.15    1.25   -5.24   -1.12   -0.48   60.02   56.39    1.44    1.37  3
  AU176  a  248.83   34.40   37.97   36.97    0.16    0.63   67.43   68.28    2.04    2.08  3
  AU872     249.74   31.36   18.29   20.02    0.06    0.45   57.53   53.81    2.37    2.32  3
  BRCAM     242.99   34.89   18.07   14.14   -0.61    0.17   48.13   49.19    1.31    1.19  3
  C5763     358.80   50.66   48.75   49.35   -5.32   -5.34   64.13   64.04    2.35    2.39  3
  C8844  a  248.29   41.26   46.32   49.50   -1.20    0.18   63.14   60.55    1.48    1.53  3
  C9190     202.26   21.37   45.86   44.36   -2.99   -2.49   50.63   47.37    1.21    1.16  3
  CMP14     246.99   38.39    3.45    7.77   -2.33   -1.74   55.99   54.61    1.81    1.69  3
  D2610  a  256.22   44.23   59.27   58.02   -1.67   -1.32   68.96   68.16    1.26    1.14  3
  D3400      11.76   54.70    9.00   10.58   -4.52   -4.07   56.91   56.18    2.21    1.92  3
  D4786     255.45   39.40   -5.41   -1.01   -1.85   -1.38   56.18   54.89    1.66    1.65  3
  D7130       3.47   43.28    6.80    7.44   -3.07   -3.11   46.41   45.44    2.16    2.11  3
  D8131      12.12   57.23   31.98   31.80   -0.83   -0.60   49.28   49.80    2.25    2.21  3
  DPG13     247.19   40.11  -10.02  -10.17    0.75    1.25   51.31   44.33    1.72    1.66  3
  E1884       9.89   64.02  -10.56  -11.21   -2.75   -2.54   45.65   46.16    1.78    1.70  3
  E5413     355.03   58.15   -7.91   -8.95   -3.20   -2.86   39.23   39.25    1.80    1.87  3
  E7418     353.58   57.47   15.84   13.36   -2.37   -2.24   45.96   46.02    1.93    1.95  3
  F0816     299.53   47.00   -4.70   -4.10   -1.35   -0.91   41.69   41.70    2.09    2.04  3
  F1362  a  248.27   35.26   41.75   48.31   -0.96   -0.64   70.90   68.73    1.06    1.08  3
  F2780     299.19   46.82   -8.95   -9.23   -3.79   -3.28   51.39   51.19    1.68    1.55  3
  FLGMM     248.35   35.21   50.89   56.08   -0.55   -0.23   62.69   62.67    1.17    1.03  3
  KAOH1     203.43   20.52    2.37    2.54    2.51    2.94   20.72   27.83    1.95    1.96  3
  LRMWM     254.42   41.31  -19.33  -15.53   -1.19   -0.52   58.57   59.47    1.46    1.42  3
  MC019     274.82   45.36   10.26   12.12   -0.75   -0.25   48.47   47.63    2.13    2.01  3
  MOLOK     255.98   30.67   -6.17   -4.10    0.94    1.39   47.60   43.36    1.81    1.72  3
  N15KX     199.91   60.17    3.21    2.57    1.44    1.56   36.83   35.34    2.03    1.89  3
  OLSA2     191.13   52.94    6.45    3.86    1.57    1.35   32.05   24.11    2.30    1.54  3
  RPRN6     282.40   43.26   22.15   20.21    0.89    1.51   66.08   63.65    1.69    1.63  3
  SDSPN     283.01   43.27    8.64    7.43   -1.80   -1.16   35.58   36.08    1.77    1.64  3
  SRWN2     245.67   38.89  -21.20  -24.59   -0.68   -0.27   71.60   70.15    1.95    1.77  3
  TWB24     256.73   30.65   14.44   16.92    0.26    0.66   55.96   50.37    1.67    1.62  3
  UBWHR     250.09   40.48   -5.35    0.59    1.04    1.48   47.70   46.26    1.23    1.29  3
  UNLA2     193.46   53.88    5.05   10.34   -1.30   -0.70   52.39   47.88    1.64    1.40  3
  UPTNB  a  255.38   44.10   20.31   17.09   -2.59   -2.28   56.16   55.18    1.90    1.67  3
  WBSTR     282.50   43.25   40.59   38.67   -3.00   -2.38   58.83   60.23    1.85    1.68  3
  WSM30     253.87   33.45    6.69    8.53    0.81    1.20   63.58   60.79    1.80    1.76  3
  XMRH      239.20   45.68   -4.64    0.43    2.13    2.75   58.53   62.78    2.14    2.33  3
  XRRK      237.76   45.55   58.11   64.15    0.74    1.25   64.48   63.95    2.44    2.37  3
  XSLR      238.94   37.06  -30.97  -30.65    1.84    2.63   56.43   55.84    2.30    2.51  3
  RCGLH     282.39   43.25   12.28   11.73   -2.17   -1.55   52.27   52.18    1.55    1.31  3
  AT481     248.11   40.41   29.18   22.87   -0.62    0.59   77.31   73.21    1.75    1.44  3
  E3656       0.89   51.32   22.60   23.85   -4.03   -3.96   70.48   72.12    2.09    2.12  3
