  46027     235.60   41.90  -18.74  -19.20    0.44    1.13   61.08   57.02    2.37    2.46  3
  FFIA2     226.37   57.27   10.88   13.59    1.46    1.83   75.31   76.63    2.35    2.28  3
  POTA2     213.30   61.06   -3.28    0.54    1.60    1.83   49.90   45.99    2.66    2.68  3
  VOLG      296.50   44.60   14.22   12.77   -1.56   -1.22   46.82   43.82    2.55    2.35  3
  CGHL      307.30   47.60  -13.83  -13.62    1.20    1.33   51.81   46.32    2.67    2.42  3
  ATKA2     185.83   52.23   20.58   16.30   -1.20   -0.68   46.99   44.22    2.39    1.91  3
  LGWS      359.40   60.30   -1.05   -0.67   -1.55   -1.23   63.03   62.15    2.71    2.57  3
  VCLM      288.80   46.80    5.68    4.95    0.64    0.60   41.56   35.03    2.02    1.79  3
  WDC6698   202.10   21.30    3.97    4.67    0.46    0.77   32.97   30.38    2.38    2.05  3
  62149       1.10   53.70   -0.38   -1.49   -0.42   -0.37   17.78   14.27    2.23    2.02  3
  CG3029    305.40   49.70    3.09    1.10   -0.42   -0.31   27.58   27.07    1.39    1.23  3
  CGBR      232.50   50.70    3.08    2.55    0.16    0.27   57.62   54.41    1.94    1.82  3
  CGCB      293.90   49.80   -1.09    0.81    0.50    0.85   32.03   25.50    1.62    1.37  3
  CGCX      297.20   44.60    4.04    2.48   -0.18    0.25   40.01   35.84    1.99    1.59  3
  CGJV      304.30   47.10   -5.33   -8.01   -1.71   -1.35   42.72   38.63    1.92    1.73  3
  CGUM      296.40   44.70    2.48   -0.19    0.18    0.36   37.47   35.49    1.33    1.16  3
  DBBT      338.10   64.20    5.89    4.66    1.21    1.14   32.32   28.43    2.02    1.62  3
  DBCK      355.70   58.80    8.74    8.42    0.09    0.26   34.08   32.74    1.40    1.22  3
  OLSA2     191.13   52.94    4.42    3.52    1.27    1.17   28.27   25.62    1.88    1.39  3
  VCRG      298.10   46.40   -3.17   -4.09    0.43    0.88   19.91   15.57    1.97    1.62  3
  VOCJ      300.90   47.60    2.32    8.09    1.06    1.41   40.00   30.79    2.04    1.89  3
  VXKF      300.40   46.80   -1.36   -2.11    0.77    1.07   27.23   23.97    2.02    1.65  3
  XJAB      307.30   48.90    2.42    0.09    1.44    1.49   49.18   46.05    2.23    2.19  3
  YJQN7     312.00   46.70   17.36   13.01    2.37    1.88   37.84   23.29    2.15    1.76  3
  62153       2.00   57.30    8.07    6.59   -1.55   -1.32   20.42   21.20    2.33    2.24  3
  WTER      279.70   32.20   -1.53    1.09    0.26    0.49   40.68   41.35    1.76    1.59  3
  VAAP      288.80   46.80    4.17    2.90    1.37    1.33   46.93   43.55    2.25    2.06  3
