  BGBW      314.58   61.18   11.73   11.41    1.63    1.82   74.72   76.13    2.26    2.42  3
     69.00    2.00    5.62    3.03   70.12    3.10
     67.00   -0.73    9.89   61.48   74.50
  CWLY      238.42   50.22    1.28    5.07    2.17    2.48   64.58   64.80    2.37    2.42  3
     81.00    0.00   -9.00    1.87   25.02    3.00
     66.00  -12.54   -0.75   73.22   24.70
  ENLA        2.84   59.11    0.27   -0.44    2.29    2.42   28.63   28.11    2.68    2.66  3
     74.00    6.00    1.38    2.23   16.82    2.75
     68.00    6.25   -1.40   21.69   14.89
  KELN      239.47   47.03   -5.18    0.14    1.41    2.25   87.55   85.29    2.28    2.54  3
     76.00    0.00   12.46    1.30   53.24    2.70
     75.00   22.75   11.20   34.65   88.37
  PACD      197.28   55.22    6.01    1.06    2.01    2.37   36.53   37.88    2.57    3.01  3
     99.00    0.00    0.00    1.53   23.73    2.30
     77.00   18.87    0.24   40.44   15.93
  PAUT      194.40   54.15    7.96    2.88   -0.10    0.78   45.07   41.06    2.24    2.09  3
    146.00    0.00    0.07   -0.11   30.40    2.15
     74.00    1.79  -10.24   24.16   27.20
  PAVC      197.73   55.12  -19.29  -21.27    0.86    1.40   50.71   54.41    2.46    2.61  3
     98.00    1.00  -17.71    0.86   45.36    2.22
     76.00   -3.51  -15.79   52.46   41.50
  KHSE      284.38   35.22    4.86    6.73   -1.76   -1.19   32.95   28.50    1.78    1.45  3
     78.00    0.00    9.36   -1.64   17.53    2.01
     75.00    6.07    1.94   17.48   13.58
  SKCC      287.48    7.93   20.81   22.30    2.11    2.21   68.84   66.00    2.11    2.08  3
     60.00    3.00   30.56    1.59   33.39    2.23
     56.00   25.71   37.60   30.33   55.78
  K0CO      254.23   39.79   28.98   32.39    4.05    4.63   54.43   59.60    2.45    2.57  3
    134.00   27.00   35.62    3.97   39.32    2.89
     59.00   33.62   40.87   55.54   31.35
  ENRO       11.35   62.58    1.41    2.36   -0.76   -0.19   45.63   45.59    1.76    1.39  3
     63.00    0.00   -3.80   -0.33   32.69    1.64
     62.00   -7.09   -3.19   50.28   26.36
  K1LM      250.27   46.70   13.47   18.58    1.97    2.11   73.00   65.45    2.07    1.83  3
     61.00    0.00    8.58    2.31   55.82    2.08
     61.00    2.14   32.47   59.33   50.65
  KCVS      256.68   34.38   15.93   14.85    0.45    0.66   46.99   38.04    1.56    1.36  3
     68.00    0.00    7.04    0.68   21.00    1.47
     65.00    8.78    3.37   21.42   16.98
  KDGW      254.62   42.79    4.02   11.15    0.64    1.09   71.35   71.14    1.90    1.69  3
     84.00    0.00   -2.59    0.91   50.51    2.07
     74.00  -11.61   11.41   44.93   71.57
  KDUB      250.32   43.55   19.17   10.12    2.12    2.41   41.31   35.80    1.97    1.91  3
    153.00    1.00   16.66    2.10   28.02    1.82
     77.00   11.91   17.85   25.10   33.29
  KGDP      255.20   31.83  -12.38   -9.95    3.78    4.13   53.36   48.31    2.27    2.39  3
     70.00    3.00   -8.50    3.82   49.53    2.24
     65.00   -0.87  -10.38   54.17   45.41
  KLAR      254.33   41.32   -2.69   -6.67    1.27    1.89   41.82   37.37    2.08    1.88  3
     79.00    0.00   -6.35    0.96   27.81    1.75
     75.00   -5.18   -3.73   31.39   20.50
  KLIC      256.33   39.27   19.73   16.37    0.09    0.58   63.01   64.03    1.74    1.62  3
     82.00    0.00    2.14    0.44   29.72    1.40
     76.00   -5.20    5.34   15.76   57.62
  KOMK      240.47   48.42   20.97   27.23    1.64    2.12   58.09   59.33    1.88    1.93  3
     79.00    0.00   14.92    1.56   29.37    1.54
     74.00   19.19   14.92   29.05   37.16
  KP58      277.20   44.02   11.42   10.43   -0.72   -0.30   44.28   46.85    1.97    1.89  3
     64.00    0.00    6.35   -0.60   20.34    2.10
     64.00    4.46    9.27   18.33   23.39
  KPEQ      256.49   31.38   10.43   11.18    0.22    0.57   53.42   45.37    1.35    1.29  3
    156.00    0.00    3.71    0.08   44.31    1.41
     78.00  -10.04   -3.35   44.66   48.05
  KTSP      241.57   35.14   20.71   17.52    0.82    1.31   35.61   33.33    1.85    1.96  3
    152.00    0.00   22.76    0.65   35.89    1.95
     76.00   19.20   27.33   39.26   34.90
  MKJP      283.22   17.93   40.17   37.93    1.41    1.42   50.69   48.44    2.34    2.11  3
     77.00    1.00   38.32    0.94   38.46    2.58
     75.00   39.51   36.56   19.45   40.98
  MKJS      282.08   18.50   24.44   22.14    0.59    0.59   47.89   46.60    2.10    1.89  3
     64.00    0.00   15.12    0.18   42.23    3.02
     62.00    2.70   17.43   50.95   31.73
  PADU      193.45   53.90    8.29   14.71   -0.78   -0.18   57.97   55.97    2.01    2.02  3
     84.00    1.00   10.19   -0.93   46.37    1.83
     74.00   12.44   -1.25   44.21   34.94
  PAEH      197.93   58.65   12.04   11.11   -1.07   -0.75   31.53   28.38    2.34    2.21  3
    107.00    1.00   11.48   -0.95   21.24    2.63
     70.00   21.56   15.22   26.19   13.28
  PASD      199.48   55.32    3.64    1.22   -0.58   -0.13   44.79   41.36    2.12    1.67  3
     84.00    0.00    0.00   -0.15   34.21    1.92
     61.00   -0.30    0.64   45.19   27.52
  PHOG      203.57   20.90   -9.71   -9.05    1.63    2.01   47.16   45.42    2.03    1.88  3
     81.00    0.00  -22.43    1.85   23.74    2.02
     77.00  -24.60  -20.90   15.61   73.05
  TGPY      298.22   12.00    4.48    5.19   -0.93   -0.69   37.42   33.52    2.23    2.01  3
     73.00    0.00    0.90   -0.94   16.72    2.30
     73.00   -0.68   -0.14   16.73   16.81
