  01203       4.98   62.03  -10.06   -6.10    3.57    3.40   38.17   37.35    2.68    2.48  3
  04285     314.80   59.98    4.22    1.84    0.65    0.89   41.05   38.62    2.60    2.19  3
  04373     319.71   64.78  -10.83  -10.52    0.47    0.56   54.20   51.37    2.61    2.28  3
  04382     317.93   61.93  -29.59  -27.08   -0.34   -0.03   57.44   57.68    2.52    2.28  3
  04390     316.83   60.05  -13.45  -12.10   -1.49   -1.00   68.42   67.21    2.48    2.16  3
  11126      11.47   47.22    9.48   12.87    2.17    2.42   63.30   60.40    1.97    2.11  3
  25916     151.35   58.83    6.60    3.69   -0.44   -0.20   64.64   61.13    2.11    1.94  3
  32213     156.66   50.87    5.48    6.10    0.83    1.38   22.63   20.44    2.03    1.71  3
  70316     197.28   55.20   -0.35   -0.68    1.14    1.89   50.50   49.30    2.24    2.76  3
  71417     303.89   50.71   -7.55   -4.69    1.09    1.26   45.54   37.58    2.38    2.15  3
  71468     271.69   49.69   17.31   13.70    0.58    0.80   43.90   40.10    2.49    2.13  3
  71472     227.24   53.31   -6.39   -6.74    0.88    1.04   54.05   52.54    2.54    2.32  3
  71476     229.31   54.58  -12.37   -8.96    3.00    3.05   53.52   44.65    2.28    2.19  3
  71479     232.07   50.11  -10.97   -8.64    2.95    2.84   34.71   31.72    2.52    2.29  3
  71568     230.07   50.45  -13.54  -10.96    0.30    0.15   58.17   55.38    3.32    3.09  3
  71641     284.33   62.17   11.65   13.36   -0.23   -0.03   44.69   45.03    3.55    3.20  3
  71765     238.42   50.22    6.67    9.98    1.67    1.95   68.57   66.85    2.39    2.48  3
  71778     236.48   48.28   -8.12   -9.89    3.86    3.93   56.64   50.79    2.30    2.28  3
  CWQK      236.47   48.30   -6.51   -8.35    3.77    3.83   55.49   50.48    2.27    2.26  3
  03305     356.07   53.10    0.75    3.39    2.85    2.92   50.87   50.43    2.39    2.11  3
  04260     310.34   62.01    8.86    7.89   -0.34   -0.18   47.69   44.14    2.27    1.72  3
  31087     141.85   58.81   22.74   25.61   -0.71   -0.43   73.74   71.14    2.53    2.26  3
  71418     299.87   47.23   -3.36   -0.29    0.36    1.62   22.72   15.35    1.90    1.66  3
  71482     232.54   52.18   -9.46  -15.07    3.01    2.92   74.24   73.29    2.33    2.34  3
  01265      10.78   62.28    1.90    3.71   -1.83   -1.21   72.83   72.27    1.52    1.32  3
  01278      11.67   63.78  -22.76  -20.19   -1.21   -0.95   62.40   60.26    2.16    2.26  3
  01290      11.58   64.47  -35.37  -35.23    0.44    0.81   68.67   66.23    1.72    1.56  3
  01304       4.68   61.57    4.50    3.81    0.53    0.66   21.32   21.12    1.88    1.80  3
  01431       6.90   58.92  -19.20  -19.36   -3.42   -3.05   77.63   77.52    1.98    1.94  3
  01441       7.38   59.58  -18.11  -17.97   -1.83   -1.34   49.98   48.72    1.92    1.69  3
  03044     355.57   58.28  -17.76  -17.41   -1.06   -0.77   49.70   51.51    1.76    1.68  3
  04253     309.58   62.57    6.86    7.67    0.69    0.80   34.45   31.00    2.05    1.68  3
  07560       3.58   44.12    0.86   -3.13    4.32    4.34   65.55   65.12    2.67    2.60  3
  08509     332.90   38.77   16.20   20.95   -0.50   -0.19   54.91   51.10    2.25    2.09  3
  71027     299.60   46.67    5.88    7.07   -3.38   -2.82   60.16   58.64    1.98    1.71  3
  71107     228.99   51.93    4.26    5.07    1.09    1.15   26.26   25.73    2.32    2.15  3
  71428     293.34   49.11   -3.15   -4.01    0.41    0.71   49.93   49.23    2.30    1.99  3
  71429     295.69   48.41    8.64   11.15    0.40    0.95   51.36   47.41    1.82    1.72  3
  71432     280.80   43.24   12.37   13.00   -0.05    0.38   43.25   40.58    2.23    1.97  3
  71772     236.18   49.20   24.17   28.79    2.58    2.76   58.56   48.96    2.39    2.27  3
  78388     282.08   18.50   36.84   34.87    0.12    0.16   53.53   52.83    2.23    2.06  3
  78397     283.22   17.93   36.97   34.81    1.33    1.33   50.50   48.36    2.38    2.17  3
  78958     298.22   12.00    4.56    5.28   -1.01   -0.77   36.68   32.85    2.24    2.02  3
  91190     203.57   20.90    3.66    7.74    1.27    1.76   54.79   50.12    2.48    2.13  3
  CWEL      236.20   49.22   26.15   30.07    2.55    2.72   59.02   50.28    2.37    2.24  3
  CWSG      293.35   49.10   13.40   11.02    1.12    1.38   44.31   42.40    2.30    1.86  3
