  CECC1     235.82   41.74  -40.87  -35.49    0.14    0.80   70.02   61.27    1.69    1.61  3
    147.00    0.00  -42.73    0.06   74.37    1.32
     78.00  -54.54   -7.86   66.03   59.26
  DBLN6     280.65   42.49  105.40  105.40    4.08    4.08   52.64   52.64    2.61    2.61  3
    146.00    0.00  114.76    3.32   66.75    4.27
     76.00  122.73  114.44   70.25   61.50
  DISW3     269.27   47.08   98.20   98.20    5.05    5.05   45.77   45.77    2.63    2.63  3
    142.00    7.00   94.90    4.19   52.05    2.47
     73.00  110.16   80.02   48.87   48.28
  MRNA2     225.74   58.20    7.72   17.07    0.23    0.75   74.15   67.43    1.59    1.55  3
    810.00    0.00   16.38   -0.14   93.79    1.19
     79.00  -62.46   24.70   83.34   84.62
  NTBC1     240.31   34.40  -47.22  -42.27    0.60    1.02   58.23   60.67    1.36    1.37  3
     77.00    0.00  -33.00    0.72   39.27    1.23
     70.00  -38.87  -30.88   40.67   29.43
  PBPA2     225.85   58.20   45.33   48.18   -0.29    0.20   61.42   60.68    2.61    2.58  3
     73.00    0.00   40.76   -1.19   39.64    1.18
     73.00   37.69   40.15  100.51   28.80
  PILM4     271.63   48.22  101.77  101.77    5.75    5.75   48.74   48.74    2.80    2.80  3
    147.00    8.00  109.95    5.38   60.06    3.04
     73.00  134.98   82.84   45.00   76.98
  RCMC1     237.59   37.92  -58.46  -52.88   -0.04    0.57   43.23   49.05    1.38    1.53  3
    147.00    0.00  -66.11   -0.44   38.95    1.16
     78.00  -56.31  -51.69   30.83   58.50
  SBIO1     277.16   41.63  102.68  102.68    4.76    4.76   47.66   47.66    2.31    2.31  3
    146.00    0.00  104.83    4.33   65.83    1.94
     76.00  107.24  117.59   62.81   63.07
  SDIA2     225.61   58.28   45.99   47.16    0.33    0.81   53.45   51.43    1.65    1.64  3
    375.00    0.00   54.49    0.15   53.10    1.07
     77.00   16.26   70.49   62.17   31.93
  SGNW3     272.31   43.75   96.28   96.28    5.18    5.18   57.13   57.13    2.71    2.71  3
    152.00    3.00   94.90    4.75   79.19    2.52
     76.00   97.37   87.40   74.23   66.85
  STDM4     272.78   47.18   99.71   99.71    6.96    6.96   52.72   52.72    3.17    3.17  3
    152.00   10.00   99.92    6.96   66.43    3.53
     73.00  108.41   75.15   81.17   48.13
  VDZA2     213.64   61.13   69.15   68.06   -1.82   -1.45   54.77   55.62    1.99    1.60  3
    211.00    0.00   62.39   -1.34   59.28    1.69
     74.00   94.02   42.58   83.96   55.66
  PSBC1     238.11   38.04   49.95   46.36    2.31    3.16   19.28   27.06    1.65    1.84  3
    191.00    0.00   55.91    2.49   12.26    1.52
     66.00   57.63   51.01   11.53   15.67
  KWHH1     204.17   20.04   91.13   69.07   -1.15   -0.09   68.94   74.66    2.17    2.05  3
    216.00    4.00  123.20   -1.25   50.60    1.77
     77.00  124.39  115.01   47.13   67.47
  ROAM4     270.69   47.87   96.47   96.47    6.53    6.53   50.28   50.28    3.25    3.25  3
     76.00    2.00  104.75    6.23   66.48    3.82
     74.00  119.69   80.12   60.43   59.13
