  CYDB      220.95   61.36   35.61   37.91    1.08    1.15   71.51   70.94    1.69    1.68  3
     71.00    0.00   23.39    1.11   69.34    1.77
     69.00   41.93   22.34  101.86   47.35
  CYGP      295.53   48.77   18.09   18.88    0.09    0.64   73.01   71.70    1.97    1.91  3
     73.00    0.00    1.03   -0.29   53.29    1.25
     69.00   -9.33    6.24   70.24   74.09
  CYIN      238.32   51.26   -0.89    0.33    0.71    0.84   71.35   68.84    1.33    1.28  3
     90.00    0.00   -4.64    0.50   39.52    1.25
     67.00  -11.42    2.05   59.06   80.00
  CYKA      239.56   50.70    1.53    6.56    1.48    1.62   75.03   73.06    2.00    1.90  3
     72.00    0.00  -10.30    1.02   71.42    2.06
     67.00  -20.54   16.82   73.92   79.03
  CYLW      240.63   49.95  -14.02  -13.24   -0.16    0.09   92.80   93.84    1.61    1.48  3
     74.00    1.00  -19.06   -0.19   99.76    1.34
     64.00  -48.68   23.18   87.60  136.41
  CYMA      224.14   63.61   35.17   34.03   -0.34   -0.18   76.05   75.77    1.15    1.08  3
     60.00    0.00   24.29   -0.40   94.95    1.05
     56.00    3.82   34.81   87.42  105.28
  CYOY      288.70   46.54   24.96   26.72   -0.57   -0.14   80.95   77.25    1.28    1.07  3
    102.00    0.00    4.78   -0.67   64.85    1.27
     75.00   19.64   24.56   81.96   69.57
  CYQZ      237.49   53.02   15.57   15.62    0.42    0.44   69.99   69.53    1.26    1.21  3
     92.00    0.00   11.86    0.35   49.25    1.27
     64.00    3.25   36.94   68.22   84.33
  CYRV      241.82   50.96   44.75   39.09    0.14    0.33   84.34   81.68    1.63    1.66  3
     89.00    0.00   63.43   -0.14   91.56    1.45
     65.00   39.39   68.51   96.38   61.06
  CYXC      244.22   49.61   20.68   11.24    1.40    1.64   78.69   77.69    1.60    1.54  3
     74.00    0.00   17.19    1.42   83.98    1.33
     64.00   11.02   31.30   92.11   63.39
  CYXX      237.64   49.02   14.60   19.84    0.93    1.35   77.82   72.40    1.43    1.42  3
     81.00    0.00   67.85    0.83  113.26    1.03
     75.00   12.71   -4.99   50.22   72.66
  CYYF      240.40   49.46   33.89   32.59    1.13    1.50   81.88   80.84    1.68    1.63  3
     70.00    0.00   33.58    1.31   86.36    1.62
     68.00   -2.60   33.58   88.38   75.27
  EDNY        9.52   47.67  -18.18   -7.63    1.14    1.24   70.12   61.13    1.16    1.10  3
     57.00    0.00  -24.23    1.06   42.56    0.96
     57.00  -29.05  -20.86   46.31   45.74
  K05U      244.00   39.60  -10.85  -12.14    0.04    0.54   78.13   77.23    1.68    1.54  3
    146.00    0.00  -20.49    0.15   57.27    1.42
     78.00  -17.77  -25.30   48.79   66.37
  K0A9      277.83   36.36   54.07   54.53   -0.41   -0.05   76.03   70.81    1.17    1.14  3
    138.00    0.00   49.54   -0.60   95.95    1.11
     75.00   32.46   57.92  109.93   97.17
  K1AM      249.20   47.28   27.09   22.03    0.62    1.04   84.00   81.80    2.03    2.02  3
     60.00    0.00   -6.27    0.82   65.19    2.71
     60.00  -24.73   29.00   96.79   97.49
  K1S5      240.04   46.33   28.21   29.20   -1.02   -0.52   71.04   68.32    1.27    1.19  3
    156.00    0.00   32.47   -1.08   64.63    1.19
     78.00   38.83   36.94   83.69   68.38
  K20V      253.63   40.04   58.14   48.23   -0.21    0.29   67.91   59.52    1.72    1.66  3
    176.00    0.00   63.80   -0.67   66.19    1.46
     77.00   67.31   34.34   50.63   68.90
  K24J      276.97   30.30   69.68   69.99   -1.02   -0.74   60.09   59.87    0.89    0.80  3
    139.00    0.00   64.76   -1.01   67.29    0.68
     76.00   61.22   69.03   83.56   59.40
  K2I0      272.60   37.35   46.02   47.24   -0.43    0.14   51.60   50.18    0.87    0.78  3
    128.00    0.00   35.85   -0.50   41.51    0.81
     64.00   36.33   51.10   59.43   50.17
  K3J7      276.86   33.60   59.63   52.08   -0.71   -0.30   53.39   55.35    0.89    0.82  3
    156.00    0.00   59.12   -0.60   61.45    0.87
     78.00   59.12   64.04   64.36   57.34
  K4A6      274.00   34.68   61.96   57.27   -0.41    0.01   52.74   51.60    1.15    1.06  3
    129.00    0.00   63.43   -0.71   62.73    0.93
     75.00   44.44   64.74   48.33   83.15
  K4O4      265.14   33.90   78.19   78.06   -1.17   -0.67   52.84   53.23    1.23    1.14  3
    156.00    0.00   82.25   -1.31   57.24    0.65
     78.00  109.53   87.30   54.56   54.48
  K5A6      270.27   33.46   72.05   70.44   -0.60   -0.32   59.73   59.81    1.05    0.91  3
    149.00    0.00   76.36   -0.88   80.87    0.89
     76.00  109.59   90.79   66.46   80.11
  K6R3      264.99   30.36   70.64   64.50   -0.68   -0.28   47.06   45.03    0.97    0.91  3
    156.00    0.00   66.04   -0.96   46.89    0.67
     78.00   64.92   80.03   49.23   68.66
  K7W4      282.25   37.96   59.41   60.53   -0.23    0.02   52.32   57.64    0.96    0.88  3
    154.00    0.00   56.41   -0.37   60.24    0.80
     78.00   71.82   66.03   58.19   50.53
  K8B0      289.30   44.96   50.86   52.86   -0.28    0.45   58.40   57.70    1.02    1.07  3
    147.00    0.00   33.86   -0.30   46.70    1.03
     74.00   41.20   33.86   48.42   44.29
  KAAT      239.43   41.49   37.27   46.19   -1.28   -0.12   72.16   76.56    1.59    1.68  3
     75.00    0.00   38.61   -1.43   64.75    1.50
     72.00   52.02   43.00   82.21   74.49
  KABQ      253.38   35.04    8.87    5.07    1.27    1.47   73.95   69.78    1.88    1.83  3
     72.00    2.00    6.18    1.01   82.14    1.63
     70.00    6.18    5.87   80.04  110.59
  KACP      267.31   30.75   74.61   76.44   -1.04   -0.71   63.09   65.71    0.83    0.81  3
    156.00    0.00   73.32   -0.98   72.70    0.65
     78.00   68.97   90.00   98.14   60.69
  KADF      266.94   34.10   63.72   58.67   -0.33   -0.13   71.17   70.53    1.20    1.16  3
     76.00    0.00   49.50   -0.61   82.26    1.32
     68.00  101.62   69.70   77.70   97.61
  KADU      265.08   41.70   57.36   55.99   -1.65   -0.92   58.33   60.61    1.41    1.26  3
    156.00    0.00   45.00   -1.79   63.62    1.30
     78.00  109.61   46.45   99.89   75.26
  KAFO      249.07   42.71   50.13   42.94   -0.66    0.23   70.44   72.80    1.58    1.49  3
    156.00    0.00   55.88   -0.65   72.59    1.25
     78.00   54.80   71.60   96.77   85.63
  KAHN      276.68   33.95   69.30   63.54   -0.45   -0.05   58.82   58.17    0.90    0.86  3
     63.00    0.00   68.20   -0.54   75.55    0.89
     61.00   65.68   69.88   67.55   85.05
  KAID      274.38   40.11   48.12   49.77   -1.18   -0.41   58.13   59.07    1.04    1.06  3
    105.00    0.00   23.96   -1.01   43.53    1.30
     57.00   26.28   23.91   57.25   29.71
  KAKH      278.85   35.20   61.05   61.70   -0.16    0.27   67.48   77.40    1.12    1.18  3
     99.00    0.00   49.73   -0.36   87.09    1.19
     73.00   51.43   76.72  100.08   80.96
  KAKQ      282.99   36.97   70.43   66.07   -0.55   -0.28   64.67   67.61    1.05    0.97  3
     80.00    0.00   60.13   -0.76   88.79    0.68
     68.00   56.31   62.51   93.06   89.37
  KALS      254.13   37.45   26.91   25.68    1.33    1.47   87.47   81.08    1.89    1.91  3
     77.00    0.00   21.80    1.38   77.98    1.67
     75.00   19.04   11.96  105.72   52.77
  KALX      274.04   32.90   60.12   55.51   -0.56   -0.23   57.55   55.54    0.89    0.77  3
    154.00    0.00   58.24   -0.60   61.13    0.74
     77.00   68.20   56.31   64.77   53.80
  KANB      274.15   33.58   22.34   23.28   -0.97    0.44   72.65   72.90    1.29    1.09  3
     82.00    0.00    4.47   -1.04   59.99    1.38
     69.00   12.95    8.57   71.91  100.95
  KAQO      261.34   30.78   45.36   46.60   -1.12   -0.47   66.50   68.69    1.10    1.01  3
    156.00    0.00   17.65   -1.22   54.45    1.03
     78.00    7.90   35.12   47.81  112.14
  KAQR      263.85   34.40   45.50   46.22   -1.32   -0.65   55.90   55.13    1.10    0.96  3
    156.00    0.00   29.34   -1.36   40.55    1.22
     78.00   19.36   30.34   36.70   67.40
  KAQW      286.83   42.70   43.66   37.44    0.26    0.73   73.18   75.75    1.61    1.74  3
     71.00    0.00   26.57    0.04   79.69    1.66
     65.00   20.86   26.57   60.78   78.11
  KASE      253.13   39.22   43.27   27.66    0.69    1.44   70.54   73.61    1.83    1.65  3
     76.00    0.00   43.99    0.68   47.72    1.56
     71.00   39.62   62.79   32.00   63.80
  KASJ      282.83   36.29   64.47   57.64   -0.73   -0.21   63.07   62.49    1.07    0.92  3
    144.00    0.00   63.43   -0.73   86.37    0.75
     73.00  139.62   37.13  102.91   63.13
  KASN      273.95   33.57   49.40   49.16   -0.07    0.28   55.09   52.07    0.96    0.91  3
    156.00    0.00   30.13   -0.41   57.44    0.76
     78.00   57.89   53.47   87.34   76.28
  KAVP      284.27   41.33   13.61   20.05    0.21    0.88   84.45   83.65    1.29    1.28  3
     88.00    0.00    9.25    0.29   65.94    1.23
     72.00   10.88   20.81   93.69   74.43
  KAVX      241.59   33.40   -2.05    1.00   -0.81   -0.14   74.38   69.08    1.36    1.31  3
     87.00    0.00  -10.43   -0.82   56.94    1.22
     68.00   -4.41  -16.47   51.19   66.05
  KAZE      277.36   31.88   53.77   50.49   -0.73   -0.32   51.07   53.42    0.82    0.69  3
    156.00    0.00   45.00   -0.71   53.36    0.85
     78.00   48.06   54.14   73.13   53.05
  KBAN      240.49   38.35   71.13   72.49   -1.46   -0.56   77.47   78.08    1.63    1.56  3
     69.00    1.00   98.13   -1.58   83.39    1.59
     67.00  114.20   82.94   68.15  100.68
  KBKB      267.03   31.00   90.48   94.41   -0.94   -0.66   58.30   64.49    0.70    0.65  2
     58.00    0.00   99.46   -0.85   56.46    0.59
     47.00 -999.00 -999.00 -999.00 -999.00
  KBKE      242.18   44.83    0.28   -1.30    0.30    0.83   72.22   69.93    1.60    1.70  3
     70.00    0.00  -10.29    0.35   77.88    1.60
     69.00   -5.22    8.34   68.32   72.41
  KBNO      241.05   43.58   -4.95   -6.48    0.86    1.21   70.76   67.47    1.43    1.40  3
     76.00    0.00  -24.67    1.13   81.42    1.23
     75.00  -15.32  -29.24   64.17   75.83
  KBOK      235.71   42.07   -5.67   -1.05   -1.22   -0.50   73.34   75.74    1.58    1.42  3
     92.00    0.00    5.30   -1.19   60.30    1.49
     74.00    8.95   -9.11   78.50   59.35
  KBQP      268.12   32.76   55.84   53.96   -0.77   -0.53   63.77   63.74    1.11    1.04  3
    156.00    0.00   33.94   -1.08   58.90    0.89
     78.00   47.37   59.46   78.55   99.93
  KBTM      247.50   45.95    9.95   17.92   -0.31    0.60   89.82   90.54    1.91    1.73  3
     76.00    0.00   25.18   -0.20   89.06    1.79
     73.00   -0.14   36.07   97.76   78.18
  KBUR      241.65   34.20    2.39   12.20    0.64    1.29   72.64   65.34    1.03    1.39  3
     80.00    0.00   -6.37    0.67   76.38    1.23
     74.00  -20.25   -9.23   50.76   75.12
  KBVU      245.14   35.94   34.17   33.59    0.46    0.10   80.37   78.72    2.00    2.02  3
    153.00    0.00   14.89    0.24   69.04    2.17
     78.00   39.42    4.97  106.06  110.46
  KBYI      246.23   42.55   26.82   27.27   -0.05    0.33   71.93   69.98    1.55    1.40  3
     80.00    0.00   11.44   -0.20   52.29    1.64
     72.00   -0.47   -5.13   37.73   31.88
  KBZN      248.85   45.78   26.32   30.63    0.58    0.97   81.16   75.28    1.78    1.72  3
     75.00    0.00   25.05    0.96   78.90    1.85
     70.00    4.37   59.75   45.87   88.23
  KCAG      252.48   40.50   55.45   53.27   -0.64    0.02   74.84   68.07    1.93    1.81  3
     74.00    0.00   51.55   -1.04   89.62    1.92
     73.00   62.60   39.31   92.46   91.19
  KCBE      281.23   39.61   64.86   69.89   -0.62   -0.02   57.07   63.50    1.07    0.96  3
    113.00    0.00   72.81   -0.57   65.41    1.11
     64.00   74.86  103.43   49.57   42.53
  KCDA      287.99   44.57   34.30   39.74   -0.34    0.45   76.69   80.18    1.06    1.13  3
    156.00    0.00   22.52   -0.56   93.12    0.90
     78.00   50.60    4.04  120.44   70.68
  KCDD      267.52   48.27   61.87   61.05   -1.36   -0.88   65.13   63.62    1.06    0.98  3
     95.00    0.00   61.93   -1.33   82.56    0.70
     67.00   74.87   24.55  106.34   55.64
  KCDH      267.23   33.61   58.29   60.23   -0.52   -0.24   62.07   62.35    0.92    0.86  3
    148.00    0.00   46.15   -0.60   75.60    1.02
     78.00   42.38   90.00   91.84   84.57
  KCGC      277.43   28.87   52.03   51.91   -0.97   -0.67   45.82   48.80    1.32    1.26  3
    156.00    0.00   49.90   -1.33   42.68    1.23
     78.00   50.55   46.90   55.36   36.57
  KCGS      283.08   38.97   65.70   64.78   -1.14   -0.76   55.20   56.58    1.02    0.91  3
    111.00    0.00   65.32   -1.15   73.28    0.84
     62.00   72.59   45.99   69.68   65.60
  KCGZ      248.23   32.95   29.20   25.09    0.88    1.00   73.46   70.77    2.05    1.83  3
     75.00    0.00   17.98    0.80   89.12    1.53
     71.00   10.04   28.88   43.93   95.31
  KCKB      279.78   39.29   40.58   38.83    0.17    0.65   72.38   68.54    1.18    1.17  3
     95.00    0.00   19.17    0.16   62.23    1.44
     75.00   19.70   14.35   80.60   53.46
  KCNI      275.59   34.31   45.55   37.34   -0.65   -0.25   52.23   47.41    1.07    0.93  3
    156.00    0.00   40.90   -0.78   51.63    0.73
     78.00   37.49   38.09   58.97   51.61
  KCRW      278.41   38.36   62.96   59.82   -0.30    0.14   78.70   77.01    1.24    1.17  3
     78.00    0.00   41.83   -0.48   83.33    1.12
     72.00   82.23   27.35   98.91  103.51
  KCTJ      274.85   33.63   71.59   66.16   -0.63   -0.27   56.80   59.01    0.90    0.79  3
    156.00    0.00   79.43   -0.67   77.01    0.70
     78.00  110.55   38.34   79.81   51.53
  KCVC      276.15   33.63   72.18   59.30   -0.52   -0.11   57.63   54.39    0.87    0.74  3
    156.00    0.00   73.04   -0.66   72.23    0.78
     78.00   84.06   58.08   83.49   76.17
  KCWV      278.13   32.20   51.80   49.26   -0.86   -0.49   70.91   69.74    1.10    1.03  3
    148.00    0.00   36.20   -0.99   77.41    0.69
     74.00   98.68   18.19   80.38   29.35
  KCXO      264.59   30.35   53.30   46.78    0.22    0.65   58.22   57.06    1.51    1.43  3
     94.00    2.00   32.60    0.26   54.11    1.57
     72.00   47.22   33.76   80.68   70.02
  KCXP      240.27   39.18   48.55   51.80   -0.50    0.51   69.65   68.99    2.16    1.85  3
    154.00    0.00   41.57   -0.90   91.30    2.22
     77.00   80.53   40.91   77.09   91.56
  KCZZ      243.53   32.61  -31.69  -19.28    1.13    1.54   72.11   61.87    1.85    1.72  3
     77.00    0.00  -33.10    1.10   50.05    1.36
     77.00  -42.81  -31.17   54.85   36.32
  KDVO      237.44   38.14   35.24   37.05   -0.37    0.27   71.92   75.33    1.82    1.61  3
    140.00    0.00   51.02   -0.68   82.15    2.08
     75.00   50.61   74.36   84.52   69.84
  KDYB      279.72   33.07   52.43   49.68   -0.84   -0.43   61.51   61.55    1.00    0.90  3
    154.00    0.00   42.40   -0.84   55.55    0.81
     78.00   51.93   34.61  104.30   40.80
  KDYT      267.96   46.72   -1.14    3.73   -0.06    1.67   73.75   71.16    2.13    1.98  3
    139.00    4.00   88.32    0.00  139.85    1.71
     69.00    2.31  -10.62   41.77   99.43
  KEDN      274.10   31.30   61.41   57.24   -0.81   -0.43   55.31   55.82    0.92    0.80  3
    155.00    0.00   45.00   -0.86   57.56    0.75
     78.00   71.20   43.62   76.19   84.68
  KEEN      287.73   42.90   49.80   50.74   -0.42    0.13   68.28   68.61    1.21    1.20  3
     95.00    0.00   33.68   -0.72   68.16    0.93
     70.00   49.58   34.44   89.58   87.93
  KEET      273.22   33.18   45.35   41.84   -0.20    0.10   57.12   55.74    0.91    0.93  3
     75.00    0.00   28.15   -0.34   53.50    0.78
     68.00   24.76   57.15   50.84   64.44
  KEGE      253.08   39.65   40.54   11.67    0.75    1.07   90.56   98.86    2.08    2.09  3
     69.00    0.00   44.50    0.89   84.08    2.08
     68.00   46.05   40.20   67.84  120.65
  KEKN      280.16   38.88   75.80   73.39   -0.79   -0.31   71.49   73.16    1.16    1.11  3
     91.00    0.00   81.87   -1.06   88.19    0.96
     69.00   73.10   75.22  102.09   86.59
  KEKO      244.22   40.83   11.63   16.11   -0.87    0.27   82.75   86.10    1.72    1.51  3
     76.00    0.00   19.22   -0.88   67.71    1.85
     74.00   20.38   27.77   66.22   70.00
  KEKQ      275.14   36.86   19.32   16.53    2.41    2.81   89.04   86.29    1.55    1.55  3
     79.00    0.00   36.73    2.84   82.86    1.31
     64.00   47.79   -7.05   69.32   97.26
  KELD      267.20   33.22   20.82   24.31    0.52    0.77   72.33   74.72    1.20    1.07  3
     77.00    0.00    1.85    0.53   40.35    1.46
     71.00   -7.12    6.05   34.77   58.20
  KELM      283.10   42.17   51.06   51.93   -0.11    0.63   72.86   71.58    1.53    1.50  3
     88.00    0.00   40.01   -0.20   74.14    1.39
     73.00   39.71   38.08  105.39   60.67
  KENV      245.97   40.72   14.65   19.68    0.41    1.32   88.80   80.06    2.12    2.03  3
     71.00    0.00   14.04    0.44   85.09    2.05
     69.00   12.17   19.98   67.43   98.80
  KFHR      236.98   48.52   28.89   28.51   -0.50   -0.26   74.82   71.75    1.54    1.42  3
     83.00    0.00   18.70   -0.84   43.34    1.44
     74.00   24.88   10.86   44.72   29.47
  KFHU      249.65   31.60   20.47   21.43    0.23    1.11   80.38   78.59    1.61    1.49  3
     81.00    0.00   14.53    0.38   65.32    1.83
     67.00   11.62   23.68   76.84   53.03
  KFIG      281.59   41.05   25.76   25.02    0.19    0.82   74.49   73.31    1.16    1.15  3
     94.00    0.00    7.65    0.34   59.66    1.30
     68.00   -9.31   42.30   39.10   96.44
  KFKN      283.10   36.70   51.37   48.05   -0.19    0.14   58.22   64.06    0.92    0.83  3
    156.00    0.00   37.39   -0.35   53.83    0.76
     78.00   44.77   26.94   59.74   65.48
  KFLG      248.33   35.13   27.01   34.80   -1.92   -0.09   71.17   73.00    2.60    1.87  3
     80.00    0.00   15.30   -1.61   75.18    2.70
     74.00  -14.69   21.03   65.74   55.44
  KFLP      267.41   36.28   55.34   58.70   -0.34   -0.03   68.22   68.38    1.08    1.07  3
     77.00    0.00   41.59   -0.69   72.94    0.89
     67.00   52.62   29.34   87.16   87.26
  KFUL      242.02   33.86   61.26   57.86   -0.81    0.03   88.39   89.79    0.81    0.86  3
     69.00    0.00  101.32   -0.70   97.22    0.89
     64.00  102.78  111.04   84.56   88.43
  KFWN      285.38   41.20   39.18   36.93   -0.24    0.33   73.78   67.11    1.32    1.25  3
     89.00    0.00   18.43   -0.40   84.57    1.46
     71.00   78.56   27.41   96.99   73.64
  KGAO      269.74   29.44   50.02   47.68   -1.12   -0.88   61.82   60.61    1.12    1.09  3
    154.00    0.00   41.99   -1.34   69.51    0.92
     77.00   69.77   20.00   71.90   60.38
  KGCN      247.85   35.95   58.32   58.11   -0.55   -0.12   94.35   93.91    2.00    2.06  3
     75.00    0.00   31.19   -0.86  101.65    2.17
     70.00   52.80   15.83  132.92  139.28
  KGIC      243.89   45.95   35.79   40.61    0.02    0.47   84.19   72.43    1.39    1.28  3
    154.00    0.00   29.28   -0.30   67.09    1.53
     78.00   30.16   25.91   65.88   78.64
  KGNB      254.09   40.08   30.31   33.22    0.65    1.00   72.73   59.31    1.68    1.75  3
    152.00    0.00   18.80    0.46   82.00    1.66
     76.00    9.20   55.32   67.20   70.07
  KGPI      245.73   48.30   40.63   39.08    0.98    1.56   84.88   77.81    2.00    2.25  3
     75.00    0.00   35.54    0.94   97.54    2.23
     71.00    2.41   31.05  100.42   95.39
  KGUP      251.22   35.52   19.87   19.24    0.11    0.52   92.89   92.34    2.11    2.10  3
     77.00    0.00   -1.01   -0.09   77.64    1.95
     73.00  -21.85    5.15   86.53   99.05
  KHBI      280.10   35.65   53.59   46.87   -0.56   -0.07   51.45   57.20    0.97    0.90  3
    102.00    0.00   44.82   -0.66   59.94    0.76
     69.00   41.60   39.77   61.36   54.27
  KHCR      248.57   40.47   56.08   58.34   -1.73   -0.18   65.37   68.38    2.08    1.89  3
    156.00    0.00   65.59   -1.90   67.99    1.93
     78.00   57.89   72.41   71.75   86.36
  KHIE      288.45   44.35   71.31   76.84   -1.64   -0.14   71.90   72.85    1.56    1.42  3
     91.00    0.00   74.29   -1.78   85.49    1.27
     74.00   65.65   67.77   85.26   90.23
  KHLN      248.00   46.60   33.93   30.75    0.83    1.13   88.37   88.35    1.75    1.66  3
     78.00    0.00   29.86    0.90  107.02    2.01
     72.00    9.71   34.72  126.46   85.18
  KHNZ      281.47   36.36   54.39   48.98   -0.08    0.45   54.59   55.92    0.99    1.01  3
    142.00    0.00   66.04   -0.20   73.17    1.11
     71.00   63.94   30.40   71.17   83.03
  KHZR      268.52   30.71   49.06   49.52   -0.42   -0.08   56.87   55.40    1.01    0.94  3
     90.00    0.00   53.13   -0.71   78.33    1.13
     71.00   49.94   79.61   50.21   54.51
  KIER      266.90   31.73   55.35   54.91   -0.15    0.13   59.32   60.51    1.13    1.04  3
    156.00    0.00  127.57   -0.28  144.34    1.08
     78.00   28.04   66.20   64.01   95.08
  KINS      244.33   36.59    9.26   11.62    0.38    0.25  100.11   98.87    2.02    2.02  3
     61.00    0.00   19.11   -0.21  117.70    1.89
     57.00    1.73   48.91  155.93   84.91
  KIPJ      278.84   35.47   54.50   59.15   -0.73   -0.23   55.98   62.73    0.81    0.86  3
    151.00    0.00   45.00   -0.67   50.46    0.65
     76.00   44.03   61.85   66.72   62.36
  KIPL      244.42   32.83   -7.65    8.13    0.92    1.56   73.80   63.92    1.98    1.73  3
     74.00    0.00   -7.31    0.86   53.69    1.97
     71.00  -21.52    6.01   69.94   61.28
  KIPT      283.08   41.25   11.25    7.32    0.54    1.23   71.98   68.06    1.48    1.59  3
     91.00    0.00    5.68    0.58   65.62    1.76
     74.00   10.58    5.71   63.05   89.92
  KIYA      267.92   29.98   57.74   55.66   -0.66   -0.40   57.66   58.53    1.26    1.13  3
    151.00    0.00   57.02   -0.86   70.00    0.75
     76.00   87.92   57.02   98.33   76.26
  KJAC      249.27   43.60    9.25    7.09    0.21    1.15   80.04   79.24    1.97    1.92  3
     61.00    0.00   -0.43    0.16   83.05    1.41
     61.00  -11.15  -25.57   72.70   98.30
  KJAS      265.97   30.89   60.63   60.41   -0.56   -0.23   61.92   63.08    0.95    0.84  3
    156.00    0.00   45.00   -0.65   70.59    0.73
     78.00   61.85   53.48  101.32   65.01
  KJFZ      278.20   37.06   57.73   54.79   -0.07    0.32   55.82   55.32    1.08    1.14  3
    155.00    0.00   52.58   -0.20   57.34    1.10
     78.00   52.58   26.00   65.22   42.17
  KJWN      273.12   36.18   46.22   44.73   -0.10    0.32   59.24   61.42    1.15    1.08  3
    150.00    0.00   24.41   -0.15   47.12    1.26
     78.00   21.65   32.66   74.14   68.35
  KL18      242.75   33.35   66.47   62.34   -0.73   -0.11   70.99   67.19    0.89    0.98  3
    152.00    0.00   77.87   -0.85   96.45    0.92
     78.00   69.88   64.07  104.59   95.29
  KLAM      253.72   35.88    7.13   15.17    0.91    1.43   72.63   59.85    1.90    1.77  3
    156.00    1.00    5.95    0.88   63.80    1.93
     78.00   19.45  -18.03   59.61   51.03
  KLCQ      277.42   30.18   45.07   46.17   -0.14    0.18   45.94   46.27    1.08    0.98  3
    156.00    0.00   31.48   -0.30   38.05    1.04
     78.00   37.64   27.37   49.41   23.29
  KLEB      287.70   43.63   50.77   52.11   -0.30    0.39   62.36   66.92    1.32    1.30  3
    102.00    0.00   45.00   -0.55   72.02    1.20
     76.00   56.54   40.65   78.09   83.77
  KLGB      241.85   33.82   12.95   24.53    0.75    1.06   74.65   69.48    1.09    1.02  3
     73.00    0.00   20.71    0.87   88.01    1.02
     72.00   19.24   38.28  101.80   79.65
  KLGD      242.00   45.28   14.66   11.62    1.61    2.36   75.84   75.21    2.30    2.31  3
     67.00    0.00    8.98    1.26   48.65    2.45
     66.00   17.88    7.07   32.78   95.52
  KLGU      248.15   41.78   67.98   62.01   -0.83    0.60   69.94   68.65    2.03    1.72  3
     75.00    1.00   90.00   -0.90   63.36    1.56
     74.00   89.05   90.00   64.76   87.52
  KLLJ      245.78   44.52   24.23   28.59   -0.05    0.30  100.52  101.12    1.76    1.76  3
     71.00    0.00   16.97   -0.12  139.99    1.29
     69.00   13.99   50.11  147.76  119.11
  KLND      251.27   42.82   16.19   18.43    0.65    0.90   86.22   88.27    2.33    2.19  3
     73.00    0.00    5.56    0.71  100.37    2.54
     69.00    4.75   26.01  111.41  102.45
  KLNP      277.47   36.97   47.87   47.52    0.28    0.66   53.19   51.08    1.17    1.23  3
    123.00    0.00   33.28    0.04   44.72    1.23
     72.00   51.22   20.89   54.85   36.78
  KLSF      275.00   32.33   49.79   42.24   -0.14    0.19   62.22   63.74    1.30    1.22  3
    118.00    0.00   43.80   -0.20   71.61    1.17
     71.00   54.22   20.12   75.55   49.31
  KLUK      275.58   39.10   48.16   43.28   -0.24    0.40   65.50   63.72    1.32    1.30  3
     84.00    0.00   16.03   -0.36   44.38    1.49
     74.00   50.93   20.27   78.39   49.62
  KLWS      242.98   46.38   41.74   48.28    0.06    0.48   80.62   81.47    1.77    1.68  3
     69.00    0.00   31.94    0.29  108.73    1.61
     68.00   90.87   26.53  107.01  122.22
  KM08      270.96   35.21   47.88   50.66   -0.57   -0.06   62.71   66.70    1.13    1.06  3
    143.00    0.00   27.87   -0.87   60.31    1.01
     76.00   39.81   24.78  107.77   68.54
  KMEV      240.25   38.97   19.69   19.19   -0.04    0.89   83.54   82.57    1.82    1.61  3
    155.00    0.00    7.41   -0.19   94.39    1.89
     78.00    1.30   12.63   82.77  114.91
  KMKJ      278.66   36.90   62.32   60.10   -0.33    0.07   66.25   61.92    1.31    1.22  3
    156.00    0.00  102.15   -0.51  101.51    0.84
     78.00   43.12  104.03   81.57   83.65
  KMKS      279.96   33.18   48.38   47.36   -0.50   -0.10   53.94   52.62    1.22    0.92  3
    156.00    0.00   25.90   -0.61   39.97    1.20
     78.00   23.57   28.37   40.23   45.27
  KMMH      241.17   37.61   34.95   42.67    0.07    0.54   73.56   72.43    2.22    2.11  3
    156.00    0.00   44.76   -0.56   84.71    2.24
     78.00   50.29   53.63   76.49   86.32
  KMMI      275.43   35.40   85.30   84.66   -0.63   -0.26   56.00   59.25    1.12    0.97  3
    133.00    0.00   90.00   -0.67   78.79    0.77
     73.00  110.30   68.17   62.43   68.40
  KMNE      266.70   32.65   54.33   51.43   -0.36   -0.06   56.67   57.06    1.16    1.09  3
    156.00    0.00   47.70   -0.54   66.35    0.96
     78.00   55.60   74.12   87.27   96.28
  KMRN      278.39   35.82   45.57   50.45   -0.84   -0.31   52.24   55.57    0.70    0.62  3
    129.00    0.00   35.12   -0.90   47.77    0.57
     70.00   48.91   42.80   54.47   55.00
  KMSO      245.92   46.92   58.30   49.77    0.87    1.49   79.53   81.71    2.00    2.10  3
     74.00    0.00   57.26    1.00   98.51    2.65
     73.00   27.50   62.67  110.17  108.96
  KMVL      287.39   44.53   51.00   49.41   -0.31    0.48   70.50   74.46    1.31    1.38  3
    102.00    0.00   37.20   -0.26   73.10    1.00
     73.00   32.32   20.46   83.96   68.38
  KMWT      266.42   34.54   88.28   88.79   -0.90   -0.53   62.67   59.03    1.05    0.98  3
     77.00    0.00   95.19   -1.06   79.85    0.83
     65.00  125.54  100.28   62.73   80.84
  KMZG      263.81   27.73   78.67   77.72   -1.35   -1.34   29.86   34.96    1.80    1.90  3
    143.00   22.00   80.93   -1.57   13.82    1.46
     69.00   80.14   82.39   13.77   10.89
  KN03      283.80   42.60   45.45   45.53   -1.27   -0.56   65.61   63.93    1.26    1.02  3
    156.00    0.00   29.83   -1.30   53.60    1.30
     78.00   32.46   30.74   65.44   71.22
  KNFE      283.87   36.70   69.03   68.85   -0.76   -0.57   69.22   72.60    1.32    1.20  3
     76.00    0.00   79.74   -0.84  103.14    1.16
     66.00  116.25   15.86   52.24   72.66
  KNUQ      237.95   37.42   46.87   45.66    0.94    1.19   79.47   71.86    1.72    1.52  3
     79.00    0.00   64.04    1.03   50.41    2.72
     77.00   59.47   79.84   44.45   55.33
  KOLS      249.15   31.42   18.19   22.17   -0.13    0.21   75.07   71.59    1.56    1.47  3
     78.00    0.00   16.89   -0.19   65.30    1.33
     76.00    7.59   14.57   68.72   77.57
  KONO      242.98   44.02   -6.09  -10.18    0.39    0.76   73.48   71.76    1.55    1.67  3
     68.00    0.00   -2.96    0.10   69.44    1.61
     68.00   -4.18    5.99   85.56   97.89
  KP68      243.99   39.60   -2.96    5.36    0.74    1.18   78.89   78.17    1.89    1.76  3
     69.00    0.00    0.00    0.76   65.97    1.87
     69.00   -5.85    3.29   92.37   64.24
  KPBX      277.44   37.56   46.88   50.43    0.03    0.39   64.00   63.40    0.88    0.83  3
    153.00    0.00   38.89    0.03   61.23    0.99
     77.00   62.59   23.82   87.93   58.04
  KPGA      248.55   36.93   24.52   32.96    0.11    0.47   83.36   78.26    1.55    1.48  3
     66.00    0.00   27.74    0.20   80.10    1.31
     66.00   17.19   30.78   77.88   98.65
  KPLU      237.72   47.10   80.64   74.96   -1.09   -0.75   55.68   56.99    0.81    0.82  3
    116.00    0.00   79.70   -1.24   82.02    0.73
     65.00   80.78   85.95   72.64   84.73
  KPSC      240.88   46.27   30.55   31.46    0.42    0.88   73.15   66.82    1.58    1.50  3
     76.00    0.00   11.57    0.30   44.85    1.51
     74.00    7.24   15.47   39.48   60.05
  KPSK      279.32   37.13   48.93   49.31    0.01    0.41   62.05   61.84    1.02    1.00  3
    155.00    0.00   50.65   -0.23   70.51    1.23
     78.00   48.34   57.15   55.51   94.13
  KPSP      243.50   33.83  -10.81  -17.35    0.23    1.10   76.86   75.03    2.22    2.18  3
     72.00    0.00   24.52    0.16   59.84    2.29
     70.00  -13.53   33.89  116.30   43.07
  KPUJ      275.06   33.90   72.37   69.65   -0.34    0.01   57.62   56.90    1.02    0.99  3
    156.00    0.00   59.10   -0.44   78.16    0.87
     78.00   54.05   61.17   65.56   76.28
  KPUW      242.88   46.75   46.38   52.03   -0.02    0.38   66.38   65.37    1.50    1.52  3
     76.00    0.00   34.09    0.03   67.60    1.73
     74.00   54.96   29.18  117.19   66.23
  KPVE      271.80   35.65   54.02   58.76   -0.56   -0.02   65.57   67.31    1.22    1.12  3
    141.00    0.00   45.00   -0.64   73.22    1.18
     77.00   27.34   70.03   86.87   90.18
  KRDM      238.85   44.25   18.05   19.21    0.56    0.96   76.78   76.06    1.25    1.27  3
     75.00    0.00   -4.70    0.65   53.82    1.17
     75.00    3.50   -5.46   50.86   62.09
  KREO      242.12   42.58  -18.69  -17.13    0.68    1.04   76.34   74.60    1.80    1.71  3
     76.00    0.00  -16.97    0.80   70.21    2.09
     76.00  -20.29    0.84   62.51   87.25
  KRFI      265.15   32.14   49.55   53.93   -0.87   -0.41   59.47   61.39    1.02    0.93  3
    127.00    0.00   29.36   -0.86   50.72    0.93
     67.00   14.80   73.34   37.55   85.39
  KRIL      252.28   39.53   55.80   54.57    0.89    1.61   65.20   65.60    2.65    2.49  3
     73.00    0.00   65.34    0.31   52.48    3.04
     71.00   66.50   91.79   42.54   70.13
  KRIW      251.53   43.07  -12.96   -8.78    1.70    1.79   78.02   80.07    1.68    1.50  3
     73.00    0.00    5.60    1.89   73.97    1.45
     70.00    9.88    4.28   84.53   57.89
  KRKR      265.38   35.02   57.40   57.60   -0.39    0.00   70.28   73.05    1.22    1.14  3
    156.00    0.00   50.87   -0.66   82.88    1.36
     78.00   25.66   49.86   75.97  123.73
  KRNC      274.15   35.70   70.56   71.77   -0.51   -0.08   65.02   69.54    1.16    1.15  3
    124.00    0.00   57.72   -0.78   76.78    1.09
     66.00   43.73   63.11  105.42   70.02
  KRNO      240.22   39.50   22.96   24.83    0.12    1.13   85.63   80.97    2.10    1.90  3
     75.00    0.00   27.69    0.11  103.04    2.15
     74.00   17.92   41.03  101.15  106.14
  KRQE      250.93   35.65   50.83   47.39   -0.11    0.30   78.53   69.65    1.71    1.67  3
     76.00    0.00   63.43    0.13   84.74    1.89
     69.00   67.73   38.18  114.62   81.83
  KRRL      270.29   45.18   47.96   42.05   -0.34    0.11   48.36   48.10    1.06    0.98  3
    155.00    0.00   34.51   -0.42   38.20    0.92
     78.00   33.09   23.86   30.53   40.91
  KRTN      255.50   36.74   15.36   18.93    1.20    1.55   83.26   87.17    1.72    1.64  3
     80.00    0.00    9.15    1.15   90.89    1.54
     74.00   -1.72   23.02  111.80   58.38
  KRZR      275.20   35.22   59.02   53.44   -0.14    0.22   58.62   59.93    1.23    1.17  3
    142.00    0.00   63.43   -0.50   69.88    0.94
     75.00   45.00   79.99   84.50   69.99
  KSBA      240.17   34.43   -4.56  -23.80    0.34    0.75   74.73   72.14    1.62    1.46  3
     79.00    0.00    2.15    0.44   57.89    1.90
     73.00   -4.22   22.14   53.60   61.32
  KSBS      253.13   40.52   44.56   36.51   -1.63   -0.14   72.26   63.41    2.29    1.73  3
    156.00    0.00   39.63   -1.67   80.52    2.06
     78.00   33.81  109.42   59.17   84.02
  KSCR      280.50   35.70   53.22   42.86   -0.44    0.10   57.59   55.77    0.83    0.88  3
    141.00    0.00   45.00   -0.57   66.74    0.76
     75.00   88.09   43.32   66.72  124.62
  KSDL      248.08   33.61   30.85   33.01   -0.22    0.39   71.94   66.07    1.89    1.53  3
     69.00    0.00   42.39   -0.06   60.10    2.06
     67.00   39.15   45.52   94.35   74.05
  KSEM      273.02   32.35   58.44   58.59   -0.28    0.08   57.23   55.46    1.16    1.11  3
    138.00    0.00   60.27   -0.55   61.17    0.88
     74.00   66.14   63.47   71.59   50.84
  KSFF      242.68   47.68   24.99   27.94   -0.04    0.45   76.01   75.86    1.81    1.76  3
     76.00    0.00   21.04    0.09   46.63    2.02
     75.00   26.13   28.87   62.96  118.27
  KSHR      253.03   44.77   52.08   48.81    0.45    0.65   68.47   67.65    1.99    1.78  3
     84.00    0.00   25.06    0.45   65.70    1.94
     74.00   64.52   15.70  105.05   77.28
  KSIY      237.53   41.78   24.36   23.88    0.85    1.31   72.32   78.37    1.71    1.81  3
     70.00    0.00   14.04    0.98   77.12    2.20
     67.00   14.51   27.20   46.51  103.70
  KSJS      277.37   37.75   65.36   67.58   -0.36    0.02   59.97   60.22    0.78    0.71  3
    151.00    0.00   60.80   -0.50   79.55    0.76
     77.00   85.63   49.54   85.76   64.43
  KSKX      254.33   36.45   15.42   16.63    1.43    1.67   71.95   73.56    1.85    1.99  3
     76.00    3.00   13.45    1.26   88.80    1.78
     68.00   10.18   -0.21   93.84   94.56
  KSLI      241.95   33.78   38.82   38.64   -0.16    0.67   76.09   75.60    1.30    1.34  3
     66.00    0.00   13.21   -0.33   65.37    1.37
     62.00    2.98   82.94   48.63  110.12
  KSLR      264.38   33.15   60.35   59.36   -1.27   -0.61   56.35   59.68    1.51    1.46  3
    142.00    0.00   49.40   -1.43   63.19    1.51
     71.00   82.16   20.05   86.91   45.94
  KSME      275.39   37.04   70.96   68.28   -0.66   -0.27   60.10   54.19    1.07    0.95  3
    156.00    0.00   68.85   -0.82   70.48    0.99
     78.00   91.89   47.71   84.76   57.62
  KSMN      246.12   45.12   43.16   54.16   -1.38   -0.75   84.89   88.77    1.85    1.82  3
     70.00    1.00   60.52   -1.68   86.22    1.62
     69.00   61.32   45.42   73.83  100.89
  KSMO      241.55   34.02   38.36   43.83    0.56    0.65   73.31   72.36    1.17    1.14  3
     85.00    0.00   23.90    0.67   54.43    1.15
     74.00   14.69   37.75   63.51   48.95
  KSNH      271.78   35.15   47.62   48.82   -0.30    0.22   53.44   54.52    1.10    0.99  3
    146.00    0.00   33.63   -0.55   54.86    1.16
     76.00   20.37   41.83   44.18   65.93
  KSPB      237.14   45.77    9.04    5.74   -0.08    0.15   70.76   62.97    1.22    1.27  3
     80.00    0.00    7.12   -0.24   45.35    1.37
     73.00   12.32    3.58   43.60   48.71
  KSRB      274.47   36.06   61.54   63.14   -0.69   -0.26   63.82   64.58    1.12    1.04  3
    144.00    0.00   77.90   -0.94   89.75    1.01
     76.00   76.16   58.52  105.64   96.28
  KSRE      263.32   35.27   83.62   85.54   -2.00   -1.51   70.72   74.38    1.66    1.51  3
    122.00    0.00   68.86   -1.75   97.93    1.95
     69.00   63.95  144.57   93.56   49.62
  KSTF      271.16   33.43   61.81   61.28   -0.56   -0.30   61.71   63.64    0.99    0.85  3
    156.00    0.00   51.44   -0.62   64.20    0.78
     78.00   85.10   53.98   91.53   86.26
  KSTS      237.18   38.50    4.96   12.08    0.27    0.80   79.74   90.64    1.26    1.30  3
     92.00    0.00   14.04    0.10  105.18    1.42
     75.00    0.72   24.71  128.63   80.88
  KSUN      245.70   43.50   -3.84    8.25    0.55    1.56   70.82   74.14    2.59    2.10  3
     96.00    0.00  -12.04    1.10   71.52    2.57
     78.00    2.29  -21.08   72.94   72.88
  KSXS      274.15   31.36   56.20   51.56   -0.63   -0.24   51.77   52.37    1.10    1.00  3
    102.00    0.00   39.14   -0.67   34.41    0.79
     69.00   41.59   39.01   36.38   35.20
  KSZT      243.44   48.30   20.83   23.41    0.51    0.98   71.28   69.91    1.86    2.01  3
    156.00    0.00   15.98    0.13   66.35    1.77
     78.00   15.98   12.09   62.26   56.11
  KTHA      273.75   35.38   51.61   53.11   -0.47   -0.03   56.86   58.80    1.01    0.94  3
    152.00    0.00   34.45   -0.62   52.38    1.07
     78.00   23.73   40.66   63.04   72.42
  KTMA      276.52   31.42   45.91   45.01   -0.77   -0.35   51.85   50.98    1.06    0.94  3
    156.00    0.00   36.17   -0.79   46.43    0.81
     78.00   58.12   42.30   48.46   45.28
  KTNB      278.35   36.20   72.50   72.95   -0.88   -0.41   52.69   51.19    1.11    1.01  3
    155.00    0.00   59.53   -0.88   64.07    0.66
     78.00   45.00   75.84   56.56   60.47
  KTOI      273.98   31.87   48.85   49.57   -0.30    0.06   65.08   72.39    1.05    1.04  3
     94.00    0.00   40.09   -0.52   71.90    0.91
     76.00   23.46   49.09   64.63   67.87
  KTTA      280.91   35.58   66.02   59.62   -0.55    0.01   63.43   62.15    1.16    1.01  3
    125.00    0.00   65.22   -0.73   79.96    0.99
     73.00   61.62   61.40  107.99   69.08
  KTVI      276.12   30.90   55.68   48.82   -0.44   -0.10   49.38   49.41    0.86    0.82  3
    156.00    0.00   49.86   -0.52   48.33    0.84
     78.00   63.43   35.51   65.39   34.00
  KTVK      267.10   40.68   69.87   69.96   -1.78   -1.04   67.67   67.66    1.71    1.51  3
    156.00    0.00   75.00   -2.01   91.21    1.26
     78.00   79.43   50.87   78.19  102.66
  KTVL      240.00   38.90   34.13   36.27   -0.08    0.74   89.90   90.72    1.60    1.76  3
     75.00    0.00   11.57   -0.05  110.31    1.81
     68.00   87.62   41.44  111.38  129.18
  KTVR      268.97   32.35   45.52   44.84   -0.03    0.24   67.22   65.85    1.24    1.23  3
     79.00    0.00   20.32   -0.14   76.95    1.48
     71.00   25.64   28.15  107.34   61.75
  KVBW      281.05   38.36   56.18   59.34   -0.85   -0.31   60.78   60.88    0.94    0.81  3
    155.00    0.00   59.04   -0.93   71.51    0.87
     78.00   62.85   61.89   52.36   87.79
  KVDF      277.65   28.01   51.75   54.13   -1.20   -0.91   45.98   51.41    0.88    0.81  3
    148.00    0.00   48.61   -1.28   43.53    0.75
     74.00   58.63   45.00   53.11   45.79
  KVEL      250.48   40.43   44.44   40.10    0.52    0.90   77.43   73.17    1.79    1.68  3
     71.00    0.00   50.19    0.38   95.44    1.45
     70.00   11.52   58.91  106.06   85.40
  KVJI      277.97   36.68   56.20   54.34   -0.14    0.23   56.35   51.98    1.13    1.10  3
    156.00    0.00   51.17   -0.32   68.47    1.19
     78.00   51.15   75.74   61.42   56.50
  KVKS      269.07   32.22   70.83   68.37   -0.37   -0.09   59.94   60.10    1.23    1.10  3
    143.00    0.00   65.11   -0.82   78.54    1.10
     76.00   85.89   79.70   85.45   65.74
  KVLD      276.72   30.78   59.15   57.21   -0.41   -0.04   59.75   58.76    1.17    1.11  3
     77.00    0.00   45.00   -0.54   66.32    1.06
     71.00   48.09   53.19   66.32   54.65
  KVNY      241.52   34.22   -8.49    4.06    0.30    0.88   77.52   67.13    1.05    1.37  3
     85.00    0.00  -27.82    0.36   72.96    1.20
     76.00  -47.14  -26.43   55.83   66.17
  KVPC      275.15   34.11   73.66   65.46   -0.67   -0.31   60.15   67.87    0.90    0.84  3
     72.00    0.00   80.13   -0.73   74.19    0.80
     64.00   85.79   71.06   78.67   84.98
  KVSF      287.48   43.35   58.38   60.82   -0.56    0.09   71.86   72.96    1.29    1.20  3
     96.00    0.00   48.53   -0.71   83.65    1.27
     73.00   53.17   48.65   97.27   88.55
  KW31      281.82   36.95   69.16   67.58   -0.49   -0.09   58.46   60.24    0.91    0.73  3
    154.00    0.00   71.71   -0.56   71.21    0.69
     78.00   81.92   71.71   61.45   76.09
  KW99      280.87   38.97   81.17   87.95   -1.21   -0.62   57.55   64.72    1.05    0.92  3
    155.00    0.00   86.12   -0.77   58.58    1.04
     78.00   82.88   92.86   77.60   63.95
  KWMC      242.20   40.90   12.78   13.92    0.47    0.94   73.31   70.80    1.79    1.65  3
     66.00    0.00    0.18    0.33   52.33    1.83
     66.00    5.89   -4.06   54.05   95.27
  KWVI      238.21   36.94   -1.14   -4.20   -0.35    0.18   72.06   76.88    1.08    1.27  3
     78.00    0.00    8.19   -0.41   71.44    1.30
     72.00  -34.99   32.01   81.22   46.40
  KYKM      239.47   46.57   23.09   27.39    0.18    0.73   77.27   73.33    1.57    1.43  3
     70.00    0.00   22.75    0.41   80.84    1.46
     69.00   32.20   29.35   65.82  113.21
  LEVX      351.37   42.22   27.40   22.68    0.46    0.76   71.35   72.57    1.37    1.18  3
     66.00    0.00   13.93    0.60   78.51    1.32
     66.00  -11.83   20.58   50.48   78.45
  LFLN        4.01   46.42   20.10   17.12   -0.52   -0.10   74.40   68.93    1.02    0.87  3
     61.00    0.00   16.10   -0.06   65.88    1.11
     61.00   11.30   17.24   79.81  107.06
  LIMK        7.73   45.03   46.14   35.81    0.08    0.23   85.87   89.54    1.44    1.46  3
     67.00    0.00   53.62   -0.22   84.44    1.31
     67.00   49.31   52.13   65.19  100.81
  LIMU        8.17   43.95   12.18   12.98   -0.89   -0.62   70.15   67.99    1.86    1.61  3
     64.00    0.00   13.46   -0.79   64.60    1.81
     64.00   17.96   13.46   77.75   37.62
  LIVE       10.50   46.83   -7.52   -6.77    0.57    0.78   87.11   81.75    1.39    1.25  3
     61.00    0.00    1.75    0.57   60.83    1.36
     61.00  -19.90   10.11   45.26   90.76
  LIVP       11.03   46.15   17.32    1.20    0.49    0.76   82.77   81.92    2.00    1.89  3
     63.00    3.00   10.39    0.31   47.19    2.27
     60.00   12.79   10.39   59.20   31.11
  LSMM        8.11   46.75   -2.70   -4.83    0.28    0.83   97.52   97.73    2.43    2.24  3
     49.00    1.00  -39.56   -0.39   87.80    2.36
     48.00 -999.00 -999.00 -999.00 -999.00
  LSZG        7.42   47.18    0.08   -3.03    0.44    0.61   73.63   73.51    1.55    1.42  3
     53.00    0.00    4.59    0.42   50.22    1.74
     53.00 -999.00 -999.00 -999.00 -999.00
  LSZH        8.52   47.48   45.92   35.29    0.56    0.67   72.09   58.56    1.33    1.23  3
     58.00    0.00   25.56    0.63   73.84    1.63
     57.00   21.78   61.00   69.88  109.36
  MHLM      272.07   15.45   26.40   23.67    0.87    1.03   70.02   68.51    1.59    1.59  3
     76.00    0.00   35.19    0.82   46.12    1.56
     76.00   32.42   14.65   56.47   48.60
  MPTO      280.63    9.05   -7.40   -8.83    0.49    0.51   72.93   68.12    1.38    1.34  3
     61.00    0.00   -6.45    0.82   63.17    1.52
     61.00   -6.94   -8.29   62.16   80.11
  PAAQ      210.92   61.60   45.82   48.43    0.72    1.02   96.11   92.89    1.98    2.02  3
     83.00    0.00   88.41    0.77   78.49    1.60
     75.00   11.06  104.83  121.32   52.36
  PABV      210.48   61.42   45.53   33.26   -0.24   -0.11   81.01   88.15    1.31    1.25  3
     81.00    0.00   68.20   -0.36   69.70    1.73
     75.00   68.58   93.80   91.92   43.16
  PAED      210.20   61.25   52.67   49.12    0.37    0.47   74.69   67.98    1.76    1.72  3
     79.00    0.00   49.57    0.09   94.18    2.00
     72.00   54.15   62.69   71.35   89.78
  PAEG      218.85   64.78   55.23   55.41   -0.68   -0.42   84.16   82.18    1.33    1.37  3
     74.00    0.00   66.80   -0.81   96.15    1.26
     65.00   58.76   50.31  122.33   85.77
  PAEI      212.90   64.67   48.49   46.50   -0.13   -0.01   58.19   55.16    1.56    1.47  3
     79.00    0.00   59.62   -0.24   63.07    1.80
     71.00   51.01   78.08   67.89   35.50
  PAGY      224.70   59.47    2.91    2.02    1.20    1.65   73.99   75.25    2.68    2.87  3
     76.00    0.00    8.49    0.71   37.31    2.45
     72.00    9.93    9.10   16.17   55.86
  PAHN      224.48   59.25   17.00   13.17    1.51    1.86   78.03   78.36    1.85    1.91  3
     82.00    0.00   19.60    1.57   98.32    1.65
     74.00  -48.29   24.69   47.60   91.66
  PAHO      208.50   59.63    3.04    0.18   -0.34    0.05   80.80   80.04    2.01    1.69  3
     78.00    0.00    5.45   -0.34   67.67    1.78
     74.00    8.08   19.77   62.43   73.68
  PAJC      201.63   56.31   12.05   13.73   -0.32    0.08   85.45   87.47    2.18    2.03  3
     81.00    0.00  -14.32   -0.08   70.24    2.74
     67.00   22.70   10.26  127.26  112.27
  PAJN      225.42   58.37   -6.94    2.46    0.29    0.94   81.08   87.00    2.24    1.96  3
     81.00    0.00   10.30   -0.26   80.21    2.50
     77.00  -41.94   31.53   87.85  110.43
  PAKW      226.92   55.58    7.64   13.54   -0.18    0.25   70.20   70.66    1.45    1.50  3
     86.00    0.00   -0.39   -0.32   66.30    1.63
     70.00  -13.32    2.04   70.75   61.73
  PAMR      210.15   61.22   69.09   61.13   -0.13    0.00   73.28   77.28    1.38    1.29  3
     75.00    0.00   78.69   -0.42   86.21    1.50
     73.00   66.62   93.72   96.99   50.76
  PAOH      224.56   58.12   39.73   33.33   -0.53   -0.25   83.44   83.43    1.59    1.44  3
     83.00    0.00   45.00   -0.86   90.58    1.34
     72.00   64.74   31.05   98.30   79.82
  PAPG      227.03   56.82   31.93   11.90   -0.13    0.34   97.07  104.67    1.30    1.21  3
    100.00    0.00   45.20   -0.26   89.07    1.73
     75.00   30.96   77.67  126.89   73.84
  PASO      208.31   59.44   45.17   43.26   -1.36   -0.92   76.93   82.25    1.72    1.32  3
     78.00    0.00   49.18   -1.26   67.14    1.12
     65.00   47.03   62.12   61.09   62.51
  PAVD      213.73   61.13   64.30   64.72   -1.81   -1.46   76.78   73.55    2.01    1.66  3
     88.00    0.00   56.72   -1.46   87.49    1.89
     77.00   59.01   57.67  108.74   59.49
  PAWG      227.63   56.48   51.64   56.43   -0.32    0.11   70.14   67.14    1.45    1.30  3
     80.00    0.00   48.03    0.01   76.67    1.68
     72.00   84.01   43.74  101.90   87.83
  PHKO      203.95   19.73   16.77    2.62    1.79    1.81   74.93   82.05    1.90    1.88  3
     80.00    0.00    5.71    1.83   63.05    1.62
     77.00   29.50   -7.08   80.89   78.87
  PHTO      204.93   19.72   15.81    9.87    1.01    1.29   70.06   65.77    1.34    1.45  3
     96.00    3.00   -0.29    1.04   50.43    1.12
     72.00    8.06    5.78   81.67   47.78
  SKBO      285.87    4.70    4.37    5.54    1.17    1.31   73.43   65.95    1.48    1.34  3
     66.00    0.00   -3.48    0.99   63.39    1.46
     66.00   -8.26  -13.28   53.77   79.80
  SKCC      287.48    7.93   45.46   44.81    2.29    2.41   68.45   67.64    2.12    2.02  3
     60.00    1.00   26.47    2.24   35.95    2.24
     59.00   25.87   27.46   28.61   60.91
  SKCL      283.62    3.55  -44.55  -45.04    1.20    1.15   74.83   73.06    1.29    1.26  3
     63.00    0.00   37.77    1.25  151.89    1.17
     63.00  -43.27  -45.95   78.31  120.47
  K0J4      273.69   31.04   45.67   42.03   -0.36    0.02   59.02   55.80    1.02    1.02  3
     64.00    0.00   30.13   -0.52   54.86    0.98
     60.00   37.43   30.13   70.09   46.04
  KEEO      252.11   40.04    0.07    9.68   -0.77    0.59   84.75   74.01    2.26    2.14  3
     61.00    0.00   -9.62   -0.81   98.46    1.77
     61.00  -37.60    4.20   87.20   85.85
  KFYE      270.61   35.21   63.10   61.69   -0.88   -0.38   61.20   63.00    1.23    1.11  3
    100.00    0.00   38.32   -0.86   60.98    1.25
     60.00   58.13   37.71   86.34   95.58
  KGEY      251.92   44.52   51.86   42.92    0.63    0.84   70.36   73.02    2.45    2.35  3
     74.00    0.00   49.18    0.55   80.56    2.19
     71.00   83.67   86.48  101.08   83.29
  KLXV      253.68   39.22   -4.88   -7.69    0.51    1.04   88.04   86.60    1.89    1.86  3
     79.00    0.00   -7.51    0.34   97.50    1.84
     72.00   -3.97   27.31  103.92   88.18
  KUTS      264.41   30.75   46.71   41.75   -0.18    0.30   49.58   55.67    1.13    1.11  3
     84.00    0.00   35.04   -0.25   51.71    1.23
     68.00   41.87   45.29   66.36   60.94
  KVBS      266.36   29.48   20.12   15.39   -0.29    0.23   76.01   76.97    1.86    1.92  3
    106.00    0.00    3.11   -0.08   72.05    2.06
     65.00  -39.71   47.18   32.35   61.27
  LEBB      357.07   43.30  -15.08  -19.73    0.07    0.24   70.32   66.14    1.20    1.15  3
     72.00    0.00    2.62    0.11   53.69    0.99
     66.00   -3.94   13.18   67.04   48.81
  LSZS        9.88   46.53  -16.46  -18.32    0.51    0.86   77.15   67.59    2.11    2.00  3
     50.00    0.00  -10.80    0.21   68.18    2.32
     50.00 -999.00 -999.00 -999.00 -999.00
  SKLT      290.05   -4.17   79.90   61.72    0.29    0.34   68.75   75.92    1.19    1.20  3
     65.00    0.00   91.09   -0.32   65.12    1.11
     63.00   81.49  105.57   90.86   51.53
  SKPE      284.27    4.82  -47.33  -45.23    1.48    1.52   72.87   70.84    1.43    1.41  3
     49.00    2.00  -47.91    1.36   77.89    1.42
     47.00 -999.00 -999.00 -999.00 -999.00
  K79J      273.60   31.32   46.48   43.74   -0.06    0.34   58.78   62.07    1.10    1.09  3
     70.00    0.00   27.48   -0.32   49.99    0.96
     64.00   22.04   27.48   59.12   56.05
  KLOL      241.43   40.07    5.11   11.09    0.33    0.59   74.69   70.31    1.75    1.75  3
     72.00    0.00    9.46    0.40   60.21    1.97
     71.00    5.86   23.31   69.95   58.33
  KMEH      241.60   45.52  105.88   97.62   -1.76   -1.30   48.37   42.98    0.75    0.65  2
     60.00    0.00  119.36   -1.72   51.61    0.66
     57.00  115.27  124.82   51.72   54.48
  KNID      242.32   35.68   -6.42    0.19    0.44    1.00   70.28   71.36    1.89    1.89  3
     72.00    0.00  -20.81    0.06   55.34    2.22
     72.00   -0.06  -30.54   71.01   66.84
  KSNT      245.07   44.17   58.85   61.65   -0.26    0.03   80.95   82.23    1.54    1.35  3
     63.00    0.00   71.57   -0.40   83.81    1.60
     62.00   59.96   83.55   77.06   99.17
  KWDR      276.33   33.97   57.31   45.14   -0.43    0.00   49.24   44.53    0.98    0.94  3
    119.00    0.00   50.65   -0.61   42.79    0.96
     63.00   33.82   58.07   37.11   42.99
  LFLB        5.88   45.65   18.32   20.28    1.23    1.45   70.55   68.82    2.17    2.00  3
     59.00    0.00   21.66    0.92   79.31    2.08
     58.00   17.14   31.54   88.77   75.01
  KSRR      254.47   33.47   15.86    1.16   -0.26    0.66   69.98   64.03    2.35    1.63  3
    107.00    0.00   10.83   -0.07   51.78    1.55
     64.00   29.19  -10.94   80.63   28.54
  PAIN      211.09   63.73   59.92   59.77   -1.42   -1.03   73.53   72.74    1.80    1.63  3
     69.00    0.00   58.67   -1.51   83.05    1.78
     64.00   61.18   66.03   55.55   96.92
  KE16      238.40   37.08  -12.20   -5.58    1.08    1.50   80.14   83.84    1.67    1.63  3
    111.00    0.00  -12.88    1.09  103.98    1.84
     63.00    9.92   -2.78  120.24   94.01
  CYDL      230.00   58.42   -0.56   -1.20   -0.41   -0.24   78.18   77.77    1.57    1.49  3
     71.00    0.00   -8.62   -0.26   58.06    1.71
     59.00  -10.27  -10.22   66.61   52.60
  K1A5      276.58   35.22   73.87   68.62   -0.93   -0.57   57.64   60.90    1.02    0.91  3
    136.00    0.00   77.47   -1.00   63.45    0.74
     71.00   53.83   96.96   72.00   58.94
  K1A6      276.26   36.61   59.49   53.52   -0.64   -0.29   63.71   63.85    1.11    1.01  3
    156.00    0.00   66.43   -0.76   77.22    0.74
     78.00   50.66   90.00   86.41   68.11
  K1A9      273.49   32.43   71.30   69.61   -1.08   -0.78   62.66   62.60    0.87    0.78  3
    156.00    0.00   72.81   -1.03   84.28    0.82
     78.00   87.17   62.12   70.91   88.08
  K1P1      288.25   43.78   63.01   59.00   -1.05   -0.39   65.17   64.71    1.10    0.90  3
    156.00    0.00   62.12   -1.08   70.07    0.78
     78.00   63.43   64.79   62.54   67.45
  K5R8      266.53   30.43   47.87   44.69   -0.29   -0.08   52.94   49.96    0.98    0.99  3
    153.00    0.00   39.58   -0.57   60.75    0.95
     78.00   47.83   47.83   69.54   57.56
  K65S      243.70   48.73   59.30   58.62   -0.14    0.28   58.76   55.54    1.40    1.35  3
    156.00    0.00   52.79   -0.42   62.28    1.03
     78.00   39.34   60.53   65.48   48.50
  K6A2      275.72   33.22   55.02   46.99   -0.30    0.01   51.05   53.52    0.95    0.85  3
    154.00    0.00   48.76   -0.42   44.36    1.00
     77.00   35.95   57.67   39.17   88.16
  K8W2      281.30   38.65   48.27   54.68   -0.37    0.07   66.32   73.07    1.16    1.10  3
    156.00    0.00   30.72   -0.53   79.85    1.14
     78.00   44.48   30.23   75.57   77.02
  KACB      274.80   44.99   49.72   50.07   -1.62   -1.04   66.09   67.79    1.25    0.95  3
    154.00    0.00   28.67   -1.65   55.99    1.36
     78.00   29.54   20.11   52.55   65.73
  KAJO      242.40   33.90   55.01   37.77    1.01    1.76   52.57   47.84    1.28    1.58  3
     61.00    0.00   44.91    1.16   28.72    1.63
     60.00   46.04   39.35   22.21   39.09
  KAQX      278.74   32.97   85.22   81.93   -1.59   -1.17   55.05   52.59    1.19    1.11  3
    141.00    0.00   81.25   -1.17   73.04    0.94
     75.00  136.91   68.06   30.36   49.30
  KASL      265.70   32.52   57.75   57.55   -0.38   -0.09   59.00   61.95    0.97    0.84  3
    130.00    0.00   61.70   -0.51   80.87    1.08
     73.00   53.59   71.80   93.59   64.86
  KAVC      281.95   36.69   47.57   44.59   -0.26    0.15   59.72   60.06    0.97    0.89  3
    152.00    0.00   31.39   -0.41   64.92    0.76
     78.00   10.55   32.75   55.66   51.05
  KAXX      254.72   36.42   58.10   62.76    0.37    0.75   61.19   65.82    2.18    2.18  3
    156.00    0.00   60.45   -0.44   69.61    2.21
     78.00   95.37   51.20   65.01   74.39
  KBCB      279.58   37.22   45.73   49.53   -0.20    0.15   59.82   59.54    1.04    1.06  3
    155.00    0.00   38.51   -0.29   76.37    1.14
     78.00   78.25   31.87   61.20   82.85
  KBCK      269.15   44.25   52.17   52.56   -1.12   -0.51   60.21   62.80    1.10    0.82  3
    146.00    0.00   35.17   -0.85   57.87    0.76
     73.00   54.42   22.87   87.88   33.79
  KBGE      275.36   30.97   49.85   46.52   -0.47   -0.07   55.25   54.45    0.92    0.86  3
    156.00    2.00   32.94   -0.50   48.83    0.85
     78.00   38.92   34.93   34.14   37.13
  KBMC      247.94   41.55   65.29   57.04   -1.44   -0.09   54.94   52.67    1.58    1.20  3
    156.00    0.00   68.35   -1.68   63.80    1.54
     78.00   49.69   64.12   61.36   76.88
  KCCA      267.55   35.60   81.72   85.75   -1.02   -0.80   62.96   62.68    1.08    0.93  3
    142.00    0.00   69.44   -0.95   82.17    0.80
     75.00   88.02  125.51   98.13   56.71
  KCDJ      266.42   39.82   45.64   45.32   -1.32   -0.63   61.32   61.86    0.91    0.89  3
     65.00    0.00   21.04   -1.42   42.08    0.81
     65.00   19.00   26.62   33.48   79.42
  KCDW      285.72   40.88   52.29   48.79   -0.71   -0.19   58.68   55.57    1.21    1.12  3
     78.00    0.00   31.00   -0.83   45.98    1.25
     66.00   35.60   36.77   50.56   59.23
  KCJR      282.14   38.53   59.79   62.38   -0.78   -0.44   55.25   55.48    1.00    0.89  3
    152.00    0.00   47.92   -0.90   62.41    0.93
     76.00   76.92   39.35   65.30   55.12
  KCMY      269.26   43.96   55.32   55.31   -1.16   -0.50   58.64   60.01    1.24    1.02  3
    155.00    0.00   54.65   -1.08   71.51    1.47
     78.00   44.39   65.59   55.78   72.57
  KCQF      272.11   30.46   54.28   54.98   -1.93   -1.62   60.55   58.64    1.28    1.18  3
    155.00    0.00   34.38   -1.96   50.03    1.42
     78.00   37.76   44.65   90.47   71.06
  KCQT      241.72   34.02  123.83  109.99   -1.47   -0.85   46.63   48.61    1.03    0.80  3
     71.00    0.00  137.49   -1.04   39.62    0.89
     63.00  146.43  125.78   31.75   40.42
  KCSV      274.92   35.95   45.18   43.42    0.21    0.58   64.59   68.82    1.18    1.15  3
     90.00    0.00   41.38    0.19   68.13    1.25
     68.00   34.75    2.66   50.57   45.62
  KCUB      279.02   33.97   56.94   60.99   -0.53   -0.12   65.62   74.35    1.29    1.17  3
     67.00    0.00   45.59   -0.83   69.93    0.87
     58.00   32.16   73.17   59.60   87.71
  KDCM      278.81   34.79   48.32   40.73    0.00    0.41   59.84   61.82    1.00    1.09  3
    156.00    0.00   42.09   -0.30   67.85    0.92
     78.00   57.59   23.53   74.82   63.18
  KDDH      286.75   42.89   50.10   49.45   -0.38    0.09   66.25   66.91    1.24    1.27  3
     83.00    0.00   28.95   -0.54   55.42    1.27
     68.00   28.96   33.97   77.77   79.79
  KDNN      275.13   34.72   48.06   45.14   -0.24    0.09   53.55   52.81    1.14    1.05  3
    156.00    0.00   47.72   -0.50   54.47    1.11
     78.00   50.60   36.91   69.40   49.72
  KEZM      276.87   32.21   49.96   44.41   -0.36    0.02   49.24   51.57    0.93    0.84  3
    123.00    0.00   30.83   -0.47   51.18    0.80
     62.00   38.52   25.74   50.75   35.02
  KF17      265.85   31.83   54.55   54.01   -0.29    0.00   67.80   69.09    1.04    1.03  3
    122.00    0.00   41.52   -0.39   83.82    1.19
     62.00   28.89   53.00   94.46   85.11
  KF44      264.18   32.15   45.51   46.95   -0.97   -0.49   61.66   61.80    1.09    0.98  3
    156.00    0.00   27.75   -1.03   56.12    1.01
     78.00   22.52   65.86   62.43  114.34
  KFFC      275.43   33.36   65.39   57.94   -0.04    0.24   60.86   62.64    1.30    1.19  3
     72.00    0.00   56.31   -0.44   73.61    0.99
     67.00   51.31   43.51   49.51   75.30
  KFWC      271.59   38.38   48.28   49.11   -1.50   -0.84   62.17   62.08    0.85    0.75  3
    156.00    0.00   20.94   -1.56   49.34    0.95
     78.00   11.82   23.44   41.44   56.20
  KGAD      273.92   33.97   49.53   49.47   -0.08    0.20   64.15   63.11    1.31    1.26  3
     80.00    0.00   51.34   -0.45   81.44    1.35
     69.00   44.28   48.06   77.36   85.82
  KGEV      278.58   36.43   45.95   45.21    0.11    0.51   58.99   61.73    1.52    1.45  3
    127.00    0.00   29.20   -0.43   56.25    0.85
     67.00   33.09    7.76   50.55   25.07
  KGLW      274.05   37.03   57.84   55.24   -0.73   -0.39   60.64   60.64    1.04    0.96  3
    156.00    0.00   39.48   -0.85   59.12    0.95
     78.00   42.39   39.99   73.41   57.51
  KGVE      281.84   38.15   45.75   47.54   -0.36   -0.04   52.25   51.02    0.97    0.84  3
    156.00    0.00   31.72   -0.57   69.59    0.99
     78.00   45.00   27.92   70.91   42.85
  KGYB      263.02   30.17   52.01   49.00   -0.55   -0.11   53.76   56.93    1.32    1.18  3
    155.00    0.00   30.08   -0.71   46.40    1.23
     78.00   22.54   57.72   51.17   58.86
  KHBV      261.26   27.35   76.73   76.85   -2.56   -2.20   47.29   48.26    1.48    1.37  3
    156.00    0.00   72.57   -2.70   66.81    1.48
     78.00   33.06   99.65   38.94   49.48
  KHFF      280.50   35.03   46.44   42.97    0.34    0.74   60.49   54.22    1.38    1.27  3
     86.00    0.00   25.92    0.14   35.26    1.27
     65.00   32.52   16.59   96.36   42.05
  KHHR      241.67   33.92   57.82   49.55   -0.12    0.60   65.20   61.49    1.05    1.24  3
     85.00    0.00   31.83   -0.34  125.67    1.17
     75.00   29.07   34.65   21.49   84.51
  KHKS      269.78   32.33   50.40   49.04   -0.01    0.26   61.38   63.89    1.39    1.29  3
     82.00    0.00  154.78   -0.14  186.86    1.59
     70.00   50.65  120.94   64.33  135.18
  KHVS      279.88   34.40   45.43   42.18   -0.39    0.07   58.41   59.45    1.11    1.03  3
    156.00    0.00   25.43   -0.43   43.72    1.02
     78.00   20.48   29.99   38.88   50.46
  KI35      276.64   36.86   80.94   77.91   -1.05   -0.66   57.58   57.43    0.76    0.66  3
    154.00    0.00   65.34   -1.12   75.15    0.60
     78.00  109.19   52.02   82.19   64.67
  KI67      275.22   39.25   47.22   45.15   -1.04   -0.48   60.10   60.79    0.97    0.93  3
    154.00    0.00   22.97   -1.17   41.57    0.90
     77.00   14.51   41.83   47.02   59.30
  KI69      275.78   39.08   45.44   42.71   -0.51    0.01   51.38   49.80    1.12    1.08  3
    129.00    0.00   26.36   -0.66   33.41    1.12
     78.00   19.10   25.22   38.71   30.07
  KIOB      276.02   38.06   46.30   43.64   -0.12    0.26   48.45   49.11    0.85    0.90  3
    156.00    0.00   26.57   -0.18   28.34    0.79
     78.00   26.36   27.20   37.67   22.29
  KIXA      282.36   36.33   80.98   75.85   -0.96   -0.48   59.30   59.93    1.28    1.09  3
    143.00    0.00   82.76   -0.71   78.45    0.80
     74.00   91.68   86.13   79.94   72.08
  KJNX      281.61   35.54   62.23   59.11   -1.11   -0.53   59.94   58.65    1.19    0.98  3
    119.00    0.00   55.48   -0.93   76.02    0.98
     60.00   68.30   33.59   86.18   84.07
  KJVW      269.59   32.29   58.92   56.78   -0.51   -0.25   63.50   65.02    1.20    1.11  3
    140.00    0.00   44.48   -0.82   65.97    1.04
     77.00   68.44   35.52   76.11   62.18
  KJYL      278.41   32.65   66.70   62.76   -0.77   -0.35   51.33   48.60    0.94    0.86  3
    154.00    0.00   41.63   -0.91   43.16    0.76
     77.00  116.80   39.00   70.05   55.72
  KL35      243.14   34.26   80.33   75.81   -0.84   -0.11   66.74   70.48    1.61    1.76  3
    154.00    0.00   97.36   -1.12   58.20    1.93
     77.00  105.97   88.02   50.68   84.65
  KLGC      274.93   33.01   49.63   45.75   -0.26    0.00   45.76   47.38    0.96    0.84  3
    156.00    0.00   45.00   -0.36   45.49    0.82
     78.00   42.24   37.15   44.16   53.78
  KLLQ      268.25   33.64   46.84   43.91   -0.15    0.05   62.33   61.67    1.23    1.11  3
     84.00    0.00   27.12    0.04   39.41    1.42
     71.00   35.04   17.19   79.09   39.00
  KLOM      284.73   40.14   46.23   41.73   -0.97   -0.36   57.23   51.56    0.86    0.82  3
    156.00    0.00   26.10   -0.82   47.65    0.82
     78.00   33.54   24.24   61.54   69.42
  KM40      271.52   33.86   55.59   52.93   -0.29    0.00   61.33   58.17    1.22    1.04  3
    140.00    0.00   44.98   -0.55   70.77    1.31
     75.00   72.35   47.76   91.44   72.83
  KMEZ      265.80   34.54   63.24   61.69   -0.64   -0.26   61.97   63.29    1.24    1.15  3
    155.00    0.00   47.82   -0.78   60.96    1.28
     78.00   48.97   68.83   52.40  101.35
  KMMT      279.20   33.92   46.77   48.17   -0.09    0.35   69.75   74.60    1.28    1.26  3
     74.00    0.00   11.68   -0.20   50.51    1.31
     71.00   11.14    4.99   65.47   35.80
  KMNI      279.78   33.58   50.82   47.16   -0.67   -0.28   50.96   50.38    1.10    0.96  3
    156.00    0.00   52.73   -0.92   54.76    1.07
     78.00   26.82   34.07   34.04   66.02
  KMRC      272.82   35.54   50.09   51.30   -0.48   -0.13   65.02   66.67    1.05    1.00  3
    144.00    0.00   18.51   -0.51   47.45    1.25
     78.00   33.62   47.26   74.25   59.36
  KMTV      279.98   36.63   48.80   48.35   -0.47   -0.15   57.61   55.87    0.88    0.86  3
     81.00    0.00   37.87   -0.72   56.17    0.77
     67.00   67.50   56.17   73.18  100.08
  KMXF      273.63   32.38   52.08   48.56   -0.20    0.11   62.33   63.16    1.07    1.06  3
     79.00    0.00   35.39   -0.23   66.95    1.12
     65.00    8.21   57.35   35.77   63.20
  KMZZ      274.32   40.49   72.08   74.72   -1.77   -1.11   57.01   58.86    1.36    1.34  3
    156.00    0.00   67.46   -1.91   81.66    1.22
     78.00   67.46   86.83   75.53   98.94
  KNY0      285.67   42.98   49.23   48.06   -0.29    0.14   55.19   50.70    1.25    1.25  3
     71.00    0.00   37.89   -0.36   48.25    1.49
     71.00   33.58   54.10   30.42   57.22
  KO69      237.40   38.25   61.17   57.80   -0.09    0.52   42.77   48.71    1.52    1.44  3
    136.00    0.00   65.19   -0.33   47.96    1.92
     76.00   58.38   75.37   36.18   49.88
  KOGD      247.98   41.20   50.95   58.02    0.46    1.55   60.00   55.72    1.34    1.20  3
     72.00    0.00   57.70    0.42   49.14    1.30
     69.00   48.14   57.12   57.81   59.04
  KPOB      280.99   35.15   45.59   43.47    0.31    0.69   57.61   53.50    1.27    1.14  3
     88.00    0.00   27.96    0.42   36.38    1.06
     72.00   34.66   25.31   74.58   22.04
  KRAL      242.55   33.95   57.73   51.75    0.41    1.09   42.51   45.75    1.03    1.29  3
     73.00    0.00   53.65    0.39   28.56    1.17
     72.00   54.09   46.91   24.87   25.64
  KRBW      279.38   32.90   63.88   58.03   -0.72   -0.35   56.35   54.52    1.09    1.09  3
    152.00    0.00   56.98   -0.89   63.39    1.01
     76.00   93.43   62.64   82.58   67.38
  KRIV      242.73   33.88   86.15   79.34    0.41    1.10   51.73   50.74    1.24    1.49  3
     67.00    0.00   88.63    0.65   39.04    1.44
     66.00   93.48   89.78   57.70   43.81
  KRMN      282.55   38.40   46.64   46.89   -0.17    0.05   59.50   62.61    0.96    0.93  3
    156.00    0.00   26.55   -0.36   61.55    0.95
     78.00  103.69   11.37   62.08   39.36
  KRSN      267.41   32.51   72.78   71.51   -0.49   -0.34   57.20   59.91    1.16    1.05  3
    155.00    0.00   72.47   -0.56   70.47    1.09
     78.00   71.12   95.00   89.28   64.03
  KRTS      240.12   39.65   53.57   49.73    0.71    1.61   50.65   50.32    1.85    1.86  3
    145.00    0.00   49.83    0.44   59.39    2.11
     77.00   41.57   42.23   49.44   67.44
  KRUE      266.91   35.26   46.97   45.85   -0.33   -0.10   57.70   54.82    1.07    0.97  3
     75.00    0.00   45.74   -0.65   52.57    1.05
     66.00   45.74   49.33   59.70   56.79
  KRUQ      279.48   35.65   49.18   47.39   -0.44   -0.03   52.66   54.74    0.89    0.88  3
    134.00    0.00   38.59   -0.51   48.41    1.26
     71.00   44.53   40.27   57.58   52.28
  KSEG      283.14   40.82   45.73   45.47   -0.55    0.14   66.34   63.76    0.98    0.96  3
     87.00    0.00   30.96    0.19   48.15    1.38
     69.00   21.89   29.33   53.45   42.15
  KSEP      261.82   32.22   61.69   62.64   -1.57   -1.07   61.37   62.73    1.56    1.47  3
    156.00    0.00   42.80   -1.53   58.63    1.60
     78.00   13.44   65.89   29.04  100.60
  KSMQ      285.33   40.63   61.98   52.94   -0.98   -0.38   62.52   63.03    1.14    1.08  3
     85.00    0.00   47.49   -1.25   66.74    0.79
     67.00   51.40   72.36   72.44   97.09
  KSMS      279.64   34.00   62.43   59.63   -0.52   -0.07   55.80   55.91    1.34    1.36  3
    131.00    0.00   63.43   -0.69   58.62    1.32
     72.00   40.00   65.87   94.76   70.86
  KSRC      268.26   35.21   46.97   46.68    0.04    0.26   61.49   59.93    1.20    1.10  3
     78.00    0.00   24.00    0.23   39.91    1.33
     71.00   19.17   26.57   58.67   43.81
  KSWF      285.91   41.50   46.91   47.35    0.28    0.75   58.81   57.29    1.49    1.50  3
     69.00    0.00   33.51    0.54   37.69    1.99
     69.00   31.10   35.04   28.54   39.71
  KSYM      276.42   38.21   48.23   45.27   -0.26    0.13   55.75   56.14    0.93    0.90  3
    133.00    0.00   33.69   -0.20   51.86    0.96
     75.00   40.11   18.65   54.91   42.37
  KT82      261.09   30.24   51.59   49.82   -0.83   -0.21   60.08   60.91    1.29    1.16  3
    156.00    0.00   23.04   -0.60   40.63    1.10
     78.00   75.85   15.90  107.74   52.31
  KTKV      270.19   45.47   59.69   58.40   -1.02   -0.62   62.21   65.14    1.23    0.95  3
    148.00    0.00   48.03   -1.02   70.09    1.06
     74.00   53.35   46.06   71.25   75.49
  KTRI      277.60   36.47   67.93   64.88   -0.15    0.18   61.70   55.92    1.38    1.37  3
     77.00    0.00   93.81   -0.71   49.02    1.18
     73.00  104.51   84.89   46.69   61.78
  KUBE      268.01   45.50   59.35   58.81   -1.28   -0.58   56.64   57.43    1.66    1.42  3
    156.00    0.00   43.76   -1.47   63.90    1.60
     78.00   32.32   43.39   64.75   61.36
  KUKT      284.62   40.44   49.19   40.51   -1.00   -0.25   58.15   51.35    0.90    0.91  3
    143.00    0.00   29.05   -1.13   61.87    0.88
     77.00   33.37   26.91   60.53   71.91
  KUZA      278.94   34.99   51.06   48.86    0.24    0.63   61.94   62.82    1.09    1.09  3
     84.00    0.00   35.30    0.07   57.08    1.36
     66.00   32.19   35.03   58.19   53.42
  KW78      281.16   36.68   50.56   51.52   -0.18    0.18   56.88   57.81    0.68    0.67  3
    156.00    0.00   32.33   -0.28   47.99    0.77
     78.00   42.40   34.10   66.73   65.80
  KW81      281.91   37.18   57.07   56.25   -0.46   -0.15   57.17   57.87    0.86    0.70  3
    156.00    0.00   45.64   -0.54   52.84    0.78
     78.00   95.19   42.17   67.69   82.15
  KWHP      241.58   34.27   23.91   23.84   -0.42    0.27   98.26   86.44    1.01    1.28  3
     57.00    0.00   24.88   -0.62  153.86    0.97
     56.00    1.06   24.88  168.07  147.87
  KWYS      248.88   44.68   52.33   49.95    0.31    0.83   66.55   66.63    1.89    1.87  3
    161.00    0.00   42.26   -0.25   80.47    1.86
     75.00   32.27   26.01   74.82   58.89
  KZPH      277.85   28.22   68.62   70.79   -1.36   -0.97   45.78   47.27    1.49    1.44  3
    155.00    0.00   74.63   -1.18   43.94    1.03
     78.00   87.80   68.20   71.42   24.45
  LIVR       11.78   46.30    1.33  -22.74    1.36    1.61   71.20   80.14    1.42    1.25  3
     59.00    0.00   20.56    1.08   94.09    1.25
     59.00  -15.59   22.32   79.28   83.58
  LJPZ       13.62   45.47   48.76   38.83    0.46    0.69   47.83   49.39    1.23    1.19  3
     70.00    0.00   51.50    0.57   47.74    1.11
     70.00   50.03   51.31   47.13   60.02
  MDPP      289.45   19.75   61.49   61.10   -1.38   -1.31   69.73   69.03    2.14    1.97  3
     78.00    0.00   71.86   -2.05  101.00    1.98
     76.00   80.23   92.24   86.82  107.37
  MGPB      271.40   15.72   55.51   52.74   -1.00   -0.90   52.90   52.84    1.59    1.56  3
     74.00    0.00   62.89   -1.14   47.88    1.60
     74.00   54.56   68.93   40.69   77.12
  MMMM      258.97   19.85   36.59   33.29    0.07    0.22   71.54   74.87    1.40    1.43  3
     49.00    0.00   22.25   -0.36   71.38    0.83
     47.00 -999.00 -999.00 -999.00 -999.00
  MMPS      262.92   15.87   26.26   27.16    0.61    0.71   98.91   98.39    1.80    1.79  2
     23.00    0.00   22.85    0.24  147.05    2.18
     23.00 -999.00 -999.00 -999.00 -999.00
  PAGN      225.41   57.50   82.43   77.91   -1.58   -1.27   63.02   57.95    0.95    0.80  3
     83.00    0.00   70.35   -1.49   84.69    0.86
     71.00  129.53   69.27   57.43   80.75
  SKSM      285.77   11.13   55.94   55.76   -0.84   -0.68   61.82   62.03    2.45    2.36  3
     57.00    0.00   45.00   -0.16   64.00    2.64
     57.00   39.82   46.72   60.76   69.59
  TTPP      298.65   10.62   47.72   46.21   -0.29   -0.07   31.68   31.12    1.55    1.46  3
     72.00    0.00   49.25   -0.47   37.46    1.88
     70.00   62.78   38.92   28.76   42.15
  KBML      288.82   44.58   68.65   68.63   -0.69    0.05   58.53   58.12    1.10    1.19  3
     90.00    0.00   61.93   -0.82   65.99    1.07
     69.00   66.75   56.83   77.21   53.16
  KP59      272.12   47.47   58.53   56.19   -1.10   -0.64   42.67   41.76    1.82    1.71  3
     67.00    2.00   55.99   -1.01   30.41    1.74
     64.00   71.57   44.02   43.96   18.86
  MMVR      263.82   19.14   46.66   44.48   -1.72   -1.50   39.21   35.69    0.73    0.59  2
     15.00    0.00   35.63   -1.50   16.69    0.70
     14.00 -999.00 -999.00 -999.00 -999.00
  KLDJ      285.77   40.61   68.22   63.68   -0.96   -0.49   52.78   49.87    1.40    1.31  3
    140.00    0.00   49.64   -0.92   51.13    1.62
     72.00   53.43   46.80   55.55   55.08
  KMCJ      264.60   29.71   74.51   72.51   -0.89   -0.60   64.59   66.89    1.84    1.70  3
     89.00    0.00   75.96   -0.97   88.65    2.07
     56.00   57.33   84.17   83.74   75.82
  KOQT      275.77   36.02   58.06   45.71   -0.49   -0.30   51.45   50.55    0.94    0.91  3
     65.00    0.00   63.43   -0.72   63.04    0.60
     57.00   59.87   57.07   44.67   59.13
  KA08      272.62   32.51   56.85   55.89   -0.44   -0.19   50.61   51.25    1.01    0.94  3
    115.00    0.00   57.96   -0.60   54.32    0.95
     60.00   24.96   67.83   38.67   43.59
  K04V      253.83   38.10   87.49   81.58   -0.98   -0.23   61.65   62.44    2.56    2.20  3
    150.00    3.00   87.43   -1.46   78.23    1.84
     74.00   63.16  135.18   58.76   56.12
  K40J      276.44   30.07   49.86   47.89   -1.12   -0.06   45.80   48.21    1.08    0.98  3
    156.00    0.00   45.00   -1.34   54.64    1.11
     78.00   45.53   36.92   35.51   55.03
  K6L4      278.09   37.85  106.28  104.52   -2.02   -1.11   57.63   54.84    1.04    0.73  2
    145.00    0.00  123.23   -1.80   64.55    1.08
     75.00  152.77  123.76   32.70   50.13
  K8A3      274.69   36.40   54.16   48.10   -0.87    0.25   55.81   54.14    1.04    1.11  3
    145.00    0.00   77.78   -0.87  101.57    1.11
     76.00   22.75   45.00   38.40   34.77
  KACJ      275.80   32.11   45.08   46.69   -1.51   -0.19   53.42   58.74    1.01    0.78  3
    156.00    0.00   31.97   -1.44   46.72    1.11
     78.00   27.12   43.05   42.05   57.70
  KBBP      280.27   34.61   48.12   51.32   -1.48   -0.20   63.78   65.71    1.25    1.00  3
    143.00    0.00   40.24   -1.63   72.20    1.15
     73.00   30.92   52.19   79.36   69.17
  KBIJ      275.11   31.40   70.20   68.43   -2.21   -0.93   54.76   54.51    0.94    0.73  3
    154.00    0.00   79.27   -2.28   63.72    1.08
     78.00   88.59   79.71   77.67   49.96
  KCCO      275.23   33.31   58.33   60.71   -1.22   -0.04   59.56   67.31    0.96    0.88  3
    156.00    0.00   42.30   -1.28   60.26    0.92
     78.00   63.35   24.89   57.50   60.53
  KCDN      279.44   34.28   62.93   72.89   -1.78   -0.27   60.30   65.61    1.20    1.06  3
    138.00    0.00   53.56   -1.75   69.79    1.27
     75.00   52.08   57.18   71.75   83.71
  KCEW      273.48   30.78   62.92   62.59   -1.66   -0.52   60.30   64.54    1.10    0.92  3
     96.00    0.00   63.43   -1.72   78.79    1.12
     75.00   68.35   71.57   72.77   91.26
  KCKF      276.23   31.98   51.64   50.03   -1.82   -0.48   57.72   60.65    1.12    0.88  3
    153.00    0.00   29.13   -1.96   53.90    1.13
     78.00   56.25   28.69   75.53   50.50
  KCKI      280.16   33.72   54.18   50.79   -1.55   -0.43   59.64   59.65    1.17    1.23  3
    152.00    0.00   46.33   -1.72   57.74    1.32
     77.00  106.12   45.82   64.47   40.63
  KCLM      236.50   48.12   50.21   33.99    0.81    0.85   64.07   62.34    1.39    1.41  3
     87.00    0.00   46.33    0.88   53.87    1.38
     75.00   46.59   58.24   56.69   63.45
  KCPC      281.30   34.27   45.05   44.37   -1.63   -0.57   63.55   64.10    0.91    0.90  3
     88.00    0.00   41.99   -1.26   61.80    1.12
     57.00    7.84   57.49   56.18   37.17
  KCTZ      281.64   34.97   66.19   66.79   -2.05   -0.74   59.22   62.37    0.97    0.75  3
    120.00    0.00   59.61   -2.18   75.32    1.01
     64.00   76.75   49.28  104.28   50.60
  KCVH      238.59   36.89   53.22   66.73    0.69    1.20   61.85   76.81    2.31    2.58  3
    148.00    0.00   54.84   -0.21   84.66    1.91
     76.00   28.61   41.82   99.42   84.14
  KCXE      281.50   36.78   60.91   65.53   -1.66   -0.40   61.13   66.62    1.06    0.84  3
    156.00    0.00   51.30   -1.82   82.54    1.24
     78.00   66.88   44.03   63.94   77.00
  KDAA      282.82   38.72   47.74   51.77   -1.70   -0.57   65.20   69.37    1.43    1.13  3
     94.00    0.00   45.00   -1.68   81.49    1.47
     70.00   23.78   45.00   61.75   88.54
  KDBN      277.01   32.57   65.68   63.99   -1.77   -0.39   50.60   55.14    0.96    0.80  3
    155.00    0.00   64.98   -1.82   55.89    1.06
     78.00   71.71   74.24   79.52   64.01
  KDQH      277.15   31.47   57.20   58.25   -1.73   -0.53   56.31   58.60    1.24    0.90  3
    127.00    0.00   45.00   -1.80   60.31    0.99
     74.00   41.56   50.77   68.81   51.69
  KDWU      277.27   38.54   64.95   79.54   -1.53   -0.50   60.70   65.30    1.39    1.31  3
     98.00    0.00   50.51   -1.66   65.79    0.96
     66.00   38.01   94.52   58.80   78.75
  KEMK      265.68   27.82   71.81   69.82    0.88    0.58   23.91   25.72    1.44    1.32  3
    155.00   17.00   69.56    0.85   13.57    1.19
     72.00   73.38   69.91   17.37    8.89
  KESF      267.70   31.40   59.72   61.30   -1.10   -0.37   69.51   73.80    1.59    1.41  3
     82.00    0.00   42.11   -1.49   74.23    1.60
     73.00   70.37   47.12  106.29   85.51
  KFFA      284.33   36.02   63.47   62.31   -3.09   -2.15   55.64   55.75    1.58    1.19  3
    134.00    0.00   66.78   -3.04   78.60    1.36
     73.00   76.12   61.17   91.73   65.50
  KGKT      276.47   35.85   87.05   76.70   -1.42   -0.49   62.03   60.69    1.12    0.82  3
    141.00    0.00   98.09   -1.30   69.37    1.06
     76.00  104.66  109.50   76.87   65.23
  KGZH      272.95   31.42   51.03   53.09   -1.31   -0.11   61.67   68.51    1.34    1.27  3
    102.00    0.00   47.77   -1.55   71.84    1.23
     72.00   38.69   55.62   69.31   68.13
  KHMZ      281.49   40.09   51.27   51.50   -1.39   -0.02   57.94   59.35    1.31    1.29  3
    156.00    0.00   42.52   -1.23   66.34    1.48
     78.00   33.75   12.99   64.58   64.05
  KHQU      277.48   33.53   72.27   72.65   -1.20    0.19   47.37   50.96    1.09    1.03  3
    153.00    0.00   69.25   -1.21   39.94    0.95
     78.00   72.15   69.25   28.98   44.79
  KHSB      271.45   37.81   47.06   48.14   -1.93   -0.32   66.51   64.73    1.28    0.91  3
    156.00    0.00   23.12   -2.05   54.69    1.27
     78.00   22.72   17.09   75.96  110.50
  KHUM      269.33   29.57   51.67   57.82   -1.32   -0.47   66.11   65.96    1.54    1.43  3
    116.00    0.00   45.00   -1.61   63.95    1.22
     77.00   52.34   51.08   94.37   99.78
  KHWY      282.28   38.58   45.08   57.32   -1.37   -0.19   59.34   62.93    1.03    0.90  3
    156.00    0.00   45.00   -1.37   75.58    1.12
     78.00   29.84   24.49   60.72   46.59
  KJFX      272.69   33.90   91.77   93.97   -2.25   -1.01   58.50   59.80    1.07    0.86  3
    142.00    0.00   91.30   -2.35   76.76    0.93
     76.00  128.51   91.30   36.22   98.15
  KJGG      283.28   37.24   45.43   43.70   -1.45   -0.38   50.56   55.14    1.35    1.12  3
    156.00    0.00   42.14   -1.31   48.23    1.08
     78.00   40.49   19.12   58.36   45.83
  KJKL      276.68   37.60   77.01   89.21   -1.61   -0.69   59.20   61.04    1.13    0.96  3
     72.00    0.00   68.43   -1.54   76.32    1.21
     56.00   85.48   98.09   83.18   76.22
  KJQF      279.30   35.38   66.45   70.86   -1.68   -0.34   55.21   62.35    1.36    1.05  3
     86.00    0.00   65.96   -1.68   63.36    1.22
     74.00   45.12   66.59   63.46   71.82
  KLOR      274.25   31.35   67.86   70.05   -2.21   -0.89   60.43   62.39    1.49    1.12  3
    110.00    0.00   72.18   -2.41   76.12    1.06
     71.00   76.39   97.56   86.27  102.65
  KLVL      282.21   36.77   51.14   53.56   -1.57   -0.30   61.47   62.31    0.99    0.72  3
    121.00    0.00   34.95   -1.65   61.53    0.94
     62.00   38.92   33.35   71.90   51.31
  KMLJ      276.76   33.14   69.50   69.56   -1.48   -0.23   57.98   63.97    0.95    0.80  3
    156.00    0.00   80.09   -1.56   74.09    0.83
     78.00   73.48   68.70   77.58   72.32
  KP69      244.40   46.15   81.01   80.80   -1.42   -0.65   52.20   43.79    1.35    0.95  3
     74.00    0.00   66.70   -1.39   48.97    1.31
     74.00   77.30   67.87   54.23   47.23
  KPGV      282.60   35.63   49.97   50.76   -1.21    0.11   56.36   62.25    1.04    1.01  3
    125.00    0.00   38.29   -1.30   48.80    1.18
     63.00   46.24   23.49   36.30   45.82
  KPOE      266.80   31.05   59.15   54.19   -0.29    0.46   49.79   50.34    1.27    1.06  3
    106.00    0.00   81.29   -0.32   63.81    1.47
     70.00   61.45   49.94   55.12   76.85
  KPRB      239.37   35.67   50.60   71.57    1.34    1.83   64.33   73.24    2.24    2.53  3
     69.00    0.00   56.42    1.20   77.63    2.91
     69.00   70.05   46.59   78.82   68.21
  KPTB      282.48   37.18   48.66   57.74   -1.12   -0.03   66.42   69.99    1.09    0.95  3
    122.00    0.00   24.18   -0.97   68.47    1.05
     76.00   53.16   11.90   85.77   59.80
  KPVG      283.55   36.78   48.83   51.01   -1.70   -0.69   63.02   66.18    0.95    0.88  3
     72.00    0.00   36.25   -1.75   76.33    0.94
     61.00   41.34   22.03   78.24   78.00
  KSBO      277.63   32.61   57.40   56.65   -1.59   -0.20   54.39   58.21    1.06    0.84  3
    157.00    0.00   50.31   -1.73   59.81    1.38
     78.00   56.69   53.53   55.01   73.65
  KSCD      273.70   33.15   80.49   88.42   -1.98   -0.75   56.01   57.43    1.26    0.99  3
    149.00    0.00   83.42   -1.84   66.92    1.33
     75.00  102.42   68.26   75.68   71.61
  KSFQ      283.41   36.68   51.52   46.97   -1.41   -0.33   60.75   64.31    1.04    0.96  3
    154.00    0.00   39.82   -1.48   67.50    0.83
     77.00   48.20   15.57   72.35   37.27
  KTRK      239.87   39.32   60.08   69.18   -1.32    0.24   68.15   74.57    1.66    1.71  3
    107.00    0.00   58.02   -1.41   89.45    1.57
     68.00   64.50   43.33   76.90  112.10
  KVUJ      279.85   35.42   50.14   55.86   -1.07    0.27   60.18   59.73    0.95    1.28  3
    141.00    0.00   43.89   -1.06   60.71    0.98
     74.00   63.81   42.91   77.23   60.31
  MGMM      270.13   16.97   75.13   75.82   -1.35   -1.17   53.41   55.56    1.80    1.74  3
     72.00    0.00   85.68   -1.27   51.44    2.10
     72.00   86.93   73.46   53.80   77.87
  MMTO      260.43   19.35   57.14   57.91    0.38    0.49   65.67   70.87    2.01    1.80  3
     70.00    0.00   67.62    0.14   56.25    2.02
     65.00   78.39   69.18   60.26   44.83
  PHBK      200.21   22.04   61.98   58.44   -2.65   -1.58   59.70   58.60    2.52    2.10  3
     85.00    0.00   56.93   -2.22   57.95    2.21
     75.00   74.97   34.31   56.11  119.45
  PHSF      204.45   19.78   81.35   41.32    0.58    1.31   63.11   97.22    1.70    1.71  3
     67.00    0.00   84.88    0.54   76.05    1.96
     58.00   80.83   88.47   87.31   69.82
  KAFP      279.92   35.02   51.81   53.96   -1.44   -0.21   64.24   69.84    1.09    0.90  3
    114.00    0.00   45.99   -1.51   73.03    1.13
     60.00   26.61   48.17   94.93   62.52
  KEUF      274.87   31.95   58.59   59.71   -1.63   -0.33   62.66   63.53    0.99    0.82  3
     66.00    0.00   47.83   -1.74   74.43    1.05
     58.00   59.97   34.83   56.42   79.34
  LSZC        8.38   46.97   35.12   29.62    0.73    1.27   78.62   82.94    1.27    1.09  3
     44.00    0.00   62.94    0.57   60.19    0.89
     44.00 -999.00 -999.00 -999.00 -999.00
  SKAR      284.28    4.50  103.68   95.00   -0.39   -0.21   67.62   66.89    1.47    1.38  3
     57.00    0.00  121.17   -0.96   42.66    1.20
     56.00  112.62  112.91   35.13   61.68
  SKRG      284.57    6.18   51.17   53.16   -0.01    0.06   64.41   62.56    1.50    1.41  3
     59.00    0.00   50.01    0.01   75.36    1.44
     58.00   32.27   80.55   77.92   69.53
  KRHP      276.14   35.19   89.79   91.63   -1.60   -0.44   58.25   69.97    1.34    0.83  3
    118.00    0.00  100.64   -1.61   54.49    1.03
     62.00  108.51   97.23   48.46   59.53
