  A27AA     243.90   36.77   18.73   27.55    3.38    4.17   42.86   42.90    2.02    2.00  3
    229.00    0.00   12.28    3.38   28.46    2.18
     77.00   12.72    7.57   28.58   23.16
  AFA09     255.08   38.99  -10.49   -9.83    3.48    4.09   54.73   52.64    2.83    2.91  3
    876.00    0.00  -19.86    2.95   36.86    2.27
     73.00   -5.65  -24.05   35.36   36.09
  AR160     235.95   44.76   15.82   19.90    0.68    1.29   50.87   53.72    2.36    2.39  3
    436.00    0.00    5.13    0.92   30.60    2.23
     78.00    8.36    1.66   41.11   28.32
  ATKA2     185.83   52.23   14.91   12.01   -1.17   -0.56   40.40   35.23    2.70    2.03  3
    386.00    0.00   17.77   -1.00   34.53    3.11
     78.00   17.95    7.96   44.34   29.87
  BHRI3     272.85   41.65   35.00   33.16   -1.24   -0.64   55.11   52.67    2.49    2.34  3
    135.00    0.00   15.69   -1.08   25.45    2.12
     78.00   17.78    8.43   27.12   20.38
  C2235       8.02   58.09   28.20   28.72   -3.33   -3.20   42.29   40.51    2.34    2.29  3
    535.00    7.00   19.12   -3.81   26.76    2.50
     77.00   27.23   15.82   50.53   25.49
  C3540      12.40   55.73   18.39   23.02   -2.61   -1.55   57.23   55.15    2.74    2.50  3
    135.00    0.00   -6.24   -3.46   36.04    2.26
     69.00   -2.12   -8.66   43.40   27.02
  D6193     237.76   45.54  -30.20  -30.92    0.70    1.22   74.01   65.62    2.45    2.58  3
    220.00    0.00  -48.69    0.11   67.06    1.97
     77.00  -59.06  -28.76   52.14  127.58
  E1486  a  253.24   32.40   29.86   28.63    0.96    2.15   75.53   60.38    2.32    2.13  3
    158.00    0.00   24.73    0.61   76.38    2.69
     76.00   28.95   24.73   76.08   73.78
  E1487  a  253.08   32.46  -11.38  -22.62    1.52    2.72   68.61   53.78    2.31    2.53  3
    161.00    0.00  -19.52    0.92   52.38    2.06
     76.00  -44.74  -10.89   55.00   38.57
  E1872     304.54   51.52   14.08   17.41   -3.52   -2.86   48.50   47.70    2.48    2.40  3
    159.00    0.00   13.17   -3.64   48.03    2.96
     77.00   11.99    4.31   44.51   40.61
  E2875     357.96   55.78   18.49   20.57   -3.67   -2.58   46.31   46.22    2.89    2.74  3
    224.00    0.00    6.48   -3.46   18.55    5.27
     76.00   19.06    0.62   38.77   13.64
  E3393     243.63   33.89   20.88   13.37   -0.60    0.18   43.37   47.63    2.47    2.43  3
    459.00    0.00   13.64   -1.09   33.41    2.47
     78.00   24.71    6.98   39.45   28.17
  E4395  a  241.82   45.99  -10.74   -2.89    1.00    2.36   48.88   46.17    1.98    2.48  3
    175.00    0.00  -14.63    0.85   22.19    2.06
     58.00  -14.63  -10.69   50.31   33.82
  E5679  a  287.13   40.74   19.68   24.90   -0.38    0.94   53.55   55.58    1.97    2.12  3
    261.00    0.00   11.48   -0.41   28.09    1.85
     69.00   16.64    9.93   42.31   24.04
  E5793  a  254.41   36.34  -10.88  -11.57    1.57    1.77   69.98   64.65    2.60    2.44  3
    308.00    0.00  -12.74    0.73   60.89    2.50
     78.00   -9.74  -19.57   59.73   80.83
  F0218  a  278.28   36.30   34.94   41.04    1.02    2.34   65.43   64.58    3.08    2.99  3
    105.00    0.00   21.31    2.07   66.15    3.77
     76.00   25.81    7.47   54.45   49.51
  FREUT     247.67   41.15  -11.79    5.07    2.13    2.54   65.14   62.02    2.56    2.47  3
    553.00    0.00  -16.04    1.36   59.73    2.44
     79.00  -13.57   -4.88   61.56   63.11
  FTG23     214.05   63.77  -19.70  -18.18    1.43    1.76   66.16   70.02    2.54    2.77  3
    507.00    0.00  -14.94    0.82   52.03    1.88
     73.00  -14.70   -0.90   47.42   35.41
  GHG39     242.71   34.61  -25.90  -19.78    1.53    2.98   37.32   40.77    2.58    2.90  3
    486.00    6.00  -28.11    1.27   33.60    2.71
     70.00  -26.68  -37.24   48.19   24.02
  HP001     243.58   32.89  -45.89  -37.93    3.56    4.18   60.87   64.31    2.81    3.36  3
    228.00    9.00  -29.13    3.35   30.81    3.03
     75.00  -36.81  -27.25   29.93   34.20
  HYRMC     248.18   41.63   -1.65   -3.56    0.66    2.30   47.85   47.97    3.58    3.70  3
    449.00    0.00   -6.72   -1.46   35.50    2.54
     73.00   -9.50  -10.45   24.14   59.01
  N17KX     202.81   60.53    0.13    1.17    1.29    1.52   37.63   35.78    2.20    2.07  3
    446.00    0.00   -2.40    1.66   12.12    2.30
     76.00   -1.36   -0.20   12.06   15.93
  P19KX     206.77   59.65  -12.60   -6.67    1.64    2.12   51.75   49.29    2.25    2.27  3
    217.00    1.00   -3.23    1.40   45.83    2.12
     78.00   15.00    1.74   54.33   24.93
  RHRA2     214.27   61.13    4.81    3.38    2.40    2.83   45.43   45.48    2.59    2.75  3
     64.00    0.00   10.29    2.24   39.33    3.08
     64.00   -4.97   21.91   47.75   25.87
  SMCA2     210.26   61.02    4.12   -1.53    4.58    4.88   57.99   59.77    4.15    4.69  3
     77.00    2.00    6.04    3.67   34.92    4.98
     74.00   11.30    7.48   41.01   36.09
  STORM     253.26   40.46   26.29   27.70    0.94    1.60   72.38   71.94    2.32    2.38  3
    494.00    0.00   24.26    0.62   83.27    2.93
     73.00   24.44   59.87   92.07   71.93
  SUM       246.98   43.40   24.45   18.75    2.34    2.73   71.83   71.27    2.24    2.04  3
    532.00    0.00    8.68    2.35   62.66    2.40
     76.00   12.31    1.34   57.28   93.88
  TCOA2     214.12   63.82  -11.29   -8.31    2.29    2.55   56.19   56.11    3.56    3.77  3
    506.00   10.00   -5.42    0.67   32.79    1.95
     72.00   -1.45    5.88   24.09   54.22
  TEXA2     214.09   63.84   -3.79    0.52    1.26    1.54   60.42   59.01    2.78    3.05  3
    509.00    0.00   -3.38    0.29   53.40    1.29
     73.00   -9.62    6.62   26.92   50.61
  UB7ST     250.65   39.98    5.35    2.76    3.50    3.82   59.75   54.34    3.01    2.91  3
    553.00    6.00    2.20    2.79   48.72    2.65
     79.00   -0.76   -0.41   77.50   46.53
  UBCSP     249.98   40.05  -10.09    4.46    3.92    4.06   60.62   54.37    3.09    3.16  3
    538.00    5.00  -18.06    3.44   43.13    2.70
     78.00    3.92  -21.08   48.39   49.47
  UVM02     286.67   44.56   14.73   18.04    3.36    4.65   44.58   38.69    2.49    2.88  3
    229.00    0.00    8.16    3.19   27.28    1.96
     77.00    9.18    8.85   34.28   23.17
  VCVA2     189.71   57.13   -2.45    0.99   -2.85   -1.68   29.05   26.39    2.56    1.80  3
    305.00    0.00   -2.71   -2.41   16.30    2.08
     68.00   -0.28   -9.15   10.71   23.49
  WSM05     253.43   32.43   25.10   20.33    3.26    4.34   65.63   71.55    2.51    2.30  3
    443.00    0.00   24.36    3.33   72.16    2.13
     66.00   27.20    9.00   71.12   72.84
  XBLT      237.58   37.85   -3.35   -4.97    4.10    4.76   32.57   31.80    2.75    2.84  3
    535.00    0.00   -3.60    7.28   25.21    4.52
     77.00    3.80   -3.66   11.43   25.99
  XCPT      239.53   34.45  -19.39  -18.27    1.35    1.84   36.49   39.15    2.36    2.38  3
    444.00    0.00  -10.53    1.38   22.91    2.87
     73.00   -6.67  -16.15   19.69   23.82
  XMRK      260.01   32.32    2.26    6.12    2.26    3.87   21.22   21.31    2.48    2.97  3
    456.00    0.00    1.21    2.05   12.71    2.25
     77.00    2.69   -3.17   16.34   11.89
  XMRY      239.16   45.67  -10.78   -6.93    2.33    2.98   56.43   60.70    2.48    2.82  3
    231.00    0.00  -27.67    1.84   18.58    3.00
     77.00  -32.87  -16.84   16.62   44.91
  XSQU      236.83   49.68   12.16   15.00    2.86    3.19   70.98   71.58    3.15    3.18  3
    181.00    0.00   25.72    2.42   50.65    3.35
     76.00   31.64   -2.95   38.66  126.73
  XTRI      237.63   37.83   -5.20   -8.56    2.51    3.20   41.11   34.48    2.30    2.27  3
    462.00    0.00   -3.96    2.28   20.35    2.34
     77.00   -4.19   -5.26   19.21   26.06
  XVEN      250.01   24.05   34.44   36.98   -1.27   -1.21   75.48   76.35    2.04    1.94  3
    539.00    0.00   21.42   -1.62   91.07    2.09
     77.00   27.63    4.28  130.75   45.96
  D4338       4.90   60.51   32.72   33.65    1.63    2.00   42.58   41.45    4.44    4.54  3
    132.00   12.00   27.34    0.71   31.65    3.79
     63.00  102.45   15.51  102.71   22.78
  AT076     356.80   50.81   18.65   16.55   -2.04   -1.89   63.96   61.91    2.08    2.00  3
    112.00    0.00   13.70   -2.24   59.64    1.73
     76.00   -2.37   10.63   60.87   62.90
  AU563     241.76   35.11  -27.57  -32.19    2.10    3.55   41.57   40.26    2.35    2.46  3
    375.00    0.00  -18.45    4.67   27.03    3.81
     78.00  -10.67  -24.43   19.78   40.90
  CMP26     243.58   38.19   -5.40   -3.13    3.08    3.42   52.21   47.54    2.37    2.30  3
    217.00    0.00   10.77    3.02   33.64    2.32
     75.00    7.70    8.25   38.46   42.77
  E7054     283.12   34.73   36.34   34.93   -1.55   -1.12   52.33   53.56    2.18    2.02  3
    294.00    0.00   34.11   -1.15   66.30    2.16
     65.00   -9.98   46.29   52.84   61.07
  E8903  a  276.08   43.69   46.80   44.50   -0.95   -0.33   64.59   65.40    2.55    2.54  3
    142.00    0.00   27.90   -1.26   43.39    1.94
     71.00   17.94   67.93   93.86   60.76
  L20KX     206.12   62.48   27.67   22.80    2.35    2.36   75.95   80.47    3.48    3.13  3
    105.00    0.00   18.52    1.74   68.20    3.56
     46.00 -999.00 -999.00 -999.00 -999.00
  MN084     267.47   47.51  -43.19  -38.62    4.10    4.65   68.94   73.93    3.18    3.13  3
    410.00   73.00  -72.99    3.38   25.31    3.15
     63.00  -73.60  -69.45   31.08   26.77
  N20KX     207.79   61.20   35.92   32.91    3.64    3.87   63.98   59.91    2.82    3.05  3
    178.00    2.00   22.46    3.58   52.49    3.38
     76.00   22.46   92.53   38.19   78.19
  WSHA2     214.05   63.79  -19.97  -21.87    1.18    1.48   66.31   67.76    2.47    2.71  3
    508.00    0.00  -14.04    0.52   39.98    1.91
     73.00  -19.80   -1.80   31.30  107.96
  XJNB      236.70   46.15  -17.32  -13.38    2.33    2.77   62.37   65.01    2.45    2.48  3
    471.00    0.00  -15.19    1.97   53.34    2.64
     79.00  -10.98   17.32   38.33   56.70
  XSWL      238.43   45.72   -7.43   -6.60    2.13    2.82   40.75   40.08    2.50    2.79  3
    471.00    0.00   -3.48    2.09   27.15    2.97
     79.00  -14.64   -0.38   13.05   36.71
  XVIE      238.33   45.70   -7.42   -1.84    3.97    4.67   40.13   39.91    2.13    2.42  3
    472.00    0.00    4.56    3.96   30.71    2.13
     79.00   -8.74    4.82   32.71   22.85
  XWHT      286.67   44.62   47.02   46.58    0.07    0.71   63.39   66.91    2.63    2.86  3
    548.00    0.00   15.44   -0.90   43.10    1.20
     79.00   44.50    6.91   80.33   21.05
  S14KX     200.45   56.28  -19.24  -19.69    3.37    3.75   45.65   45.36    4.62    4.65  3
    126.00   18.00  -30.40    1.81   51.27    4.53
     52.00 -999.00 -999.00 -999.00 -999.00
  AS539  a  254.00   41.15    1.25   -5.24   -1.12   -0.48   60.02   56.39    1.44    1.37  3
    170.00    0.00  -11.48   -1.33   41.01    1.20
     70.00   56.38  -17.88  106.54   38.60
  AU176  a  248.83   34.40   37.97   36.97    0.16    0.63   67.43   68.28    2.04    2.08  3
    447.00    0.00   37.49   -0.08   65.76    1.54
     78.00   47.24   26.84   66.86   59.09
  AU872     249.74   31.36   18.29   20.02    0.06    0.45   57.53   53.81    2.37    2.32  3
    324.00    0.00   19.45   -0.61   38.44    2.12
     75.00   -0.63   25.37   54.23   29.76
  BRCAM     242.99   34.89   18.07   14.14   -0.61    0.17   48.13   49.19    1.31    1.19  3
    537.00    0.00   13.40   -0.66   39.14    1.39
     78.00    3.33   44.51   24.21   49.36
  C5763     358.80   50.66   48.75   49.35   -5.32   -5.34   64.13   64.04    2.35    2.39  3
    129.00    1.00   40.62   -5.51   65.11    2.22
     65.00   49.62   38.96   78.36   58.00
  C8844  a  248.29   41.26   46.32   49.50   -1.20    0.18   63.14   60.55    1.48    1.53  3
    220.00    0.00   33.12   -1.13   64.02    1.58
     75.00   45.89   49.96   76.66   67.90
  C9190     202.26   21.37   45.86   44.36   -2.99   -2.49   50.63   47.37    1.21    1.16  3
     92.00    0.00   49.98   -3.09   49.93    1.26
     67.00   34.04   64.73   51.19   49.91
  CMP14     246.99   38.39    3.45    7.77   -2.33   -1.74   55.99   54.61    1.81    1.69  3
    203.00    0.00   -1.12   -2.08   38.70    1.93
     75.00   -0.03   -2.20   32.28   60.50
  D2610  a  256.22   44.23   59.27   58.02   -1.67   -1.32   68.96   68.16    1.26    1.14  3
    238.00    0.00   33.56   -1.55   69.12    1.31
     77.00   82.39   21.11  100.08   99.37
  D3400      11.76   54.70    9.00   10.58   -4.52   -4.07   56.91   56.18    2.21    1.92  3
    380.00   15.00   -4.94   -4.21   39.96    2.04
     77.00  -12.69   -4.63   51.85   27.81
  D4786     255.45   39.40   -5.41   -1.01   -1.85   -1.38   56.18   54.89    1.66    1.65  3
    527.00    0.00  -14.14   -1.41   49.82    1.72
     76.00  -20.50   -3.60   35.85   84.49
  D7130       3.47   43.28    6.80    7.44   -3.07   -3.11   46.41   45.44    2.16    2.11  3
    161.00    0.00   14.81   -2.52   44.32    2.14
     76.00  -14.44   19.06   57.39   33.12
  D8131      12.12   57.23   31.98   31.80   -0.83   -0.60   49.28   49.80    2.25    2.21  3
    163.00   12.00   13.46   -0.69   40.05    2.35
     72.00   13.46    6.41   59.28   42.17
  DPG13     247.19   40.11  -10.02  -10.17    0.75    1.25   51.31   44.33    1.72    1.66  3
    539.00    0.00   -8.43    0.66   45.77    1.65
     77.00  -23.37    2.15   48.43   37.47
  E1884       9.89   64.02  -10.56  -11.21   -2.75   -2.54   45.65   46.16    1.78    1.70  3
    273.00    0.00  -12.09   -3.09   29.46    1.89
     78.00  -19.85   -8.90   39.47   14.95
  E5413     355.03   58.15   -7.91   -8.95   -3.20   -2.86   39.23   39.25    1.80    1.87  3
    292.00    0.00   -9.46   -2.92   23.57    1.91
     77.00    1.81  -15.74   35.53   18.09
  E7418     353.58   57.47   15.84   13.36   -2.37   -2.24   45.96   46.02    1.93    1.95  3
    184.00    0.00   16.94   -2.21   26.20    2.20
     78.00   21.82    8.92   27.86   24.07
  F0816     299.53   47.00   -4.70   -4.10   -1.35   -0.91   41.69   41.70    2.09    2.04  3
    177.00    0.00   -1.69   -0.87   30.23    2.90
     76.00  -10.63   -2.88   24.33   41.03
  F1362  a  248.27   35.26   41.75   48.31   -0.96   -0.64   70.90   68.73    1.06    1.08  3
    530.00    0.00   54.97   -0.81   81.40    1.10
     78.00   34.08   58.53   94.53   90.62
  F2780     299.19   46.82   -8.95   -9.23   -3.79   -3.28   51.39   51.19    1.68    1.55  3
    199.00    0.00  -17.09   -3.81   38.36    1.22
     75.00  -16.31  -16.02   36.77   62.76
  FLGMM     248.35   35.21   50.89   56.08   -0.55   -0.23   62.69   62.67    1.17    1.03  3
    537.00    0.00   63.82   -0.73   65.42    1.30
     78.00   61.38   58.37   62.90   85.42
  KAOH1     203.43   20.52    2.37    2.54    2.51    2.94   20.72   27.83    1.95    1.96  3
     78.00    0.00    2.43    2.45   20.33    1.91
     78.00    7.31   -1.97   13.76   26.64
  LRMWM     254.42   41.31  -19.33  -15.53   -1.19   -0.52   58.57   59.47    1.46    1.42  3
    369.00    0.00  -14.86   -1.05   44.92    1.09
     57.00   -7.15  -21.10  103.17   34.68
  MC019     274.82   45.36   10.26   12.12   -0.75   -0.25   48.47   47.63    2.13    2.01  3
    145.00    0.00   11.78   -1.15   32.34    1.75
     73.00   20.93    7.32   32.36   39.44
  MOLOK     255.98   30.67   -6.17   -4.10    0.94    1.39   47.60   43.36    1.81    1.72  3
    553.00    0.00   -4.47    0.82   25.66    1.98
     79.00    1.90   -4.05   38.86   22.02
  N15KX     199.91   60.17    3.21    2.57    1.44    1.56   36.83   35.34    2.03    1.89  3
    481.00    0.00    2.67    1.26   30.31    2.19
     78.00   -8.28   10.13   34.81   43.34
  OLSA2     191.13   52.94    6.45    3.86    1.57    1.35   32.05   24.11    2.30    1.54  3
    390.00    0.00    3.80    0.93   19.49    1.97
     78.00    4.50    5.49   12.23   22.91
  RPRN6     282.40   43.26   22.15   20.21    0.89    1.51   66.08   63.65    1.69    1.63  3
     78.00    0.00   11.47    0.77   30.85    1.80
     78.00   22.70    8.15  130.92   22.41
  SDSPN     283.01   43.27    8.64    7.43   -1.80   -1.16   35.58   36.08    1.77    1.64  3
    482.00    0.00    4.11   -1.81   25.76    1.87
     78.00    0.45    8.76   25.70   40.02
  SRWN2     245.67   38.89  -21.20  -24.59   -0.68   -0.27   71.60   70.15    1.95    1.77  3
     77.00    0.00  -11.75   -0.43   47.42    1.54
     77.00   -7.41  -14.45   50.65   45.37
  TWB24     256.73   30.65   14.44   16.92    0.26    0.66   55.96   50.37    1.67    1.62  3
    227.00    0.00   14.07    0.26   35.87    1.29
     76.00   30.79    8.20   39.63   36.11
  UBWHR     250.09   40.48   -5.35    0.59    1.04    1.48   47.70   46.26    1.23    1.29  3
    553.00    0.00   -1.23    1.11   28.86    1.21
     79.00   -3.01   -0.06   36.21   31.47
  UNLA2     193.46   53.88    5.05   10.34   -1.30   -0.70   52.39   47.88    1.64    1.40  3
    390.00    0.00   15.65   -1.31   37.22    1.43
     78.00   28.51   13.80   37.76   33.59
  UPTNB  a  255.38   44.10   20.31   17.09   -2.59   -2.28   56.16   55.18    1.90    1.67  3
    542.00    0.00   17.62   -2.53   57.82    2.20
     78.00   19.77   17.42   64.70   76.20
  WBSTR     282.50   43.25   40.59   38.67   -3.00   -2.38   58.83   60.23    1.85    1.68  3
    382.00    0.00   40.01   -2.92   64.05    1.75
     69.00   30.27   55.30   59.29   71.01
  WSM30     253.87   33.45    6.69    8.53    0.81    1.20   63.58   60.79    1.80    1.76  3
    428.00    0.00  -19.43    0.85   64.32    1.31
     62.00  -19.64  -13.84   70.27   67.87
  XMRH      239.20   45.68   -4.64    0.43    2.13    2.75   58.53   62.78    2.14    2.33  3
    471.00    0.00  -22.83    1.97   32.95    1.64
     79.00  -20.34  -19.08   40.90   37.29
  XRRK      237.76   45.55   58.11   64.15    0.74    1.25   64.48   63.95    2.44    2.37  3
    472.00    0.00   69.89    0.66   58.98    2.05
     79.00   70.73   24.96   61.54   67.04
  XSLR      238.94   37.06  -30.97  -30.65    1.84    2.63   56.43   55.84    2.30    2.51  3
    462.00    6.00  -23.38    1.87   51.93    2.49
     76.00  -33.36  -20.42   54.59   40.45
  RCGLH     282.39   43.25   12.28   11.73   -2.17   -1.55   52.27   52.18    1.55    1.31  3
    356.00    0.00    2.30   -2.17   25.83    1.62
     62.00   -2.81   15.34   19.14   53.74
  AT481     248.11   40.41   29.18   22.87   -0.62    0.59   77.31   73.21    1.75    1.44  3
    446.00    0.00   37.83   -1.21   74.53    1.49
     65.00   43.38   31.00   73.86   73.23
  E3656       0.89   51.32   22.60   23.85   -4.03   -3.96   70.48   72.12    2.09    2.12  3
    365.00    0.00   19.53   -3.94   82.52    2.17
     60.00    3.07   39.36   78.98   85.49
