dtype=   uv220 mean,std,direction,speed
     7     6     4     3     4     3     3     3     3     3     3     3
     2     3     3     3     3     3     4     3     2     3     3     3
     2     3     3     2     2     3     2     2     2     2     2     2
     2     2     2     3     3     3     5
    13    13    11    11    11    11    11    10    10    10    10     9
     9     9     9     8     8     8     7     8     8     8     7     7
     8     8     8     8     7     7     7     6     6     7     7     7
     8     6     7     8     8     8    11
    11    10     8     7     8     8     6     8     7     8     7     7
     6     7     7     7     7     7     9     8     6     7     8     9
     6     8     9     7     6    10     7    11     8    11     7     8
     7     7     8    10    10    11    15
    12    15    15    14    16    15    14    14    14    14    15    14
    14    15    14    15    15    15    15    16    13    14    17    17
    15    17    20    19    17    20    17    20    17    20    16    14
    14    11     9    10    13    14    21
 35.00 30.00 20.00 15.00 20.00 15.00 15.00 15.00 15.00 15.00 15.00 15.00
 10.00 15.00 15.00 15.00 15.00 15.00 20.00 15.00 10.00 15.00 15.00 15.00
 10.00 15.00 15.00 10.00 10.00 15.00 10.00 10.00 10.00 10.00 10.00 10.00
 10.00 10.00 10.00 15.00 15.00 15.00 25.00
 65.00 65.00 55.00 55.00 55.00 55.00 55.00 50.00 50.00 50.00 50.00 45.00
 45.00 45.00 45.00 40.00 40.00 40.00 35.00 40.00 40.00 40.00 35.00 35.00
 40.00 40.00 40.00 40.00 35.00 35.00 35.00 30.00 30.00 35.00 35.00 35.00
 40.00 30.00 35.00 40.00 40.00 40.00 55.00
  2.20  2.00  1.60  1.40  1.60  1.60  1.20  1.60  1.40  1.60  1.40  1.40
  1.20  1.40  1.40  1.40  1.40  1.40  1.80  1.60  1.20  1.40  1.60  1.80
  1.20  1.60  1.80  1.40  1.20  2.00  1.40  2.20  1.60  2.20  1.40  1.60
  1.40  1.40  1.60  2.00  2.00  2.20  3.00
  2.40  3.00  3.00  2.80  3.20  3.00  2.80  2.80  2.80  2.80  3.00  2.80
  2.80  3.00  2.80  3.00  3.00  3.00  3.00  3.20  2.60  2.80  3.40  3.40
  3.00  3.40  4.00  3.80  3.40  4.00  3.40  4.00  3.40  4.00  3.20  2.80
  2.80  2.20  1.80  2.00  2.60  2.80  4.20
dtype=   uv221 mean,std,direction,speed
     0     0     0     0     0     0     0     0     0     0     0     0
     0     0     0     0     0     0     0     0     0     0     0     0
     0     0     0     0     0     0     0     0     0     0     0     0
     0     0     0     0     0     0     0
     0     0     0     0     0     0     0     0     0     0     0     0
     0     0     0     0     0     0     0     0     0     0     0     0
     0     0     0     0     0     0     0     0     0     0     0     0
     0     0     0     0     0     0     0
     0     0    29    38    41    37    35    36    37    37    37    28
     0    28    27     0    27    28     0    40    27    38    37     0
    41    36    29    36    37     0    29     0    28    28    37     0
     0    28    37     0    37     0    27
    11    11    11    34     0    36     0     0     0    40     0     0
    35    40     0     0    35    40    33     0    35     0     0     0
     0     9     9    11    11     0     0     0    39     0     0    34
     0     0    33    15    35     0    10
  0.00  0.00  0.00  0.00  0.00  0.00  0.00  0.00  0.00  0.00  0.00  0.00
  0.00  0.00  0.00  0.00  0.00  0.00  0.00  0.00  0.00  0.00  0.00  0.00
  0.00  0.00  0.00  0.00  0.00  0.00  0.00  0.00  0.00  0.00  0.00  0.00
  0.00  0.00  0.00  0.00  0.00  0.00  0.00
  0.00  0.00  0.00  0.00  0.00  0.00  0.00  0.00  0.00  0.00  0.00  0.00
  0.00  0.00  0.00  0.00  0.00  0.00  0.00  0.00  0.00  0.00  0.00  0.00
  0.00  0.00  0.00  0.00  0.00  0.00  0.00  0.00  0.00  0.00  0.00  0.00
  0.00  0.00  0.00  0.00  0.00  0.00  0.00
  0.00  0.00  5.80  7.60  8.20  7.40  7.00  7.20  7.40  7.40  7.40  5.60
  0.00  5.60  5.40  0.00  5.40  5.60  0.00  8.00  5.40  7.60  7.40  0.00
  8.20  7.20  5.80  7.20  7.40  0.00  5.80  0.00  5.60  5.60  7.40  0.00
  0.00  5.60  7.40  0.00  7.40  0.00  5.40
  2.20  2.20  2.20  6.80  0.00  7.20  0.00  0.00  0.00  8.00  0.00  0.00
  7.00  8.00  0.00  0.00  7.00  8.00  6.60  0.00  7.00  0.00  0.00  0.00
  0.00  1.80  1.80  2.20  2.20  0.00  0.00  0.00  7.80  0.00  0.00  6.80
  0.00  0.00  6.60  3.00  7.00  0.00  2.00
dtype=   uv224 mean,std,direction,speed
     1     3     6     6     7     6     7     5     6     5     7     6
     6     6     6     5     5     6     7     8     6     5     5     2
     1     1     1     1     1     1     1     1     1     1     1     1
     1     1     1     1     1     1     1
     1     7    13    15    16    14    15    15    18    16    16    14
    16    16    14    14    13    13    16    16    15    15    11     7
     1     1     1     1     1     1     1     1     1     1     1     1
     1     1     1     1     1     1     1
     1     3    11    19    16    14    16    14    15    17    15    15
    13    16    15    15    16    16    15    16    14    14    13     9
     1     1     1     1     1     1     1     1     1     1     1     1
     1     1     1     1     1     1     1
     1    13    28    36    31    32    33    31    35    34    34    33
    33    36    37    39    32    35    37    46    38    42    39    22
     1     1     1     1     1     1     1     1     1     1     1     1
     1     1     1     1     1     1     1
  5.00 15.00 30.00 30.00 35.00 30.00 35.00 25.00 30.00 25.00 35.00 30.00
 30.00 30.00 30.00 25.00 25.00 30.00 35.00 40.00 30.00 25.00 25.00 10.00
  5.00  5.00  5.00  5.00  5.00  5.00  5.00  5.00  5.00  5.00  5.00  5.00
  5.00  5.00  5.00  5.00  5.00  5.00  5.00
  5.00 35.00 65.00 75.00 80.00 70.00 75.00 75.00 90.00 80.00 80.00 70.00
 80.00 80.00 70.00 70.00 65.00 65.00 80.00 80.00 75.00 75.00 55.00 35.00
  5.00  5.00  5.00  5.00  5.00  5.00  5.00  5.00  5.00  5.00  5.00  5.00
  5.00  5.00  5.00  5.00  5.00  5.00  5.00
  0.20  0.60  2.20  3.80  3.20  2.80  3.20  2.80  3.00  3.40  3.00  3.00
  2.60  3.20  3.00  3.00  3.20  3.20  3.00  3.20  2.80  2.80  2.60  1.80
  0.20  0.20  0.20  0.20  0.20  0.20  0.20  0.20  0.20  0.20  0.20  0.20
  0.20  0.20  0.20  0.20  0.20  0.20  0.20
  0.20  2.60  5.60  7.20  6.20  6.40  6.60  6.20  7.00  6.80  6.80  6.60
  6.60  7.20  7.40  7.80  6.40  7.00  7.40  9.20  7.60  8.40  7.80  4.40
  0.20  0.20  0.20  0.20  0.20  0.20  0.20  0.20  0.20  0.20  0.20  0.20
  0.20  0.20  0.20  0.20  0.20  0.20  0.20
dtype=   uv280  mean,std,direction,speed
     6    12    13    13
 30.00 60.00  2.60  2.60
dtype=   uv281  mean,std,direction,speed
     7    17    11    11
 35.00 85.00  2.20  2.20
dtype=   uv287  mean,std,direction,speed
    10    16    10    11
 50.00 80.00  2.00  2.20
dtype=   uv288  mean,std,direction,speed
    18    16    19    10
 90.00 80.00  3.80  2.00
