01001;70.93;351.33
01028;74.52;19.02
01152;67.28;14.45
01241;63.7;9.6
01400;56.9;3.35
01415;58.87;5.67
02185;65.55;22.13
02365;62.53;17.45
02527;57.67;12.5
02836;67.37;26.65
02963;60.82;23.5
03005;60.13;358.82
03238;55.02;358.13
03354;53;358.75
03808;50.22;354.68
03882;50.9;0.32
03918;54.5;353.66
03953;51.93;349.75
04018;63.97;337.4
04220;68.7;307.15
04320;76.77;341.23
04339;70.48;338.05
04360;65.6;322.37
06011;62.02;353.23
06260;52.1;5.18
06458;50.75;4.77
06610;46.82;6.95
07110;48.45;355.58
07145;48.77;2
07510;44.83;359.32
07761;41.92;8.8
08001;43.37;351.58
08023;43.47;356.18
08190;41.38;2.12
08221;40.47;356.42
08302;39.6;2.7
08430;38;358.83
08495;36.15;354.65
08507;39.09;331.97
08508;38.73;332.93
10184;54.1;13.4
10200;53.38;7.23
10238;52.82;9.93
10393;52.22;14.12
10410;51.4;6.97
10548;50.57;10.38
10618;49.7;7.33
10739;48.83;9.2
10771;49.43;11.9
10868;48.25;11.55
11035;48.23;16.37
11520;50;14.45
11747;49.45;17.13
11952;49.03;20.32
12120;54.75;17.53
12374;52.4;20.97
12425;51.13;16.98
12843;47.43;19.18
12982;46.25;20.1
13275;44.78;20.53
14240;45.82;16.03
14430;44.1;15.35
15120;46.78;23.57
15420;44.5;26.13
16037;46.03;12.6
16044;46.03;13.18
16080;45.43;9.28
16113;44.53;7.62
16144;44.65;11.62
16245;41.65;12.43
16320;40.65;17.95
16429;37.92;12.5
16560;39.25;9.05
16622;40.52;22.97
16754;35.33;25.18
17030;41.28;36.3
17062;40.9;29.15
17130;39.95;32.88
17220;38.43;27.17
17240;37.75;30.55
17281;37.9;40.2
17351;37.05;35.35
17516;35.1;33.3
20744;72.38;52.73
20891;71.98;102.47
21432;76;137.9
21824;71.63;128.85
21946;70.62;147.88
22113;68.98;33.12
22217;67.13;32.43
22271;67.87;44.17
22522;64.98;34.78
22550;64.58;40.5
22820;61.82;34.27
22845;61.5;38.93
23078;69.32;88.22
23205;67.65;53.02
23330;66.53;66.53
23418;65.12;57.1
23472;65.78;87.95
23804;61.67;50.85
23884;61.6;90
23921;60.68;60.43
23933;60.97;69.07
23955;60.43;77.87
24125;68.5;112.43
24266;67.55;133.38
24343;66.77;123.4
24507;64.28;100.23
24641;63.77;121.62
24688;63.25;143.15
24726;62.55;114
24908;60.33;102.27
24944;60.4;120.42
24959;62.08;129.75
25123;68.75;161.3
25400;65.73;150.9
25703;62.92;152.42
25913;59.58;150.78
26038;59.45;24.8
26063;59.95;30.7
26298;57.9;34.05
26477;56.38;30.6
26629;54.88;23.88
26781;54.75;32.07
27037;59.28;39.87
27199;58.6;49.63
27459;56.27;44
27595;55.78;49.18
27612;55.75;37.57
27730;54.63;39.7
27962;53.13;45.02
27995;52.98;49.43
28225;58.02;56.3
28275;58.15;68.18
28445;56.73;61.07
28661;55.47;65.4
28698;54.93;73.4
28952;53.22;63.62
29231;58.3;82.9
29263;58.45;92.15
29282;58.38;97.48
29572;56.18;92.62
29612;55.37;78.4
29634;55.03;82.9
29698;54.88;99.03
29839;53.5;83.83
29862;53.77;91.32
30054;59.45;112.58
30230;57.77;108.12
30309;56.3;101.7
30372;56.92;118.25
30554;54.48;113.58
30635;53.43;108.98
30673;53.73;119.78
30715;52.48;103.85
30758;52.02;113.33
30935;50.37;108.75
30965;50.38;116.52
31004;58.62;125.37
31088;59.37;143.2
31168;56.45;138.15
31300;53.75;127.23
31369;53.15;140.7
31510;50.27;127.5
31538;50.07;132.13
31736;48.53;135.23
31770;49;140.27
31873;45.93;133.74
31977;43.27;132.05
32061;50.9;142.17
32098;49.22;143.1
32150;46.92;142.73
32215;50.7;156.23
32389;56.32;160.83
32540;53.02;158.72
33041;52.45;31
33658;48.27;25.97
33837;46.48;30.63
33966;45.05;34.6
34009;51.65;36.18
34122;51.67;39.27
34172;51.57;46.03
34247;50.42;41.05
34300;49.93;36.28
34560;48.68;44.35
34731;47.25;39.82
34858;45.92;43.35
34880;46.35;47.97
35121;51.75;55.1
35229;50.17;57.09
35394;49.48;73.09
35671;47.8;67.72
35700;47.12;51.92
36003;52.28;76.95
36096;51.67;94.38
36870;43.21;77.01
37018;44.1;39.07
37054;44.22;43.1
37259;43.01;47.48
38341;42.51;71.23
40179;32;34.82
40265;32.37;36.25
40375;28.37;36.58
40430;24.55;39.72
40437;24.93;46.72
40582;29.22;47.98
40706;38.13;46.25
40745;36.27;59.63
40754;35.68;51.32
40811;31.33;48.67
40848;29.53;52.6
40875;27.22;56.28
40911;36.67;67.2
40913;36.24;68.92
40990;31.5;65.85
41024;21.7;39.18
41112;18.23;42.65
41170;25.27;51.55
41217;24.43;54.65
41256;23.58;58.28
41780;24.9;67.13
42027;34.08;74.83
42101;30.33;76.47
42182;28.58;77.2
42314;27.48;95.02
42339;26.3;73.02
42361;26.23;78.25
42369;26.75;80.88
42379;26.75;83.37
42397;26.67;88.37
42667;23.28;77.35
42701;23.32;85.32
42724;23.88;91.25
42809;22.65;88.45
42867;21.1;79.05
42874;21.23;81.65
42971;20.25;85.83
43003;19.12;72.85
43014;19.85;75.4
43041;19.08;82.03
43150;17.72;83.3
43192;15.48;73.82
43285;12.95;74.83
43295;12.97;77.58
43369;8.3;73
43371;8.48;76.95
45004;22.32;114.17
46692;25.03;121.52
46699;23.98;121.6
46810;20.67;116.72
47090;38.25;128.57
47102;37.97;124.63
47122;37.1;127.03
47138;36.03;129.38
47158;35.12;126.82
47169;34.68;125.45
47185;33.28;126.17
47401;45.42;141.68
47412;43.05;141.33
47418;42.98;144.38
47580;40.7;141.38
47582;39.72;140.1
47600;37.38;136.9
47646;36.05;140.13
47678;33.12;139.78
47681;34.75;137.7
47741;35.45;133.01
47778;33.45;135.77
47807;33.58;130.38
47827;31.63;130.6
47909;28.38;129.55
47918;24.33;124.17
47945;25.83;131.23
47971;27.08;142.18
47991;24.3;153.97
48327;18.78;98.98
48453;13.67;100.62
48601;5.3;100.27
48615;6.17;102.28
48650;2.73;101.7
48698;1.37;103.98
48811;21.4;103.02
48820;21.02;105.8
48845;18.67;105.68
48855;16.03;108.2
48900;10.82;106.67
50527;49.22;119.75
50557;49.17;125.22
50774;47.72;128.9
50953;45.68;126.62
51076;47.73;88.08
51431;43.95;81.33
51463;43.9;87.47
51644;41.72;82.95
51709;39.47;75.98
51777;39.03;88.17
51828;37.13;79.93
51839;37.07;82.72
52203;42.82;93.52
52267;41.98;101.07
52323;41.63;97.03
52418;40.15;94.68
52533;39.77;98.48
52681;38.72;103.1
52818;36.42;94.9
52836;36.33;98.1
52866;36.72;101.77
52983;35.87;104.15
53068;43.65;112
53463;40.82;111.68
53513;40.77;107.4
53614;38.48;106.22
53772;37.78;112.55
53845;36.6;109.5
53915;35.55;106.67
54102;43.95;116.12
54135;43.6;122.27
54161;43.9;125.22
54218;42.27;118.97
54292;42.87;129.5
54342;41.82;123.55
54374;41.8;126.88
54511;39.8;116.28
54662;38.9;121.63
54727;36.7;117.55
54857;36.07;120.33
55299;31.48;92.05
55591;29.7;91.13
56029;33.02;97.02
56080;34.97;102.9
56137;31.15;97.17
56146;31.63;99.98
56187;30.7;103.83
56571;27.88;102.3
56691;26.87;104.28
56739;25.03;98.48
56778;25.02;102.68
56964;22.95;100.98
56985;23.38;103.38
57083;34.72;113.65
57127;33.07;107.03
57131;34.43;108.97
57178;33.03;112.58
57447;30.27;109.48
57461;30.7;111.28
57494;30.62;114.13
57516;29.52;106.48
57679;28.2;112.97
57749;27.57;110
57816;26.48;106.65
57957;25.33;110.3
57972;25.82;113.02
57993;25.87;115
58027;34.28;117.17
58150;33.77;120.25
58203;32.9;115.8
58238;31.93;118.9
58362;31.4;121.47
58424;30.52;117.03
58457;30.23;120.17
58606;28.67;115.92
58633;28.97;118.87
58665;28.62;121.42
58725;27.33;117.47
58847;26.08;119.28
59134;24.45;118.07
59211;23.9;106.6
59265;23.48;111.3
59280;23.7;113.08
59316;23.35;116.68
59431;22.63;108.22
59758;20;110.25
59981;16.83;112.33
60018;28.32;343.62
60155;33.57;352.33
60390;36.72;3.25
60571;31.62;357.77
61052;13.48;2.17
61291;12.53;352.05
61641;14.73;342.5
61995;-20.3;57.5
62053;32.1;20.27
62306;31.33;27.22
62337;31.08;33.83
62378;29.87;31.33
62414;23.97;32.78
62423;27.05;27.98
63741;-1.3;36.75
64650;4.4;18.52
65578;5.25;356.07
67083;-18.8;47.48
67774;-17.83;31.02
68263;-25.92;28.22
68424;-28.42;21.27
68442;-29.1;26.3
68592;-29.61;31.12
68816;-33.97;18.6
68842;-33.98;26.62
68906;-40.35;350.12
68994;-46.88;37.87
69119;33.77;42.42
70026;71.29;203.21
70133;66.89;197.39
70200;64.51;194.57
70219;60.79;198.16
70231;62.96;204.4
70261;64.82;212.12
70273;61.16;210.01
70308;57.16;189.78
70316;55.2;197.28
70326;58.68;203.33
70350;57.74;207.51
70361;59.51;220.33
70398;55.05;228.41
71043;65.28;233.25
71081;68.78;278.75
71082;82.5;297.67
71109;50.68;232.63
71119;53.55;245.9
71203;49.95;240.6
71600;43.93;299.98
71603;43.87;293.9
71722;46.3;284
71802;47.52;307.22
71811;50.22;293.73
71815;48.55;301.43
71816;53.3;299.63
71823;53.75;286.33
71836;51.27;279.35
71845;51.45;269.8
71867;53.97;258.9
71906;58.1;291.58
71907;58.47;281.92
71908;53.9;237.2
71909;63.75;291.45
71913;58.75;265.93
71915;64.2;276.63
71917;80;274.07
71924;74.7;265.03
71925;69.1;254.88
71926;64.3;264
71934;60.02;248.07
71945;58.83;237.4
71957;68.32;226.47
71964;60.72;224.93
72201;24.55;278.21
72202;25.76;279.62
72206;30.48;278.3
72208;32.89;279.97
72210;27.71;277.6
72214;30.45;275.7
72215;33.36;275.43
72230;33.18;273.22
72233;30.34;270.17
72240;30.13;266.78
72248;32.45;266.16
72249;32.84;262.7
72250;25.92;262.58
72251;27.78;262.49
72261;29.37;259.08
72265;31.94;257.81
72274;32.23;249.04
72293;32.85;242.88
72305;34.78;283.12
72317;36.1;280.06
72318;37.21;279.59
72327;36.25;273.44
72340;34.84;267.74
72357;35.18;262.56
72363;35.23;258.29
72364;31.87;253.3
72365;35.04;253.38
72376;35.23;248.18
72388;36.05;244.82
72402;37.93;284.53
72403;38.98;282.51
72426;39.42;276.18
72440;37.24;266.6
72451;37.76;260.03
72456;39.07;264.37
72469;39.77;255.13
72476;39.12;251.48
72489;39.57;240.2
72493;37.74;237.78
72501;40.87;287.14
72518;42.69;286.17
72520;40.53;279.78
72528;42.94;281.28
72558;41.32;263.63
72562;41.13;259.3
72572;40.77;248.05
72582;40.86;244.26
72597;42.38;237.12
72632;42.7;276.53
72634;44.91;275.28
72645;44.5;271.89
72649;44.85;266.44
72659;45.45;261.59
72662;44.07;256.79
72672;43.07;251.52
72681;43.57;243.79
72694;44.91;236.99
72712;46.87;291.99
72747;48.56;266.6
72764;46.77;259.24
72768;48.21;253.37
72776;47.46;248.61
72786;47.68;242.37
72797;47.93;235.44
74389;43.89;289.74
74455;41.61;269.42
74494;41.66;290.04
74560;40.15;270.66
74646;36.61;262.51
76458;23.2;253.58
76526;22.75;257.49
76644;20.98;270.35
76654;19.05;255.68
76679;19.43;260.87
78016;32.37;295.32
78526;18.43;294.01
81405;4.83;307.63
82193;-1.38;311.52
82332;-3.15;300.02
82599;-5.92;324.75
82965;-9.87;303.9
83208;-12.7;299.9
83362;-15.65;303.9
83378;-15.87;312.07
83525;-18.88;311.77
83554;-19;302.33
83612;-20.47;305.33
83649;-20.27;319.72
83746;-22.82;316.75
83768;-23.33;308.87
83779;-23.52;313.37
83827;-25.52;305.42
83840;-25.52;310.83
83899;-27.67;311.45
83928;-29.78;302.97
83937;-29.72;306.3
83971;-30;308.82
85469;-27.13;250.53
88889;-51.82;301.55
89009;-90;0
89512;-70.77;11.83
89532;-69;39.58
89571;-68.58;77.98
89592;-66.55;93.02
89611;-66.25;110.53
89642;-66.67;140.02
89664;-77.85;166.67
91165;21.99;200.66
91212;13.48;144.79
91285;19.72;204.95
91334;7.45;151.84
91366;8.73;167.73
91376;7.07;171.29
91413;9.5;138.08
91517;-9.42;160.05
91532;-0.52;166.92
91592;-22.27;166.45
91610;1.35;172.92
91643;-8.52;179.22
91680;-17.75;177.45
91765;-14.34;189.28
91843;-21.2;200.18
91925;-9.8;220.97
91938;-17.55;210.38
91948;-23.13;225.03
92035;-9.38;147.22
92044;-2.07;147.43
93112;-36.78;174.62
93417;-40.9;174.98
93844;-46.42;168.32
93986;-43.95;183.43
93997;-29.25;182.08
94120;-12.43;130.87
94150;-12.28;136.82
94170;-12.68;141.92
94203;-17.95;122.23
94294;-19.25;146.77
94299;-16.3;149.98
94302;-22.23;114.08
94312;-20.37;118.63
94326;-23.8;133.9
94332;-20.68;139.48
94374;-23.38;150.48
94403;-28.8;114.7
94430;-26.62;118.55
94461;-25.03;128.28
94578;-27.43;153.08
94610;-31.93;115.97
94637;-30.78;121.45
94638;-33.83;121.88
94647;-31.67;128.88
94672;-34.95;138.53
94711;-31.48;145.83
94776;-32.82;151.83
94802;-34.95;117.8
94821;-37.73;140.78
94866;-37.67;144.85
94910;-35.17;147.47
94975;-42.83;147.5
94995;-31.53;159.07
94996;-29.03;167.93
94998;-54.5;158.95
95527;-29.48;149.85
96035;3.57;98.68
96147;3.95;108.38
96163;-0.88;100.35
96237;-2.17;106.13
96315;4.93;114.93
96413;1.48;110.33
96441;3.2;113.03
96481;4.27;117.87
96749;-6.12;106.65
96935;-7.37;112.77
96996;-12.18;96.83
97014;1.53;124.92
97072;-0.68;119.73
97180;-5.07;119.55
97560;-1.18;136.12
97724;-3.7;128.08
97980;-8.47;140.38
98223;18.18;120.53
98433;14.57;121.37
98444;13.13;123.73
98646;10.3;123.97
98753;7.12;125.65
99883;31.85;64.2
ASDK3;57.9;7.4
ASFR1;43.9;348.1
UFTA;78.6;175.8
02935;62.4;25.67
06235;52.92;4.78
07481;45.73;5.08
11010;48.23;14.18
11120;47.27;11.35
11240;47;15.43
14015;46.07;14.52
17607;35.15;33.4
60680;22.78;5.52
70027;71.32;203.38
72235;32.32;269.92
DBLK;-65.6;323.6
01004;78.92;11.93
04270;61.18;314.58
07645;43.87;4.4
08522;32.63;343.1
08579;38.77;350.87
10035;54.53;9.55
15614;42.82;23.38
17095;39.9;41.28
20292;77.72;104.28
26702;54.7;20.62
33791;47.92;33.22
40373;28.33;46.12
40394;27.43;41.68
40417;26.44;49.81
40766;34.35;47.15
40800;32.62;51.67
40809;32.87;59.2
40948;34.55;69.22
44212;49.97;92.08
46734;23.57;119.62
46750;22.67;120.45
60656;27.7;351.83
60715;36.83;10.23
60760;33.92;8.1
61024;16.97;7.98
61415;20.93;342.97
61442;18.1;344.05
61687;13.77;346.32
61901;-15.93;354.33
62124;27.02;14.43
62403;26.2;32.75
63450;9.03;38.75
64870;7.35;13.57
64910;4;9.73
65503;12.35;358.48
68538;-30.67;24
70414;52.72;174.1
72393;34.75;239.43
74794;28.47;279.45
76256;27.95;249.23
76394;25.87;259.77
76692;19.15;263.88
78073;25.05;282.53
78384;19.3;278.63
78397;17.93;283.22
78486;18.47;290.12
78583;17.53;271.7
78807;8.98;280.42
78897;16.27;298.47
80222;4.7;285.85
82022;2.83;299.3
82026;2.48;304.02
82099;0.05;308.93
82107;-1.3;292.95
82244;-2.43;305.28
82281;-2.6;315.77
82397;-3.77;321.4
82400;-3.85;327.58
82411;-3.67;290.33
82532;-5.82;298.72
82705;-7.58;287.23
82765;-7.33;312.53
82824;-8.7;296.1
82900;-8.05;325.08
82917;-10;292.2
82983;-9.38;319.5
83229;-13;321.48
83288;-13.27;316.58
83566;-19.63;316.42
85442;-23.43;289.55
85586;-33.65;288.38
85799;-41.43;286.9
87576;-34.82;301.47
87860;-45.78;292.55
89002;-70.67;351.75
89055;-64.23;303.28
89564;-67.6;62.88
91408;7.34;134.49
96471;5.95;116.05
97372;-10.17;123.67
ASFR4;21.9;315
40186;31.87;34.68
91958;-27.62;215.67
20674;73.5;80.42
26435;56.65;25.13
33393;49.82;23.95
40821;31.9;54.28
42647;23.07;72.63
43333;11.67;92.72
46780;22.68;121.5
47058;39.02;125.82
69011;35.75;43.25
94659;-31.15;136.82
98618;9.75;118.73
ASDE01;46.2;324.4
ASDK01;60.8;311.2
20046;80.62;58.05
48657;3.78;103.22
60630;27.23;2.5
61976;-15.88;54.52
61996;-37.8;77.53
61998;-49.35;70.25
64500;0.47;9.42
68110;-22.57;17.1
76225;28.63;253.92
76405;24.17;249.7
76743;17.98;267.07
76805;16.83;260.07
80001;12.58;278.3
89022;-75.52;333.4
99852;42.3;20.8
ASDE02;39.2;4.8
06060;56.3;9.12
10304;52.73;7.33
10954;47.83;10.87
10962;47.8;11.02
44292;47.93;106.98
58968;25.03;121.52
69225;33.32;43.6
74001;34.6;273.38
74002;39.47;283.93
74004;32.85;245.6
76595;21.02;273.15
76612;20.67;256.62
83650;-20.5;330.68
89062;-67.57;291.87
ASEU01;-20.7;11.2
ASFR3;45.8;354.3
AA901A;0;0
AA903A;26.5;276.1
AA904A;26.7;276.5
94510;-26.42;146.28
ASDE03;51.5;346.4
ASFR2;21.3;306.6
03502;52.13;355.43
03743;51.2;358.2
40841;30.25;56.97
84628;-12.02;282.88
85934;-53;289.03
91348;6.96;158.21
30301A;28.9;271.3
30302A;28.3;273.3
30303A;28.5;272.5
30304A;28.3;273.3
30305A;28.9;271.4
72221;30.48;273.48
30306A;29;271.2
41923;23.77;90.38
44231;49.63;100.17
62010;32.7;13.08
06447;50.8;4.35
07180;48.68;6.22
43466;6.9;79.87
87155;-27.45;300.95
ASDK02;-29.2;14
ASEU05;53.5;9.9
71569;50.2;255.3
30001A;28.3;273.4
30002A;27.6;275
30003A;27.9;274.7
30004A;27.7;274.2
30005A;28;273.4
30006A;28.2;272.6
30007A;28.5;271.8
30008A;29;271.1
30009A;29.6;270.5
72381;34.9;242.08
80398;-4.55;290.47
30307A;28.5;271.8
41977;22.35;91.82
AA902A;55.3;172.9
ASES01;24.3;343.6
ASEU04;45.2;306.6
72291;33.25;240.55
72391;34.12;240.88
71126;53.55;245.9
JGQH;31.4;137
40856;29.47;60.88
41883;24.85;89.37
64750;9.15;18.38
87623;-36.57;295.73
AA905A;41.6;164.9
AA906A;43.4;168
AA907A;44.9;170.7
AA908A;45.7;175
AA909A;46.5;180
AA910A;47;184.9
AA911A;47.3;189.7
AA912A;49;192.3
AA913A;51;195
AA914A;53.3;198
ASGB01;55.1;347.9
AA915A;54.6;199.8
30501A;30.8;273.7
30502A;30.7;276
30503A;30.5;278.4
30504A;30.7;280.7
30505A;30.5;279.3
30506A;31.9;282.2
30507A;33.5;283.6
30508A;30.9;281.3
30509A;34.4;284.6
30510A;33.1;282.9
30511A;33.8;284.1
30512A;35.4;285.9
30513A;35.1;284.8
30514A;35;287.4
30515A;34.3;288
30516A;33.8;286.7
30517A;35.4;286.5
30518A;34.6;287.7
30519A;33.4;285.3
30520A;32.8;284.4
30521A;33.5;285.4
30522A;32.5;283.9
41316;17.03;54.08
87344;-31.32;295.78
AA916A;54;209
30401A;30.5;279.2
30402A;31.8;283
30403A;33.4;285.3
30404A;35.1;287.6
30405A;36.7;288.2
30406A;37.5;288.5
30407A;39.2;288.2
30408A;38.3;287.1
30409A;39.1;288
30410A;38.1;289.8
30411A;39.3;289.5
30701A;31.1;268.5
30702A;32.6;264.9
30703A;34.7;261.2
30704A;36.9;257.8
AA917A;56.8;209.2
30412A;37.5;290
30413A;35.1;290
30414A;36.5;290
30415A;33.1;288.7
30416A;34;290
30417A;31.6;286.8
30418A;30.4;285
30419A;30.3;285
30420A;30.4;282.6
ASEU02;20;295.4
04089;65.28;345.6
71701;45.83;293.57
78954;13.07;300.5
87047;-24.85;294.52
30601A;29.4;271.2
30602A;28.7;271.9
30603A;28.4;272.8
30604A;28.5;272.8
30605A;29.3;272
AA918A;57.1;214.9
AA919A;59;212
08160;41.67;358.98
02591;57.65;18.35
82678;-6.77;316.98
83498;-17.73;320.75
ASEU03;38.2;345.6
30705A;25.7;277.7
27707;54.12;35.33
30706A;21.1;288.8
30707A;20.5;289.8
30708A;18.9;292.9
30709A;25.4;280.2
30710A;26.5;278.2
30711A;28.1;275.4
ASDE04;10.1;283.4
30801A;28.7;272.1
30804A;25.1;272.4
30807A;25.5;273.1
30808A;24.5;270.2
30809A;24.5;270.9
30810A;24.7;267.1
30811A;24.5;268.2
30812A;25.6;265.7
30813A;25;266.2
30814A;27.6;265.6
30815A;26.5;265
30816A;28.3;267.2
30817A;28.3;268.5
30818A;28.2;266.1
30819A;29.1;269.5
30820A;28.3;268.4
30821A;28.6;269
60549;34.93;359.57
84008;-0.9;270.38
30101A;30.8;273.8
30102A;30.9;279.4
30103A;32;282.2
30104A;33.5;283.6
30105A;30.9;281.6
30106A;32.9;282.6
30107A;34.7;284.7
30108A;33.9;284.4
30109A;35.4;286
30110A;35.3;284.9
30111A;34.8;287.5
30112A;35.3;287.1
30113A;33.3;287.9
30114A;34.4;287.9
30115A;32.8;287.8
30116A;31.2;286.2
30117A;29.4;284.3
30118A;28.2;282.4
30119A;29.9;284.9
30120A;28.8;283.6
30121A;27.5;281.2
30122A;28.1;278.6
30606A;34.7;284.7
30608A;35.4;286
30607A;35.4;285
30609A;35.4;287
30610A;34.9;287.5
30611A;34.1;288
30612A;33.5;287.9
30613A;32.6;287.7
30614A;31.4;286.4
30615A;30;285
30616A;29.4;284.3
30617A;28.7;283.4
30618A;28.2;282.4
30619A;27.6;281.4
30620A;27.6;281.3
30621A;27.8;279.9
30308A;28.8;270.8
94767;-33.95;151.18
30309A;37;269.1
42055;32.75;74.92
43599;-0.68;73.15
87418;-32.83;291.22
43279;13;80.18
60191;32.37;353.6
43346;10.92;79.83
43128;17.45;78.47
30123A;44.4;205.7
30124A;48.1;208
30125A;46.7;207.2
30126A;50.5;208.6
30127A;49;208.5
30128A;52.9;208.9
30129A;55.8;209.2
30130A;58.9;208.7
30131A;55.6;216.8
30132A;55;217.3
30133A;57.2;215.5
30134A;59.5;213.3
30135A;59.5;213.3
30136A;55.3;211.4
30137A;54.2;211.5
30138A;57;210.8
30139A;59.2;209.9
16716;37.9;23.73
30310A;29.5;271.1
43353;9.93;76.23
30140A;58.4;210
68512;-29.67;17.9
42492;25.6;85.1
80035;11.53;287.07
30523A;42.3;204.3
30524A;45.8;206.6
30525A;44.5;205.8
30526A;48;207.9
30527A;46.7;207.2
30528A;50.7;208.7
30529A;49.1;208.5
30530A;52.8;208.9
30531A;51.5;208.7
30532A;55.7;209.2
30533A;56.7;209.2
30534A;58.8;208.8
30535A;58.4;208.9
78970;10.58;298.65
61223;16.72;357
30536A;55.5;213.5
30537A;56.6;212.9
30538A;58.4;211.2
30539A;58;212
30540A;58.7;210.7
61831;9.57;346.38
84416;-5.18;279.4
43185;16.18;81.13
74612;35.68;242.32
03023;57.35;352.63
64400;-4.82;11.9
AA920A;28.2;190.9
AA921A;27.5;191.7
AA922A;26.9;192.3
AA923A;26.3;193.1
AA924A;25.8;193.6
AA925A;25.2;194.3
AA926A;24.5;194.9
AA927A;24;195.6
AA928A;23.4;196.2
AA929A;22.6;197
AA930A;21.9;196.2
AA931A;21.5;195.6
AA932A;22.1;194.8
AA933A;22.6;194.2
AA934A;23.1;194.9
AA935A;22.6;196.9
AA936A;21.9;197.8
AA937A;21.3;198.5
AA938A;20.6;199.2
AA939A;19.9;199.9
AA940A;19.3;200.6
AA941A;18.6;201.3
AA942A;17.9;202.1
AA943A;17;203
ASDE09;53.6;9.8
78721;14.37;272.38
30802A;28.9;271.3
30803A;27.5;275.2
30805A;26.1;274
30806A;27;274.8
78866;18.05;296.88
30311A;34.9;287.4
30312A;34;284.5
30313A;35.4;284.9
30314A;33.9;287.9
30315A;35.4;286.9
30316A;34.3;288
30317A;32.3;287.3
30318A;32.7;287.8
30319A;30.8;285.8
30320A;29.4;284.2
30321A;30;285
30322A;28.1;282.2
30323A;28.7;283.5
30324A;27.6;280.2
30325A;27.6;281.4
30326A;27.5;279.5
65344;6.35;2.38
30010A;30.4;270.8
71843;49.88;262.87
30011A;27.8;276.6
42410;26.1;91.58
30012A;28.2;275.4
30013A;28.8;274.1
30014A;29.6;272.6
22543;64.62;40.51
68040;-21.42;25.6
68240;-24.22;25.92
27038;59.32;39.93
76903;14.88;267.7
71561;44.23;280.22
65257;6.47;7.56
40650;33.23;44.23
71124;54.75;249.95
25428;65.22;160.5
