  03953     349.75   51.93    1.53    1.46    0.57    0.47  0
     40.00    0.00    1.50    1.40    0.59    0.44
     39.00    1.45    1.80    0.37    0.52
  07145       2.00   48.77    1.83    2.23    0.90    0.51  0
      7.00    0.00    1.90    2.50    0.74    0.22
      6.00 -999.00 -999.00 -999.00 -999.00
  07510     359.32   44.83    1.83    1.85    0.50    0.43  0
     24.00    0.00    1.70    1.90    0.44    0.59
     23.00 -999.00 -999.00 -999.00 -999.00
  08001     351.58   43.37    1.38    1.43    0.44    0.33  0
     37.00    0.00    1.30    1.50    0.44    0.30
     37.00    1.20    1.50    0.59    0.30
  71909     291.45   63.75    1.44    1.16    0.86    0.72  0
     40.00    1.00    1.50    1.20    0.59    0.44
     39.00    1.65    1.35    0.59    0.74
  32389     160.83   56.32   -2.42   -2.38    0.93    0.97  0
     39.00    2.00   -2.45   -2.45    1.26    1.11
     36.00   -1.95   -2.90    1.04    0.89
