  VROB9     185.30   50.40    1.43    0.65    1.35    0.80  3
     28.00    3.00    1.30    0.70    1.48    0.74
     25.00 -999.00 -999.00 -999.00 -999.00
  WAIU      286.20   30.40   -0.18   -0.05    1.46    1.05  3
     15.00    1.00   -0.40   -0.30    0.89    2.37
     13.00 -999.00 -999.00 -999.00 -999.00
  9V9725    291.70   40.20    0.00    0.07    1.67    1.21  3
     30.00    3.00    0.30    0.20    2.00    1.63
     26.00 -999.00 -999.00 -999.00 -999.00
  WYT8569   212.40   60.60    0.73    0.53    1.76    1.36  3
     33.00    6.00    1.15    1.25    1.71    1.19
     26.00 -999.00 -999.00 -999.00 -999.00
  2FRK8     286.90   28.30   -0.95   -0.63    1.27    0.93  3
     26.00    2.00   -1.20   -0.80    1.19    0.89
     24.00 -999.00 -999.00 -999.00 -999.00
  CCES      285.10   11.20   -0.99   -0.75    1.23    0.95  3
     28.00    2.00   -1.50   -1.00    0.89    0.74
     25.00 -999.00 -999.00 -999.00 -999.00
  V7ZZ5     337.90   39.80   -0.34   -0.21    1.45    1.12  3
     20.00    3.00   -0.05    0.00    1.93    1.19
     16.00 -999.00 -999.00 -999.00 -999.00
  WCDP      286.50   37.00   -0.46   -0.36    1.42    1.22  3
     17.00    0.00   -0.15   -0.35    1.41    1.11
     16.00 -999.00 -999.00 -999.00 -999.00
