  KACJ      275.80   32.11    1.60    0.90    0.42    0.17  0
    162.00    0.00    1.60    0.90    0.44    0.15
     81.00    1.65    1.50    0.30    0.48
  KAIK      278.31   33.65    1.68    0.92    0.37    0.18  0
    159.00    0.00    1.70    0.90    0.30    0.15
     80.00    1.77    1.62    0.33    0.37
  KANK      253.95   38.53    1.80    2.89    0.50    0.40  0
    159.00   17.00    1.70    2.90    0.52    0.37
     73.00    1.85    1.70    0.59    0.52
  KAVC      281.95   36.69    2.30    1.78    0.49    0.17  0
    160.00    0.00    2.35    1.80    0.52    0.15
     81.00    2.33    2.30    0.33    0.59
  KBCB      279.58   37.22    1.40    0.99    0.45    0.24  0
    162.00    0.00    1.40    1.10    0.44    0.22
     81.00    1.20    1.75    0.37    0.33
  KBDG      250.52   37.58    1.61    1.71    0.54    0.37  0
    159.00    5.00    1.60    1.70    0.59    0.30
     79.00    1.60    1.62    0.63    0.44
  KBDU      254.77   40.03   -1.51   -1.36    0.76    0.43  0
    155.00    0.00   -1.45   -1.40    0.67    0.44
     77.00   -1.33   -1.58    0.56    0.85
  KCBE      281.23   39.61    1.37    1.28    0.50    0.28  0
    104.00    0.00    1.30    1.30    0.44    0.30
     64.00    1.30    1.30    0.44    0.44
  KCTJ      274.85   33.63    1.49    1.11    0.39    0.17  0
    154.00    0.00    1.50    1.10    0.44    0.15
     77.00    1.35    1.50    0.41    0.41
  KCWN      255.15   38.75   -1.57   -1.19    0.66    0.40  0
     76.00    0.00   -1.50   -1.17    0.74    0.44
     64.00   -1.45   -1.55    0.74    0.67
  KE38      256.32   30.38    1.40    1.16    0.46    0.22  0
    162.00    0.00    1.35    1.10    0.37    0.22
     81.00    1.25    1.58    0.41    0.41
  KEOE      278.36   34.31    1.56    0.97    0.40    0.15  0
    159.00    0.00    1.60    0.98    0.30    0.19
     80.00    1.60    1.60    0.26    0.41
  KESN      283.94   38.79    1.62    1.20    0.45    0.21  0
     93.00    0.00    1.70    1.20    0.44    0.15
     78.00    1.70    1.75    0.63    0.52
  KEZM      276.87   32.21    1.49    0.71    0.36    0.17  0
    130.00    0.00    1.50    0.70    0.33    0.15
     66.00    1.42    1.55    0.37    0.37
  KFDK      282.63   39.42    1.38    1.13    0.47    0.24  0
     92.00    0.00    1.40    1.10    0.44    0.15
     76.00    1.40    1.40    0.59    0.44
  KHQU      277.48   33.53    2.27    1.55    0.33    0.17  0
    161.00    0.00    2.20    1.55    0.37    0.22
     81.00    2.30    2.20    0.30    0.26
  KI16      278.44   37.60    1.92    1.36    0.44    0.22  0
    162.00    0.00    1.95    1.35    0.52    0.22
     81.00    1.90    2.10    0.44    0.30
  KIDI      280.89   40.63    1.31    1.20    0.46    0.20  0
    158.00    0.00    1.30    1.20    0.44    0.15
     79.00    1.30    1.30    0.48    0.33
  KJQF      279.30   35.38    1.49    1.13    0.52    0.20  0
     81.00    0.00    1.50    1.10    0.44    0.15
     75.00    1.50    1.45    0.30    0.52
  KLHZ      281.67   36.02    1.40    0.93    0.41    0.18  0
    148.00    0.00    1.40    0.95    0.44    0.07
     75.00    1.40    1.42    0.30    0.59
  KLKU      282.03   38.01    1.87    1.34    0.45    0.18  0
    160.00    0.00    1.90    1.35    0.44    0.15
     80.00    1.85    1.90    0.48    0.30
  KMPV      287.44   44.20    1.35    1.42    0.49    0.21  0
    106.00    0.00    1.40    1.50    0.44    0.30
     81.00    1.25    1.40    0.52    0.44
  KMTV      279.98   36.63    1.31    0.98    0.56    0.26  0
     79.00    0.00    1.30    1.00    0.44    0.15
     70.00    1.20    1.40    0.37    0.44
  KMYP      253.68   38.47    2.10    2.94    0.41    0.59  0
    157.00   29.00    2.15    2.95    0.52    0.82
     63.00    2.18    2.18    0.48    0.52
  KNXP      243.86   34.28    1.89    2.33    0.48    0.25  0
     81.00    2.00    2.00    2.30    0.44    0.30
     79.00    1.95    2.05    0.52    0.44
  KNYC      286.02   40.77    1.33    1.05    0.51    0.15  0
     91.00    0.00    1.30    1.10    0.44    0.15
     81.00    1.30    1.40    0.44    0.44
  KPKB      278.57   39.35    1.50    1.12    0.51    0.23  0
     87.00    0.00    1.50    1.10    0.44    0.30
     74.00    1.50    1.50    0.59    0.44
  KRMN      282.55   38.40    1.78    1.21    0.47    0.16  0
    162.00    0.00    1.80    1.20    0.44    0.15
     81.00    1.73    1.80    0.44    0.37
  KRSN      267.41   32.51    1.51    1.17    0.50    0.23  0
    162.00    1.00    1.50    1.20    0.44    0.15
     81.00    1.40    1.52    0.74    0.37
  KSOA      259.35   30.59    1.40    1.09    0.52    0.23  0
    160.00    0.00    1.40    1.10    0.44    0.15
     80.00    1.35    1.60    0.59    0.41
  KUKF      278.91   36.22    1.69    1.53    0.43    0.21  0
    150.00    0.00    1.67    1.50    0.41    0.22
     74.00    1.70    1.73    0.44    0.26
  KVUJ      279.85   35.42    1.90    1.50    0.52    0.18  0
    152.00    0.00    1.90    1.50    0.44    0.19
     76.00    1.85    1.92    0.30    0.48
  KWDR      276.33   33.97    1.47    1.01    0.36    0.17  0
    119.00    0.00    1.50    1.00    0.44    0.15
     65.00    1.52    1.50    0.41    0.44
  LSZL        8.88   46.16   -2.06   -1.53    0.79    0.53  0
     71.00    6.00   -2.10   -1.60    0.74    0.59
     65.00   -2.15   -1.95    0.82    1.26
  PAJZ      202.74   59.73    1.64    1.39    0.42    0.28  0
     85.00    0.00    1.60    1.40    0.44    0.15
     76.00    1.60    1.55    0.59    0.37
  SKBG      286.80    7.10   -1.75   -1.69    0.56    0.36  0
     58.00    1.00   -1.70   -1.70    0.74    0.44
     57.00   -1.75   -1.75    0.52    0.82
  SKRG      284.57    6.18    1.91    1.79    0.50    0.39  0
     79.00    3.00    1.90    1.80    0.44    0.44
     76.00    1.75    1.90    0.37    0.67
  KNUW      237.35   48.35    1.49    1.81    0.37    0.27  0
     83.00    0.00    1.80    1.80    0.44    0.30
     81.00    1.60    1.40    0.37    0.41
  KGNV      277.72   29.70    1.37    0.80    0.45    0.22  0
     87.00    0.00    1.30    0.80    0.44    0.15
     80.00    1.60    1.30    0.74    0.44
  PAFR      210.35   61.27   -1.33   -1.11    0.56    0.27  0
     78.00    0.00   -1.25   -1.10    0.37    0.15
     56.00   -1.25   -1.25    0.37    0.37
