  ENLA        2.84   59.11    0.03    0.31    1.21    1.19  3
     77.00   17.00    0.05    0.35    1.11    1.26
     60.00   -0.15    0.55    0.96    1.33
  SVSA      287.55    7.85   -0.04   -0.01    1.19    1.11  3
     24.00    1.00   -0.10   -0.15    1.26    1.41
     22.00 -999.00 -999.00 -999.00 -999.00
  CZMD      265.24   53.44   -0.06   -0.13    1.28    1.15  3
     65.00    9.00   -0.10   -0.10    1.48    1.19
     55.00 -999.00 -999.00 -999.00 -999.00
  CXWT      304.67   47.14    0.64    0.91    1.09    1.13  2
     67.00   59.00    0.75    0.90    0.96    1.11
      8.00 -999.00 -999.00 -999.00 -999.00
