  ALCHS     277.48   29.81    0.31   -0.39    1.38    1.34  3
    193.00    0.00    1.06    0.26    0.85    0.70
     31.00 -999.00 -999.00 -999.00 -999.00
  AP321     279.37   43.40   -0.46   -0.50    1.50    1.37  3
    395.00    0.00   -0.53   -0.55    1.88    1.56
     69.00   -0.60   -0.54    1.70    1.97
  AP517  a  237.19   47.55   -0.62   -0.25    1.45    1.52  2
    135.00   78.00   -0.70   -0.50    2.37    1.48
     35.00 -999.00 -999.00 -999.00 -999.00
  AP767     285.33   40.86   -1.04   -1.23    1.57    1.47  3
    166.00    0.00   -1.00   -1.65    2.22    2.00
     81.00   -2.62    0.58    0.53    0.52
  AR304     243.52   33.79   -1.80   -1.42    1.15    1.08  3
    490.00   12.00   -1.57   -1.58    1.41    1.34
     77.00   -1.37   -2.18    1.46    1.04
  AR463  a  237.13   45.75    1.12    1.53    1.32    1.24  3
    144.00   87.00    1.90    2.33    0.89    0.56
     21.00 -999.00 -999.00 -999.00 -999.00
  AR671     285.19   42.74   -1.47   -1.11    1.46    1.63  3
    102.00    5.00   -1.51   -1.11    2.06    2.56
     18.00 -999.00 -999.00 -999.00 -999.00
  AS061  a  240.28   39.04    0.11    0.69    1.69    1.73  3
    243.00   58.00    0.40    0.97    1.63    1.73
     62.00   -1.42    1.43    1.98    1.21
  AS618  a  279.62   35.26   -0.94   -1.39    1.47    1.42  3
    506.00  339.00   -1.30   -2.49    1.76    0.61
     33.00 -999.00 -999.00 -999.00 -999.00
  AT034     289.34   42.68   -0.10    0.04    1.21    1.11  3
    223.00    0.00    0.57    0.73    0.79    0.28
     55.00 -999.00 -999.00 -999.00 -999.00
  AT200  a  237.17   47.60    0.28    0.43    1.83    1.89  3
    258.00  119.00    0.00    0.30    2.08    1.93
     41.00 -999.00 -999.00 -999.00 -999.00
  AT784     273.78   43.17   -0.67   -0.72    1.32    1.23  3
    246.00   14.00   -0.27   -0.30    0.73    0.28
     38.00 -999.00 -999.00 -999.00 -999.00
  AU010     272.32   39.41    0.65    0.18    1.48    1.45  3
    368.00    2.00    1.08    0.73    0.57    0.41
     75.00    0.41    1.36    1.36    0.46
  AU215      12.27   45.65   -1.03   -0.25    1.37    1.36  3
     81.00   34.00   -1.10   -0.30    1.33    1.19
     47.00 -999.00 -999.00 -999.00 -999.00
  AU327     265.66   39.46    0.73    0.86    1.24    1.16  3
    210.00    0.00    1.66    0.34    2.18    0.22
     54.00 -999.00 -999.00 -999.00 -999.00
  AU469  a  254.85   40.20   -0.59   -0.14    1.40    1.46  3
    482.00  101.00   -0.10    0.28    1.24    1.69
     66.00    0.07   -0.32    0.99    1.51
  AU635     274.37   34.53   -2.16   -2.67    0.91    1.04  2
     56.00   39.00   -2.45   -2.85    0.82    1.19
      8.00 -999.00 -999.00 -999.00 -999.00
  AU832       5.59   51.12    1.15    1.42    1.35    1.30  3
    481.00  140.00    1.10    1.35    1.41    1.04
     58.00    1.30    0.88    1.33    1.67
  AU867  a  246.57   53.53   -0.98   -0.89    1.61    1.46  3
    204.00   51.00   -1.47   -1.43    1.46    1.24
     59.00   -1.77    0.28    0.85    2.20
  AU913       7.00   58.02   -3.47   -3.10    0.90    0.78  2
    477.00  274.00   -3.52   -3.32    0.40    0.26
     32.00 -999.00 -999.00 -999.00 -999.00
  AU934       8.45   48.06   -2.12   -1.62    1.41    1.47  3
    244.00   30.00   -2.43   -2.07    1.68    1.58
     71.00   -0.73   -3.27    1.16    0.69
  AU936      12.76   47.43    0.30    1.08    1.77    1.59  3
    291.00    1.00    0.42    0.99    2.10    1.69
     50.00 -999.00 -999.00 -999.00 -999.00
  AU976  a  245.89   48.44   -0.59   -0.50    1.46    1.48  3
    464.00  168.00   -0.86   -0.81    1.73    2.26
     52.00 -999.00 -999.00 -999.00 -999.00
  AV046  a  225.14   60.49    1.25    1.37    1.41    1.26  3
    235.00   54.00    1.49    1.65    1.30    1.16
     54.00 -999.00 -999.00 -999.00 -999.00
  AV125  a  287.19   43.21   -0.51   -0.44    1.54    1.65  3
    333.00  219.00   -0.20   -0.60    1.78    2.37
     27.00 -999.00 -999.00 -999.00 -999.00
  AV232     293.88   18.37   -0.14   -0.08    0.92    0.89  2
    222.00    3.00   -0.30    0.27    0.79    1.14
     74.00   -0.47    0.10    0.44    1.04
  AV316     357.07   53.17    1.00    1.17    1.94    1.91  3
    240.00  150.00    1.30    1.50    1.93    2.22
     31.00 -999.00 -999.00 -999.00 -999.00
  AV360     254.23   39.09   -1.87   -1.42    1.33    1.30  3
    393.00   44.00   -2.10   -1.59    1.58    1.53
     62.00   -3.00   -0.70    0.68    0.74
  AV402     238.39   44.29   -0.15    0.49    1.61    1.43  3
    237.00    0.00   -0.17    0.67    2.08    1.68
     71.00   -1.70    0.90    1.55    1.09
  AV417       5.48   51.48   -1.48   -1.39    1.60    1.64  3
    281.00   15.00   -1.72   -1.74    1.90    1.84
     72.00    0.35   -2.93    1.05    0.65
  BLTMR     283.37   39.37   -0.39   -0.69    1.46    1.46  3
    550.00   59.00    0.04    0.02    1.81    1.33
     74.00   -1.90    0.57    0.48    0.67
  BLTND     283.34   39.31   -0.70   -1.12    1.40    1.51  3
    554.00  191.00    0.04   -0.22    1.04    0.69
     58.00   -2.50    0.32    0.30    0.35
  BRBYS     277.41   27.43    0.04   -0.35    1.34    1.20  3
    177.00    0.00    0.40    0.06    0.51    0.21
     32.00 -999.00 -999.00 -999.00 -999.00
  C0354     286.72   40.69    1.04    0.66    1.16    1.13  2
     48.00    0.00    1.15    0.75    0.89    0.96
     18.00 -999.00 -999.00 -999.00 -999.00
  C0354  a  286.72   40.69    2.64    2.05    0.38    0.41  2
    209.00  176.00    2.70    2.10    0.37    0.52
     10.00 -999.00 -999.00 -999.00 -999.00
  C1621     243.47   46.35   -0.58   -0.12    1.59    1.54  3
    259.00    7.00   -0.61   -0.22    1.87    1.82
     68.00   -1.76    1.06    1.48    0.80
  C2849     239.54   42.18   -1.95   -1.61    1.43    1.39  3
     66.00    8.00   -1.92   -1.67    1.33    1.52
     34.00 -999.00 -999.00 -999.00 -999.00
  C3422     285.08   38.96    0.19   -0.32    1.29    1.23  3
     88.00    2.00    0.00   -0.50    1.33    1.33
     33.00 -999.00 -999.00 -999.00 -999.00
  C3429  a  273.78   39.60    0.04   -0.11    1.45    1.41  3
    204.00  109.00   -0.27   -0.27    1.43    1.48
     33.00 -999.00 -999.00 -999.00 -999.00
  C3773     271.56   43.11   -1.06   -1.12    1.34    1.22  3
    303.00    3.00   -1.16   -1.29    1.02    0.83
     56.00   -1.36   -0.78    0.94    1.08
  C4421  a  261.78   38.09    0.11   -0.09    1.42    1.44  3
    205.00   14.00   -0.19   -0.32    1.68    1.82
     76.00   -0.92    1.49    0.82    1.46
  C4498  a  255.12   38.92   -0.82    0.29    1.95    1.98  3
    136.00   92.00   -0.37    0.87    1.19    1.24
     18.00 -999.00 -999.00 -999.00 -999.00
  C6382  a  251.72   32.82    0.49    0.21    1.27    1.21  3
    166.00   31.00    0.73    0.28    1.59    1.48
     66.00   -0.15    1.20    2.26    1.19
  C6878     359.62   52.77   -1.57   -1.33    1.47    1.32  3
    366.00   29.00   -1.67   -1.45    1.71    1.50
     73.00   -1.45   -1.78    1.41    2.09
  C6893  a  238.83   44.72    0.42    1.17    1.28    1.06  3
    187.00   16.00    0.38    1.34    1.50    1.25
     74.00    0.17    1.58    1.59    1.12
  C8420     249.86   31.47    1.53    1.49    2.12    2.00  3
    281.00   37.00    1.90    1.48    2.82    3.17
     57.00    3.60   -0.70    0.46    0.72
  C8486     240.86   53.88   -1.75   -1.28    2.01    1.86  3
    158.00   44.00   -2.42   -1.57    1.94    2.15
     44.00 -999.00 -999.00 -999.00 -999.00
  C8540     245.33   51.53   -1.01   -0.75    2.19    2.00  3
    164.00   42.00   -1.53   -1.12    2.15    1.80
     42.00 -999.00 -999.00 -999.00 -999.00
  C8810  a  258.03   37.04   -0.01   -0.15    1.21    1.54  3
    251.00  102.00    0.13    0.25    0.89    1.15
     49.00 -999.00 -999.00 -999.00 -999.00
  C9274       5.69   58.94   -0.02    0.54    2.07    1.99  3
    298.00  166.00    0.40    1.17    3.10    2.80
     32.00 -999.00 -999.00 -999.00 -999.00
  C9879  a  279.48   37.14   -0.76   -1.68    1.33    1.43  3
    379.00  179.00   -1.00   -1.88    1.71    1.58
     35.00 -999.00 -999.00 -999.00 -999.00
  CAPNX     208.85   60.77    0.04    0.10    1.46    1.54  3
    564.00  331.00   -0.04   -0.30    1.68    1.73
     34.00 -999.00 -999.00 -999.00 -999.00
  CHRHT     279.07   35.14    1.11    0.72    1.33    1.30  3
    299.00    0.00    1.73    1.62    0.84    0.26
     49.00 -999.00 -999.00 -999.00 -999.00
  CLNLB     283.02   38.23   -0.33   -1.01    1.49    1.41  3
    306.00    0.00   -1.00   -1.90    2.08    1.31
     61.00   -1.68    1.12    0.37    0.59
  CLRKN     242.92   46.39   -0.90   -0.42    1.93    1.87  3
    202.00    5.00   -0.22    0.63    1.43    0.79
     37.00 -999.00 -999.00 -999.00 -999.00
  CLWSB     278.92   27.08   -0.32   -0.70    1.49    1.43  3
    170.00    0.00    0.33   -0.10    0.82    1.04
     35.00 -999.00 -999.00 -999.00 -999.00
  CMNSL  a  237.53   48.23   -0.58   -0.21    1.33    1.28  3
    481.00   15.00   -0.30    0.20    1.11    0.74
     79.00   -2.60   -0.30    2.31    0.30
  CMP14     246.99   38.39    0.70    0.67    1.67    1.57  3
    209.00    0.00    1.10    0.80    2.08    2.08
     75.00    1.70   -0.40    1.75    2.22
  CMP16     245.55   36.55    0.42    0.51    1.73    1.44  3
    204.00    1.00    0.82    0.42    2.06    1.67
     72.00    1.52   -0.95    0.94    1.56
  CMP17     244.00   36.22    1.11    1.16    1.73    1.70  3
    165.00    6.00    2.25    1.30    1.41    1.73
     56.00    1.70    1.32    1.61    1.95
  CMP19     244.26   37.64    1.39    1.30    1.65    1.43  3
    202.00   33.00    1.28    1.35    1.61    1.71
     62.00    2.00    0.83    1.41    1.95
  CTRSH     238.71   38.70    0.80    1.13    1.39    1.36  3
    450.00    0.00    1.30    1.85    0.89    0.32
     79.00   -1.31    1.30    0.64    0.37
  D0067     358.10   51.19   -0.88   -0.63    2.19    2.29  3
    475.00    8.00   -2.05   -2.12    1.63    0.96
     73.00    1.68   -2.62    0.38    0.38
  D0417  a  254.79   40.06    0.89    1.29    1.40    1.57  3
    250.00  154.00    1.22    1.62    1.30    1.63
     34.00 -999.00 -999.00 -999.00 -999.00
  D0465  a  251.13   44.16   -1.18   -1.09    1.29    1.35  3
    175.00   75.00   -1.62   -1.50    0.79    1.04
     46.00 -999.00 -999.00 -999.00 -999.00
  D0520  a  283.98   39.78   -1.21   -1.69    1.17    1.24  3
    412.00  231.00   -1.72   -2.22    0.50    0.38
     34.00 -999.00 -999.00 -999.00 -999.00
  D0534      11.33   58.53   -0.05    0.24    1.32    1.24  3
    212.00   65.00   -0.03    0.27    0.59    0.64
     49.00 -999.00 -999.00 -999.00 -999.00
  D1065      11.18   59.60   -3.26   -2.76    1.36    1.21  3
    288.00   16.00   -3.53   -3.03    0.46    0.19
     68.00   -3.62   -3.39    0.52    0.35
  D1833       5.48   50.96   -0.05    0.02    1.34    1.44  3
    159.00    2.00    0.20    0.32    1.52    1.67
     80.00   -0.35    0.12    1.33    1.93
  D2783  a  276.41   41.53    0.64    0.27    1.38    1.56  3
    234.00  142.00    0.83    0.67    1.93    1.61
     31.00 -999.00 -999.00 -999.00 -999.00
  D2795       2.00   47.06    0.49    0.49    1.31    1.25  3
    474.00    6.00    0.43    0.57    1.46    1.33
     78.00    0.62    0.03    1.70    1.68
  D2809     240.73   52.83   -1.79   -1.65    1.21    1.09  3
    161.00   24.00   -1.95   -1.90    1.19    1.11
     65.00   -2.55   -1.18    0.89    1.51
  D2821  a  286.39   45.52    0.13   -0.01    1.46    1.50  3
    157.00  107.00    0.05    0.05    1.48    1.56
     25.00 -999.00 -999.00 -999.00 -999.00
  D3123     359.61   50.94   -1.38   -1.38    1.97    1.92  3
    349.00  268.00   -1.60   -1.54    2.30    2.58
     19.00 -999.00 -999.00 -999.00 -999.00
  D3200     244.05   46.38   -1.68   -1.30    1.37    1.22  3
    119.00   11.00   -1.75   -1.30    1.33    1.33
     58.00   -2.43   -1.05    1.15    1.15
  D3411  a  279.85   26.02   -0.29   -0.52    1.45    1.38  3
    162.00   96.00    0.08   -0.40    1.59    1.90
     32.00 -999.00 -999.00 -999.00 -999.00
  D3893       5.66   50.27   -0.24   -0.16    1.49    1.44  3
    168.00  113.00   -0.45   -0.50    1.78    1.63
     24.00 -999.00 -999.00 -999.00 -999.00
  D4368  a  255.16   38.82   -1.32   -0.28    1.59    1.61  3
    322.00    0.00   -1.23    1.53    1.77    2.72
     81.00   -1.05   -0.82    1.63    2.23
  D4381     254.53   39.84   -2.44   -1.68    1.35    1.33  3
    381.00   67.00   -2.57   -1.96    1.62    1.53
     56.00   -2.12   -2.92    1.64    1.06
  D4515  a  246.09   35.56   -1.22   -1.06    1.52    1.51  3
    337.00   59.00   -1.02   -0.81    1.93    1.97
     70.00   -1.20   -0.52    1.77    1.82
  D4640  a  270.09   38.50    0.02    0.20    1.69    1.77  3
    201.00   94.00    0.20    0.20    2.30    2.37
     45.00 -999.00 -999.00 -999.00 -999.00
  D4749       8.18   62.26   -0.39   -0.13    2.03    2.07  3
    152.00   82.00   -0.38   -0.20    2.63    2.71
     30.00 -999.00 -999.00 -999.00 -999.00
  D4933     284.10   42.09   -2.06   -2.40    1.26    1.21  3
    199.00   47.00   -2.28   -2.62    1.36    1.14
     64.00   -2.74   -1.88    0.83    1.70
  D4993  a  246.04   51.11   -0.38   -0.47    1.40    1.62  3
    402.00  279.00   -0.40   -0.17    1.73    1.73
     23.00 -999.00 -999.00 -999.00 -999.00
  D5434     240.27   45.25   -2.52   -1.69    1.39    1.17  3
    161.00   21.00   -2.60   -1.70    1.78    1.26
     71.00   -3.85   -1.22    1.26    1.15
  D5867     257.20   41.20   -0.80   -1.07    1.19    1.22  3
    149.00   15.00   -1.00   -1.40    1.19    1.11
     67.00   -1.00   -0.95    1.30    0.78
  D6058       2.53   48.48   -0.50   -0.14    1.54    1.53  3
    165.00   12.00   -0.75   -0.40    1.63    1.33
     75.00   -0.65   -0.48    2.00    1.45
  D6099     236.77   44.60    0.16    0.38    1.16    1.13  2
     74.00    2.00    0.35    0.75    1.33    1.11
     36.00 -999.00 -999.00 -999.00 -999.00
  D6114  a  238.28   37.93    0.51    0.65    1.68    1.72  3
    493.00  281.00    0.73    0.75    1.87    2.09
     34.00 -999.00 -999.00 -999.00 -999.00
  D6748  a  274.24   30.16   -0.13   -0.38    1.66    1.68  3
    143.00   94.00   -0.35   -0.70    2.00    1.93
     24.00 -999.00 -999.00 -999.00 -999.00
  D7304      13.73   46.07   -3.06   -2.23    1.99    1.94  3
    240.00   58.00   -4.10   -3.40    0.64    0.30
     59.00   -0.30   -4.28    0.67    0.22
  D7491  a  275.20   35.24   -1.09   -1.44    1.98    2.02  3
    193.00  128.00   -1.80   -1.80    1.67    2.71
     30.00 -999.00 -999.00 -999.00 -999.00
  D7533     262.89   38.18    0.79    0.41    1.53    1.43  3
    147.00    2.00    1.00    0.72    1.93    1.80
     25.00 -999.00 -999.00 -999.00 -999.00
  D7998  a  249.20   32.10    0.58    0.34    1.45    1.65  3
    164.00   97.00    0.95    0.30    1.78    2.22
     33.00 -999.00 -999.00 -999.00 -999.00
  D8222     239.25   47.18   -1.65   -1.04    1.34    1.14  3
    162.00    0.00   -1.60   -1.00    1.56    1.48
     79.00   -2.88   -0.38    0.93    0.78
  D9234     284.24   39.65    1.24    0.93    1.33    1.23  3
    217.00    0.00    1.74    1.63    0.68    0.25
     76.00    0.20    2.19    1.46    0.27
  D9633     238.95   47.18   -1.97   -1.36    1.26    1.04  3
    159.00    2.00   -2.00   -1.38    1.63    1.22
     76.00   -3.20   -0.67    0.78    0.85
  D9712     242.45   45.83   -1.80   -1.09    1.43    1.40  3
    119.00    9.00   -1.92   -1.08    1.67    1.59
     58.00   -2.78   -0.77    1.33    1.26
  E0159  a  241.95   45.40    0.09    0.85    1.37    1.36  3
    196.00   65.00    0.17    0.83    1.38    1.58
     51.00 -999.00 -999.00 -999.00 -999.00
  E0681     237.11   41.46    0.47    0.83    1.22    1.29  3
    480.00  147.00    0.30    0.82    1.31    1.36
     57.00    1.05   -0.12    1.24    1.48
  E1015     282.26   42.85   -0.36   -0.25    1.55    1.51  3
     89.00    0.00   -0.15   -0.05    1.93    1.85
     39.00 -999.00 -999.00 -999.00 -999.00
  E1187     245.52   47.00   -0.81   -0.54    1.56    1.41  3
    150.00    0.00   -0.60   -0.60    1.85    2.00
     77.00   -2.28    0.55    1.00    1.04
  E1392     239.36   47.81   -2.14   -1.65    1.24    1.04  3
    161.00    2.00   -2.20   -1.75    1.48    1.04
     79.00   -3.25   -1.05    0.82    1.00
  E1633     238.88   45.75   -1.62   -0.78    1.45    1.20  3
    159.00    0.00   -1.85   -0.75    1.78    1.56
     79.00   -1.75   -0.28    2.00    1.07
  E1664       0.89   51.14    0.48    0.63    1.66    1.62  3
    451.00   34.00    1.00    1.09    1.19    1.29
     63.00    0.30    1.29    1.78    0.80
  E1922     240.63   39.37   -0.35   -0.08    1.27    1.34  3
    139.00    0.00   -0.25    0.00    1.45    1.63
     66.00   -1.54    0.86    1.04    0.93
  E2194  a  245.96   50.98   -0.73   -0.55    1.56    1.50  3
    175.00  108.00   -1.00   -0.73    2.08    1.68
     31.00 -999.00 -999.00 -999.00 -999.00
  E2421     281.95   44.63    1.79    1.56    1.43    1.44  3
    132.00    4.00    2.65    2.28    1.56    1.30
     66.00    1.92    2.70    0.93    1.37
  E2657  a  253.25   32.37    0.19   -0.06    1.26    1.18  3
    167.00   10.00    0.20    0.00    1.43    1.33
     75.00   -0.43    0.75    1.85    1.45
  E3038     357.50   54.30    0.59    0.81    2.40    2.36  3
    201.00  119.00    0.80    1.33    2.87    2.87
     28.00 -999.00 -999.00 -999.00 -999.00
  E3057     253.50   50.80   -1.22   -1.11    1.30    1.28  3
    159.00    0.00   -1.23   -1.17    1.19    1.29
     67.00   -1.77   -0.30    0.90    1.20
  E3732     238.89   47.21   -2.47   -1.80    1.33    1.11  3
    162.00    4.00   -2.35   -1.80    1.63    1.48
     79.00   -3.65   -0.95    1.41    0.78
  E4023     246.44   37.09   -0.55   -0.31    1.34    1.37  2
    149.00    0.00   -0.70   -0.50    1.63    1.68
     49.00 -999.00 -999.00 -999.00 -999.00
  E4238     248.58   48.70   -2.25   -2.05    1.34    1.27  3
    162.00   59.00   -2.42   -2.28    1.63    1.52
     52.00 -999.00 -999.00 -999.00 -999.00
  E4654  a  245.85   49.48    0.41    0.65    1.44    1.54  3
    160.00  121.00    0.45    0.55    1.67    1.48
     22.00 -999.00 -999.00 -999.00 -999.00
  E4689       5.84   49.57    0.42    0.95    1.22    1.14  3
    242.00   47.00    0.55    1.15    0.56    0.48
     49.00 -999.00 -999.00 -999.00 -999.00
  E4856     235.79   42.11   -0.28    0.00    1.51    1.54  2
    134.00    2.00   -0.50   -0.30    1.56    1.71
     68.00   -0.75    0.05    1.04    1.70
  E5375     246.04   51.02   -1.81   -1.47    1.83    1.63  3
    121.00   12.00   -2.16   -1.62    2.15    1.85
     54.00 -999.00 -999.00 -999.00 -999.00
  E5608     284.04   42.06    0.95    1.18    1.38    1.42  3
    166.00   69.00    1.30    1.50    2.08    1.48
     21.00 -999.00 -999.00 -999.00 -999.00
  E5655  a  254.05   32.93   -1.49   -1.81    2.30    2.51  3
    135.00   81.00   -2.70   -3.13    0.70    0.77
     22.00 -999.00 -999.00 -999.00 -999.00
  E5697     237.59   41.40   -0.16    0.13    1.40    1.35  3
    102.00    0.00   -0.20    0.05    1.33    1.33
     53.00 -999.00 -999.00 -999.00 -999.00
  E5718     247.09   53.38   -0.85   -0.68    1.51    1.44  3
    156.00    0.00   -0.88   -0.63    1.83    1.50
     66.00   -2.10    0.28    0.82    1.33
  E5845     243.06   34.27   -0.49    0.18    1.30    1.29  3
    249.00   15.00   -0.45    0.40    1.42    1.52
     68.00   -0.56   -1.00    1.17    1.36
  E5875     297.18   17.91    0.61    0.58    1.73    1.62  3
    178.00    0.00    0.63    0.65    2.10    2.10
     73.00    1.28   -0.82    1.51    0.79
  E5974     248.01   51.62   -1.50   -1.28    1.78    1.64  3
    328.00   39.00   -2.02   -1.55    1.86    1.71
     69.00   -2.83   -0.09    1.05    1.85
  E6077     258.03   49.35   -1.09   -1.20    1.98    1.91  3
    167.00  113.00   -1.55   -1.53    2.26    2.22
     26.00 -999.00 -999.00 -999.00 -999.00
  E6385     244.79   36.05    0.64    0.72    1.57    1.51  2
    275.00   78.00    1.40    1.50    1.33    1.48
     45.00 -999.00 -999.00 -999.00 -999.00
  E6456     252.13   46.60   -2.25   -2.08    1.31    1.30  3
     56.00    7.00   -2.07   -2.20    2.08    1.19
     24.00 -999.00 -999.00 -999.00 -999.00
  E6485     255.32   39.02   -1.81   -1.45    1.72    1.75  2
    430.00   30.00   -2.46   -2.13    1.42    1.37
     66.00   -3.14   -0.75    0.33    1.93
  E7002     254.79   44.28   -2.02   -1.76    1.51    1.48  3
    169.00   17.00   -2.40   -2.10    1.41    1.48
     71.00   -2.60   -2.05    1.26    1.47
  E7122  a  245.81   51.10   -0.85   -0.66    1.64    1.50  3
    232.00  140.00   -0.97   -0.90    2.03    1.63
     31.00 -999.00 -999.00 -999.00 -999.00
  E7354     248.18   40.63   -0.89   -0.16    1.47    1.26  3
    153.00    0.00   -1.02   -0.25    1.51    1.33
     72.00   -2.30   -0.38    1.04    1.48
  E7422     276.62   35.24    0.71    0.80    1.97    1.92  3
    119.00    0.00    1.70    1.80    0.59    0.44
     59.00    1.77   -0.55    0.48    3.30
  E7655  a  252.80   33.26    0.40    0.09    1.36    1.21  3
    199.00   15.00    0.25   -0.07    1.41    1.33
     75.00   -0.10    1.17    1.48    1.92
  E7745  a  288.56   42.46   -0.73   -0.99    1.64    1.89  3
    146.00   72.00   -1.00   -1.17    2.00    2.85
     22.00 -999.00 -999.00 -999.00 -999.00
  E8201     248.82   48.47   -1.85   -1.80    1.35    1.16  3
    170.00   62.00   -1.92   -1.95    1.67    1.61
     48.00 -999.00 -999.00 -999.00 -999.00
  E8724     241.59   34.32   -1.49   -0.58    1.31    1.33  3
    276.00    0.00   -1.33   -0.30    1.78    1.82
     75.00   -0.26   -2.75    0.69    0.48
  E8771      12.71   50.44   -2.23   -1.84    1.36    1.32  3
    471.00   22.00   -2.46   -2.05    1.42    1.36
     77.00   -3.57   -1.72    0.52    1.09
  E9034     249.17   49.89   -1.54   -1.39    1.40    1.31  3
    149.00   11.00   -1.55   -1.55    1.31    1.37
     64.00   -2.42   -0.38    0.95    1.46
  E9067     282.73   38.90    0.82    0.07    1.26    1.21  3
    490.00    0.00    0.45   -0.38    1.36    1.19
     80.00    0.10    0.44    1.75    1.07
  E9458     247.93   40.60   -2.14   -1.92    1.62    1.33  3
    388.00   33.00   -2.27   -2.18    1.38    1.23
     65.00   -1.98   -2.53    2.26    2.25
  E9485     263.78   41.20   -2.59   -2.53    1.25    1.21  3
    168.00  108.00   -2.90   -2.90    1.19    1.11
     31.00 -999.00 -999.00 -999.00 -999.00
  E9511     266.73   45.04   -0.56   -0.93    1.58    1.41  3
    171.00    1.00   -0.75   -1.14    1.56    1.39
     68.00   -0.88   -0.27    1.37    2.17
  E9838     239.53   38.27   -1.22   -0.83    1.55    1.34  3
    266.00    0.00   -1.22   -0.75    2.05    1.95
     51.00 -999.00 -999.00 -999.00 -999.00
  EDDFR     242.12   34.96    1.05    1.70    1.30    1.24  3
    553.00  196.00    1.20    1.89    1.38    1.25
     53.00 -999.00 -999.00 -999.00 -999.00
  EYSC      248.35   40.25   -1.01   -1.00    1.14    1.05  3
    168.00   80.00   -1.00   -1.08    1.19    1.08
     36.00 -999.00 -999.00 -999.00 -999.00
  F0237     277.48   27.86    0.78    0.31    1.44    1.41  3
    165.00    8.00    0.46    0.03    1.79    1.52
     30.00 -999.00 -999.00 -999.00 -999.00
  F0270     268.11   42.49   -1.29   -1.71    1.30    1.12  3
    480.00   24.00   -1.32   -1.67    1.24    0.91
     77.00   -1.46   -1.02    1.21    1.29
  F0405     237.80   48.00   -0.78   -0.43    1.45    1.42  3
    400.00    0.00   -0.11    0.40    0.66    0.21
     73.00   -2.70    0.14    1.04    0.31
  F0663     239.19   44.30   -0.66   -0.08    1.67    1.43  3
    160.00    0.00   -0.67   -0.10    1.82    1.52
     78.00   -2.18    1.00    1.15    1.41
  F0664     243.11   34.24   -0.05    0.56    1.36    1.38  3
    291.00    0.00    0.82    1.70    1.63    1.98
     52.00 -999.00 -999.00 -999.00 -999.00
  F0665     243.14   34.23   -0.57    0.08    1.51    1.47  3
    544.00    0.00   -0.69    0.51    1.65    1.57
     81.00   -0.75   -1.01    1.77    1.78
  F0710     264.36   46.73   -1.10   -1.41    1.64    1.61  3
     67.00   15.00   -1.40   -1.60    1.93    1.93
     52.00 -999.00 -999.00 -999.00 -999.00
  F1401     263.10   47.00    0.25    0.06    1.58    1.60  3
    203.00    6.00    0.07   -0.30    1.80    1.56
     79.00   -0.57    1.07    1.11    2.10
  F1801     283.97   42.04   -1.86   -2.17    1.39    1.33  3
    162.00   36.00   -1.90   -2.35    1.48    1.11
     63.00   -2.55   -1.62    1.00    1.74
  F1967     237.73   45.54   -2.34   -1.60    1.25    1.02  3
    207.00   12.00   -2.36   -1.52    1.57    1.15
     76.00   -3.15   -1.42    1.01    1.12
  F3247     262.89   49.81   -1.20   -1.33    1.49    1.43  3
    393.00   44.00   -1.31   -1.36    1.36    1.36
     53.00 -999.00 -999.00 -999.00 -999.00
  FRTVM  a  262.70   32.62   -0.58   -0.53    1.13    1.19  3
    491.00  343.00   -0.38   -0.35    1.22    1.43
     24.00 -999.00 -999.00 -999.00 -999.00
  FRWSC     262.64   32.69   -0.54   -0.83    1.37    1.34  3
    309.00    0.00   -1.00   -1.51    1.10    0.57
     45.00 -999.00 -999.00 -999.00 -999.00
  GGWKB     255.21   48.67   -1.28   -1.30    1.20    0.97  3
     37.00    4.00   -1.40   -1.40    1.63    1.04
     33.00 -999.00 -999.00 -999.00 -999.00
  GGWKL     255.82   48.50   -1.75   -1.64    1.25    1.00  3
     79.00    7.00   -1.95   -1.80    0.96    0.96
     72.00   -2.30   -1.35    1.04    1.33
  GGWPP     255.01   48.58   -0.45   -0.27    1.44    1.35  3
     36.00    1.00   -0.50   -0.20    1.19    1.04
     35.00 -999.00 -999.00 -999.00 -999.00
  GGWSW     255.54   48.42   -1.49   -1.34    1.35    1.12  3
     38.00    2.00   -1.75   -1.55    0.96    0.67
     36.00 -999.00 -999.00 -999.00 -999.00
  GLNLG  a  283.04   39.25    0.28   -0.05    1.37    1.42  3
    478.00  288.00    0.40    0.00    1.93    1.71
     32.00 -999.00 -999.00 -999.00 -999.00
  GRLYB  a  255.34   40.41   -0.04   -0.05    1.36    1.33  3
    565.00   26.00    0.44    0.57    1.05    0.67
     78.00   -1.75    0.59    1.43    0.42
  H0152  a  263.12   33.15    0.23    0.13    1.56    1.51  3
    219.00  100.00    0.00   -0.10    1.83    1.75
     40.00 -999.00 -999.00 -999.00 -999.00
  HASTG     267.13   44.74    0.23    0.15    1.39    1.31  2
    212.00    0.00    0.08    0.28    1.66    1.66
     37.00 -999.00 -999.00 -999.00 -999.00
  HLHGR     279.67   25.87    0.35   -0.10    1.16    1.14  3
    234.00    0.00    0.74    0.29    0.32    0.30
     37.00 -999.00 -999.00 -999.00 -999.00
  HSHTR     264.52   29.75   -1.71   -1.82    1.30    1.24  3
    547.00    9.00   -2.01   -2.03    1.21    1.23
     79.00   -1.39   -2.49    0.60    2.10
  JSPRS     241.88   52.85   -1.08   -0.66    1.60    1.57  3
    264.00   13.00   -1.16   -0.74    1.95    2.01
     43.00 -999.00 -999.00 -999.00 -999.00
  K50AX     277.38   42.77    0.00   -0.02    1.43    1.57  3
    564.00  168.00    0.01    0.30    1.67    1.93
     57.00   -0.09    0.35    1.72    2.17
  K6V5      257.54   45.52    1.29    1.00    1.89    1.74  3
    146.00    0.00    2.15    1.98    1.59    1.00
     78.00    2.53   -1.10    1.00    0.70
  K7G9      263.43   43.31    1.03    0.83    1.62    1.58  3
     73.00    0.00    1.50    1.90    2.22    1.04
     73.00    2.50   -0.60    0.44    0.37
  KLEM   a  257.89   45.92    0.80    0.54    1.92    1.79  3
     79.00    4.00    1.80    1.60    1.48    1.19
     68.00    2.20   -1.40    0.44    0.74
  LWNBR     278.46   35.42   -0.32   -0.72    1.39    1.40  3
    299.00    0.00    0.30    0.03    1.09    0.84
     55.00 -999.00 -999.00 -999.00 -999.00
  MARNO     261.86   29.57   -0.41   -0.81    1.35    1.27  3
    508.00    0.00   -1.05   -1.74    1.30    0.47
     74.00   -1.52    0.95    0.62    0.34
  MDSNH  a  262.90   32.84    0.78    0.93    1.33    1.37  3
    565.00  364.00    0.76    1.06    1.86    1.81
     30.00 -999.00 -999.00 -999.00 -999.00
  MN017     265.97   45.39    1.68    1.44    1.33    1.31  3
    474.00   66.00    1.65    1.23    1.38    1.46
     71.00    1.67    1.56    1.57    1.42
  MN033     264.39   44.69   -1.09   -1.55    1.32    1.35  3
    459.00  198.00   -1.28   -1.82    1.66    1.16
     51.00 -999.00 -999.00 -999.00 -999.00
  MN076     266.34   45.88   -0.17   -0.70    1.48    1.51  3
    448.00  154.00   -0.29   -0.58    1.27    1.51
     52.00 -999.00 -999.00 -999.00 -999.00
  MNRVN     282.72   39.38    0.23   -0.24    1.46    1.42  3
    312.00    3.00   -0.23   -0.31    1.82    1.65
     49.00 -999.00 -999.00 -999.00 -999.00
  PHLLL     284.85   40.65    0.13   -0.40    1.62    1.49  3
    143.00    0.00    0.70    0.47    1.48    0.79
     29.00 -999.00 -999.00 -999.00 -999.00
  PHNCH  a  247.96   33.48   -1.21   -1.38    1.33    1.22  3
    483.00  103.00   -1.30   -1.10    1.93    1.93
     67.00   -0.35   -0.66    1.37    2.15
  PITT3     280.03   40.51   -0.02   -0.67    1.51    1.57  3
    157.00    0.00    0.70    0.30    0.74    0.30
     29.00 -999.00 -999.00 -999.00 -999.00
  Q32MX     227.73   58.96    0.13    0.16    1.32    1.26  3
    513.00   27.00   -0.13   -0.07    0.85    0.93
     74.00   -0.46    0.23    0.86    2.61
  SCBSA     348.82   39.77   -0.95   -0.90    1.92    1.94  3
    565.00  249.00   -1.47   -1.45    1.61    1.82
     48.00 -999.00 -999.00 -999.00 -999.00
  SNKNG     283.96   40.34   -0.46   -0.53    1.29    1.18  3
    262.00    0.00    0.00   -0.03    0.61    0.32
     45.00 -999.00 -999.00 -999.00 -999.00
  WCHTF     261.48   33.88   -0.92   -0.84    1.35    1.28  3
    496.00    0.00   -0.50   -0.30    1.71    1.85
     81.00   -2.13    0.15    0.63    0.48
  WTMWI     270.69   44.07    0.35    0.41    1.40    1.29  3
    266.00    0.00    0.70    0.80    0.61    0.42
     41.00 -999.00 -999.00 -999.00 -999.00
  AT348     351.26   39.19    1.40    1.45    2.28    2.18  3
    101.00    3.00    2.32    2.50    1.11    0.63
     48.00 -999.00 -999.00 -999.00 -999.00
  AT637     359.29   50.79    0.26    0.39    1.71    1.66  3
     76.00    6.00    0.75    0.65    1.56    1.85
     43.00 -999.00 -999.00 -999.00 -999.00
  AT835     269.75   41.49    0.78    0.35    1.64    1.55  2
    199.00    2.00    1.00    0.70    1.93    1.78
     33.00 -999.00 -999.00 -999.00 -999.00
  AU185     285.36   39.28    0.50   -0.02    1.22    1.28  3
     86.00    4.00    0.35   -0.10    1.48    1.85
     39.00 -999.00 -999.00 -999.00 -999.00
  AV415     278.25   30.12   -0.49   -0.99    1.14    1.23  2
     45.00    0.00   -0.70   -1.10    1.19    1.19
     15.00 -999.00 -999.00 -999.00 -999.00
  D6371     253.91   35.10   -0.48   -0.72    1.38    1.27  3
    154.00    1.00   -0.60   -0.87    1.27    1.40
     54.00 -999.00 -999.00 -999.00 -999.00
  D7220     279.61   27.61    0.02   -0.25    1.44    1.40  3
    253.00   45.00    0.18   -0.14    0.90    0.41
     60.00    0.15   -0.14    0.44    2.46
  E4023  a  246.44   37.09   -1.02   -1.02    2.42    2.63  2
    102.00   35.00   -2.31   -2.47    0.82    4.13
     24.00 -999.00 -999.00 -999.00 -999.00
  F0287     248.15   40.64   -1.61   -1.28    1.22    1.14  3
     85.00    4.00   -1.88   -1.80    1.48    1.04
     34.00 -999.00 -999.00 -999.00 -999.00
  F1780     251.38   47.92   -1.08   -1.17    1.81    1.79  3
     94.00   48.00   -1.80   -1.40    2.37    2.08
     29.00 -999.00 -999.00 -999.00 -999.00
  QNSKL     248.42   33.19    0.46    0.32    1.61    1.70  3
    114.00    3.00    1.13    1.11    0.75    0.44
     20.00 -999.00 -999.00 -999.00 -999.00
  RYREV     284.49   40.23    0.66    0.19    1.35    1.31  3
    411.00    0.00    1.12    0.70    0.74    0.44
     76.00    0.66    1.08    2.14    0.64
  C4498     255.12   38.92   -1.55   -1.16    1.11    1.14  3
     70.00    0.00   -1.47   -1.00    1.38    1.58
     27.00 -999.00 -999.00 -999.00 -999.00
  E3690     239.05   45.48   -1.27   -0.43    1.65    1.39  3
    162.00    0.00   -1.50   -0.43    2.04    1.77
     78.00   -1.92    0.08    1.67    1.22
  E6485  a  255.32   39.02    1.73    2.00    0.69    0.79  2
    118.00   82.00    1.60    2.05    0.67    1.11
      8.00 -999.00 -999.00 -999.00 -999.00
  E7595     248.72   47.54   -0.92   -0.91    1.70    1.49  3
     86.00    5.00   -1.00   -1.10    2.11    1.63
     50.00 -999.00 -999.00 -999.00 -999.00
  AT956     261.87   31.60    0.06   -0.12    1.54    1.46  3
     64.00    1.00   -0.38   -0.85    2.00    1.62
     30.00 -999.00 -999.00 -999.00 -999.00
  E5697  a  237.59   41.40   -1.56   -1.31    1.58    1.56  3
     58.00    6.00   -2.15   -1.92    0.93    0.78
     32.00 -999.00 -999.00 -999.00 -999.00
  E7882     265.46   41.33    1.22    0.95    1.82    1.83  3
     58.00    3.00    1.90    1.38    1.71    1.89
     30.00 -999.00 -999.00 -999.00 -999.00
  EDNAA     266.66   44.91   -1.35   -1.47    1.38    1.38  3
    429.00   37.00   -1.60   -1.60    1.93    2.02
     68.00    0.04   -2.63    0.52    0.95
  TWRCT     283.41   40.58    0.28    0.05    1.74    1.66  3
    130.00    9.00    0.80    0.80    2.37    1.93
     23.00 -999.00 -999.00 -999.00 -999.00
  D3846  a  273.70   30.81   -0.62   -0.91    1.30    1.39  2
    153.00   51.00   -0.75   -1.20    0.96    1.19
     46.00 -999.00 -999.00 -999.00 -999.00
  E1397     294.37   48.19   -0.09   -0.18    1.89    1.87  3
    384.00   34.00   -0.17   -0.28    1.90    2.37
     59.00   -0.37    0.65    1.68    1.93
  JSPRS  a  241.88   52.85    1.06    1.36    1.25    1.42  3
    170.00   60.00    1.49    1.13    1.21    0.72
     19.00 -999.00 -999.00 -999.00 -999.00
  RMSRM     285.86   41.06    0.18    0.02    1.52    1.52  3
    138.00    1.00    0.00   -0.28    1.85    1.56
     22.00 -999.00 -999.00 -999.00 -999.00
  APPMX     281.17   37.34   -0.68   -1.32    1.37    1.29  3
    489.00    0.00   -0.39   -0.80    1.74    1.48
     72.00   -1.65    0.51    0.82    0.54
  E8724  a  241.59   34.32   -0.54    0.32    1.14    1.17  3
     46.00    0.00   -0.20    0.80    1.11    0.89
     19.00 -999.00 -999.00 -999.00 -999.00
  E5606     253.52   48.67   -0.98   -0.84    1.65    1.66  3
    257.00   17.00   -1.46   -1.27    1.55    1.53
     47.00 -999.00 -999.00 -999.00 -999.00
  C2849  a  239.54   42.18   -0.60   -0.30    1.58    1.50  3
     87.00    1.00   -0.69   -0.17    3.06    2.77
     40.00 -999.00 -999.00 -999.00 -999.00
  AU728     278.96   39.23   -0.05   -0.46    1.52    1.41  3
    258.00   10.00   -0.13   -1.02    1.18    0.78
     42.00 -999.00 -999.00 -999.00 -999.00
  D6099  a  236.77   44.60    2.20    2.36    0.59    0.46  2
     89.00   58.00    2.20    2.30    0.79    0.52
     14.00 -999.00 -999.00 -999.00 -999.00
  E1142       0.10   51.10   -2.53   -2.41    1.49    1.46  3
    147.00   97.00   -3.05   -3.10    1.33    1.41
     26.00 -999.00 -999.00 -999.00 -999.00
  E5845  a  243.06   34.27   -0.31    0.15    1.40    1.44  3
     61.00    3.00   -0.60   -0.22    1.88    1.66
     28.00 -999.00 -999.00 -999.00 -999.00
  E2781  a  284.92   39.72    0.25   -0.44    1.52    1.67  3
    309.00  123.00    0.37   -0.42    1.58    1.40
     33.00 -999.00 -999.00 -999.00 -999.00
  F3335     253.99   39.59   -1.38   -0.40    1.41    1.43  3
    100.00    2.00   -1.50   -0.47    1.38    1.19
     37.00 -999.00 -999.00 -999.00 -999.00
  C9795  a  237.59   48.78    0.13    0.72    1.42    1.49  3
    174.00   93.00    0.50    0.90    1.53    1.78
     33.00 -999.00 -999.00 -999.00 -999.00
  PLCMS     273.60   34.70   -0.81   -1.20    1.50    1.47  3
    208.00    1.00   -1.04   -1.60    1.40    1.65
     33.00 -999.00 -999.00 -999.00 -999.00
  E1858     281.76   40.22   -1.68   -2.01    1.33    1.30  3
    126.00    0.00   -2.25   -2.70    0.85    0.48
     62.00   -2.50   -2.12    0.93    1.89
  E6663     245.81   47.73   -0.58   -0.35    1.56    1.29  3
    154.00    0.00   -0.50   -0.12    1.71    1.53
     64.00   -1.15    0.08    2.04    1.22
  SNNHP     261.54   29.40    0.49   -0.05    1.95    1.88  3
    263.00    0.00    1.50    0.92    0.76    0.72
     38.00 -999.00 -999.00 -999.00 -999.00
  SNTHG     278.49   27.54   -0.15   -0.67    1.31    1.37  3
    273.00   29.00   -0.41   -1.05    1.63    1.56
     36.00 -999.00 -999.00 -999.00 -999.00
  C1010  a  238.46   44.30   -1.58   -1.06    0.71    0.69  2
    157.00  133.00   -1.44   -0.85    0.94    0.74
      6.00 -999.00 -999.00 -999.00 -999.00
  C2059     259.21   46.90    0.87    0.62    1.69    1.59  3
     63.00    0.00    1.02    0.82    1.72    1.83
     18.00 -999.00 -999.00 -999.00 -999.00
  AT237     249.02   31.99    1.91    1.84    1.26    1.24  3
    391.00   34.00    2.11    2.11    1.34    1.47
     62.00    1.74    2.38    1.37    1.37
  C0352     258.94   39.40    0.71    0.61    1.18    1.13  3
     63.00    0.00    0.89    0.57    1.42    1.38
     26.00 -999.00 -999.00 -999.00 -999.00
  C5091     240.23   39.17    0.22    0.58    1.10    1.06  3
     95.00    3.00    0.20    0.50    1.11    1.11
     55.00 -999.00 -999.00 -999.00 -999.00
  C5507     238.34   44.44   -0.91   -0.34    1.14    1.05  3
    380.00   60.00   -1.18   -0.46    1.29    1.10
     56.00   -1.47   -0.21    1.22    1.09
  D1878     266.38   47.40   -1.70   -1.90    1.25    1.22  3
    164.00   98.00   -1.75   -1.92    1.48    1.37
     34.00 -999.00 -999.00 -999.00 -999.00
  D3085  a  263.17   40.76   -0.92   -0.90    1.17    1.42  3
    524.00  395.00   -1.10   -0.76    1.41    2.04
     20.00 -999.00 -999.00 -999.00 -999.00
  D3870  a  252.78   39.28   -2.43   -2.27    1.18    1.09  3
    162.00  103.00   -2.57   -2.58    1.85    1.45
     32.00 -999.00 -999.00 -999.00 -999.00
  D5735     240.64   50.23   -1.21   -0.98    1.27    0.98  3
    159.00    0.00   -1.20   -0.85    1.48    1.11
     80.00   -2.28   -0.18    1.15    0.67
  D9630  a  238.47   43.72   -0.95   -0.54    1.21    1.23  3
    162.00  111.00   -0.55   -0.30    1.63    1.59
     26.00 -999.00 -999.00 -999.00 -999.00
  E2349  a  254.62   48.52   -1.75   -1.62    1.17    1.01  3
    163.00   46.00   -1.95   -1.90    1.11    0.96
     61.00   -2.53   -1.27    0.85    1.30
  E4369     239.28   47.15   -2.87   -2.25    1.28    1.10  3
    117.00   14.00   -3.18   -2.62    1.26    1.00
     52.00 -999.00 -999.00 -999.00 -999.00
  E5404     264.67   30.08    0.02   -0.18    1.18    1.06  3
     78.00    3.00   -0.03   -0.12    1.26    0.94
     30.00 -999.00 -999.00 -999.00 -999.00
  E6678     295.73   44.39   -0.36   -0.52    1.95    1.77  3
     71.00   13.00   -0.30   -0.57    2.18    2.08
     21.00 -999.00 -999.00 -999.00 -999.00
  E7256      11.85   50.42   -1.07   -0.59    1.29    1.41  3
    472.00    6.00   -1.20   -0.68    1.53    1.71
     79.00   -0.09   -2.11    1.24    1.01
  E7481  a  243.51   47.18   -0.83   -0.55    1.26    1.34  3
    165.00   44.00   -0.80   -0.60    1.43    1.41
     59.00   -1.73   -0.22    0.96    1.58
  E8942       9.76   48.99   -1.90   -0.97    1.20    1.14  3
    479.00   44.00   -1.67   -0.84    1.26    1.25
     74.00   -1.70   -0.93    0.82    0.89
  E9113     238.59   38.93    0.05    0.38    1.24    1.18  3
     69.00    0.00    0.07    0.24    1.22    1.08
     32.00 -999.00 -999.00 -999.00 -999.00
  F1466     271.64   41.75   -1.29   -1.37    1.21    1.05  3
    202.00    0.00   -1.33   -1.40    1.29    1.19
     81.00   -1.65   -0.18    1.19    1.09
  F1840     261.52   36.28   -0.89   -1.29    1.21    1.20  3
    269.00    0.00   -1.15   -1.33    0.74    0.74
     70.00   -0.44   -1.62    2.00    0.91
  F2332     278.29   26.62    0.49   -0.04    1.23    1.19  3
    316.00   14.00    0.22   -0.46    0.84    0.89
     60.00    0.04    1.10    0.46    2.89
  GGWWS     255.66   47.70   -2.00   -1.94    1.27    1.08  3
     39.00    3.00   -2.30   -2.15    0.96    0.82
     36.00 -999.00 -999.00 -999.00 -999.00
  GGWZF     254.04   48.28   -2.37   -2.27    1.17    1.07  3
     36.00    9.00   -2.20   -2.70    1.33    1.19
     27.00 -999.00 -999.00 -999.00 -999.00
  LGNTN  a  282.71   41.04   -0.24    0.18    1.43    1.47  3
    367.00  256.00    0.30    0.38    1.41    1.73
     18.00 -999.00 -999.00 -999.00 -999.00
  MABL   a  248.36   33.84   -0.84   -0.96    1.24    1.16  3
    160.00   38.00   -1.20   -1.40    1.19    0.74
     70.00   -1.15   -1.35    0.82    1.48
  NPLCP     278.27   25.98   -0.72   -0.98    1.26    1.19  3
    404.00   35.00   -0.55   -0.68    1.00    0.84
     54.00 -999.00 -999.00 -999.00 -999.00
  SPRST  a  287.45   42.12    0.42    0.05    1.20    1.12  3
    565.00    0.00    0.74    0.31    1.23    0.93
     81.00   -1.06    0.39    1.09    0.52
  WLMHG  a  284.19   41.27   -1.39   -1.68    1.23    1.19  3
    565.00  241.00   -1.80   -1.99    1.21    1.31
     47.00 -999.00 -999.00 -999.00 -999.00
  AT538     269.64   30.45    0.17   -0.04    1.23    1.25  3
    287.00    0.00    0.05    0.07    1.26    1.46
     49.00 -999.00 -999.00 -999.00 -999.00
  COLMT     248.19   47.94   -1.96   -1.76    1.17    1.15  3
     58.00   23.00   -2.00   -1.50    1.33    1.63
     35.00 -999.00 -999.00 -999.00 -999.00
  D8868     282.60   38.92    1.38    0.76    1.17    1.15  3
    154.00    0.00    1.23    0.50    1.43    0.93
     53.00 -999.00 -999.00 -999.00 -999.00
  E4606     245.53   32.67    0.45    0.19    1.15    1.22  3
    116.00    4.00    0.30    0.10    1.11    1.41
     51.00 -999.00 -999.00 -999.00 -999.00
  F2135     278.98   35.55   -0.11   -0.58    1.27    1.29  3
    295.00    5.00   -0.20   -0.73    1.48    1.31
     53.00 -999.00 -999.00 -999.00 -999.00
  A1465     287.40   42.61    0.31   -0.10    1.57    1.51  3
     51.00    0.00   -0.05    0.20    1.78    1.93
     50.00 -999.00 -999.00 -999.00 -999.00
  A2410     246.11   45.18   -2.12   -1.74    1.44    1.22  3
     58.00    2.00   -2.20   -2.00    1.48    1.04
     55.00 -999.00 -999.00 -999.00 -999.00
  AN561     265.99   29.98    0.33   -0.09    1.21    1.22  3
     72.00   39.00    0.20   -0.40    0.44    0.59
     33.00 -999.00 -999.00 -999.00 -999.00
  AN857     243.19   46.40    0.23    0.74    1.90    1.67  3
     55.00    8.00   -0.15    0.40    2.00    1.78
     46.00 -999.00 -999.00 -999.00 -999.00
  AN859     243.97   46.21    0.11    0.65    1.54    1.32  3
     57.00    9.00    0.20    0.60    1.78    1.63
     47.00 -999.00 -999.00 -999.00 -999.00
  GGWUC     252.73   47.04   -1.87   -1.80    1.25    1.22  3
     32.00    8.00   -2.10   -1.60    1.63    1.48
     23.00 -999.00 -999.00 -999.00 -999.00
  F3348     279.29   32.42    0.82    0.15    1.26    1.29  3
    153.00    1.00    0.35   -0.16    0.74    0.86
     31.00 -999.00 -999.00 -999.00 -999.00
  AT119     237.45   47.15   -1.11   -0.73    1.22    1.33  3
    142.00    0.00   -1.21   -1.00    1.85    1.95
     20.00 -999.00 -999.00 -999.00 -999.00
  AS836     240.44   49.85   -0.84   -0.59    1.27    1.00  3
    242.00    0.00   -0.67   -0.37    1.48    0.94
     81.00   -1.92    0.10    1.53    1.31
  AT951     238.73   44.27   -0.80   -0.24    1.19    1.09  3
    395.00   71.00   -0.91   -0.30    1.50    1.35
     50.00 -999.00 -999.00 -999.00 -999.00
  C6697  a  239.60   48.58   -2.28   -2.02    1.21    1.07  3
    159.00   39.00   -2.30   -2.05    1.33    1.11
     61.00   -3.20   -1.50    1.04    1.33
  C8876     236.69   42.20   -2.26   -2.05    1.16    0.96  3
    347.00    5.00   -2.15   -2.08    1.37    1.15
     77.00   -2.72   -2.06    1.44    1.28
  C9085     239.35   38.07   -1.26   -0.95    1.27    0.96  3
    221.00    0.00   -1.33   -0.83    1.58    1.38
     75.00   -0.93   -1.65    1.56    1.36
  D0611     248.10   40.51   -0.59   -0.32    1.19    1.02  3
    131.00    5.00   -0.90   -0.30    1.15    1.15
     64.00   -1.38   -0.43    0.70    1.45
  D1188  a  243.16   47.73    0.22    0.34    1.24    1.15  3
    270.00    6.00    0.17    0.32    1.48    1.30
     78.00   -1.01    1.28    0.79    0.86
  D1894       6.63   44.91   -2.54   -1.68    1.16    1.13  3
    238.00   83.00   -2.30   -1.48    1.19    1.31
     56.00   -2.23   -2.31    1.22    1.60
  D2671  a  288.62   42.14    0.07   -0.14    1.24    1.16  3
    236.00   72.00   -0.10   -0.30    1.04    0.89
     57.00    0.15   -0.42    1.14    0.89
  D4026  a  245.68   48.24   -0.27   -0.07    1.12    0.90  3
    164.00  112.00   -0.50   -0.10    1.48    1.22
     26.00 -999.00 -999.00 -999.00 -999.00
  D6052     238.66   45.65   -0.82    0.01    1.17    0.86  3
    163.00    0.00   -0.92   -0.10    1.45    1.11
     80.00   -1.92    0.28    0.59    0.96
  D7385  a  255.66   38.95   -2.16   -1.39    1.40    1.31  3
    144.00  107.00   -2.45    0.85    1.04    4.00
     21.00 -999.00 -999.00 -999.00 -999.00
  D8642     248.53   33.41    0.37    0.15    1.13    0.97  3
    155.00    2.00    0.52    0.35    1.45    1.26
     78.00    1.02   -0.58    0.70    0.63
  D8887  a  242.09   45.33   -2.85   -2.24    1.21    0.97  3
    171.00   35.00   -2.65   -2.40    1.26    1.26
     64.00   -3.35   -2.00    1.19    0.78
  E0820  a  249.01   32.41   -0.85   -1.06    1.15    1.15  3
    220.00  106.00   -1.05   -1.31    1.56    1.65
     42.00 -999.00 -999.00 -999.00 -999.00
  E1556     238.77   45.15   -2.23   -1.41    1.24    0.96  3
    162.00    0.00   -2.20   -1.35    1.48    1.11
     79.00   -3.33   -1.00    0.96    0.96
  E5500     249.09   49.88   -2.44   -2.26    1.12    1.01  3
    170.00   49.00   -2.60   -2.50    1.41    1.06
     50.00 -999.00 -999.00 -999.00 -999.00
  E6231       7.50   47.36   -1.98   -1.81    1.21    1.11  3
    116.00   11.00   -2.00   -1.80    1.43    1.41
     59.00   -3.03   -1.02    1.00    1.15
  E6963     255.80   47.72   -1.64   -1.64    1.18    1.03  3
    167.00    6.00   -1.67   -1.70    1.30    0.96
     78.00   -2.55   -0.90    1.07    1.48
  GHG43     236.71   44.56   -0.14   -0.06    1.15    1.21  3
    532.00    0.00   -0.24    0.03    1.31    1.40
     79.00    1.01   -1.38    0.90    0.42
  MN007     264.23   43.64    0.32    0.09    1.20    1.09  3
    466.00    2.00    0.38    0.07    1.44    1.16
     79.00    1.14   -0.35    1.26    1.25
  MN036     263.51   45.56   -0.50   -0.90    1.23    1.06  3
    453.00    6.00   -0.50   -0.82    1.30    1.03
     76.00    0.22   -0.87    1.05    1.27
  PNLKC     254.63   39.47    1.61    2.04    1.19    0.99  3
    403.00  144.00    1.50    1.94    0.89    0.98
     51.00 -999.00 -999.00 -999.00 -999.00
  PRIMM  a  244.61   35.61    0.35    0.44    1.16    1.27  3
    468.00   12.00    0.43    0.60    1.19    0.99
     78.00   -0.84    1.23    0.69    1.12
  SCTCH     285.64   40.62   -1.20   -1.64    1.20    1.16  3
    331.00   67.00   -1.21   -1.62    1.37    1.60
     50.00 -999.00 -999.00 -999.00 -999.00
  AN215     268.31   41.98    1.34    0.93    1.21    1.03  3
     53.00    0.00    1.35    1.00    1.41    1.56
     52.00 -999.00 -999.00 -999.00 -999.00
  AT957     243.50   43.59   -1.08   -0.62    1.23    1.12  3
    132.00    0.00   -1.10   -0.70    1.33    1.26
     71.00   -2.03   -0.05    0.85    1.07
  D5890     254.88   47.67   -2.39   -2.44    1.14    0.92  3
    123.00   19.00   -2.60   -2.50    1.41    1.04
     55.00 -999.00 -999.00 -999.00 -999.00
  GGWBA     255.77   48.14   -2.05   -1.98    1.16    0.88  3
     77.00    7.00   -2.00   -1.90    1.19    0.89
     70.00   -2.75   -1.40    1.04    1.19
  GGWFV     255.95   47.86   -1.40   -1.33    1.17    0.93  3
     39.00    1.00   -1.60   -1.50    1.11    0.67
     38.00 -999.00 -999.00 -999.00 -999.00
