  71568     230.07   50.45   -1.43   -1.41    1.54    1.46  3
     76.00   27.00   -1.80   -1.90    1.48    2.22
     49.00 -999.00 -999.00 -999.00 -999.00
  72480     241.63   37.36   -0.68   -0.45    1.19    1.00  3
     79.00    0.00   -0.80   -0.40    1.63    1.33
     79.00   -0.35   -0.65    1.11    1.85
  76382     256.57   21.51    0.45   -0.03    1.24    1.20  3
     65.00    2.00    0.30   -0.10    1.33    1.33
     63.00    0.15    0.40    1.11    0.96
  80437     288.35    8.63   -0.20   -0.11    1.17    1.13  3
     19.00    1.00    0.00    0.50    1.63    1.04
     17.00 -999.00 -999.00 -999.00 -999.00
  70260     210.92   64.55    0.94    1.18    1.98    2.10  3
     66.00   46.00    0.70    1.05    3.26    3.41
     20.00 -999.00 -999.00 -999.00 -999.00
  71777     237.27   50.29   -0.76   -0.59    1.20    0.98  3
     78.00    0.00   -0.80   -0.60    1.19    1.11
     78.00   -0.80   -0.75    1.48    0.96
  82212     293.83   -2.52   -1.24   -1.11    1.26    1.01  3
     56.00    5.00   -1.00   -0.90    1.93    1.48
     51.00 -999.00 -999.00 -999.00 -999.00
