  KACJ      275.80   32.11    1.60    0.90    0.42    0.17  0
  KAIK      278.31   33.65    1.68    0.92    0.37    0.18  0
  KANK      253.95   38.53    1.80    2.89    0.50    0.40  0
  KAVC      281.95   36.69    2.30    1.78    0.49    0.17  0
  KBCB      279.58   37.22    1.40    0.99    0.45    0.24  0
  KBDG      250.52   37.58    1.61    1.71    0.54    0.37  0
  KBDU      254.77   40.03   -1.51   -1.36    0.76    0.43  0
  KCBE      281.23   39.61    1.37    1.28    0.50    0.28  0
  KCTJ      274.85   33.63    1.49    1.11    0.39    0.17  0
  KCWN      255.15   38.75   -1.57   -1.19    0.66    0.40  0
  KE38      256.32   30.38    1.40    1.16    0.46    0.22  0
  KEOE      278.36   34.31    1.56    0.97    0.40    0.15  0
  KESN      283.94   38.79    1.62    1.20    0.45    0.21  0
  KEZM      276.87   32.21    1.49    0.71    0.36    0.17  0
  KFDK      282.63   39.42    1.38    1.13    0.47    0.24  0
  KHQU      277.48   33.53    2.27    1.55    0.33    0.17  0
  KI16      278.44   37.60    1.92    1.36    0.44    0.22  0
  KIDI      280.89   40.63    1.31    1.20    0.46    0.20  0
  KJQF      279.30   35.38    1.49    1.13    0.52    0.20  0
  KLHZ      281.67   36.02    1.40    0.93    0.41    0.18  0
  KLKU      282.03   38.01    1.87    1.34    0.45    0.18  0
  KMPV      287.44   44.20    1.35    1.42    0.49    0.21  0
  KMTV      279.98   36.63    1.31    0.98    0.56    0.26  0
  KMYP      253.68   38.47    2.10    2.94    0.41    0.59  0
  KNXP      243.86   34.28    1.89    2.33    0.48    0.25  0
  KNYC      286.02   40.77    1.33    1.05    0.51    0.15  0
  KPKB      278.57   39.35    1.50    1.12    0.51    0.23  0
  KRMN      282.55   38.40    1.78    1.21    0.47    0.16  0
  KRSN      267.41   32.51    1.51    1.17    0.50    0.23  0
  KSOA      259.35   30.59    1.40    1.09    0.52    0.23  0
  KUKF      278.91   36.22    1.69    1.53    0.43    0.21  0
  KVUJ      279.85   35.42    1.90    1.50    0.52    0.18  0
  KWDR      276.33   33.97    1.47    1.01    0.36    0.17  0
  LSZL        8.88   46.16   -2.06   -1.53    0.79    0.53  0
  PAJZ      202.74   59.73    1.64    1.39    0.42    0.28  0
  SKBG      286.80    7.10   -1.75   -1.69    0.56    0.36  0
  SKRG      284.57    6.18    1.91    1.79    0.50    0.39  0
  KNUW      237.35   48.35    1.49    1.81    0.37    0.27  0
  KGNV      277.72   29.70    1.37    0.80    0.45    0.22  0
  PAFR      210.35   61.27   -1.33   -1.11    0.56    0.27  0
