  AROP4     293.30   18.48    2.17    2.24    0.39    0.17  0
  CGDX      288.80   46.80    2.17    2.15    0.59    0.24  0
  DISW3     269.27   47.08   -1.77   -1.99    0.54    0.32  0
  FBIS1     280.11   32.68    1.59    1.05    0.44    0.19  0
  GTXF1     278.78   29.66    2.03    1.71    0.45    0.42  0
  SBPT2     266.13   29.73    1.71    1.50    0.43    0.20  0
  SWLA2     210.57   60.12   -1.65   -1.63    0.69    0.53  0
  VDZA2     213.64   61.13   -1.49   -1.35    0.73    0.43  0
  WTEF      235.60   45.40   -1.49   -1.52    0.85    0.72  0
  GDXM6     271.58   30.36    1.44    1.18    0.53    0.37  0
  LAMV3     295.28   18.32    1.44    1.29    0.35    0.17  0
  SKTA2     224.67   59.45   -1.46   -1.24    0.75    0.65  0
  APXF1     275.12   29.79    1.43    1.05    0.50    0.39  0
  HMRA2     208.58   59.60   -1.39   -1.44    0.56    0.32  0
  J8PD      276.10   22.90    1.50    1.22    0.71    0.59  0
  LKWF1     279.97   26.61    1.35    1.14    0.37    0.10  0
  PACF1     274.33   30.15    1.40    1.13    0.42    0.17  0
