  01317       5.33   60.38   -2.75   -2.16    0.55    0.40  0
     80.00    0.00   -2.70   -2.20    0.59    0.30
     80.00   -2.70   -2.55    0.52    0.74
  06456       4.65   50.23    1.91    2.14    0.44    0.23  0
     81.00    0.00    1.90    2.10    0.30    0.15
     81.00    1.80    1.90    0.44    0.15
  06458       4.76   50.75    1.96    2.17    0.35    0.17  0
     81.00    0.00    2.00    2.20    0.30    0.15
     81.00    1.85    1.95    0.30    0.30
  06654       8.05   46.19   -2.10   -1.59    0.68    0.50  0
     70.00    0.00   -2.10   -1.50    0.59    0.44
     70.00   -2.15   -2.10    0.52    1.19
  06672       8.62   46.88   -1.66   -1.34    1.04    0.80  0
     71.00    0.00   -1.40   -1.10    1.04    0.74
     71.00   -1.55   -1.35    1.26    1.11
  06799      10.26   46.81    2.04    2.66    0.47    0.37  0
     66.00    0.00    2.05    2.70    0.37    0.44
     66.00    2.15    1.95    0.37    0.52
  07053       2.02   49.08    1.38    1.66    0.40    0.19  0
     68.00    0.00    1.40    1.70    0.44    0.15
     68.00    1.35    1.60    0.37    0.30
  16059       7.65   45.22   -2.26   -1.65    0.63    0.32  0
     67.00    0.00   -2.30   -1.70    0.59    0.30
     67.00   -2.20   -2.35    0.67    0.59
  16066       8.73   45.62   -2.24   -1.65    0.52    0.19  0
     67.00    0.00   -2.30   -1.60    0.44    0.15
     67.00   -2.30   -2.35    0.44    0.52
  16111       8.19   44.24    2.91    3.47    0.67    0.63  0
     80.00    4.00    2.95    3.70    0.67    0.59
     76.00    3.00    3.05    0.67    0.74
  71020     236.25   61.25   -1.73   -1.61    0.87    0.56  0
     79.00    0.00   -1.70   -1.70    1.04    0.59
     79.00   -1.20   -2.15    0.74    0.89
  71181     304.68   47.13   -1.98   -1.78    0.52    0.30  0
     66.00    0.00   -1.90   -1.60    0.44    0.44
     66.00   -2.05   -1.95    0.37    0.37
  71243     247.24   49.69    1.51    1.62    0.76    0.31  0
     69.00    0.00    1.40    1.60    0.74    0.30
     69.00    1.35    1.50    0.67    0.74
  71321     291.45   63.75    1.63    1.63    0.50    0.37  0
     75.00    0.00    1.60    1.60    0.44    0.30
     75.00    1.70    1.60    0.59    0.37
  71421     296.72   51.86    1.53    1.58    0.53    0.41  0
     76.00    0.00    1.60    1.60    0.59    0.44
     76.00    1.40    1.70    0.44    0.67
  71645     239.93   51.67   -2.20   -2.12    1.49    0.84  0
     62.00    3.00   -2.50   -2.10    1.63    1.04
     59.00   -2.30   -2.50    1.93    1.48
  71750     273.71   48.58    1.73    1.63    0.48    0.23  0
     62.00    0.00    1.80    1.65    0.44    0.22
     62.00    1.75    1.90    0.67    0.30
  71769     235.84   49.35   -1.31   -1.14    0.40    0.19  0
     77.00    0.00   -1.30   -1.10    0.30    0.30
     77.00   -1.25   -1.35    0.37    0.37
  71877     245.99   51.11   -1.49   -1.11    0.62    0.30  0
     80.00    0.00   -1.60   -1.10    0.44    0.30
     80.00   -1.35   -1.50    0.59    0.37
  71914     236.87   48.77   -1.36   -0.85    0.37    0.18  0
     80.00    0.00   -1.30   -0.80    0.44    0.22
     80.00   -1.35   -1.40    0.37    0.37
  72235     269.92   32.32    1.69    1.34    0.38    0.18  0
     78.00    1.00    1.70    1.40    0.37    0.30
     76.00    1.70    1.55    0.30    0.37
  72274     249.05   32.22   -3.25   -3.56    0.47    0.23  0
     79.00    7.00   -3.30   -3.50    0.44    0.44
     72.00   -3.15   -3.45    0.44    0.37
  72312     277.78   34.90    1.76    1.57    0.46    0.21  0
     76.00    0.00    1.80    1.60    0.44    0.15
     75.00    1.90    1.80    0.30    0.44
  72314     279.07   35.22    2.22    1.87    0.40    0.15  0
     81.00    0.00    2.20    1.90    0.30    0.15
     81.00    2.20    2.20    0.30    0.44
  72327     273.45   36.23   -3.24   -4.02    0.38    0.17  0
     80.00    6.00   -3.20   -4.00    0.37    0.37
     74.00   -3.30   -3.20    0.30    0.44
  72386     244.83   36.08    2.27    2.42    0.55    0.23  0
     79.00    1.00    2.15    2.40    0.52    0.22
     78.00    2.05    2.30    0.52    0.59
  72464     255.48   38.28    1.83    2.56    0.62    0.33  0
     81.00    0.00    1.80    2.50    0.59    0.30
     81.00    1.90    1.80    0.59    0.67
  72476     251.47   39.11    1.57    2.13    0.77    0.46  0
     75.00    1.00    1.40    2.10    0.59    0.44
     73.00    1.30    1.40    0.59    0.74
  72494     237.62   37.61   -2.80   -2.57    0.35    0.19  0
     81.00    0.00   -2.90   -2.60    0.44    0.15
     81.00   -2.90   -2.75    0.44    0.37
  72524     278.13   41.42    1.94    2.01    0.43    0.21  0
     81.00    0.00    1.90    2.00    0.44    0.30
     81.00    1.75    1.95    0.37    0.37
  72565     255.33   39.86    1.41    1.88    0.50    0.27  0
     79.00    0.00    1.40    1.90    0.44    0.15
     78.00    1.40    1.40    0.59    0.37
  72570     252.47   40.50    2.13    2.56    0.51    0.27  0
     81.00    2.00    2.10    2.50    0.44    0.30
     79.00    2.00    2.15    0.52    0.37
  72672     251.52   43.07    3.36    3.95    0.47    0.30  0
     81.00   25.00    3.40    3.95    0.52    0.37
     56.00    3.40    3.35    0.67    0.52
  72785     242.47   47.63   -1.52   -1.44    0.44    0.23  0
     77.00    0.00   -1.50   -1.45    0.44    0.22
     76.00   -1.60   -1.50    0.44    0.30
  76634     261.65   20.07    1.95    1.53    0.31    0.28  0
     80.00    0.00    2.00    1.50    0.30    0.30
     71.00    2.00    1.95    0.30    0.22
  76640     262.59   20.95    1.91    1.44    1.04    0.89  0
    115.00    0.00    2.10    1.60    0.74    0.59
     69.00    2.10    2.05    0.74    0.82
  76683     261.77   19.32    2.91    2.52    0.56    0.38  0
     93.00    0.00    2.90    2.60    0.59    0.30
     71.00    2.90    3.05    0.44    0.52
  76687     263.10   19.50   -1.45   -1.83    0.45    0.39  0
     56.00    0.00   -1.50   -1.90    0.44    0.30
     56.00   -1.50   -1.60    0.44    0.30
  76775     263.30   17.07    2.14    1.99    0.66    0.56  0
     78.00    0.00    2.15    2.00    0.82    0.59
     66.00    2.10    2.25    0.74    0.74
  78526     294.01   18.43   -1.59   -1.78    0.37    0.20  0
     80.00    0.00   -1.60   -1.80    0.30    0.15
     80.00   -1.60   -1.50    0.44    0.44
  80063     284.16    8.82    1.56    1.37    0.72    0.51  0
     56.00    0.00    1.60    1.40    0.89    0.37
     56.00    1.85    1.50    1.04    0.89
  07230     359.43   47.50    1.38    1.61    0.52    0.17  0
     74.00    0.00    1.35    1.60    0.52    0.15
     74.00    1.15    1.40    0.52    0.44
  71423     298.30   49.08   -1.50   -1.51    0.78    0.59  0
     76.00    0.00   -1.50   -1.65    0.89    0.52
     76.00   -1.85   -1.15    0.67    0.82
  76161     248.95   29.10   -1.35   -0.71    0.56    0.32  0
     64.00    0.00   -1.40   -0.70    0.59    0.30
     64.00   -1.55   -1.30    0.52    0.52
  78224     277.60   22.98    1.99    1.74    0.49    0.31  0
     68.00    0.00    2.00    1.70    0.44    0.30
     67.00    2.00    1.90    0.44    0.44
  71379     287.45   48.83   -1.45   -1.39    0.50    0.22  0
     78.00    0.00   -1.45   -1.40    0.59    0.15
     78.00   -1.40   -1.45    0.67    0.52
  71387     288.97   48.88   -1.34   -1.33    0.56    0.31  0
     77.00    0.00   -1.30   -1.30    0.59    0.30
     77.00   -1.30   -1.30    0.59    0.59
  72407     285.44   39.45   -1.47   -1.95    0.45    0.17  0
     80.00    0.00   -1.40   -2.00    0.44    0.15
     80.00   -1.55   -1.40    0.44    0.44
  78720     272.79   14.05    1.30    1.24    0.48    0.31  0
     75.00    1.00    1.45    1.20    0.52    0.30
     74.00    1.30    1.20    0.44    0.52
  70273     209.98   61.17   -1.40   -1.10    0.50    0.19  0
     79.00    0.00   -1.40   -1.10    0.44    0.15
     79.00   -1.35   -1.45    0.52    0.44
  72356     264.12   36.20   -1.32   -1.70    0.46    0.19  0
     78.00    0.00   -1.40   -1.70    0.44    0.15
     78.00   -1.45   -1.25    0.52    0.44
