  AROP4     293.30   18.48    2.17    2.24    0.39    0.17  0
    161.00   13.00    2.20    2.25    0.30    0.15
     79.00    2.28    2.18    0.41    0.30
  CGDX      288.80   46.80    2.17    2.15    0.59    0.24  0
     79.00    6.00    2.20    2.20    0.44    0.15
     73.00    2.05    2.40    0.37    0.44
  DISW3     269.27   47.08   -1.77   -1.99    0.54    0.32  0
     80.00    1.00   -1.80   -2.00    0.44    0.30
     79.00   -2.00   -1.75    0.44    0.52
  FBIS1     280.11   32.68    1.59    1.05    0.44    0.19  0
    137.00    0.00    1.60    1.00    0.44    0.15
     80.00    1.52    1.67    0.44    0.52
  GTXF1     278.78   29.66    2.03    1.71    0.45    0.42  0
    400.00  113.00    2.10    1.80    0.44    0.30
     64.00    2.20    1.85    0.30    0.59
  SBPT2     266.13   29.73    1.71    1.50    0.43    0.20  0
    148.00    0.00    1.80    1.50    0.37    0.15
     79.00    1.73    1.80    0.37    0.33
  SWLA2     210.57   60.12   -1.65   -1.63    0.69    0.53  0
    216.00   24.00   -1.57   -1.55    0.64    0.47
     72.00   -1.52   -2.12    0.47    0.40
  VDZA2     213.64   61.13   -1.49   -1.35    0.73    0.43  0
    208.00    9.00   -1.48   -1.32    0.70    0.37
     74.00   -1.43   -1.92    0.67    0.74
  WTEF      235.60   45.40   -1.49   -1.52    0.85    0.72  0
     87.00    2.00   -1.50   -1.70    1.04    0.74
     66.00   -1.80   -1.30    0.74    1.30
  GDXM6     271.58   30.36    1.44    1.18    0.53    0.37  0
    243.00    3.00    1.47    1.10    0.54    0.44
     81.00    1.52    1.43    0.77    0.54
  LAMV3     295.28   18.32    1.44    1.29    0.35    0.17  0
    164.00    0.00    1.40    1.30    0.37    0.15
     81.00    1.50    1.35    0.48    0.26
  SKTA2     224.67   59.45   -1.46   -1.24    0.75    0.65  0
    149.00   10.00   -1.38   -1.33    0.82    0.56
     74.00   -1.52   -1.25    0.70    0.82
  APXF1     275.12   29.79    1.43    1.05    0.50    0.39  0
    162.00    1.00    1.40    1.03    0.49    0.54
     53.00 -999.00 -999.00 -999.00 -999.00
  HMRA2     208.58   59.60   -1.39   -1.44    0.56    0.32  0
    400.00    0.00   -1.40   -1.50    0.52    0.30
     80.00   -1.55   -1.35    0.52    0.59
  J8PD      276.10   22.90    1.50    1.22    0.71    0.59  0
     48.00    1.00    1.55    1.30    0.82    0.74
     46.00 -999.00 -999.00 -999.00 -999.00
  LKWF1     279.97   26.61    1.35    1.14    0.37    0.10  0
    886.00    0.00    1.31    1.13    0.42    0.09
     79.00    1.36    1.29    0.50    0.38
  PACF1     274.33   30.15    1.40    1.13    0.42    0.17  0
   1406.00    6.00    1.39    1.16    0.44    0.12
     81.00    1.37    1.51    0.50    0.52
