  ALCHS     277.48   29.81    0.31   -0.39    1.38    1.34  3
  AP321     279.37   43.40   -0.46   -0.50    1.50    1.37  3
  AP517  a  237.19   47.55   -0.62   -0.25    1.45    1.52  2
  AP767     285.33   40.86   -1.04   -1.23    1.57    1.47  3
  AR304     243.52   33.79   -1.80   -1.42    1.15    1.08  3
  AR463  a  237.13   45.75    1.12    1.53    1.32    1.24  3
  AR671     285.19   42.74   -1.47   -1.11    1.46    1.63  3
  AS061  a  240.28   39.04    0.11    0.69    1.69    1.73  3
  AS618  a  279.62   35.26   -0.94   -1.39    1.47    1.42  3
  AT034     289.34   42.68   -0.10    0.04    1.21    1.11  3
  AT200  a  237.17   47.60    0.28    0.43    1.83    1.89  3
  AT784     273.78   43.17   -0.67   -0.72    1.32    1.23  3
  AU010     272.32   39.41    0.65    0.18    1.48    1.45  3
  AU215      12.27   45.65   -1.03   -0.25    1.37    1.36  3
  AU327     265.66   39.46    0.73    0.86    1.24    1.16  3
  AU469  a  254.85   40.20   -0.59   -0.14    1.40    1.46  3
  AU635     274.37   34.53   -2.16   -2.67    0.91    1.04  2
  AU832       5.59   51.12    1.15    1.42    1.35    1.30  3
  AU867  a  246.57   53.53   -0.98   -0.89    1.61    1.46  3
  AU913       7.00   58.02   -3.47   -3.10    0.90    0.78  2
  AU934       8.45   48.06   -2.12   -1.62    1.41    1.47  3
  AU936      12.76   47.43    0.30    1.08    1.77    1.59  3
  AU976  a  245.89   48.44   -0.59   -0.50    1.46    1.48  3
  AV046  a  225.14   60.49    1.25    1.37    1.41    1.26  3
  AV125  a  287.19   43.21   -0.51   -0.44    1.54    1.65  3
  AV232     293.88   18.37   -0.14   -0.08    0.92    0.89  2
  AV316     357.07   53.17    1.00    1.17    1.94    1.91  3
  AV360     254.23   39.09   -1.87   -1.42    1.33    1.30  3
  AV402     238.39   44.29   -0.15    0.49    1.61    1.43  3
  AV417       5.48   51.48   -1.48   -1.39    1.60    1.64  3
  BLTMR     283.37   39.37   -0.39   -0.69    1.46    1.46  3
  BLTND     283.34   39.31   -0.70   -1.12    1.40    1.51  3
  BRBYS     277.41   27.43    0.04   -0.35    1.34    1.20  3
  C0354     286.72   40.69    1.04    0.66    1.16    1.13  2
  C0354  a  286.72   40.69    2.64    2.05    0.38    0.41  2
  C1621     243.47   46.35   -0.58   -0.12    1.59    1.54  3
  C2849     239.54   42.18   -1.95   -1.61    1.43    1.39  3
  C3422     285.08   38.96    0.19   -0.32    1.29    1.23  3
  C3429  a  273.78   39.60    0.04   -0.11    1.45    1.41  3
  C3773     271.56   43.11   -1.06   -1.12    1.34    1.22  3
  C4421  a  261.78   38.09    0.11   -0.09    1.42    1.44  3
  C4498  a  255.12   38.92   -0.82    0.29    1.95    1.98  3
  C6382  a  251.72   32.82    0.49    0.21    1.27    1.21  3
  C6878     359.62   52.77   -1.57   -1.33    1.47    1.32  3
  C6893  a  238.83   44.72    0.42    1.17    1.28    1.06  3
  C8420     249.86   31.47    1.53    1.49    2.12    2.00  3
  C8486     240.86   53.88   -1.75   -1.28    2.01    1.86  3
  C8540     245.33   51.53   -1.01   -0.75    2.19    2.00  3
  C8810  a  258.03   37.04   -0.01   -0.15    1.21    1.54  3
  C9274       5.69   58.94   -0.02    0.54    2.07    1.99  3
  C9879  a  279.48   37.14   -0.76   -1.68    1.33    1.43  3
  CAPNX     208.85   60.77    0.04    0.10    1.46    1.54  3
  CHRHT     279.07   35.14    1.11    0.72    1.33    1.30  3
  CLNLB     283.02   38.23   -0.33   -1.01    1.49    1.41  3
  CLRKN     242.92   46.39   -0.90   -0.42    1.93    1.87  3
  CLWSB     278.92   27.08   -0.32   -0.70    1.49    1.43  3
  CMNSL  a  237.53   48.23   -0.58   -0.21    1.33    1.28  3
  CMP14     246.99   38.39    0.70    0.67    1.67    1.57  3
  CMP16     245.55   36.55    0.42    0.51    1.73    1.44  3
  CMP17     244.00   36.22    1.11    1.16    1.73    1.70  3
  CMP19     244.26   37.64    1.39    1.30    1.65    1.43  3
  CTRSH     238.71   38.70    0.80    1.13    1.39    1.36  3
  D0067     358.10   51.19   -0.88   -0.63    2.19    2.29  3
  D0417  a  254.79   40.06    0.89    1.29    1.40    1.57  3
  D0465  a  251.13   44.16   -1.18   -1.09    1.29    1.35  3
  D0520  a  283.98   39.78   -1.21   -1.69    1.17    1.24  3
  D0534      11.33   58.53   -0.05    0.24    1.32    1.24  3
  D1065      11.18   59.60   -3.26   -2.76    1.36    1.21  3
  D1833       5.48   50.96   -0.05    0.02    1.34    1.44  3
  D2783  a  276.41   41.53    0.64    0.27    1.38    1.56  3
  D2795       2.00   47.06    0.49    0.49    1.31    1.25  3
  D2809     240.73   52.83   -1.79   -1.65    1.21    1.09  3
  D2821  a  286.39   45.52    0.13   -0.01    1.46    1.50  3
  D3123     359.61   50.94   -1.38   -1.38    1.97    1.92  3
  D3200     244.05   46.38   -1.68   -1.30    1.37    1.22  3
  D3411  a  279.85   26.02   -0.29   -0.52    1.45    1.38  3
  D3893       5.66   50.27   -0.24   -0.16    1.49    1.44  3
  D4368  a  255.16   38.82   -1.32   -0.28    1.59    1.61  3
  D4381     254.53   39.84   -2.44   -1.68    1.35    1.33  3
  D4515  a  246.09   35.56   -1.22   -1.06    1.52    1.51  3
  D4640  a  270.09   38.50    0.02    0.20    1.69    1.77  3
  D4749       8.18   62.26   -0.39   -0.13    2.03    2.07  3
  D4933     284.10   42.09   -2.06   -2.40    1.26    1.21  3
  D4993  a  246.04   51.11   -0.38   -0.47    1.40    1.62  3
  D5434     240.27   45.25   -2.52   -1.69    1.39    1.17  3
  D5867     257.20   41.20   -0.80   -1.07    1.19    1.22  3
  D6058       2.53   48.48   -0.50   -0.14    1.54    1.53  3
  D6099     236.77   44.60    0.16    0.38    1.16    1.13  2
  D6114  a  238.28   37.93    0.51    0.65    1.68    1.72  3
  D6748  a  274.24   30.16   -0.13   -0.38    1.66    1.68  3
  D7304      13.73   46.07   -3.06   -2.23    1.99    1.94  3
  D7491  a  275.20   35.24   -1.09   -1.44    1.98    2.02  3
  D7533     262.89   38.18    0.79    0.41    1.53    1.43  3
  D7998  a  249.20   32.10    0.58    0.34    1.45    1.65  3
  D8222     239.25   47.18   -1.65   -1.04    1.34    1.14  3
  D9234     284.24   39.65    1.24    0.93    1.33    1.23  3
  D9633     238.95   47.18   -1.97   -1.36    1.26    1.04  3
  D9712     242.45   45.83   -1.80   -1.09    1.43    1.40  3
  E0159  a  241.95   45.40    0.09    0.85    1.37    1.36  3
  E0681     237.11   41.46    0.47    0.83    1.22    1.29  3
  E1015     282.26   42.85   -0.36   -0.25    1.55    1.51  3
  E1187     245.52   47.00   -0.81   -0.54    1.56    1.41  3
  E1392     239.36   47.81   -2.14   -1.65    1.24    1.04  3
  E1633     238.88   45.75   -1.62   -0.78    1.45    1.20  3
  E1664       0.89   51.14    0.48    0.63    1.66    1.62  3
  E1922     240.63   39.37   -0.35   -0.08    1.27    1.34  3
  E2194  a  245.96   50.98   -0.73   -0.55    1.56    1.50  3
  E2421     281.95   44.63    1.79    1.56    1.43    1.44  3
  E2657  a  253.25   32.37    0.19   -0.06    1.26    1.18  3
  E3038     357.50   54.30    0.59    0.81    2.40    2.36  3
  E3057     253.50   50.80   -1.22   -1.11    1.30    1.28  3
  E3732     238.89   47.21   -2.47   -1.80    1.33    1.11  3
  E4023     246.44   37.09   -0.55   -0.31    1.34    1.37  2
  E4238     248.58   48.70   -2.25   -2.05    1.34    1.27  3
  E4654  a  245.85   49.48    0.41    0.65    1.44    1.54  3
  E4689       5.84   49.57    0.42    0.95    1.22    1.14  3
  E4856     235.79   42.11   -0.28    0.00    1.51    1.54  2
  E5375     246.04   51.02   -1.81   -1.47    1.83    1.63  3
  E5608     284.04   42.06    0.95    1.18    1.38    1.42  3
  E5655  a  254.05   32.93   -1.49   -1.81    2.30    2.51  3
  E5697     237.59   41.40   -0.16    0.13    1.40    1.35  3
  E5718     247.09   53.38   -0.85   -0.68    1.51    1.44  3
  E5845     243.06   34.27   -0.49    0.18    1.30    1.29  3
  E5875     297.18   17.91    0.61    0.58    1.73    1.62  3
  E5974     248.01   51.62   -1.50   -1.28    1.78    1.64  3
  E6077     258.03   49.35   -1.09   -1.20    1.98    1.91  3
  E6385     244.79   36.05    0.64    0.72    1.57    1.51  2
  E6456     252.13   46.60   -2.25   -2.08    1.31    1.30  3
  E6485     255.32   39.02   -1.81   -1.45    1.72    1.75  2
  E7002     254.79   44.28   -2.02   -1.76    1.51    1.48  3
  E7122  a  245.81   51.10   -0.85   -0.66    1.64    1.50  3
  E7354     248.18   40.63   -0.89   -0.16    1.47    1.26  3
  E7422     276.62   35.24    0.71    0.80    1.97    1.92  3
  E7655  a  252.80   33.26    0.40    0.09    1.36    1.21  3
  E7745  a  288.56   42.46   -0.73   -0.99    1.64    1.89  3
  E8201     248.82   48.47   -1.85   -1.80    1.35    1.16  3
  E8724     241.59   34.32   -1.49   -0.58    1.31    1.33  3
  E8771      12.71   50.44   -2.23   -1.84    1.36    1.32  3
  E9034     249.17   49.89   -1.54   -1.39    1.40    1.31  3
  E9067     282.73   38.90    0.82    0.07    1.26    1.21  3
  E9458     247.93   40.60   -2.14   -1.92    1.62    1.33  3
  E9485     263.78   41.20   -2.59   -2.53    1.25    1.21  3
  E9511     266.73   45.04   -0.56   -0.93    1.58    1.41  3
  E9838     239.53   38.27   -1.22   -0.83    1.55    1.34  3
  EDDFR     242.12   34.96    1.05    1.70    1.30    1.24  3
  EYSC      248.35   40.25   -1.01   -1.00    1.14    1.05  3
  F0237     277.48   27.86    0.78    0.31    1.44    1.41  3
  F0270     268.11   42.49   -1.29   -1.71    1.30    1.12  3
  F0405     237.80   48.00   -0.78   -0.43    1.45    1.42  3
  F0663     239.19   44.30   -0.66   -0.08    1.67    1.43  3
  F0664     243.11   34.24   -0.05    0.56    1.36    1.38  3
  F0665     243.14   34.23   -0.57    0.08    1.51    1.47  3
  F0710     264.36   46.73   -1.10   -1.41    1.64    1.61  3
  F1401     263.10   47.00    0.25    0.06    1.58    1.60  3
  F1801     283.97   42.04   -1.86   -2.17    1.39    1.33  3
  F1967     237.73   45.54   -2.34   -1.60    1.25    1.02  3
  F3247     262.89   49.81   -1.20   -1.33    1.49    1.43  3
  FRTVM  a  262.70   32.62   -0.58   -0.53    1.13    1.19  3
  FRWSC     262.64   32.69   -0.54   -0.83    1.37    1.34  3
  GGWKB     255.21   48.67   -1.28   -1.30    1.20    0.97  3
  GGWKL     255.82   48.50   -1.75   -1.64    1.25    1.00  3
  GGWPP     255.01   48.58   -0.45   -0.27    1.44    1.35  3
  GGWSW     255.54   48.42   -1.49   -1.34    1.35    1.12  3
  GLNLG  a  283.04   39.25    0.28   -0.05    1.37    1.42  3
  GRLYB  a  255.34   40.41   -0.04   -0.05    1.36    1.33  3
  H0152  a  263.12   33.15    0.23    0.13    1.56    1.51  3
  HASTG     267.13   44.74    0.23    0.15    1.39    1.31  2
  HLHGR     279.67   25.87    0.35   -0.10    1.16    1.14  3
  HSHTR     264.52   29.75   -1.71   -1.82    1.30    1.24  3
  JSPRS     241.88   52.85   -1.08   -0.66    1.60    1.57  3
  K50AX     277.38   42.77    0.00   -0.02    1.43    1.57  3
  K6V5      257.54   45.52    1.29    1.00    1.89    1.74  3
  K7G9      263.43   43.31    1.03    0.83    1.62    1.58  3
  KLEM   a  257.89   45.92    0.80    0.54    1.92    1.79  3
  LWNBR     278.46   35.42   -0.32   -0.72    1.39    1.40  3
  MARNO     261.86   29.57   -0.41   -0.81    1.35    1.27  3
  MDSNH  a  262.90   32.84    0.78    0.93    1.33    1.37  3
  MN017     265.97   45.39    1.68    1.44    1.33    1.31  3
  MN033     264.39   44.69   -1.09   -1.55    1.32    1.35  3
  MN076     266.34   45.88   -0.17   -0.70    1.48    1.51  3
  MNRVN     282.72   39.38    0.23   -0.24    1.46    1.42  3
  PHLLL     284.85   40.65    0.13   -0.40    1.62    1.49  3
  PHNCH  a  247.96   33.48   -1.21   -1.38    1.33    1.22  3
  PITT3     280.03   40.51   -0.02   -0.67    1.51    1.57  3
  Q32MX     227.73   58.96    0.13    0.16    1.32    1.26  3
  SCBSA     348.82   39.77   -0.95   -0.90    1.92    1.94  3
  SNKNG     283.96   40.34   -0.46   -0.53    1.29    1.18  3
  WCHTF     261.48   33.88   -0.92   -0.84    1.35    1.28  3
  WTMWI     270.69   44.07    0.35    0.41    1.40    1.29  3
  AT348     351.26   39.19    1.40    1.45    2.28    2.18  3
  AT637     359.29   50.79    0.26    0.39    1.71    1.66  3
  AT835     269.75   41.49    0.78    0.35    1.64    1.55  2
  AU185     285.36   39.28    0.50   -0.02    1.22    1.28  3
  AV415     278.25   30.12   -0.49   -0.99    1.14    1.23  2
  D6371     253.91   35.10   -0.48   -0.72    1.38    1.27  3
  D7220     279.61   27.61    0.02   -0.25    1.44    1.40  3
  E4023  a  246.44   37.09   -1.02   -1.02    2.42    2.63  2
  F0287     248.15   40.64   -1.61   -1.28    1.22    1.14  3
  F1780     251.38   47.92   -1.08   -1.17    1.81    1.79  3
  QNSKL     248.42   33.19    0.46    0.32    1.61    1.70  3
  RYREV     284.49   40.23    0.66    0.19    1.35    1.31  3
  C4498     255.12   38.92   -1.55   -1.16    1.11    1.14  3
  E3690     239.05   45.48   -1.27   -0.43    1.65    1.39  3
  E6485  a  255.32   39.02    1.73    2.00    0.69    0.79  2
  E7595     248.72   47.54   -0.92   -0.91    1.70    1.49  3
  AT956     261.87   31.60    0.06   -0.12    1.54    1.46  3
  E5697  a  237.59   41.40   -1.56   -1.31    1.58    1.56  3
  E7882     265.46   41.33    1.22    0.95    1.82    1.83  3
  EDNAA     266.66   44.91   -1.35   -1.47    1.38    1.38  3
  TWRCT     283.41   40.58    0.28    0.05    1.74    1.66  3
  D3846  a  273.70   30.81   -0.62   -0.91    1.30    1.39  2
  E1397     294.37   48.19   -0.09   -0.18    1.89    1.87  3
  JSPRS  a  241.88   52.85    1.06    1.36    1.25    1.42  3
  RMSRM     285.86   41.06    0.18    0.02    1.52    1.52  3
  APPMX     281.17   37.34   -0.68   -1.32    1.37    1.29  3
  E8724  a  241.59   34.32   -0.54    0.32    1.14    1.17  3
  E5606     253.52   48.67   -0.98   -0.84    1.65    1.66  3
  C2849  a  239.54   42.18   -0.60   -0.30    1.58    1.50  3
  AU728     278.96   39.23   -0.05   -0.46    1.52    1.41  3
  D6099  a  236.77   44.60    2.20    2.36    0.59    0.46  2
  E1142       0.10   51.10   -2.53   -2.41    1.49    1.46  3
  E5845  a  243.06   34.27   -0.31    0.15    1.40    1.44  3
  E2781  a  284.92   39.72    0.25   -0.44    1.52    1.67  3
  F3335     253.99   39.59   -1.38   -0.40    1.41    1.43  3
  C9795  a  237.59   48.78    0.13    0.72    1.42    1.49  3
  PLCMS     273.60   34.70   -0.81   -1.20    1.50    1.47  3
  E1858     281.76   40.22   -1.68   -2.01    1.33    1.30  3
  E6663     245.81   47.73   -0.58   -0.35    1.56    1.29  3
  SNNHP     261.54   29.40    0.49   -0.05    1.95    1.88  3
  SNTHG     278.49   27.54   -0.15   -0.67    1.31    1.37  3
  C1010  a  238.46   44.30   -1.58   -1.06    0.71    0.69  2
  C2059     259.21   46.90    0.87    0.62    1.69    1.59  3
  AT237     249.02   31.99    1.91    1.84    1.26    1.24  3
  C0352     258.94   39.40    0.71    0.61    1.18    1.13  3
  C5091     240.23   39.17    0.22    0.58    1.10    1.06  3
  C5507     238.34   44.44   -0.91   -0.34    1.14    1.05  3
  D1878     266.38   47.40   -1.70   -1.90    1.25    1.22  3
  D3085  a  263.17   40.76   -0.92   -0.90    1.17    1.42  3
  D3870  a  252.78   39.28   -2.43   -2.27    1.18    1.09  3
  D5735     240.64   50.23   -1.21   -0.98    1.27    0.98  3
  D9630  a  238.47   43.72   -0.95   -0.54    1.21    1.23  3
  E2349  a  254.62   48.52   -1.75   -1.62    1.17    1.01  3
  E4369     239.28   47.15   -2.87   -2.25    1.28    1.10  3
  E5404     264.67   30.08    0.02   -0.18    1.18    1.06  3
  E6678     295.73   44.39   -0.36   -0.52    1.95    1.77  3
  E7256      11.85   50.42   -1.07   -0.59    1.29    1.41  3
  E7481  a  243.51   47.18   -0.83   -0.55    1.26    1.34  3
  E8942       9.76   48.99   -1.90   -0.97    1.20    1.14  3
  E9113     238.59   38.93    0.05    0.38    1.24    1.18  3
  F1466     271.64   41.75   -1.29   -1.37    1.21    1.05  3
  F1840     261.52   36.28   -0.89   -1.29    1.21    1.20  3
  F2332     278.29   26.62    0.49   -0.04    1.23    1.19  3
  GGWWS     255.66   47.70   -2.00   -1.94    1.27    1.08  3
  GGWZF     254.04   48.28   -2.37   -2.27    1.17    1.07  3
  LGNTN  a  282.71   41.04   -0.24    0.18    1.43    1.47  3
  MABL   a  248.36   33.84   -0.84   -0.96    1.24    1.16  3
  NPLCP     278.27   25.98   -0.72   -0.98    1.26    1.19  3
  SPRST  a  287.45   42.12    0.42    0.05    1.20    1.12  3
  WLMHG  a  284.19   41.27   -1.39   -1.68    1.23    1.19  3
  AT538     269.64   30.45    0.17   -0.04    1.23    1.25  3
  COLMT     248.19   47.94   -1.96   -1.76    1.17    1.15  3
  D8868     282.60   38.92    1.38    0.76    1.17    1.15  3
  E4606     245.53   32.67    0.45    0.19    1.15    1.22  3
  F2135     278.98   35.55   -0.11   -0.58    1.27    1.29  3
  A1465     287.40   42.61    0.31   -0.10    1.57    1.51  3
  A2410     246.11   45.18   -2.12   -1.74    1.44    1.22  3
  AN561     265.99   29.98    0.33   -0.09    1.21    1.22  3
  AN857     243.19   46.40    0.23    0.74    1.90    1.67  3
  AN859     243.97   46.21    0.11    0.65    1.54    1.32  3
  GGWUC     252.73   47.04   -1.87   -1.80    1.25    1.22  3
  F3348     279.29   32.42    0.82    0.15    1.26    1.29  3
  AT119     237.45   47.15   -1.11   -0.73    1.22    1.33  3
  AS836     240.44   49.85   -0.84   -0.59    1.27    1.00  3
  AT951     238.73   44.27   -0.80   -0.24    1.19    1.09  3
  C6697  a  239.60   48.58   -2.28   -2.02    1.21    1.07  3
  C8876     236.69   42.20   -2.26   -2.05    1.16    0.96  3
  C9085     239.35   38.07   -1.26   -0.95    1.27    0.96  3
  D0611     248.10   40.51   -0.59   -0.32    1.19    1.02  3
  D1188  a  243.16   47.73    0.22    0.34    1.24    1.15  3
  D1894       6.63   44.91   -2.54   -1.68    1.16    1.13  3
  D2671  a  288.62   42.14    0.07   -0.14    1.24    1.16  3
  D4026  a  245.68   48.24   -0.27   -0.07    1.12    0.90  3
  D6052     238.66   45.65   -0.82    0.01    1.17    0.86  3
  D7385  a  255.66   38.95   -2.16   -1.39    1.40    1.31  3
  D8642     248.53   33.41    0.37    0.15    1.13    0.97  3
  D8887  a  242.09   45.33   -2.85   -2.24    1.21    0.97  3
  E0820  a  249.01   32.41   -0.85   -1.06    1.15    1.15  3
  E1556     238.77   45.15   -2.23   -1.41    1.24    0.96  3
  E5500     249.09   49.88   -2.44   -2.26    1.12    1.01  3
  E6231       7.50   47.36   -1.98   -1.81    1.21    1.11  3
  E6963     255.80   47.72   -1.64   -1.64    1.18    1.03  3
  GHG43     236.71   44.56   -0.14   -0.06    1.15    1.21  3
  MN007     264.23   43.64    0.32    0.09    1.20    1.09  3
  MN036     263.51   45.56   -0.50   -0.90    1.23    1.06  3
  PNLKC     254.63   39.47    1.61    2.04    1.19    0.99  3
  PRIMM  a  244.61   35.61    0.35    0.44    1.16    1.27  3
  SCTCH     285.64   40.62   -1.20   -1.64    1.20    1.16  3
  AN215     268.31   41.98    1.34    0.93    1.21    1.03  3
  AT957     243.50   43.59   -1.08   -0.62    1.23    1.12  3
  D5890     254.88   47.67   -2.39   -2.44    1.14    0.92  3
  GGWBA     255.77   48.14   -2.05   -1.98    1.16    0.88  3
  GGWFV     255.95   47.86   -1.40   -1.33    1.17    0.93  3
