  01317       5.33   60.38   -2.75   -2.16    0.55    0.40  0
  06456       4.65   50.23    1.91    2.14    0.44    0.23  0
  06458       4.76   50.75    1.96    2.17    0.35    0.17  0
  06654       8.05   46.19   -2.10   -1.59    0.68    0.50  0
  06672       8.62   46.88   -1.66   -1.34    1.04    0.80  0
  06799      10.26   46.81    2.04    2.66    0.47    0.37  0
  07053       2.02   49.08    1.38    1.66    0.40    0.19  0
  16059       7.65   45.22   -2.26   -1.65    0.63    0.32  0
  16066       8.73   45.62   -2.24   -1.65    0.52    0.19  0
  16111       8.19   44.24    2.91    3.47    0.67    0.63  0
  71020     236.25   61.25   -1.73   -1.61    0.87    0.56  0
  71181     304.68   47.13   -1.98   -1.78    0.52    0.30  0
  71243     247.24   49.69    1.51    1.62    0.76    0.31  0
  71321     291.45   63.75    1.63    1.63    0.50    0.37  0
  71421     296.72   51.86    1.53    1.58    0.53    0.41  0
  71645     239.93   51.67   -2.20   -2.12    1.49    0.84  0
  71750     273.71   48.58    1.73    1.63    0.48    0.23  0
  71769     235.84   49.35   -1.31   -1.14    0.40    0.19  0
  71877     245.99   51.11   -1.49   -1.11    0.62    0.30  0
  71914     236.87   48.77   -1.36   -0.85    0.37    0.18  0
  72235     269.92   32.32    1.69    1.34    0.38    0.18  0
  72274     249.05   32.22   -3.25   -3.56    0.47    0.23  0
  72312     277.78   34.90    1.76    1.57    0.46    0.21  0
  72314     279.07   35.22    2.22    1.87    0.40    0.15  0
  72327     273.45   36.23   -3.24   -4.02    0.38    0.17  0
  72386     244.83   36.08    2.27    2.42    0.55    0.23  0
  72464     255.48   38.28    1.83    2.56    0.62    0.33  0
  72476     251.47   39.11    1.57    2.13    0.77    0.46  0
  72494     237.62   37.61   -2.80   -2.57    0.35    0.19  0
  72524     278.13   41.42    1.94    2.01    0.43    0.21  0
  72565     255.33   39.86    1.41    1.88    0.50    0.27  0
  72570     252.47   40.50    2.13    2.56    0.51    0.27  0
  72672     251.52   43.07    3.36    3.95    0.47    0.30  0
  72785     242.47   47.63   -1.52   -1.44    0.44    0.23  0
  76634     261.65   20.07    1.95    1.53    0.31    0.28  0
  76640     262.59   20.95    1.91    1.44    1.04    0.89  0
  76683     261.77   19.32    2.91    2.52    0.56    0.38  0
  76687     263.10   19.50   -1.45   -1.83    0.45    0.39  0
  76775     263.30   17.07    2.14    1.99    0.66    0.56  0
  78526     294.01   18.43   -1.59   -1.78    0.37    0.20  0
  80063     284.16    8.82    1.56    1.37    0.72    0.51  0
  07230     359.43   47.50    1.38    1.61    0.52    0.17  0
  71423     298.30   49.08   -1.50   -1.51    0.78    0.59  0
  76161     248.95   29.10   -1.35   -0.71    0.56    0.32  0
  78224     277.60   22.98    1.99    1.74    0.49    0.31  0
  71379     287.45   48.83   -1.45   -1.39    0.50    0.22  0
  71387     288.97   48.88   -1.34   -1.33    0.56    0.31  0
  72407     285.44   39.45   -1.47   -1.95    0.45    0.17  0
  78720     272.79   14.05    1.30    1.24    0.48    0.31  0
  70273     209.98   61.17   -1.40   -1.10    0.50    0.19  0
  72356     264.12   36.20   -1.32   -1.70    0.46    0.19  0
