  AS067     282.52   38.64   -0.28   -1.23    1.51    1.23  3
    170.00   43.00    0.66   -1.38    2.04    1.63
     57.00   -0.69   -0.41    1.94    1.57
  AS656  a  263.87   44.28   -1.26   -1.08    1.47    1.42  3
    242.00   21.00   -1.66   -1.29    0.87    0.99
     74.00   -0.91   -1.71    2.36    0.72
  AS725  a  237.68   38.33    0.02   -0.08    1.50    1.38  3
    305.00   22.00   -0.30   -0.12    1.84    1.77
     75.00    0.38   -0.25    1.76    2.16
  AT458     275.54   34.11   -0.85   -0.86    1.32    1.20  3
    191.00   29.00   -0.67   -0.67    1.69    1.42
     69.00   -1.18   -0.63    2.08    1.54
  AT868     273.72   43.15   -0.64   -0.63    1.45    1.32  3
    253.00   15.00   -0.42   -0.40    1.77    1.63
     76.00   -0.07   -0.97    1.50    2.27
  AU014     271.27   43.23   -0.97   -0.89    1.43    1.43  3
     83.00    0.00   -1.37   -1.13    2.00    1.94
     54.00 -999.00 -999.00 -999.00 -999.00
  AU069     285.10   41.74   -1.70   -1.66    1.22    1.24  3
    148.00   16.00   -2.32   -2.18    0.94    1.18
     69.00   -2.46   -2.23    0.76    0.87
  AU197     272.97   40.44   -0.80   -1.04    1.53    1.57  3
    477.00  119.00   -0.56   -0.82    2.15    2.25
     63.00   -1.43   -0.04    1.84    1.79
  AU666       6.87   52.19    0.37    0.12    1.40    1.34  3
    157.00   32.00    0.16   -0.25    1.11    0.94
     64.00    0.86   -0.21    1.80    0.58
  AU843  a  277.69   40.65   -0.25   -0.33    1.38    1.35  3
    263.00   14.00    0.19    0.16    1.60    1.54
     74.00    0.19   -0.83    1.94    1.85
  AV201     242.29   33.59   -1.49   -1.56    1.37    1.42  3
    463.00  159.00   -1.96   -2.11    1.22    1.11
     58.00   -1.88   -1.90    1.32    1.34
  C4629  a  278.64   41.13    0.26    0.23    1.32    1.30  3
    216.00   44.00    0.68    0.43    1.16    1.43
     60.00    0.36    1.28    1.47    1.20
  C5581     237.69   47.02    0.80    0.75    1.37    1.34  3
    225.00   55.00    1.22    1.21    0.87    0.83
     58.00    1.30    1.17    0.77    1.05
  C6012     264.29   29.95    0.18   -0.01    1.19    1.00  3
    490.00   99.00    0.45    0.32    0.81    0.45
     64.00    0.45    0.40    0.81    0.82
  C7221     284.51   40.66   -0.24   -0.24    1.19    1.12  3
    504.00  180.00    0.07    0.33    0.89    0.60
     52.00 -999.00 -999.00 -999.00 -999.00
  C7644     357.75   57.46   -0.27   -0.18    1.38    1.23  3
    452.00  115.00    0.14    0.22    1.19    0.91
     60.00    0.52   -0.07    0.83    1.57
  C7720     256.17   36.76   -2.92   -2.89    0.35    0.31  2
    225.00  200.00   -3.04   -2.90    0.25    0.22
      8.00 -999.00 -999.00 -999.00 -999.00
  D0664     263.65   30.63   -0.43   -0.50    1.10    1.05  3
    223.00   55.00   -0.12   -0.22    1.06    1.02
     66.00    0.28   -0.43    0.83    1.25
  D1029     271.23   17.25   -0.55   -0.70    1.38    1.31  3
    192.00   32.00   -0.12   -0.04    1.64    1.37
     65.00    0.18   -0.16    1.39    1.74
  D2282     267.70   36.39    0.08    0.03    1.29    1.17  3
    165.00   53.00    0.47    0.48    1.18    0.83
     54.00 -999.00 -999.00 -999.00 -999.00
  D2633     285.85   43.12   -0.35   -0.41    1.34    1.33  3
    159.00   18.00   -0.21   -0.18    1.67    1.68
     71.00   -0.95   -0.24    1.59    1.57
  D3085  a  263.17   40.76    0.13   -0.02    1.45    1.40  3
    524.00   83.00    0.78    0.17    1.68    1.49
     66.00    0.93   -0.49    0.60    1.19
  D3123     359.61   50.94   -0.40   -0.47    1.26    1.21  3
    349.00   12.00   -0.20   -0.50    1.03    1.11
     77.00   -0.54    0.05    0.97    2.10
  D3419  a  290.22   43.74   -0.12   -0.22    1.41    1.23  3
    200.00   43.00   -0.21   -0.19    1.24    1.18
     64.00   -0.22   -0.23    1.14    1.61
  D3735  a  284.09   45.68   -0.44   -0.52    1.22    1.24  3
    293.00   46.00   -0.09   -0.27    1.13    1.18
     66.00   -0.64    0.18    1.70    0.78
  D5690     262.02   29.38   -0.02   -0.12    1.11    1.01  3
    246.00   49.00   -0.08   -0.04    0.91    0.96
     64.00    0.08   -0.12    1.23    0.96
  D8556  a  277.61   29.67   -0.54   -0.77    1.54    1.21  3
    200.00   53.00    0.39   -0.15    1.14    0.85
     59.00    0.12    0.38    1.57    0.86
  D9009  a  274.55   32.58   -0.91   -0.99    1.52    1.24  3
    150.00   16.00   -1.04   -0.80    2.21    1.65
     67.00   -1.36   -0.94    2.45    2.13
  D9592     268.65   32.61   -0.28   -0.24    1.17    1.03  3
    162.00   30.00    0.13   -0.01    0.90    0.81
     59.00    0.23   -0.13    1.04    0.83
  D9920  a  277.56   37.21   -1.08   -1.16    1.42    1.38  3
    263.00   35.00   -0.58   -1.47    2.13    1.81
     66.00   -0.64   -1.69    2.17    1.67
  E0157  a  285.65   41.15   -0.13   -0.26    1.33    1.22  3
    431.00   42.00    0.10    0.01    1.20    1.12
     69.00    0.39    0.22    0.78    2.04
  E1221     283.96   36.63   -0.10   -0.18    1.41    1.33  3
    318.00   58.00   -0.16   -0.18    1.41    1.52
     69.00    0.11   -0.25    0.91    2.51
  E1985       4.83   52.65    1.15    0.97    1.32    1.21  3
    240.00   22.00    1.26    1.07    0.97    0.82
     74.00    1.08    1.49    0.75    1.13
  E2967  a  274.17   32.10    0.95    0.87    1.21    1.19  3
    138.00   18.00    1.05    0.98    1.17    1.10
     60.00    1.23    1.05    1.16    1.15
  E3527     277.58   29.73   -0.92   -1.11    1.54    1.19  3
    163.00   28.00   -0.15   -0.59    1.65    1.34
     66.00   -0.12   -0.52    1.67    1.80
  E4060     268.05   46.55   -0.10   -0.12    1.36    1.34  3
    437.00   14.00    0.30    0.26    1.17    0.85
     68.00    0.29    0.57    1.18    0.95
  E4540     268.83   38.79   -0.52   -0.56    1.67    1.54  3
    167.00   19.00   -1.02   -0.91    1.44    1.46
     68.00   -0.79   -0.24    1.81    3.03
  E5550      10.92   50.84   -0.04   -0.03    1.59    1.49  3
    244.00    6.00    0.74    0.69    0.62    0.55
     71.00    0.94   -2.16    0.52    2.31
  E5710       9.44   59.87   -0.40   -0.40    1.11    1.15  3
    184.00    2.00   -0.16   -0.09    1.16    1.08
     78.00    0.11   -0.35    1.17    1.49
  F0391       6.30   45.36    1.05    0.33    1.34    1.20  3
    534.00   11.00    1.02    0.17    1.31    1.16
     78.00    1.47    0.76    1.39    1.24
  GHG40     204.42   19.54    0.39    0.41    1.20    1.29  3
    533.00   26.00    0.27    0.23    0.97    1.17
     75.00    0.08    0.24    1.19    1.09
  HP008     241.52   32.91   -0.63   -0.78    1.12    1.06  3
    227.00   42.00   -0.81   -0.87    0.86    1.00
     65.00    0.03   -1.08    1.15    0.82
  MHPA2     227.06   56.70   -0.75   -0.60    1.30    1.33  3
    540.00    1.00   -0.05   -0.15    1.16    1.23
     79.00   -0.05   -0.21    0.81    1.46
  NWSYC  a  241.03   34.17    1.49    0.89    1.27    1.19  3
    455.00    0.00    1.62    1.10    1.47    1.32
     70.00    1.95    1.39    1.27    1.59
  SCBSA     348.82   39.77    0.39    0.40    1.39    1.39  3
    565.00   75.00    0.33    0.34    1.17    1.20
     72.00    0.90   -0.31    1.20    1.45
  TINDX     238.43   47.81   -0.38   -0.40    1.39    1.31  3
    207.00    6.00   -0.66   -0.59    1.52    1.43
     75.00   -0.94   -0.57    2.45    0.81
  AT348     351.26   39.19   -0.79   -0.94    1.43    1.47  3
    100.00   46.00   -1.15   -1.44    1.55    1.46
     27.00 -999.00 -999.00 -999.00 -999.00
  AS961     272.61   30.33    0.37    0.26    1.64    1.47  3
    156.00   44.00    0.64    0.61    1.90    1.41
     57.00    0.49    0.91    1.89    1.88
  AU057     281.82   34.02    0.44    0.46    1.24    1.27  3
    177.00   49.00    0.45    0.93    1.08    1.22
     58.00    0.75    0.01    1.20    0.86
  AU265     288.26   42.36   -1.15   -1.23    1.22    1.04  3
    531.00   14.00   -1.30   -1.22    1.54    1.44
     77.00   -1.81   -1.60    1.43    1.48
  AU913       7.00   58.02    1.04    0.95    1.28    1.10  3
    485.00   85.00    1.38    1.59    1.52    1.46
     65.00    0.81    1.01    1.28    1.53
  BDGPR     286.78   41.16    0.65    0.66    1.25    1.22  3
    421.00    2.00    1.01    1.17    1.02    0.88
     65.00    0.66    1.13    1.33    0.63
  C5732     285.06   40.13   -0.03    0.00    1.21    1.04  3
    530.00  181.00   -0.44   -0.38    0.88    0.45
     53.00 -999.00 -999.00 -999.00 -999.00
  C5771       4.99   52.93    1.39    1.23    1.23    1.18  3
    164.00   26.00    1.31    1.09    1.29    1.00
     71.00    1.62    1.14    1.26    1.20
  D2690     237.86   47.82   -0.68   -0.68    1.25    1.19  3
    476.00   32.00   -0.33   -0.19    1.30    0.92
     77.00   -0.14   -0.77    0.76    2.01
  D4937     277.81   41.47   -0.35   -0.37    1.27    1.25  3
    492.00    0.00   -0.18   -0.10    1.31    1.34
     81.00    0.09   -0.22    1.67    1.09
  D9112     278.05   29.67   -0.86   -1.04    1.29    1.06  3
    160.00   14.00   -0.01   -0.26    1.85    0.96
     74.00   -1.16   -0.52    1.57    1.82
  D9272  a  280.62   39.05    2.00    2.00    1.13    1.10  3
    148.00  109.00    2.28    2.36    0.84    0.72
     24.00 -999.00 -999.00 -999.00 -999.00
  E4634  a  275.37   39.16   -0.30   -0.49    1.28    1.11  3
    222.00   12.00   -0.31   -0.36    1.39    1.30
     68.00    0.41   -0.91    1.02    1.70
  E8360     242.84   32.76    0.50    0.20    1.26    1.25  3
    490.00   19.00    0.80    0.51    0.64    0.67
     78.00    0.74    1.01    0.52    0.82
  F2973     288.55   41.97   -0.14   -0.22    1.24    1.27  3
    472.00   96.00   -0.06   -0.10    0.81    0.96
     64.00    0.10   -0.16    1.42    0.64
  KTUA2  a  210.13   61.18    0.87    0.90    1.14    1.15  3
    545.00   32.00    1.43    1.68    1.33    1.66
     77.00    1.14    0.49    1.29    1.84
  SNFLS     237.54   37.81    0.77    0.62    1.21    1.18  3
    503.00    3.00    0.80    0.72    0.99    1.07
     74.00    0.31    1.31    0.81    1.23
  AP875  a  274.97   39.89    0.48    0.49    1.18    1.19  3
    174.00    0.00    0.58    0.65    1.12    1.29
     67.00    0.91    0.73    1.53    0.86
  C7146     281.05   38.42   -1.04   -1.17    1.19    1.09  3
    401.00    2.00   -1.12   -1.10    1.32    1.40
     77.00   -1.06   -1.27    1.21    1.74
  D1035     287.66   41.85   -0.81   -0.85    1.11    0.94  3
    181.00    0.00   -1.04   -0.97    1.36    1.27
     80.00   -1.37   -1.26    1.22    1.12
  D2258     291.94   44.34   -0.51   -0.70    1.15    1.22  3
    240.00    0.00   -0.45   -0.68    1.50    1.67
     80.00   -1.06   -0.62    1.70    1.63
  D6683     274.24   42.91   -0.54   -0.56    1.22    1.16  3
    205.00    3.00    0.04    0.04    0.71    0.61
     79.00   -0.10    0.21    0.75    0.68
  D7342     285.50   40.81   -0.79   -0.74    1.13    1.06  3
    165.00    0.00   -0.74   -0.47    1.42    1.14
     80.00   -0.82   -0.83    1.26    1.80
  E1016     277.70   29.81   -0.19   -0.38    1.18    0.94  3
    183.00   31.00    0.92   -0.12    1.40    0.88
     69.00    0.41    0.24    1.30    0.87
  E2421     281.95   44.63   -0.94   -0.89    1.20    1.19  3
    133.00    1.00   -1.18   -0.86    1.29    1.35
     65.00   -0.75   -0.63    1.23    1.43
  E4341     272.81   35.51    0.09   -0.05    1.15    1.12  3
    219.00   20.00   -0.16   -0.23    0.89    1.03
     70.00   -0.14   -0.26    0.71    1.35
  E6051     355.77   53.07   -0.33   -0.37    1.18    1.10  3
    166.00    4.00   -0.10   -0.16    1.11    1.08
     79.00    0.01   -0.85    0.68    1.90
  E7431     284.41   40.46   -0.76   -0.87    1.18    1.05  3
    207.00   10.00   -0.84   -0.74    1.28    1.02
     76.00   -0.40   -1.41    0.98    1.71
  E9486  a  271.91   45.79   -0.85   -0.89    1.12    0.99  3
    375.00   96.00    0.09   -0.51    0.97    0.86
     61.00   -0.57    0.00    0.99    0.82
  E9561     270.31   47.97    1.04    0.94    1.17    1.16  3
    200.00    9.00    1.06    1.02    1.03    1.08
     78.00    1.25    1.00    0.86    1.36
  F0333     237.88   37.28   -0.24   -0.18    1.17    1.01  3
    473.00    0.00    0.06    0.30    1.09    0.87
     78.00    0.49   -0.06    1.22    0.99
  PLSHG     272.24   41.66    0.06    0.10    1.15    1.11  3
    480.00    1.00    0.17    0.17    0.91    0.99
     74.00   -0.04    0.76    0.54    0.75
  SNDS2     267.34   46.28   -0.53   -0.36    1.14    1.15  3
    358.00    1.00   -0.70   -0.55    1.34    1.29
     61.00   -0.60   -0.64    1.49    1.28
  AU257  a  259.49   31.45   -0.36   -0.30    1.12    1.12  3
    203.00    0.00   -0.52   -0.48    1.42    1.13
     64.00   -0.63    0.65    1.04    1.70
