  AP525     237.76   40.44    1.64    1.60    0.54    0.60  0
    290.00    3.00    1.56    1.55    0.67    0.80
     79.00    1.64    1.51    0.57    0.55
  AP838  a  261.48   29.69    1.66    1.55    0.67    0.63  0
    227.00    8.00    1.63    1.39    0.63    0.47
     78.00    1.32    2.04    0.44    0.76
  AR006       9.01   46.17    1.69    1.52    1.00    1.02  0
    481.00  156.00    1.55    1.37    1.24    1.19
     58.00    1.37    1.61    1.82    1.07
  AR328     288.51   43.70    1.65    1.56    0.65    0.57  0
    229.00    0.00    1.58    1.52    0.72    0.72
     79.00    1.47    1.68    0.84    0.66
  AS869     280.91   39.99    1.68    1.62    0.69    0.59  0
    268.00   11.00    1.66    1.68    0.68    0.57
     74.00    1.92    1.54    0.73    0.75
  C8783       9.90   46.17    2.16    2.13    0.61    0.60  0
     79.00   17.00    2.20    2.25    0.64    0.53
     62.00    2.32    2.17    0.64    1.18
  C9451      10.05   51.74    1.56    1.52    0.71    0.51  0
    149.00    1.00    1.64    1.54    0.75    0.59
     76.00    1.10    1.99    0.74    0.90
  D0742     243.62   33.70    1.83    1.87    0.63    0.53  0
    180.00   13.00    1.73    1.82    0.70    0.58
     75.00    1.50    1.72    0.79    0.65
  D1894       6.63   44.91    2.34    1.92    0.82    0.71  0
    238.00   32.00    2.23    1.95    0.92    0.85
     72.00    2.17    2.19    0.77    0.98
  D2187     276.05   43.43    2.02    1.89    0.92    0.81  0
    498.00  149.00    2.14    2.04    0.92    1.04
     61.00    2.24    1.94    0.77    0.99
  D3724       8.19   46.73    1.87    1.75    0.76    0.75  0
    479.00   47.00    1.85    1.82    0.91    0.80
     76.00    1.74    2.02    0.99    0.69
  D6006  a  237.61   45.53   -1.66   -2.09    0.83    0.66  0
    225.00    9.00   -1.70   -2.13    0.88    0.82
     75.00   -1.44   -1.75    0.79    1.15
  D6236       1.37   51.97   -1.51   -1.89    0.59    0.44  0
    239.00    0.00   -1.58   -1.97    0.65    0.33
     80.00   -1.39   -1.62    0.66    0.73
  D7457     241.16   34.22    1.96    1.86    0.81    0.83  0
    162.00   33.00    2.06    1.94    0.82    0.83
     65.00    1.95    2.10    0.49    1.26
  D9227       7.77   45.60    1.83    1.47    0.78    0.81  0
    164.00    6.00    1.79    1.50    0.84    0.76
     78.00    1.97    1.81    0.69    0.98
  D9260     213.64   61.13    1.73    1.70    0.77    0.79  0
    136.00    7.00    1.90    1.40    0.89    1.10
     64.00    1.42    2.08    0.78    0.61
  D9310     271.66   44.24   -1.79   -2.04    0.87    0.56  0
    309.00   47.00   -1.62   -2.03    0.96    0.61
     67.00   -1.61   -1.57    1.16    0.64
  E3090     274.63   40.29    1.69    1.80    0.76    0.82  0
    160.00    5.00    1.69    1.81    0.81    0.83
     78.00    1.94    1.65    0.84    0.77
  E3716     263.25   43.49    1.72    1.68    0.83    0.73  0
    267.00   51.00    1.74    1.73    1.00    0.88
     62.00    1.93    1.57    0.84    0.91
  E4531     237.69   37.93    2.04    1.96    0.63    0.59  0
    166.00   14.00    2.08    2.03    0.62    0.67
     73.00    2.05    2.10    0.43    0.71
  E5836       7.79   45.43    1.52    1.15    0.68    0.65  0
    296.00    3.00    1.51    1.12    0.63    0.75
     77.00    1.55    1.30    0.70    0.75
  E6079     237.95   38.27    1.83    1.69    0.94    0.50  0
    474.00   29.00    1.90    1.63    1.07    0.54
     77.00    1.96    2.27    1.08    1.06
  E6246     293.38   18.19    1.70    1.69    0.60    0.60  0
    455.00    3.00    1.72    1.72    0.50    0.50
     79.00    1.82    1.72    0.51    0.53
  E6708      10.25   45.93    1.54    1.44    0.71    0.67  0
    489.00    1.00    1.55    1.40    0.67    0.53
     80.00    1.51    1.46    0.52    0.44
  E7026     210.27   61.10    2.15    2.14    0.77    0.68  0
    172.00   34.00    2.19    2.18    0.84    0.77
     67.00    2.08    2.20    0.80    0.95
  E7665     263.48   39.10    1.62    1.72    0.73    0.78  0
    165.00    6.00    1.74    1.84    0.63    0.86
     78.00    1.51    1.93    0.91    0.43
  E7991     276.14   33.76    2.15    2.16    0.57    0.59  0
    443.00   30.00    2.24    2.17    0.50    0.56
     73.00    2.33    2.11    0.62    0.28
  E8074  a  240.76   50.93    1.74    1.75    0.72    0.67  0
    450.00   44.00    1.81    1.78    0.80    0.73
     71.00    1.55    2.10    0.93    0.70
  E8371     285.07   42.69    1.81    1.73    0.79    0.76  0
    142.00   35.00    1.81    1.73    0.80    0.77
     56.00    1.94    1.72    0.96    0.61
  E8769  a  288.10   45.90    1.79    1.72    1.08    1.07  0
    193.00   58.00    2.05    1.93    1.01    1.03
     58.00    1.98    2.06    1.10    0.97
  E8832     265.74   36.16    2.01    2.11    0.70    0.73  0
    200.00   51.00    2.14    2.28    0.58    0.52
     59.00    2.33    2.10    0.42    0.66
  E8952     277.10   39.90    1.62    1.72    0.70    0.74  0
    198.00    6.00    2.00    2.03    0.66    0.63
     78.00    1.78    1.61    0.48    0.55
  E9158     262.06   36.41    2.04    2.18    0.65    0.56  0
    475.00  146.00    1.95    2.10    0.66    0.69
     61.00    1.78    1.99    0.55    0.59
  E9186     261.40   29.50    2.11    2.06    0.71    0.66  0
    177.00   31.00    2.19    2.07    0.64    0.71
     66.00    1.92    2.44    0.82    0.66
  E9408     275.49   34.02    1.97    2.03    0.59    0.59  0
    199.00   17.00    2.06    2.13    0.47    0.45
     74.00    2.12    2.05    0.72    0.37
  E9485     263.78   41.20    1.72    1.88    0.96    0.94  0
    165.00   42.00    2.20    2.04    0.84    0.81
     62.00    1.93    1.76    0.69    0.86
  F0100     275.29   33.36    2.09    2.21    0.60    0.59  0
    205.00   15.00    2.14    2.36    0.51    0.58
     79.00    2.30    2.03    0.42    0.54
  F0155     358.90   52.93    1.76    1.58    0.79    0.69  0
    215.00    0.00    1.80    1.68    0.72    0.66
     71.00    1.79    1.79    0.60    0.79
  F0225      13.59   46.05    1.60    1.39    0.46    0.49  0
    446.00    0.00    1.60    1.37    0.40    0.46
     81.00    1.71    1.52    0.56    0.37
  F0784     262.63   38.93    1.97    2.08    0.70    0.69  0
    178.00   38.00    1.97    2.18    0.72    0.69
     66.00    1.97    1.93    0.84    0.61
  F1111     240.57   48.99    1.68    1.73    0.71    0.69  0
    173.00   17.00    1.66    1.68    0.77    0.81
     76.00    1.34    2.03    0.77    0.91
  F1216     265.27   36.59    1.65    1.69    0.59    0.62  0
    494.00    7.00    1.55    1.60    0.51    0.60
     80.00    1.82    1.66    0.70    0.42
  F1515     284.48   42.53    1.71    1.79    0.73    0.77  0
    234.00   25.00    1.72    1.87    0.87    0.94
     72.00    2.19    1.38    0.48    1.01
  F1642     248.91   45.77    1.74    1.77    0.56    0.60  0
    482.00    3.00    1.65    1.75    0.49    0.44
     81.00    1.48    1.90    0.30    0.56
  F1740     237.52   45.16   -1.71   -2.15    0.91    0.76  0
    150.00   22.00   -1.81   -2.33    0.73    0.59
     69.00   -1.80   -1.83    0.59    0.87
  F1740  a  237.52   45.16   -1.73   -2.19    0.90    0.77  0
    399.00   57.00   -1.83   -2.35    0.77    0.55
     72.00   -1.84   -1.84    0.89    0.92
  F1801     283.97   42.04    1.85    1.84    0.74    0.74  0
    163.00   29.00    1.87    1.85    0.75    0.74
     69.00    2.23    1.55    0.64    0.75
  F1831       7.05   45.14    1.72    1.36    0.94    1.01  0
    164.00    6.00    1.82    1.44    0.85    0.91
     78.00    1.78    2.28    1.06    0.86
  F2462     279.81   36.37    1.75    1.92    0.88    0.92  0
    495.00   44.00    1.98    2.14    0.56    0.77
     76.00    1.94    1.59    0.56    0.97
  F2475     273.48   41.11   -1.99   -2.09    0.67    0.63  0
    187.00   47.00   -2.07   -2.04    0.79    0.68
     58.00   -1.69   -2.20    0.86    0.77
  F3232     266.36   36.64    1.72    1.80    0.59    0.61  0
    191.00   18.00    1.82    1.79    0.49    0.61
     75.00    1.83    1.85    0.58    0.40
  KFRH      273.36   38.51   -1.80   -2.19    0.68    0.51  0
    152.00    4.00   -1.83   -2.26    0.44    0.33
     75.00   -1.80   -1.80    0.91    0.31
  KHSR      256.61   43.37    1.63    1.57    0.79    0.74  0
    121.00    9.00    1.59    1.59    0.98    0.92
     67.00    1.53    1.63    0.71    1.04
  SCLRS     278.99   35.84    1.58    1.57    0.85    0.87  0
    274.00    0.00    1.71    1.79    1.13    1.04
     59.00    1.90    1.57    1.16    1.03
  SDMRO  a  242.77   33.96    1.96    1.97    0.82    0.75  0
     72.00   10.00    1.91    1.90    0.92    0.89
     62.00    1.73    2.94    0.89    1.12
  SMCA2     210.26   61.02    2.22    2.24    0.68    0.64  0
     78.00   14.00    2.31    2.38    0.44    0.44
     64.00    2.24    2.46    0.38    0.45
  E9998     285.35   42.15    1.84    1.93    0.80    0.83  0
    159.00   46.00    1.96    2.01    0.88    0.87
     59.00    2.05    1.54    0.74    0.71
  F2495      12.00   45.00   -1.76   -2.16    0.70    0.67  0
    223.00   47.00   -1.71   -2.25    0.64    0.74
     57.00   -1.95   -1.65    0.77    0.53
  AT741     354.94   50.15    1.92    1.81    0.79    0.70  0
    201.00   54.00    1.75    1.72    0.77    0.76
     55.00 -999.00 -999.00 -999.00 -999.00
  D2382  a  236.04   50.68    1.78    1.93    0.91    0.87  0
    164.00   68.00    1.87    2.04    1.19    1.11
     52.00 -999.00 -999.00 -999.00 -999.00
  D4200     274.31   39.60    1.58    1.68    0.92    0.90  0
    166.00   22.00    1.64    1.77    0.79    0.81
     73.00    2.52    1.53    1.12    0.79
  E5899     284.68   43.11    1.58    1.65    0.69    0.78  0
    496.00   27.00    1.54    1.59    0.71    0.86
     79.00    1.61    1.35    0.59    0.70
  E7678     240.64   50.86    1.41    1.42    0.71    0.65  0
    183.00   10.00    1.37    1.40    0.80    0.70
     78.00    0.94    1.86    0.57    0.82
  E9753  a  280.01   37.33    2.06    2.15    0.89    0.92  0
    481.00  181.00    2.22    2.41    0.70    0.63
     54.00 -999.00 -999.00 -999.00 -999.00
  E9845     261.50   31.20    1.49    1.52    0.76    0.80  0
    173.00   20.00    1.48    1.53    0.90    0.93
     74.00    1.02    2.10    0.64    0.69
  F1364     279.99   40.12    1.57    1.71    0.76    0.83  0
    197.00   17.00    1.74    1.90    0.78    0.96
     75.00    2.01    1.35    1.12    0.65
  F2842  a  208.76   59.75    1.57    1.64    0.68    0.64  0
    357.00   14.00    1.59    1.59    0.76    0.70
     60.00    1.16    1.77    0.57    0.63
  AT590      11.70   45.71    1.43    1.20    0.74    0.66  0
    355.00    1.00    1.52    1.30    0.76    0.71
     64.00    1.63    1.38    0.86    0.70
  C7533  a  286.49   45.65    1.47    1.47    0.52    0.53  0
    461.00    0.00    1.54    1.50    0.51    0.46
     78.00    1.56    1.53    0.41    0.65
  D2386     235.60   50.49    1.50    1.53    0.70    0.68  0
    160.00    7.00    1.60    1.57    0.80    0.79
     77.00    0.92    1.89    0.54    0.74
  D2963     273.58   43.37    1.46    1.41    0.84    0.81  0
    135.00    4.00    1.40    1.40    0.90    0.89
     65.00    1.97    0.97    1.10    0.63
  D4933     284.10   42.09    1.43    1.47    0.68    0.70  0
    196.00    3.00    1.36    1.53    0.65    0.73
     80.00    1.67    1.07    0.86    0.81
  D6083     277.92   34.15    1.45    1.46    0.74    0.80  0
    187.00    6.00    1.63    1.59    0.85    0.88
     77.00    1.66    1.39    0.80    0.91
  D8231     267.15   44.78    1.46    1.63    0.71    0.79  0
    164.00    4.00    1.56    1.70    0.67    0.64
     79.00    1.52    1.20    0.52    0.64
  D8389       6.58   61.07    1.49    1.57    0.81    0.77  0
    168.00    2.00    1.53    1.64    0.74    0.64
     81.00    1.56    1.47    0.73    0.70
  E0876  a  241.03   50.24    1.51    1.45    0.73    0.73  0
    151.00    3.00    1.59    1.51    0.83    0.76
     68.00    1.51    1.71    0.85    1.12
  E1703     281.50   35.50    1.40    1.43    0.59    0.58  0
    185.00    0.00    1.39    1.46    0.60    0.60
     77.00    1.27    1.59    0.84    0.78
  E1853      13.45   63.35    1.43    1.29    1.03    1.04  0
    131.00    6.00    2.00    1.54    1.05    0.90
     66.00    1.72    1.36    1.17    1.16
  E5299     281.70   38.40    1.49    1.53    0.61    0.60  0
    189.00    0.00    1.53    1.55    0.55    0.67
     79.00    1.67    1.23    0.79    0.54
  E6865     210.62   60.17    1.41    1.41    0.77    0.78  0
    468.00   10.00    1.41    1.45    0.73    0.86
     78.00    1.34    1.79    0.75    0.78
  E9290     278.11   41.21    1.45    1.52    0.85    0.72  0
    261.00   13.00    1.56    1.70    0.84    0.80
     66.00    1.47    1.64    0.77    0.96
  E9579     271.18   42.37    1.60    1.78    0.73    0.77  0
    360.00   35.00    1.60    1.90    0.71    0.82
     57.00    1.83    1.42    0.41    0.91
  E9592     274.60   38.32    1.57    1.67    0.78    0.80  0
    199.00   10.00    1.56    1.79    0.74    0.70
     75.00    1.65    1.53    0.80    0.84
  E9620     270.35   39.17    1.41    1.55    0.62    0.63  0
    319.00    4.00    1.47    1.50    0.56    0.61
     80.00    1.64    1.26    0.45    0.68
  JPL05     244.18   33.23    1.44    1.41    0.93    0.88  0
     80.00    6.00    1.48    1.47    0.96    1.04
     74.00    1.47    1.43    0.84    1.26
  KKHKS     200.28   21.97    1.53    1.54    0.95    0.95  0
    536.00  227.00    1.19    1.36    1.32    1.19
     47.00 -999.00 -999.00 -999.00 -999.00
  NDIA2     225.44   58.34    1.43    1.49    0.71    0.88  0
     77.00    1.00    1.66    1.77    0.65    0.81
     76.00    1.94    1.28    0.54    0.89
  PRRLS  a  248.52   40.62    1.53    1.46    0.42    0.38  0
    320.00    0.00    1.51    1.42    0.31    0.34
     63.00    1.42    1.51    0.35    0.22
  TCLAY     242.40   48.03    1.44    1.45    0.81    0.82  0
    111.00    3.00    1.45    1.49    0.92    0.84
     79.00    1.56    0.81    0.41    0.80
  CLCMP     284.15   44.03    1.45    1.49    0.66    0.67  0
    525.00   14.00    1.41    1.54    0.74    0.72
     75.00    1.14    1.50    0.73    0.67
  E7835     285.82   43.03    1.43    1.55    0.81    0.88  0
    162.00   15.00    1.26    1.24    0.86    1.30
     70.00    1.68    1.22    0.89    1.04
  HRVRD     288.42   42.50    1.50    1.43    0.55    0.64  0
    372.00    1.00    1.52    1.55    0.65    0.55
     59.00    1.42    1.70    0.52    0.46
