  AS067     282.52   38.64   -0.28   -1.23    1.51    1.23  3
  AS656  a  263.87   44.28   -1.26   -1.08    1.47    1.42  3
  AS725  a  237.68   38.33    0.02   -0.08    1.50    1.38  3
  AT458     275.54   34.11   -0.85   -0.86    1.32    1.20  3
  AT868     273.72   43.15   -0.64   -0.63    1.45    1.32  3
  AU014     271.27   43.23   -0.97   -0.89    1.43    1.43  3
  AU069     285.10   41.74   -1.70   -1.66    1.22    1.24  3
  AU197     272.97   40.44   -0.80   -1.04    1.53    1.57  3
  AU666       6.87   52.19    0.37    0.12    1.40    1.34  3
  AU843  a  277.69   40.65   -0.25   -0.33    1.38    1.35  3
  AV201     242.29   33.59   -1.49   -1.56    1.37    1.42  3
  C4629  a  278.64   41.13    0.26    0.23    1.32    1.30  3
  C5581     237.69   47.02    0.80    0.75    1.37    1.34  3
  C6012     264.29   29.95    0.18   -0.01    1.19    1.00  3
  C7221     284.51   40.66   -0.24   -0.24    1.19    1.12  3
  C7644     357.75   57.46   -0.27   -0.18    1.38    1.23  3
  C7720     256.17   36.76   -2.92   -2.89    0.35    0.31  2
  D0664     263.65   30.63   -0.43   -0.50    1.10    1.05  3
  D1029     271.23   17.25   -0.55   -0.70    1.38    1.31  3
  D2282     267.70   36.39    0.08    0.03    1.29    1.17  3
  D2633     285.85   43.12   -0.35   -0.41    1.34    1.33  3
  D3085  a  263.17   40.76    0.13   -0.02    1.45    1.40  3
  D3123     359.61   50.94   -0.40   -0.47    1.26    1.21  3
  D3419  a  290.22   43.74   -0.12   -0.22    1.41    1.23  3
  D3735  a  284.09   45.68   -0.44   -0.52    1.22    1.24  3
  D5690     262.02   29.38   -0.02   -0.12    1.11    1.01  3
  D8556  a  277.61   29.67   -0.54   -0.77    1.54    1.21  3
  D9009  a  274.55   32.58   -0.91   -0.99    1.52    1.24  3
  D9592     268.65   32.61   -0.28   -0.24    1.17    1.03  3
  D9920  a  277.56   37.21   -1.08   -1.16    1.42    1.38  3
  E0157  a  285.65   41.15   -0.13   -0.26    1.33    1.22  3
  E1221     283.96   36.63   -0.10   -0.18    1.41    1.33  3
  E1985       4.83   52.65    1.15    0.97    1.32    1.21  3
  E2967  a  274.17   32.10    0.95    0.87    1.21    1.19  3
  E3527     277.58   29.73   -0.92   -1.11    1.54    1.19  3
  E4060     268.05   46.55   -0.10   -0.12    1.36    1.34  3
  E4540     268.83   38.79   -0.52   -0.56    1.67    1.54  3
  E5550      10.92   50.84   -0.04   -0.03    1.59    1.49  3
  E5710       9.44   59.87   -0.40   -0.40    1.11    1.15  3
  F0391       6.30   45.36    1.05    0.33    1.34    1.20  3
  GHG40     204.42   19.54    0.39    0.41    1.20    1.29  3
  HP008     241.52   32.91   -0.63   -0.78    1.12    1.06  3
  MHPA2     227.06   56.70   -0.75   -0.60    1.30    1.33  3
  NWSYC  a  241.03   34.17    1.49    0.89    1.27    1.19  3
  SCBSA     348.82   39.77    0.39    0.40    1.39    1.39  3
  TINDX     238.43   47.81   -0.38   -0.40    1.39    1.31  3
  AT348     351.26   39.19   -0.79   -0.94    1.43    1.47  3
  AS961     272.61   30.33    0.37    0.26    1.64    1.47  3
  AU057     281.82   34.02    0.44    0.46    1.24    1.27  3
  AU265     288.26   42.36   -1.15   -1.23    1.22    1.04  3
  AU913       7.00   58.02    1.04    0.95    1.28    1.10  3
  BDGPR     286.78   41.16    0.65    0.66    1.25    1.22  3
  C5732     285.06   40.13   -0.03    0.00    1.21    1.04  3
  C5771       4.99   52.93    1.39    1.23    1.23    1.18  3
  D2690     237.86   47.82   -0.68   -0.68    1.25    1.19  3
  D4937     277.81   41.47   -0.35   -0.37    1.27    1.25  3
  D9112     278.05   29.67   -0.86   -1.04    1.29    1.06  3
  D9272  a  280.62   39.05    2.00    2.00    1.13    1.10  3
  E4634  a  275.37   39.16   -0.30   -0.49    1.28    1.11  3
  E8360     242.84   32.76    0.50    0.20    1.26    1.25  3
  F2973     288.55   41.97   -0.14   -0.22    1.24    1.27  3
  KTUA2  a  210.13   61.18    0.87    0.90    1.14    1.15  3
  SNFLS     237.54   37.81    0.77    0.62    1.21    1.18  3
  AP875  a  274.97   39.89    0.48    0.49    1.18    1.19  3
  C7146     281.05   38.42   -1.04   -1.17    1.19    1.09  3
  D1035     287.66   41.85   -0.81   -0.85    1.11    0.94  3
  D2258     291.94   44.34   -0.51   -0.70    1.15    1.22  3
  D6683     274.24   42.91   -0.54   -0.56    1.22    1.16  3
  D7342     285.50   40.81   -0.79   -0.74    1.13    1.06  3
  E1016     277.70   29.81   -0.19   -0.38    1.18    0.94  3
  E2421     281.95   44.63   -0.94   -0.89    1.20    1.19  3
  E4341     272.81   35.51    0.09   -0.05    1.15    1.12  3
  E6051     355.77   53.07   -0.33   -0.37    1.18    1.10  3
  E7431     284.41   40.46   -0.76   -0.87    1.18    1.05  3
  E9486  a  271.91   45.79   -0.85   -0.89    1.12    0.99  3
  E9561     270.31   47.97    1.04    0.94    1.17    1.16  3
  F0333     237.88   37.28   -0.24   -0.18    1.17    1.01  3
  PLSHG     272.24   41.66    0.06    0.10    1.15    1.11  3
  SNDS2     267.34   46.28   -0.53   -0.36    1.14    1.15  3
  AU257  a  259.49   31.45   -0.36   -0.30    1.12    1.12  3
