  AP525     237.76   40.44    1.64    1.60    0.54    0.60  0
  AP838  a  261.48   29.69    1.66    1.55    0.67    0.63  0
  AR006       9.01   46.17    1.69    1.52    1.00    1.02  0
  AR328     288.51   43.70    1.65    1.56    0.65    0.57  0
  AS869     280.91   39.99    1.68    1.62    0.69    0.59  0
  C8783       9.90   46.17    2.16    2.13    0.61    0.60  0
  C9451      10.05   51.74    1.56    1.52    0.71    0.51  0
  D0742     243.62   33.70    1.83    1.87    0.63    0.53  0
  D1894       6.63   44.91    2.34    1.92    0.82    0.71  0
  D2187     276.05   43.43    2.02    1.89    0.92    0.81  0
  D3724       8.19   46.73    1.87    1.75    0.76    0.75  0
  D6006  a  237.61   45.53   -1.66   -2.09    0.83    0.66  0
  D6236       1.37   51.97   -1.51   -1.89    0.59    0.44  0
  D7457     241.16   34.22    1.96    1.86    0.81    0.83  0
  D9227       7.77   45.60    1.83    1.47    0.78    0.81  0
  D9260     213.64   61.13    1.73    1.70    0.77    0.79  0
  D9310     271.66   44.24   -1.79   -2.04    0.87    0.56  0
  E3090     274.63   40.29    1.69    1.80    0.76    0.82  0
  E3716     263.25   43.49    1.72    1.68    0.83    0.73  0
  E4531     237.69   37.93    2.04    1.96    0.63    0.59  0
  E5836       7.79   45.43    1.52    1.15    0.68    0.65  0
  E6079     237.95   38.27    1.83    1.69    0.94    0.50  0
  E6246     293.38   18.19    1.70    1.69    0.60    0.60  0
  E6708      10.25   45.93    1.54    1.44    0.71    0.67  0
  E7026     210.27   61.10    2.15    2.14    0.77    0.68  0
  E7665     263.48   39.10    1.62    1.72    0.73    0.78  0
  E7991     276.14   33.76    2.15    2.16    0.57    0.59  0
  E8074  a  240.76   50.93    1.74    1.75    0.72    0.67  0
  E8371     285.07   42.69    1.81    1.73    0.79    0.76  0
  E8769  a  288.10   45.90    1.79    1.72    1.08    1.07  0
  E8832     265.74   36.16    2.01    2.11    0.70    0.73  0
  E8952     277.10   39.90    1.62    1.72    0.70    0.74  0
  E9158     262.06   36.41    2.04    2.18    0.65    0.56  0
  E9186     261.40   29.50    2.11    2.06    0.71    0.66  0
  E9408     275.49   34.02    1.97    2.03    0.59    0.59  0
  E9485     263.78   41.20    1.72    1.88    0.96    0.94  0
  F0100     275.29   33.36    2.09    2.21    0.60    0.59  0
  F0155     358.90   52.93    1.76    1.58    0.79    0.69  0
  F0225      13.59   46.05    1.60    1.39    0.46    0.49  0
  F0784     262.63   38.93    1.97    2.08    0.70    0.69  0
  F1111     240.57   48.99    1.68    1.73    0.71    0.69  0
  F1216     265.27   36.59    1.65    1.69    0.59    0.62  0
  F1515     284.48   42.53    1.71    1.79    0.73    0.77  0
  F1642     248.91   45.77    1.74    1.77    0.56    0.60  0
  F1740     237.52   45.16   -1.71   -2.15    0.91    0.76  0
  F1740  a  237.52   45.16   -1.73   -2.19    0.90    0.77  0
  F1801     283.97   42.04    1.85    1.84    0.74    0.74  0
  F1831       7.05   45.14    1.72    1.36    0.94    1.01  0
  F2462     279.81   36.37    1.75    1.92    0.88    0.92  0
  F2475     273.48   41.11   -1.99   -2.09    0.67    0.63  0
  F3232     266.36   36.64    1.72    1.80    0.59    0.61  0
  KFRH      273.36   38.51   -1.80   -2.19    0.68    0.51  0
  KHSR      256.61   43.37    1.63    1.57    0.79    0.74  0
  SCLRS     278.99   35.84    1.58    1.57    0.85    0.87  0
  SDMRO  a  242.77   33.96    1.96    1.97    0.82    0.75  0
  SMCA2     210.26   61.02    2.22    2.24    0.68    0.64  0
  E9998     285.35   42.15    1.84    1.93    0.80    0.83  0
  F2495      12.00   45.00   -1.76   -2.16    0.70    0.67  0
  AT741     354.94   50.15    1.92    1.81    0.79    0.70  0
  D2382  a  236.04   50.68    1.78    1.93    0.91    0.87  0
  D4200     274.31   39.60    1.58    1.68    0.92    0.90  0
  E5899     284.68   43.11    1.58    1.65    0.69    0.78  0
  E7678     240.64   50.86    1.41    1.42    0.71    0.65  0
  E9753  a  280.01   37.33    2.06    2.15    0.89    0.92  0
  E9845     261.50   31.20    1.49    1.52    0.76    0.80  0
  F1364     279.99   40.12    1.57    1.71    0.76    0.83  0
  F2842  a  208.76   59.75    1.57    1.64    0.68    0.64  0
  AT590      11.70   45.71    1.43    1.20    0.74    0.66  0
  C7533  a  286.49   45.65    1.47    1.47    0.52    0.53  0
  D2386     235.60   50.49    1.50    1.53    0.70    0.68  0
  D2963     273.58   43.37    1.46    1.41    0.84    0.81  0
  D4933     284.10   42.09    1.43    1.47    0.68    0.70  0
  D6083     277.92   34.15    1.45    1.46    0.74    0.80  0
  D8231     267.15   44.78    1.46    1.63    0.71    0.79  0
  D8389       6.58   61.07    1.49    1.57    0.81    0.77  0
  E0876  a  241.03   50.24    1.51    1.45    0.73    0.73  0
  E1703     281.50   35.50    1.40    1.43    0.59    0.58  0
  E1853      13.45   63.35    1.43    1.29    1.03    1.04  0
  E5299     281.70   38.40    1.49    1.53    0.61    0.60  0
  E6865     210.62   60.17    1.41    1.41    0.77    0.78  0
  E9290     278.11   41.21    1.45    1.52    0.85    0.72  0
  E9579     271.18   42.37    1.60    1.78    0.73    0.77  0
  E9592     274.60   38.32    1.57    1.67    0.78    0.80  0
  E9620     270.35   39.17    1.41    1.55    0.62    0.63  0
  JPL05     244.18   33.23    1.44    1.41    0.93    0.88  0
  KKHKS     200.28   21.97    1.53    1.54    0.95    0.95  0
  NDIA2     225.44   58.34    1.43    1.49    0.71    0.88  0
  PRRLS  a  248.52   40.62    1.53    1.46    0.42    0.38  0
  TCLAY     242.40   48.03    1.44    1.45    0.81    0.82  0
  CLCMP     284.15   44.03    1.45    1.49    0.66    0.67  0
  E7835     285.82   43.03    1.43    1.55    0.81    0.88  0
  HRVRD     288.42   42.50    1.50    1.43    0.55    0.64  0
