dtype=   q120  mean,std
     8     8     7     6     9     8     7     8     9     9     8    11
     5     9     9     9     8     9     9    10     8     9    11    10
     9    11    13    13    12
    10    12    13    12    13    15    14    17    17    19    19    19
    17    19    20    19    20    21    20    21    19    20    20    20
    18    20    20    20    18
  0.80  0.80  0.70  0.60  0.90  0.80  0.70  0.80  0.90  0.90  0.80  1.10
  0.50  0.90  0.90  0.90  0.80  0.90  0.90  1.00  0.80  0.90  1.10  1.00
  0.90  1.10  1.30  1.30  1.20
  1.00  1.20  1.30  1.20  1.30  1.50  1.40  1.70  1.70  1.90  1.90  1.90
  1.70  1.90  2.00  1.90  2.00  2.10  2.00  2.10  1.90  2.00  2.00  2.00
  1.80  2.00  2.00  2.00  1.80
dtype=   q180   mean,std
    12    10
  1.20  1.00
dtype=   q181   mean,std
    11     9
  1.10  0.90
dtype=   q187   mean,std
    10     8
  1.00  0.80
dtype=   q188   mean,std
    13    10
  1.30  1.00
