  06693       9.10   47.27    0.70    0.70    2.06    2.08  3
     73.00    0.00    1.30    1.40    2.22    1.78
     71.00    0.10    1.85    3.56    1.33
  06695       8.58   46.63    1.34    1.23    2.07    2.07  3
     82.00    7.00    2.08    2.15    1.82    1.63
     64.00    1.83    2.20    1.70    1.56
  07586       5.05   44.08    0.80    0.90    2.33    2.11  3
     77.00    1.00    1.15    1.55    3.11    2.60
     72.00    1.50    1.05    3.11    2.67
  08210     355.32   40.65   -0.46   -0.39    2.13    1.89  3
     69.00    2.00   -0.45   -0.40    2.74    2.37
     66.00   -0.35   -0.60    2.89    2.93
  08544     351.37   40.92    0.25    0.19    2.11    1.74  3
    160.00    8.00    0.05    0.10    2.22    1.93
     74.00    0.60   -0.30    2.37    1.56
  14106      13.63   45.90    0.37    0.29    2.31    2.18  3
     58.00    1.00    0.00    0.20    3.56    2.67
     57.00    0.15   -0.05    3.11    3.56
  14307      13.92   44.90   -0.55   -0.87    2.11    1.69  3
     84.00    8.00   -1.00   -0.90    2.22    2.97
     73.00   -0.15   -2.35    1.48    2.08
  16108      13.48   45.82    0.13   -0.37    2.07    1.72  3
     70.00    0.00   -0.10   -0.45    2.52    2.00
     68.00    1.25   -0.90    2.67    2.30
  24585     144.40   64.55    1.37    1.26    2.14    2.04  3
     84.00   13.00    2.05    1.80    1.71    1.71
     66.00    2.25    2.30    1.56    1.56
  24588     141.88   64.05    1.23    1.08    2.01    1.93  3
     81.00   12.00    2.00    1.90    1.63    1.48
     65.00    1.60    2.20    1.85    1.11
  24684     141.72   63.33    0.74    0.61    1.98    1.88  3
     84.00    7.00    0.00    2.15    2.67    1.71
     73.00    1.10    1.60    1.78    1.48
  24790     148.16   62.78    1.21    1.05    1.97    1.88  3
     82.00    7.00    1.60    1.50    1.78    1.63
     73.00    1.60    1.45    1.48    1.78
  25904     150.69   60.60    1.60    1.48    1.91    1.78  3
     87.00    8.00    2.12    2.10    1.63    1.63
     72.00    2.10    2.25    1.33    1.56
  31683     140.12   49.67    0.73    0.76    2.03    1.85  3
     84.00    2.00    0.65    0.75    2.00    1.93
     78.00    1.40    0.05    2.67    2.52
  31754     137.05   48.60   -0.55   -0.33    1.92    1.88  3
     83.00    8.00   -0.60   -0.20    2.08    1.93
     72.00    0.45   -1.10    2.19    2.45
  32010     142.90   53.50    0.28   -0.02    1.97    1.25  3
     82.00    2.00    0.90    0.10    1.78    1.19
     79.00    0.55    0.15    1.70    1.63
  71020     236.25   61.25    1.00    1.16    2.32    2.28  3
     87.00    9.00    1.80    2.10    1.48    1.48
     69.00    2.00    1.55    1.19    1.56
  71028     235.60   51.67    0.31    0.52    2.32    2.32  3
     87.00   19.00    1.00    1.20    2.82    2.82
     59.00   -0.80    2.20    2.82    1.85
  71039     223.82   62.10    1.06    1.00    1.98    1.86  3
     82.00    9.00    1.35    1.35    2.00    1.78
     68.00    1.75    1.00    1.41    1.78
  71042     237.00   49.12   -0.67   -0.70    2.13    1.67  3
     80.00    2.00   -0.70   -0.65    2.04    1.78
     76.00   -0.70   -0.70    2.15    1.56
  71045     227.28   60.16    1.07    0.93    1.96    1.92  3
     87.00    2.00    1.80    1.95    2.08    1.78
     76.00    2.10   -0.15    1.33    2.82
  71050     235.87   52.11    0.21    0.43    2.15    2.08  3
     84.00   11.00    0.80    0.60    2.37    2.67
     69.00    1.95    0.60    2.00    2.89
  71203     240.62   49.96    1.02    1.26    2.39    2.23  3
     84.00   19.00    1.98    2.30    1.82    1.41
     58.00    1.15    2.38    2.52    1.11
  71475     235.07   49.31    0.51    0.60    2.09    2.07  3
     80.00   14.00    1.25    1.05    1.71    1.56
     62.00    0.90    1.30    2.45    1.19
  71497     236.54   60.23   -0.89   -0.76    1.99    1.86  3
     79.00    4.00   -0.90   -0.90    2.22    2.22
     73.00   -0.95   -1.75    2.11    2.08
  71638     236.30   49.45    0.31    0.29    2.18    1.97  3
     77.00    3.00    0.55    0.45    2.60    2.22
     74.00    1.20    0.45    2.52    2.08
  71640     275.20   47.72    0.31    0.19    2.15    1.61  3
     80.00    6.00    0.10    0.20    1.93    1.33
     73.00    1.10    0.00    1.78    2.00
  71713     289.97   47.35    0.66    0.65    1.99    1.48  3
     81.00    0.00    0.85    0.70    2.22    1.41
     80.00    1.85   -0.20    1.41    2.30
  71782     245.12   49.75    0.97    1.19    2.00    2.02  3
     88.00   15.00    1.60    2.10    1.93    1.93
     63.00    0.70    2.05    2.52    1.56
  71783     236.70   48.45    0.49    0.64    2.05    1.65  3
     79.00    3.00    0.50    0.80    2.37    1.93
     75.00    1.60   -0.55    2.08    1.26
  71858     260.74   53.18   -0.23   -0.75    2.16    1.35  3
     83.00    4.00    0.20   -0.40    2.08    1.33
     75.00    0.55   -0.10    1.93    2.00
  71927     236.29   48.82    0.65    0.70    2.19    1.94  3
     78.00    6.00    0.75    1.00    2.60    1.78
     70.00    1.15    0.90    2.74    1.93
  71952     234.05   54.38    0.75    0.86    2.11    2.24  3
     88.00   12.00    1.60    1.85    2.22    2.45
     68.00    1.60    0.85    2.37    2.45
  71965     224.13   63.61    1.11    1.02    2.21    2.19  3
     89.00    7.00    1.90    1.70    1.93    2.08
     73.00    1.45    1.45    2.37    2.67
  71966     220.87   64.04    0.99    0.97    2.31    2.24  3
     85.00    5.00    1.60    1.70    2.08    1.93
     73.00    1.50    0.85    2.45    3.04
  73005     292.76   48.36    0.48    0.43    2.13    2.02  3
     78.00    2.00    1.10    0.90    1.78    1.93
     75.00    1.10    1.35    1.04    2.30
  76695     269.45   19.85   -0.07   -0.33    2.19    2.09  3
     94.00    2.00   -0.40   -0.80    2.52    2.22
     67.00   -0.25   -0.20    2.00    3.04
  CVBB      237.00   49.13   -0.57   -0.64    2.15    1.71  3
     80.00    2.00   -0.70   -0.70    2.37    1.78
     75.00   -0.60   -0.70    2.56    1.70
  01383      11.15   61.40    1.25    1.26    2.10    2.00  3
     88.00   11.00    1.65    1.85    2.30    2.30
     70.00    1.50    1.92    2.89    1.96
  01397      12.27   61.30    0.43    0.53    1.96    1.73  3
     80.00    6.00    0.80    0.95    1.93    1.71
     72.00    0.80    0.80    2.59    1.70
  07197       7.40   47.92    0.72    0.56    2.07    1.90  3
     73.00    1.00    1.00    0.90    1.93    1.63
     71.00    1.35    0.65    0.96    2.89
  08202     354.50   40.95   -0.32   -0.28    1.97    1.82  3
     70.00    2.00    1.60    1.30    2.37    1.93
     65.00    0.55   -0.05    1.85    2.37
  08568     352.45   40.42   -0.52   -0.46    2.00    2.05  3
     89.00    5.00   -1.00   -0.90    1.96    2.22
     76.00    0.05   -1.65    2.67    1.33
  11414      12.92   50.20   -0.47   -0.34    2.05    1.62  3
    155.00    0.00   -0.10    0.00    1.93    1.33
     81.00    0.80   -0.65    1.85    1.93
  14007      13.72   46.50   -0.24   -0.26    2.22    2.10  3
     58.00    0.00   -0.60   -0.50    2.22    2.45
     55.00 -999.00 -999.00 -999.00 -999.00
  31655     136.57   49.45    0.17    0.21    1.93    1.46  3
     79.00    0.00    0.00    0.20    2.08    1.48
     79.00    0.05   -0.10    1.48    2.15
  71021     235.53   61.25    0.78    0.93    2.40    2.17  3
     90.00   25.00    1.75    1.95    2.00    1.78
     54.00 -999.00 -999.00 -999.00 -999.00
  71027     299.60   46.67    0.93    0.91    2.27    1.88  3
     75.00    1.00    1.40    1.30    1.93    1.78
     73.00    1.55    1.30    1.56    2.37
  71076     251.52   59.56    0.13   -0.04    1.99    1.15  3
     78.00    0.00    0.20    0.00    2.00    1.19
     78.00    0.20    0.15    2.52    1.41
  71207     236.84   49.78    1.43    1.42    2.06    1.91  3
     91.00   26.00    2.20    2.10    1.78    1.93
     53.00 -999.00 -999.00 -999.00 -999.00
  71252     241.67   53.38    0.74    1.01    2.13    1.99  3
     84.00    9.00    1.20    1.45    1.71    1.85
     70.00    1.75    1.20    2.00    1.26
  71304     245.83   49.47    0.41    0.63    2.10    1.88  3
     64.00    4.00    0.45    0.35    2.45    2.30
     58.00    0.05    0.95    2.30    2.45
  71841     271.09   50.28   -0.38   -0.69    2.08    1.44  3
     80.00    2.00   -0.10   -0.40    2.22    1.33
     77.00    1.40   -0.60    1.70    2.22
  71474     238.51   51.14   -0.33   -0.27    2.09    1.80  3
     79.00   10.00    0.10    0.20    2.08    1.78
     67.00   -0.95    0.10    3.78    0.96
  06733       7.38   46.62    0.98    1.05    1.92    1.83  3
     65.00    7.00    1.30    1.50    2.08    2.08
     58.00    0.40    1.90    2.97    2.22
  06792       9.88   46.53    1.33    1.32    1.99    2.07  3
     81.00   11.00    2.05    2.10    1.56    1.93
     59.00    2.03    2.00    1.70    1.33
  07379       4.01   46.42    0.27    0.13    2.01    1.78  3
     74.00    0.00    0.60    0.50    2.22    1.78
     74.00    0.45    0.10    2.08    2.52
  25707     150.66   62.09    1.54    1.38    2.00    1.88  3
     84.00    7.00    2.10    1.90    1.48    1.48
     73.00    1.90    2.20    1.78    1.19
  31174     137.53   54.83   -0.23   -0.29    1.91    1.87  3
     81.00   14.00    0.15    0.00    2.15    2.15
     66.00   -0.55    0.55    2.59    1.48
  71002     295.91   53.56   -0.33   -0.21    1.91    1.39  3
     66.00    1.00    0.00    0.00    1.78    1.19
     65.00    0.20   -0.30    2.30    1.41
  71122     244.45   51.19    1.19    1.38    1.95    1.92  3
     88.00   12.00    1.65    2.10    1.56    1.63
     66.00    1.80    1.45    1.70    1.56
  71139     250.49   49.65   -0.54   -0.28    1.99    1.87  3
     83.00    9.00   -0.50   -0.25    2.15    2.15
     70.00   -0.25   -0.55    2.15    2.08
  71232     244.94   51.08    0.27    0.58    2.02    1.86  3
     85.00    9.00   -0.10    0.50    2.08    1.93
     69.00   -0.35    0.65    1.93    2.00
  71244     247.96   49.13   -0.10    0.04    1.94    1.79  3
     81.00    1.00   -0.10    0.15    2.15    1.71
     78.00    0.45   -0.50    2.52    1.85
  71488     246.63   49.00    0.30    0.57    1.91    1.59  3
     79.00    0.00    0.30    0.60    1.74    1.56
     78.00    0.75    1.55    2.67    2.30
  76856     263.50   15.67   -0.01   -0.05    2.25    2.15  3
     63.00    7.00    1.00   -0.60    2.82    2.74
     50.00 -999.00 -999.00 -999.00 -999.00
