  06693       9.10   47.27    0.70    0.70    2.06    2.08  3
  06695       8.58   46.63    1.34    1.23    2.07    2.07  3
  07586       5.05   44.08    0.80    0.90    2.33    2.11  3
  08210     355.32   40.65   -0.46   -0.39    2.13    1.89  3
  08544     351.37   40.92    0.25    0.19    2.11    1.74  3
  14106      13.63   45.90    0.37    0.29    2.31    2.18  3
  14307      13.92   44.90   -0.55   -0.87    2.11    1.69  3
  16108      13.48   45.82    0.13   -0.37    2.07    1.72  3
  24585     144.40   64.55    1.37    1.26    2.14    2.04  3
  24588     141.88   64.05    1.23    1.08    2.01    1.93  3
  24684     141.72   63.33    0.74    0.61    1.98    1.88  3
  24790     148.16   62.78    1.21    1.05    1.97    1.88  3
  25904     150.69   60.60    1.60    1.48    1.91    1.78  3
  31683     140.12   49.67    0.73    0.76    2.03    1.85  3
  31754     137.05   48.60   -0.55   -0.33    1.92    1.88  3
  32010     142.90   53.50    0.28   -0.02    1.97    1.25  3
  71020     236.25   61.25    1.00    1.16    2.32    2.28  3
  71028     235.60   51.67    0.31    0.52    2.32    2.32  3
  71039     223.82   62.10    1.06    1.00    1.98    1.86  3
  71042     237.00   49.12   -0.67   -0.70    2.13    1.67  3
  71045     227.28   60.16    1.07    0.93    1.96    1.92  3
  71050     235.87   52.11    0.21    0.43    2.15    2.08  3
  71203     240.62   49.96    1.02    1.26    2.39    2.23  3
  71475     235.07   49.31    0.51    0.60    2.09    2.07  3
  71497     236.54   60.23   -0.89   -0.76    1.99    1.86  3
  71638     236.30   49.45    0.31    0.29    2.18    1.97  3
  71640     275.20   47.72    0.31    0.19    2.15    1.61  3
  71713     289.97   47.35    0.66    0.65    1.99    1.48  3
  71782     245.12   49.75    0.97    1.19    2.00    2.02  3
  71783     236.70   48.45    0.49    0.64    2.05    1.65  3
  71858     260.74   53.18   -0.23   -0.75    2.16    1.35  3
  71927     236.29   48.82    0.65    0.70    2.19    1.94  3
  71952     234.05   54.38    0.75    0.86    2.11    2.24  3
  71965     224.13   63.61    1.11    1.02    2.21    2.19  3
  71966     220.87   64.04    0.99    0.97    2.31    2.24  3
  73005     292.76   48.36    0.48    0.43    2.13    2.02  3
  76695     269.45   19.85   -0.07   -0.33    2.19    2.09  3
  CVBB      237.00   49.13   -0.57   -0.64    2.15    1.71  3
  01383      11.15   61.40    1.25    1.26    2.10    2.00  3
  01397      12.27   61.30    0.43    0.53    1.96    1.73  3
  07197       7.40   47.92    0.72    0.56    2.07    1.90  3
  08202     354.50   40.95   -0.32   -0.28    1.97    1.82  3
  08568     352.45   40.42   -0.52   -0.46    2.00    2.05  3
  11414      12.92   50.20   -0.47   -0.34    2.05    1.62  3
  14007      13.72   46.50   -0.24   -0.26    2.22    2.10  3
  31655     136.57   49.45    0.17    0.21    1.93    1.46  3
  71021     235.53   61.25    0.78    0.93    2.40    2.17  3
  71027     299.60   46.67    0.93    0.91    2.27    1.88  3
  71076     251.52   59.56    0.13   -0.04    1.99    1.15  3
  71207     236.84   49.78    1.43    1.42    2.06    1.91  3
  71252     241.67   53.38    0.74    1.01    2.13    1.99  3
  71304     245.83   49.47    0.41    0.63    2.10    1.88  3
  71841     271.09   50.28   -0.38   -0.69    2.08    1.44  3
  71474     238.51   51.14   -0.33   -0.27    2.09    1.80  3
  06733       7.38   46.62    0.98    1.05    1.92    1.83  3
  06792       9.88   46.53    1.33    1.32    1.99    2.07  3
  07379       4.01   46.42    0.27    0.13    2.01    1.78  3
  25707     150.66   62.09    1.54    1.38    2.00    1.88  3
  31174     137.53   54.83   -0.23   -0.29    1.91    1.87  3
  71002     295.91   53.56   -0.33   -0.21    1.91    1.39  3
  71122     244.45   51.19    1.19    1.38    1.95    1.92  3
  71139     250.49   49.65   -0.54   -0.28    1.99    1.87  3
  71232     244.94   51.08    0.27    0.58    2.02    1.86  3
  71244     247.96   49.13   -0.10    0.04    1.94    1.79  3
  71488     246.63   49.00    0.30    0.57    1.91    1.59  3
  76856     263.50   15.67   -0.01   -0.05    2.25    2.15  3
