  01424       6.37   59.65    2.54    2.52    0.85    0.91  0
     96.00   19.00    2.35    2.40    0.67    0.74
     59.00    2.50    2.20    0.82    0.63
  04270     314.58   61.17    2.06    1.69    1.88    1.63  0
     84.00   11.00    2.28    2.05    1.78    1.63
     70.00    1.65    2.90    2.08    1.56
  06724       7.46   46.29    2.19    1.23    1.70    1.60  0
     78.00    3.00    2.30    1.00    2.00    1.71
     74.00    2.35    2.55    1.93    2.30
  06770       8.96   46.00    2.51    2.50    1.16    1.09  0
     82.00    7.00    2.30    2.70    1.33    1.04
     63.00    2.20    2.58    1.63    1.33
  01245       9.66   62.60    2.38    2.16    1.39    1.26  0
     82.00    5.00    2.47    2.43    1.11    1.08
     72.00    2.30    2.70    0.96    1.33
  06722       7.52   46.12    2.50    1.64    1.41    1.33  0
     77.00    6.00    2.30    1.60    1.63    1.33
     71.00    2.40    2.50    1.70    1.26
  71951     231.41   54.46    2.18    2.32    1.15    1.12  0
     96.00   16.00    2.30    2.35    1.04    0.67
     63.00    2.35    2.10    1.04    0.89
  01338       6.65   61.17    2.13    2.17    1.23    1.28  0
     94.00   11.00    2.15    2.70    1.26    1.04
     70.00    2.35    2.05    1.78    0.96
  06604       6.95   47.00    2.14    2.18    1.10    0.97  0
     70.00    3.00    2.80    2.30    1.19    1.04
     63.00    2.45    2.50    1.11    1.19
  06654       8.05   46.19    2.84    2.79    0.80    0.80  0
     82.00   33.00    2.50    2.50    0.52    0.59
     37.00 -999.00 -999.00 -999.00 -999.00
  06673       8.67   47.22    2.15    2.08    1.11    1.01  0
     70.00    0.00    2.70    2.30    0.89    0.89
     70.00    2.55    2.25    0.82    0.96
  11130      12.17   47.58    2.03    2.12    1.13    1.11  0
     78.00    5.00    2.12    2.25    0.96    0.89
     66.00    2.12    2.45    0.89    0.89
  16120       8.85   44.42    2.12    1.96    1.22    1.19  0
     67.00    0.00    2.00    2.30    1.48    1.48
     67.00    1.90    2.30    1.63    1.33
  32099     144.73   48.65   -1.77   -1.30    1.51    1.07  0
     81.00    1.00   -1.95   -1.40    1.56    1.04
     80.00   -2.45   -0.85    1.41    1.85
  78708     272.07   15.45    1.88    1.77    1.37    1.26  0
     79.00    2.00    2.20    2.10    1.19    1.04
     77.00    2.65    2.15    1.11    0.67
  CWHP      298.30   49.08   -1.40   -1.29    1.43    1.20  0
     76.00    2.00   -1.40   -1.45    1.41    1.26
     74.00   -1.90   -0.60    1.26    1.33
