  01424       6.37   59.65    2.54    2.52    0.85    0.91  0
  04270     314.58   61.17    2.06    1.69    1.88    1.63  0
  06724       7.46   46.29    2.19    1.23    1.70    1.60  0
  06770       8.96   46.00    2.51    2.50    1.16    1.09  0
  01245       9.66   62.60    2.38    2.16    1.39    1.26  0
  06722       7.52   46.12    2.50    1.64    1.41    1.33  0
  71951     231.41   54.46    2.18    2.32    1.15    1.12  0
  01338       6.65   61.17    2.13    2.17    1.23    1.28  0
  06604       6.95   47.00    2.14    2.18    1.10    0.97  0
  06654       8.05   46.19    2.84    2.79    0.80    0.80  0
  06673       8.67   47.22    2.15    2.08    1.11    1.01  0
  11130      12.17   47.58    2.03    2.12    1.13    1.11  0
  16120       8.85   44.42    2.12    1.96    1.22    1.19  0
  32099     144.73   48.65   -1.77   -1.30    1.51    1.07  0
  78708     272.07   15.45    1.88    1.77    1.37    1.26  0
  CWHP      298.30   49.08   -1.40   -1.29    1.43    1.20  0
