  CBBC      231.84   52.19    0.52    0.72    2.26    2.23  3
  CYBC      291.80   49.13    0.84    0.77    2.16    1.98  3
  CYDL      230.00   58.42    1.15    1.14    2.33    2.33  3
  CYGP      295.53   48.77    0.07    0.10    2.05    1.90  3
  CYMA      224.14   63.61    1.09    0.99    2.57    2.54  3
  CYQH      231.18   60.11   -0.44   -0.47    1.93    1.84  3
  CYQZ      237.49   53.02   -0.13    0.19    2.32    2.15  3
  CYSF      254.17   59.25    0.27   -0.20    2.02    1.80  3
  CYYD      232.82   54.82    2.16    2.22    2.05    2.04  3
  CYYW      271.46   50.17    1.21    0.64    2.43    1.90  3
  CYZV      293.74   50.21   -0.38    0.08    2.09    1.69  3
  CYZY      236.87   55.30    1.31    1.56    2.11    2.14  3
  ETAR        7.60   49.43    0.04   -0.17    2.13    2.13  3
  K05U      244.00   39.60    0.20   -0.08    2.75    2.72  3
  K0CO      254.23   39.79   -1.05   -1.16    1.99    1.96  3
  K1S5      240.04   46.33   -1.92   -1.69    2.09    1.86  3
  K20V      253.63   40.04    0.80    0.94    2.41    2.30  3
  K33V      253.74   40.75   -0.19   -0.09    2.52    2.11  3
  K4BM      254.48   39.04    0.08   -0.54    1.96    1.95  3
  K4V0      251.24   40.10    1.41    0.88    2.18    2.29  3
  K5SM      252.63   39.42    0.40   -0.34    2.63    2.63  3
  KAAT      239.43   41.49    0.29    0.09    2.76    2.59  3
  KAFO      249.07   42.71   -0.61   -0.63    3.12    2.71  3
  KAJO      242.40   33.90    0.34    0.47    2.12    2.14  3
  KALM      254.02   32.83    1.08    1.07    2.04    1.78  3
  KAPC      237.72   38.22   -0.68   -0.44    1.91    1.59  3
  KAVX      241.59   33.40    0.27    0.55    2.11    2.30  3
  KAWO      237.83   48.17    0.13    0.38    2.06    1.75  3
  KAXX      254.72   36.42   -1.72   -1.65    2.26    1.99  3
  KAZC      246.99   36.96   -0.03   -0.40    2.76    2.73  3
  KBAM      243.09   40.56    0.66    0.39    2.62    2.59  3
  KBDN      238.80   44.09    0.64    0.63    2.02    1.79  3
  KBKE      242.18   44.83    0.39    0.62    2.33    2.27  3
  KBNO      241.05   43.58    0.14   -0.07    2.31    2.13  3
  KBOK      235.71   42.07   -1.82   -1.84    1.97    1.86  3
  KBTM      247.50   45.95    0.94    0.97    2.32    2.45  3
  KBVS      237.58   48.47    0.33    0.48    2.24    1.82  3
  KCAG      252.48   40.50    1.55    1.42    2.43    2.32  3
  KCDC      246.90   37.70    1.56    1.44    2.22    2.07  3
  KCEZ      251.37   37.29    0.62    0.51    2.65    2.55  3
  KCLM      236.50   48.12   -0.47   -0.36    2.49    2.24  3
  KCMR      247.80   35.29   -0.99   -0.93    2.46    1.93  3
  KCMX      271.50   47.17    0.21    0.18    1.94    1.65  3
  KCNO      242.37   33.97    0.86    0.87    2.18    2.13  3
  KCPR      253.53   42.92    0.10   -0.04    2.18    1.89  3
  KCQC      254.33   35.00   -0.76   -0.57    2.63    2.81  3
  KCUT      256.38   43.73    0.11    0.18    2.39    2.42  3
  KCVH      238.59   36.89   -1.91   -1.43    2.24    1.98  3
  KCXP      240.27   39.18    1.90    1.65    2.24    2.47  3
  KCZZ      243.53   32.61    0.05   -0.19    2.21    2.18  3
  KDEW      242.59   47.97    0.09    0.27    2.38    2.23  3
  KDRA      243.98   36.61    2.34    1.95    2.08    2.13  3
  KDUB      250.32   43.55    1.67    1.55    1.99    1.65  3
  KEHY      253.54   41.73    0.68    0.44    2.20    1.93  3
  KEKO      244.22   40.83    0.87    0.53    2.66    2.83  3
  KEKS      248.35   45.26    1.61    1.80    2.29    1.95  3
  KELN      239.47   47.03    2.21    2.50    2.23    2.05  3
  KELY      245.15   39.28    1.24    0.94    2.96    3.08  3
  KEMM      249.44   41.82   -0.78   -0.72    2.80    2.43  3
  KFHR      236.98   48.52   -0.13    0.05    2.54    2.06  3
  KFLY      255.43   38.95   -0.38   -0.18    2.39    2.16  3
  KGNB      254.09   40.08   -0.56   -0.40    2.99    2.67  3
  KGNT      252.10   35.17    0.13    0.29    2.06    1.96  3
  KGPI      245.73   48.30    0.77    1.00    2.87    2.58  3
  KGUC      253.07   38.53    1.32    1.15    2.22    2.26  3
  KGUP      251.22   35.52   -0.26   -0.17    2.18    2.06  3
  KHCR      248.57   40.47   -0.30   -0.28    2.56    2.53  3
  KHIO      237.05   45.55    0.40    0.58    1.92    1.95  3
  KHMN      253.90   32.85    1.90    1.92    2.02    1.71  3
  KHVE      249.30   38.42    1.85    1.19    2.23    2.35  3
  KIXA      282.36   36.33   -2.11   -1.96    3.38    3.31  3
  KIZA      239.93   34.60   -1.34   -1.39    2.60    2.69  3
  KJTC      250.69   34.13    0.32    0.48    2.06    1.83  3
  KLGD      242.00   45.28    1.24    1.59    2.51    2.53  3
  KLGU      248.15   41.78    0.64    0.22    2.46    2.47  3
  KLXV      253.68   39.22    0.22    0.33    2.40    2.23  3
  KMBL      273.75   44.27   -0.25   -0.60    2.24    2.11  3
  KMEV      240.25   38.97    0.62    0.48    3.12    3.17  3
  KMHS      237.68   41.32    0.19    0.29    2.99    2.58  3
  KMLF      246.99   38.43    1.28    0.96    2.00    1.91  3
  KMMH      241.17   37.61    1.07    0.85    2.56    2.61  3
  KMRY      238.15   36.58    0.21    0.49    2.01    1.93  3
  KMSO      245.92   46.92    1.50    1.71    2.07    1.95  3
  KMYL      243.90   44.88    0.67    0.98    2.29    2.47  3
  KMYP      253.68   38.47   -0.36   -0.38    1.94    1.95  3
  KNFL      241.30   39.42    0.14   -0.33    2.40    2.81  3
  KNUQ      237.95   37.42   -0.20    0.35    2.18    1.80  3
  KO54      237.10   40.71   -0.69   -0.57    2.78    2.43  3
  KOLM      237.10   46.97   -0.11    0.49    2.14    2.04  3
  KONO      242.98   44.02    0.40    0.55    2.13    1.97  3
  KP60      249.58   44.55   -1.00   -1.03    2.50    2.20  3
  KP68      243.99   39.60    0.89    0.61    2.74    2.82  3
  KP69      244.40   46.15   -0.51   -0.01    2.22    2.12  3
  KPLU      237.72   47.10    0.71    1.05    2.41    2.17  3
  KPNA      250.19   42.80    0.43    0.20    2.51    2.16  3
  KPOY      251.20   44.86   -0.91   -0.90    2.44    2.25  3
  KPRB      239.37   35.67   -0.59   -0.37    2.25    2.38  3
  KPSO      252.95   37.28    1.14    1.53    2.29    1.93  3
  KPUC      249.25   39.61    2.22    1.54    2.20    2.40  3
  KPWT      237.25   47.50   -0.79   -0.39    2.01    1.79  3
  KRDM      238.85   44.25    0.60    0.59    2.50    2.35  3
  KREO      242.12   42.58    0.57    0.28    2.62    2.69  3
  KRNM      243.09   33.04   -0.14   -0.25    2.58    2.51  3
  KRQE      250.93   35.65   -0.48   -0.41    2.18    2.09  3
  KS39      239.10   44.28    0.62    0.62    2.11    1.59  3
  KSAA      253.17   41.44    1.07    1.07    2.23    2.03  3
  KSBP      239.37   35.22   -1.87   -1.72    2.16    2.12  3
  KSDB      241.27   34.75    0.64    0.42    1.95    2.09  3
  KSHN      236.85   47.23    0.90    1.15    2.20    2.00  3
  KSHR      253.03   44.77    0.31    0.46    2.40    2.17  3
  KSJX      274.43   45.69    0.13    0.02    2.24    2.05  3
  KSKX      254.33   36.45    1.93    2.04    2.31    2.06  3
  KSMN      246.12   45.12    1.28    1.31    2.23    2.33  3
  KSMX      239.55   34.90   -1.35   -1.20    1.95    1.68  3
  KSNS      238.40   36.67   -0.80   -0.23    2.36    2.00  3
  KSNT      245.07   44.17   -0.91   -0.59    2.95    2.93  3
  KSTS      237.18   38.50   -0.77   -0.55    2.31    2.15  3
  KSVE      239.43   40.38    0.93    0.97    2.40    2.19  3
  KSZT      243.44   48.30    0.34    0.52    2.92    2.74  3
  KTMK      236.19   45.42    0.42    0.53    2.34    2.16  3
  KTPH      242.92   38.04    0.88    0.42    2.32    2.38  3
  KTVL      240.00   38.90    0.54    0.01    2.79    2.31  3
  KU68      251.55   44.91    1.13    0.92    2.13    2.02  3
  KUIL      235.45   47.95    0.26    0.34    2.35    2.14  3
  KUKI      236.80   39.13    1.91    2.14    1.92    1.67  3
  KVBS      266.36   29.48   -9.81   -9.89   15.68   15.65  3
  KVEL      250.48   40.43    1.48    1.23    2.11    1.84  3
  KWMC      242.20   40.90    0.28    0.05    2.91    2.91  3
  KWRL      252.05   43.97   -0.33   -0.64    2.18    2.03  3
  KWVI      238.21   36.94   -1.45   -0.95    1.96    1.88  3
  KWYS      248.88   44.68   -0.05   -0.02    2.90    2.53  3
  KYKM      239.47   46.57    1.31    1.32    2.38    2.22  3
  LDPL       13.92   44.90   -0.94   -0.94    2.24    1.99  3
  LFLN        4.01   46.42    0.38    0.24    2.01    1.77  3
  LFMV        4.90   43.90    0.20    0.29    1.91    1.73  3
  LFYR        1.68   47.32   -0.47   -0.90    2.19    1.69  3
  LIPQ       13.48   45.82    0.04   -0.44    2.20    1.86  3
  LKLN       13.27   49.68    0.82    0.72    2.36    1.92  3
  LPOV      351.37   40.90   -1.99   -1.68    2.20    1.81  3
  LPPR      351.32   41.23   -0.82   -0.88    2.18    1.93  3
  LSZS        9.88   46.53    1.52    1.53    2.32    2.41  3
  PACV      214.50   60.50    0.18   -0.15    1.91    1.93  3
  PAEG      218.85   64.78    1.51    1.61    2.45    2.39  3
  PAJN      225.42   58.37    1.56    1.31    1.94    2.46  3
  PAOH      224.56   58.12   -0.35   -0.23    1.96    2.15  3
  PASX      208.97   60.48   -0.40   -0.48    1.99    1.70  3
  PATO      211.17   60.78    2.33    2.14    2.13    2.08  3
  PAYA      220.34   59.52    0.59    0.51    2.06    2.00  3
  PHSF      204.45   19.78    0.30    0.09    2.72    2.51  3
  CXWT      304.67   47.14   -0.65   -0.51    2.00    1.25  3
  CYDB      220.95   61.36    2.31    2.18    1.98    1.89  3
  CYIN      238.32   51.26   -0.30   -0.28    2.23    2.09  3
  CYPY      248.89   58.76   -0.34   -0.90    1.98    1.27  3
  CYVV      278.91   44.75    0.11   -0.10    1.92    1.77  3
  CYXS      237.33   53.89   -0.57   -0.31    2.09    1.96  3
  K0E0      254.00   34.97    0.41    0.33    2.09    2.20  3
  K1BW      256.00   41.52   -0.70   -0.58    1.96    1.66  3
  KBCE      247.85   37.70   -1.16   -1.26    2.29    2.15  3
  KBCK      269.15   44.25   -0.74   -0.85    2.09    1.91  3
  KBMC      247.94   41.55    1.76    1.27    1.91    2.05  3
  KDWX      252.50   41.03    1.68    1.30    1.96    1.94  3
  KFLG      248.33   35.13   -1.96   -1.85    2.36    1.79  3
  KGCC      254.46   44.35   -0.10   -0.18    1.91    1.63  3
  KGEY      251.92   44.52    1.04    0.71    2.09    2.02  3
  KHIE      288.45   44.35    0.86    0.95    2.07    1.86  3
  KLDM      273.59   43.96   -0.45   -0.78    2.06    1.82  3
  KMUO      244.13   43.05    0.78    0.41    1.93    2.28  3
  KNUW      237.35   48.35    0.07    0.10    2.08    1.90  3
  KPSC      240.88   46.27    0.56    0.54    1.98    1.74  3
  KRIW      251.53   43.07   -0.03   -0.24    2.08    1.70  3
  KRWL      252.80   41.80    0.92    0.52    1.93    1.73  3
  KS32      261.90   47.42    1.19    1.41    2.16    2.31  3
  KTCM      237.52   47.13    0.59    0.81    2.07    1.98  3
  KVQQ      278.12   30.22    0.01    0.16    2.10    1.62  3
  LESA      354.50   40.95   -0.83   -0.78    1.96    1.84  3
  LFSL        1.48   45.03    0.43    0.24    2.05    1.50  3
  LFSX        6.35   47.78    0.46    0.32    1.91    1.66  3
  LKKV       12.90   50.20   -0.51   -0.38    1.97    1.56  3
  PAHO      208.50   59.63    1.33    0.95    1.96    1.99  3
  PASO      208.31   59.44    0.23   -0.11    2.07    2.01  3
  PHBK      200.21   22.04    1.25    1.18    1.99    2.01  3
  PHJR      201.93   21.32    0.52    0.37    1.95    1.88  3
  CYLW      240.63   49.95    1.46    1.68    2.52    2.37  3
  CYSJ      294.12   45.31   -0.27   -0.41    1.93    1.59  3
  CYYY      291.80   48.60    1.73    1.75    1.99    1.89  3
  EDDF        8.60   50.05   -0.34   -0.24    1.99    2.04  3
  KAIA      257.20   42.05   -0.22   -0.33    2.03    1.75  3
  KALS      254.13   37.45    0.03   -0.15    1.92    1.89  3
  KCLS      237.02   46.68    1.12    1.43    1.95    1.84  3
  KCNY      250.25   38.77    1.28    0.85    2.00    2.03  3
  KDRO      252.25   37.15    0.41    0.62    1.92    1.49  3
  KECS      255.68   43.88    0.21    0.23    1.93    1.63  3
  KFKS      273.80   44.63    0.15   -0.21    2.05    1.99  3
  KJDN      253.07   47.33   -0.68   -0.31    2.04    1.82  3
  KLPC      239.53   34.67   -1.77   -1.75    1.96    1.78  3
  KLVM      249.55   45.70    1.61    1.77    1.96    1.87  3
  KMAN      243.48   43.58   -0.03    0.17    2.01    2.09  3
  KNKX      242.88   32.85    2.07    1.98    1.91    1.81  3
  KO69      237.40   38.25   -0.49   -0.13    1.93    1.77  3
  KOLS      249.15   31.42   -0.01    0.12    1.92    1.72  3
  KOMK      240.47   48.42    2.07    2.35    1.92    1.84  3
  KPAN      248.67   34.25   -0.23   -0.11    1.93    1.45  3
  KPGA      248.55   36.93    1.67    1.32    2.01    1.76  3
  KRTS      240.12   39.65    1.00    0.72    1.93    2.17  3
  KSBD      242.77   34.10    1.39    1.60    1.94    1.97  3
  KSJC      238.08   37.36    0.50    1.52    1.99    1.66  3
  KSOW      250.00   34.27   -0.27   -0.13    1.90    1.63  3
  KSVC      251.85   32.63   -0.33   -0.29    2.05    1.88  3
  LFLB        5.88   45.65    1.83    1.74    1.95    1.85  3
  LFMH        4.30   45.53    1.17    1.17    1.91    1.78  3
  LFMO        4.83   44.13    0.57    0.66    1.94    1.74  3
  LFMY        5.09   43.60   -0.42   -0.42    1.91    1.81  3
  LSGC        6.78   47.08   -0.79   -0.61    2.01    1.85  3
  MHLC      273.13   15.73    2.65    2.38    1.94    1.77  3
  KE16      238.40   37.08    0.61    1.13    1.98    2.15  3
  KMVH      251.07   46.83   -0.59   -0.37    1.95    1.59  3
