  BGBW      314.58   61.18    2.65    2.22    2.08    1.83  0
  CYHE      238.52   49.36    3.14    3.09    1.55    1.28  0
  CYXT      231.43   54.46    2.66    2.80    1.39    1.33  0
  KAEJ      253.88   38.81    1.82    2.11    2.96    2.08  0
  KAJZ      251.94   38.78    2.01    2.39    2.86    1.91  0
  KANK      253.95   38.53    2.21    2.69    1.67    1.59  0
  KBDU      254.77   40.03    1.69    2.46    2.40    1.29  0
  KCBK      258.95   39.43   34.10   34.11    2.87    2.86  0
  KCXY      283.16   40.22    2.42    2.30    0.90    0.72  0
  KDAG      243.22   34.85    1.71    2.02    2.80    1.91  0
  KEED      245.38   34.77    2.71    3.04    2.30    1.61  0
  KGJT      251.47   39.11    1.86    1.93    2.74    2.03  0
  KHII      245.64   34.57    1.82    2.03    2.13    1.45  0
  KHLN      248.00   46.60    1.40    2.27    2.42    1.71  0
  KIFP      245.44   35.15    2.32    2.69    2.17    1.60  0
  KLAS      244.83   36.08    2.82    2.62    2.18    1.97  0
  KLLJ      245.78   44.52    1.56    2.46    2.49    1.90  0
  KLSV      244.97   36.22    1.51    1.25    2.47    2.39  0
  KLWS      242.98   46.38    1.55    2.24    2.70    1.66  0
  KMNI      279.78   33.58   -2.64   -2.48    1.09    0.91  0
  KNID      242.32   35.68    1.31    1.36    3.23    2.53  0
  KOGD      247.98   41.20    1.33    0.94    3.01    2.43  0
  KRBG      236.65   43.23    2.24    2.36    2.11    1.77  0
  KRNO      240.22   39.50    1.79    1.81    2.68    2.38  0
  KSGU      246.49   37.04    1.45    1.37    2.89    2.20  0
  KTEX      252.10   37.95    1.69    2.39    2.22    1.31  0
  KVGT      244.80   36.21    2.04    1.92    2.44    2.29  0
  LSMA        8.27   46.95    2.47    2.40    1.58    1.54  0
  LSZA        8.92   46.00    2.59    2.50    1.51    1.42  0
  LSZC        8.38   46.97    2.81    2.71    1.44    1.36  0
  PAIN      211.09   63.73    2.34    2.31    1.56    1.49  0
  PAVD      213.73   61.13    2.27    1.87    2.11    2.08  0
  PHKO      203.95   19.73    1.65    1.66    1.36    1.31  0
  PHTO      204.93   19.72    2.20    2.03    1.53    1.50  0
  SKAR      284.28    4.50    3.01    2.65    1.36    1.32  0
  SKCL      283.62    3.55    1.96    1.79    1.80    1.77  0
  SVMI      293.02   10.60    2.74    2.67    1.25    1.22  0
  K7BM      253.78   38.79    3.25    3.32    1.28    1.11  0
  KDLS      238.83   45.62    1.91    2.30    2.29    1.83  0
  KEAT      239.80   47.40    2.14    2.49    2.12    1.64  0
  KMFR      237.13   42.37    1.78    1.75    2.23    2.07  0
  KMHV      241.85   35.07    2.40    2.69    1.93    1.48  0
  KPMD      241.92   34.63    1.58    2.39    2.43    1.73  0
  KTOC      276.71   34.59    2.46    2.48    1.44    0.77  0
  KVJI      277.97   36.68    2.40    2.40    1.48    1.16  0
  KCCU      253.85   39.47    2.19    2.05    1.42    1.34  0
  LIMJ        8.85   44.42    2.22    2.05    1.26    1.22  0
  MHLM      272.07   15.45    1.81    1.70    1.65    1.54  0
  MHSC      272.38   14.38    2.59    2.59    1.74    1.67  0
