  CBBC      231.84   52.19    0.52    0.72    2.26    2.23  3
     78.00    1.00    0.60    0.70    1.95    1.93
     60.00    0.85    0.55    2.45    1.70
  CYBC      291.80   49.13    0.84    0.77    2.16    1.98  3
    120.00    1.00    0.40    0.50    2.37    2.08
     77.00    0.05    0.70    2.67    2.08
  CYDL      230.00   58.42    1.15    1.14    2.33    2.33  3
     97.00    0.00    2.40    1.75    2.45    3.19
     74.00    2.65    1.70    2.37    3.26
  CYGP      295.53   48.77    0.07    0.10    2.05    1.90  3
     81.00    0.00    0.40    0.30    2.08    1.78
     77.00   -0.05    0.75    2.45    2.00
  CYMA      224.14   63.61    1.09    0.99    2.57    2.54  3
     90.00    2.00    2.00    1.90    2.37    2.22
     77.00    1.75    1.55    2.45    3.85
  CYQH      231.18   60.11   -0.44   -0.47    1.93    1.84  3
     82.00    3.00   -0.25   -0.25    1.71    1.71
     74.00    0.45   -0.45    1.78    2.74
  CYQZ      237.49   53.02   -0.13    0.19    2.32    2.15  3
    112.00    2.00   -0.07    0.00    3.07    2.37
     75.00   -1.45    0.30    3.19    2.52
  CYSF      254.17   59.25    0.27   -0.20    2.02    1.80  3
    116.00    2.00    0.70    0.05    2.15    1.56
     78.00    0.80    0.90    1.63    2.22
  CYYD      232.82   54.82    2.16    2.22    2.05    2.04  3
     97.00    5.00    2.47    2.60    2.19    2.00
     72.00    3.15    1.95    2.00    1.07
  CYYW      271.46   50.17    1.21    0.64    2.43    1.90  3
     81.00    0.00    1.65    0.85    2.60    2.15
     66.00    2.10    1.60    2.45    2.67
  CYZV      293.74   50.21   -0.38    0.08    2.09    1.69  3
     90.00    5.00   -0.30    0.10    2.22    1.63
     75.00   -0.40   -0.75    1.48    2.59
  CYZY      236.87   55.30    1.31    1.56    2.11    2.14  3
     98.00    4.00    1.70    1.90    1.93    2.08
     75.00    2.25    1.55    2.08    1.85
  ETAR        7.60   49.43    0.04   -0.17    2.13    2.13  3
    107.00    3.00    0.55    0.35    2.52    2.30
     74.00    0.65    0.65    2.59    2.30
  K05U      244.00   39.60    0.20   -0.08    2.75    2.72  3
    177.00   30.00    0.15   -0.10    3.78    3.56
     66.00   -0.85    1.00    3.22    3.36
  K0CO      254.23   39.79   -1.05   -1.16    1.99    1.96  3
    146.00    3.00   -1.75   -1.90    1.48    1.63
     76.00   -1.75   -1.45    1.85    1.48
  K1S5      240.04   46.33   -1.92   -1.69    2.09    1.86  3
    155.00    4.00   -1.90   -1.90    2.30    2.00
     77.00   -2.33   -1.10    2.26    2.56
  K20V      253.63   40.04    0.80    0.94    2.41    2.30  3
    177.00   15.00    0.40    0.90    3.04    2.89
     72.00    0.75   -0.80    2.45    2.34
  K33V      253.74   40.75   -0.19   -0.09    2.52    2.11  3
    156.00    2.00   -0.15   -0.15    2.52    2.37
     77.00   -0.10   -1.12    2.93    4.00
  K4BM      254.48   39.04    0.08   -0.54    1.96    1.95  3
    158.00    2.00   -0.45   -1.20    2.00    2.22
     79.00   -0.43    0.18    2.19    2.71
  K4V0      251.24   40.10    1.41    0.88    2.18    2.29  3
    164.00    6.00    1.90    1.60    2.22    2.41
     78.00    1.67    1.95    2.67    2.05
  K5SM      252.63   39.42    0.40   -0.34    2.63    2.63  3
    171.00    2.00   -0.40   -1.20    3.34    3.26
     79.00   -0.40   -0.45    3.34    3.63
  KAAT      239.43   41.49    0.29    0.09    2.76    2.59  3
     91.00    5.00    0.50    0.50    4.15    3.41
     75.00    0.20    0.25    4.00    4.08
  KAFO      249.07   42.71   -0.61   -0.63    3.12    2.71  3
    176.00   32.00    0.20   -0.20    4.26    3.63
     71.00    0.47   -0.35    3.19    4.71
  KAJO      242.40   33.90    0.34    0.47    2.12    2.14  3
     82.00    4.00    0.75    1.15    2.30    2.08
     70.00    1.35    0.50    2.15    2.15
  KALM      254.02   32.83    1.08    1.07    2.04    1.78  3
    151.00    2.00    1.15    1.15    2.15    2.08
     75.00    1.60    0.58    2.89    2.15
  KAPC      237.72   38.22   -0.68   -0.44    1.91    1.59  3
     84.00    0.00   -0.20   -0.30    1.48    1.63
     79.00   -0.45   -0.15    1.93    1.56
  KAVX      241.59   33.40    0.27    0.55    2.11    2.30  3
    102.00    2.00    0.55    0.40    2.45    2.85
     76.00    0.10    0.40    2.89    2.08
  KAWO      237.83   48.17    0.13    0.38    2.06    1.75  3
     84.00    0.00    0.30    0.65    2.37    1.85
     76.00   -0.60    0.40    2.37    1.70
  KAXX      254.72   36.42   -1.72   -1.65    2.26    1.99  3
    167.00   37.00   -2.10   -2.05    2.45    2.30
     63.00   -2.38   -2.32    2.59    2.26
  KAZC      246.99   36.96   -0.03   -0.40    2.76    2.73  3
    176.00    9.00    0.35   -0.50    4.08    3.71
     76.00    0.60   -1.60    3.04    3.22
  KBAM      243.09   40.56    0.66    0.39    2.62    2.59  3
    167.00   12.00    0.10   -0.05    2.82    2.74
     73.00    0.05   -0.12    1.70    4.93
  KBDN      238.80   44.09    0.64    0.63    2.02    1.79  3
    154.00    0.00    1.00    1.10    1.78    1.48
     77.00    1.15    0.88    1.70    1.37
  KBKE      242.18   44.83    0.39    0.62    2.33    2.27  3
     82.00    5.00    0.15    0.75    2.52    2.37
     70.00    0.05    0.35    3.04    2.52
  KBNO      241.05   43.58    0.14   -0.07    2.31    2.13  3
     82.00   10.00    0.70    0.60    2.37    2.15
     70.00    0.75    0.15    2.52    2.15
  KBOK      235.71   42.07   -1.82   -1.84    1.97    1.86  3
    122.00    7.00   -2.13   -2.00    1.83    1.63
     75.00   -3.00   -1.40    1.48    2.56
  KBTM      247.50   45.95    0.94    0.97    2.32    2.45  3
     83.00    0.00    1.20    1.40    2.97    3.11
     79.00    1.15    0.80    3.71    2.52
  KBVS      237.58   48.47    0.33    0.48    2.24    1.82  3
    134.00    2.00    0.30    0.35    1.78    1.93
     67.00   -0.50    0.70    2.04    1.82
  KCAG      252.48   40.50    1.55    1.42    2.43    2.32  3
     85.00    1.00    2.40    2.20    2.00    1.78
     80.00    2.10    2.50    2.45    2.00
  KCDC      246.90   37.70    1.56    1.44    2.22    2.07  3
     90.00    5.00    1.80    1.80    2.08    1.93
     75.00    0.35    2.45    2.15    2.22
  KCEZ      251.37   37.29    0.62    0.51    2.65    2.55  3
     98.00    5.00    1.50    1.55    3.41    2.74
     80.00    2.40   -0.85    2.00    4.30
  KCLM      236.50   48.12   -0.47   -0.36    2.49    2.24  3
     99.00    2.00    0.10   -0.20    2.37    2.67
     77.00   -1.60    1.02    4.04    1.00
  KCMR      247.80   35.29   -0.99   -0.93    2.46    1.93  3
    154.00   13.00   -0.70   -0.60    2.89    1.93
     71.00   -1.00   -0.45    2.74    3.15
  KCMX      271.50   47.17    0.21    0.18    1.94    1.65  3
     98.00    2.00   -0.10    0.00    2.08    1.63
     77.00    0.55   -0.65    3.48    1.85
  KCNO      242.37   33.97    0.86    0.87    2.18    2.13  3
     87.00    1.00    1.68    1.58    2.41    2.19
     78.00    0.75    0.45    2.52    2.59
  KCPR      253.53   42.92    0.10   -0.04    2.18    1.89  3
     85.00    1.00    0.35   -0.10    2.52    2.52
     78.00    0.50   -0.55    2.00    2.67
  KCQC      254.33   35.00   -0.76   -0.57    2.63    2.81  3
     87.00    2.00   -1.80   -1.30    3.19    3.11
     76.00   -2.00   -2.00    3.56    3.71
  KCUT      256.38   43.73    0.11    0.18    2.39    2.42  3
     94.00   13.00    0.20    0.30    2.67    2.67
     69.00   -0.35    0.15    3.56    2.45
  KCVH      238.59   36.89   -1.91   -1.43    2.24    1.98  3
    167.00   13.00   -2.15   -1.80    1.85    1.93
     75.00   -2.30   -2.05    1.56    2.22
  KCXP      240.27   39.18    1.90    1.65    2.24    2.47  3
    162.00    0.00    2.60    2.50    2.22    2.37
     80.00    1.45    2.60    2.93    1.96
  KCZZ      243.53   32.61    0.05   -0.19    2.21    2.18  3
     81.00    4.00    0.10   -0.05    2.67    2.74
     74.00    0.30   -0.45    2.22    3.26
  KDEW      242.59   47.97    0.09    0.27    2.38    2.23  3
     87.00   13.00    0.60    1.00    2.15    1.56
     70.00    1.25    0.50    1.78    2.97
  KDRA      243.98   36.61    2.34    1.95    2.08    2.13  3
     81.00    3.00    2.70    2.60    2.08    1.78
     73.00    2.95    1.15    1.26    2.89
  KDUB      250.32   43.55    1.67    1.55    1.99    1.65  3
    155.00    1.00    1.55    1.60    2.45    1.93
     78.00    1.67    1.47    2.30    2.85
  KEHY      253.54   41.73    0.68    0.44    2.20    1.93  3
    153.00    3.00    1.00    0.75    1.85    1.71
     75.00    0.57    1.60    2.15    1.56
  KEKO      244.22   40.83    0.87    0.53    2.66    2.83  3
     91.00    1.00    1.30    0.90    3.26    3.56
     80.00    2.65    0.35    2.00    3.97
  KEKS      248.35   45.26    1.61    1.80    2.29    1.95  3
    166.00   15.00    2.10    2.03    1.93    1.96
     74.00    1.33    2.15    2.41    1.89
  KELN      239.47   47.03    2.21    2.50    2.23    2.05  3
     88.00    3.00    2.57    2.75    2.11    2.15
     76.00    2.95    2.70    1.70    2.08
  KELY      245.15   39.28    1.24    0.94    2.96    3.08  3
     92.00   11.00    2.55    2.60    2.60    2.30
     70.00    2.10    1.90    3.34    3.41
  KEMM      249.44   41.82   -0.78   -0.72    2.80    2.43  3
    167.00   21.00   -0.15   -0.35    3.74    3.30
     74.00    0.50   -0.90    3.60    4.19
  KFHR      236.98   48.52   -0.13    0.05    2.54    2.06  3
     89.00    2.00   -0.10    0.10    2.37    2.08
     77.00   -0.10    0.05    3.04    1.85
  KFLY      255.43   38.95   -0.38   -0.18    2.39    2.16  3
    165.00    6.00    0.00    1.60    2.82    2.37
     79.00   -0.90    0.57    3.26    3.22
  KGNB      254.09   40.08   -0.56   -0.40    2.99    2.67  3
    148.00    1.00   -1.25   -0.95    2.84    3.11
     73.00   -1.00   -2.10    2.67    3.37
  KGNT      252.10   35.17    0.13    0.29    2.06    1.96  3
    155.00    2.00    0.40    0.60    2.22    2.04
     76.00    0.50   -0.70    2.26    2.48
  KGPI      245.73   48.30    0.77    1.00    2.87    2.58  3
     84.00    4.00    1.10    1.60    3.41    2.67
     75.00    0.65    1.35    4.15    3.26
  KGUC      253.07   38.53    1.32    1.15    2.22    2.26  3
     82.00    1.00    1.30    1.20    2.22    2.19
     78.00    1.75    1.15    1.63    3.48
  KGUP      251.22   35.52   -0.26   -0.17    2.18    2.06  3
     84.00    6.00    0.85    2.20    2.60    3.26
     69.00   -0.28   -0.35    2.34    2.97
  KHCR      248.57   40.47   -0.30   -0.28    2.56    2.53  3
    163.00   42.00   -0.95   -0.60    2.45    2.60
     60.00   -0.75   -0.95    2.41    2.52
  KHIO      237.05   45.55    0.40    0.58    1.92    1.95  3
     81.00    1.00    0.75    0.65    1.85    2.22
     78.00    1.15   -0.20    1.63    2.15
  KHMN      253.90   32.85    1.90    1.92    2.02    1.71  3
     79.00    4.00    2.10    2.30    1.93    1.63
     61.00    2.20    2.45    1.30    2.89
  KHVE      249.30   38.42    1.85    1.19    2.23    2.35  3
    163.00    1.00    2.15    1.60    2.45    2.37
     81.00    3.12    2.22    1.82    2.52
  KIXA      282.36   36.33   -2.11   -1.96    3.38    3.31  3
    147.00    2.00   -1.50   -1.50    1.48    1.11
     72.00   -2.05   -1.00    1.70    0.78
  KIZA      239.93   34.60   -1.34   -1.39    2.60    2.69  3
    177.00   45.00   -2.50   -2.55    1.63    1.85
     57.00   -0.12   -2.33    4.05    1.74
  KJTC      250.69   34.13    0.32    0.48    2.06    1.83  3
    158.00    3.00    0.70    0.55    1.96    1.85
     78.00    1.08    1.15    2.30    2.26
  KLGD      242.00   45.28    1.24    1.59    2.51    2.53  3
     83.00    8.00    1.85    2.60    2.15    1.93
     69.00    1.55    2.25    2.22    2.00
  KLGU      248.15   41.78    0.64    0.22    2.46    2.47  3
     83.00    0.00    0.70    2.40    2.97    3.11
     81.00    1.10    0.30    2.67    3.41
  KLXV      253.68   39.22    0.22    0.33    2.40    2.23  3
     82.00    0.00   -0.10    0.00    2.67    2.67
     79.00    0.00   -0.55    3.63    2.30
  KMBL      273.75   44.27   -0.25   -0.60    2.24    2.11  3
     90.00    0.00    0.03   -0.25    2.57    2.60
     72.00    0.35   -0.75    2.85    2.42
  KMEV      240.25   38.97    0.62    0.48    3.12    3.17  3
    182.00   20.00    0.88    1.10    4.82    4.34
     74.00   -0.08    1.60    3.58    4.00
  KMHS      237.68   41.32    0.19    0.29    2.99    2.58  3
     87.00    3.00    1.40    1.40    2.37    1.93
     73.00    0.90    1.20    2.82    3.04
  KMLF      246.99   38.43    1.28    0.96    2.00    1.91  3
    275.00    8.00    1.61    1.13    2.53    2.27
     76.00    1.10    2.87    2.30    1.86
  KMMH      241.17   37.61    1.07    0.85    2.56    2.61  3
    202.00   41.00    1.88    1.48    2.21    2.78
     64.00    1.80    1.38    1.58    4.37
  KMRY      238.15   36.58    0.21    0.49    2.01    1.93  3
    116.00    1.00    0.45    0.85    2.08    1.85
     78.00    0.70    0.50    2.45    1.70
  KMSO      245.92   46.92    1.50    1.71    2.07    1.95  3
     83.00    1.00    1.70    1.95    2.22    1.93
     78.00    1.50    2.10    2.08    2.30
  KMYL      243.90   44.88    0.67    0.98    2.29    2.47  3
     75.00    0.00    0.70    1.40    2.82    2.82
     73.00    1.25   -0.60    2.74    2.59
  KMYP      253.68   38.47   -0.36   -0.38    1.94    1.95  3
    159.00    0.00   -0.73   -0.75    2.11    1.59
     72.00   -0.73   -0.70    1.93    2.45
  KNFL      241.30   39.42    0.14   -0.33    2.40    2.81  3
     82.00    2.00    0.80    0.90    2.67    2.82
     77.00    0.50    0.85    1.85    2.74
  KNUQ      237.95   37.42   -0.20    0.35    2.18    1.80  3
     83.00    0.00   -0.10    0.90    2.82    1.93
     79.00   -1.40    0.70    2.08    2.15
  KO54      237.10   40.71   -0.69   -0.57    2.78    2.43  3
    115.00    5.00   -1.05   -0.55    4.08    3.56
     55.00 -999.00 -999.00 -999.00 -999.00
  KOLM      237.10   46.97   -0.11    0.49    2.14    2.04  3
     89.00    1.00    0.45    1.50    1.85    1.71
     80.00    0.30    0.70    2.45    1.63
  KONO      242.98   44.02    0.40    0.55    2.13    1.97  3
     79.00    7.00    0.95    1.15    1.93    1.71
     70.00    0.45    1.45    2.59    1.63
  KP60      249.58   44.55   -1.00   -1.03    2.50    2.20  3
     82.00   10.00   -0.80   -0.90    2.60    2.48
     70.00   -1.35   -0.30    3.34    3.34
  KP68      243.99   39.60    0.89    0.61    2.74    2.82  3
     89.00   11.00    1.60    1.70    3.41    2.67
     67.00    1.10    2.10    3.78    1.93
  KP69      244.40   46.15   -0.51   -0.01    2.22    2.12  3
     81.00   12.00   -0.60    0.00    2.37    2.37
     65.00   -1.50   -0.25    2.15    2.52
  KPLU      237.72   47.10    0.71    1.05    2.41    2.17  3
    165.00    2.00    0.80    1.17    2.74    2.34
     78.00    0.80    0.57    2.52    2.56
  KPNA      250.19   42.80    0.43    0.20    2.51    2.16  3
    164.00    6.00   -0.08    0.25    3.26    2.82
     76.00    0.23   -0.32    3.22    4.56
  KPOY      251.20   44.86   -0.91   -0.90    2.44    2.25  3
    162.00    2.00   -1.45   -1.10    2.60    2.52
     79.00   -0.90   -2.22    3.30    3.37
  KPRB      239.37   35.67   -0.59   -0.37    2.25    2.38  3
     87.00    1.00   -0.30    0.40    2.52    2.74
     78.00   -1.30   -0.80    3.11    3.48
  KPSO      252.95   37.28    1.14    1.53    2.29    1.93  3
    156.00    9.00    1.02    1.93    2.82    2.34
     74.00    2.45    0.98    2.41    2.71
  KPUC      249.25   39.61    2.22    1.54    2.20    2.40  3
     86.00    5.00    2.60    2.20    2.08    2.00
     76.00    2.70    2.35    1.70    2.82
  KPWT      237.25   47.50   -0.79   -0.39    2.01    1.79  3
     93.00    4.00   -0.20   -0.10    1.63    1.33
     73.00   -1.06   -0.12    2.43    1.14
  KRDM      238.85   44.25    0.60    0.59    2.50    2.35  3
     79.00    0.00    1.50    1.60    1.93    1.78
     79.00    1.65    1.00    2.30    2.59
  KREO      242.12   42.58    0.57    0.28    2.62    2.69  3
     80.00    1.00    1.30    1.00    3.11    3.26
     73.00    0.05    1.35    3.41    2.97
  KRNM      243.09   33.04   -0.14   -0.25    2.58    2.51  3
     88.00    5.00   -0.55   -0.70    2.45    2.60
     74.00    0.10   -1.15    4.74    2.08
  KRQE      250.93   35.65   -0.48   -0.41    2.18    2.09  3
     89.00    2.00   -0.45   -0.42    2.22    1.90
     76.00    0.03   -1.20    1.70    1.63
  KS39      239.10   44.28    0.62    0.62    2.11    1.59  3
    162.00   35.00    1.10    0.75    1.74    1.48
     64.00    1.00    0.52    1.74    3.00
  KSAA      253.17   41.44    1.07    1.07    2.23    2.03  3
    153.00    0.00    1.35    1.35    2.56    2.22
     78.00    1.12    1.50    2.67    2.89
  KSBP      239.37   35.22   -1.87   -1.72    2.16    2.12  3
     90.00   11.00   -2.15   -2.25    2.60    2.74
     70.00   -2.60   -2.35    3.26    1.63
  KSDB      241.27   34.75    0.64    0.42    1.95    2.09  3
     88.00    1.00    0.30    0.30    2.08    2.67
     77.00    0.25    0.90    2.15    2.15
  KSHN      236.85   47.23    0.90    1.15    2.20    2.00  3
     97.00    2.00    0.90    1.20    2.08    1.78
     79.00    1.15    0.88    2.19    1.74
  KSHR      253.03   44.77    0.31    0.46    2.40    2.17  3
     86.00    8.00    0.50    0.50    2.52    2.52
     71.00    1.70   -0.90    2.15    3.19
  KSJX      274.43   45.69    0.13    0.02    2.24    2.05  3
    217.00    0.00   -0.03    0.10    2.37    2.08
     79.00    0.53   -0.17    3.19    1.83
  KSKX      254.33   36.45    1.93    2.04    2.31    2.06  3
     94.00    2.00    2.25    2.50    2.15    1.78
     77.00    2.61    2.20    2.58    2.08
  KSMN      246.12   45.12    1.28    1.31    2.23    2.33  3
     78.00   10.00    1.30    1.90    2.30    2.67
     66.00    1.00    1.20    1.93    2.37
  KSMX      239.55   34.90   -1.35   -1.20    1.95    1.68  3
     97.00    2.00   -1.30   -1.10    2.08    1.93
     77.00   -2.60   -1.35    2.08    1.56
  KSNS      238.40   36.67   -0.80   -0.23    2.36    2.00  3
     90.00    1.00   -0.90    0.10    2.37    2.37
     80.00   -2.35   -0.80    1.52    3.30
  KSNT      245.07   44.17   -0.91   -0.59    2.95    2.93  3
     90.00   20.00   -1.90   -1.15    2.97    3.56
     58.00    0.60   -2.43    3.82    1.96
  KSTS      237.18   38.50   -0.77   -0.55    2.31    2.15  3
     97.00    3.00   -1.00   -0.55    2.18    2.52
     78.00   -1.65   -0.25    1.78    3.30
  KSVE      239.43   40.38    0.93    0.97    2.40    2.19  3
    155.00    1.00    1.10    1.20    2.67    2.74
     77.00    1.55    1.48    3.11    3.71
  KSZT      243.44   48.30    0.34    0.52    2.92    2.74  3
    161.00   14.00    1.25    1.40    2.45    2.37
     75.00    1.20    1.05    2.30    2.85
  KTMK      236.19   45.42    0.42    0.53    2.34    2.16  3
    162.00    6.00    0.83    0.95    2.41    2.45
     78.00    0.40    1.08    3.11    3.30
  KTPH      242.92   38.04    0.88    0.42    2.32    2.38  3
     80.00    2.00    1.30    0.90    2.37    2.52
     75.00    1.20    1.20    2.15    2.82
  KTVL      240.00   38.90    0.54    0.01    2.79    2.31  3
     87.00   26.00    1.80    0.90    1.56    1.48
     55.00 -999.00 -999.00 -999.00 -999.00
  KU68      251.55   44.91    1.13    0.92    2.13    2.02  3
    151.00    0.00    1.50    1.40    2.37    2.37
     75.00    2.20    1.25    2.37    2.63
  KUIL      235.45   47.95    0.26    0.34    2.35    2.14  3
    107.00    4.00    0.70    0.55    2.08    1.85
     77.00    1.35    1.00    2.11    1.89
  KUKI      236.80   39.13    1.91    2.14    1.92    1.67  3
     88.00   12.00    2.25    2.50    2.15    1.71
     66.00    2.42    2.15    2.37    2.45
  KVBS      266.36   29.48   -9.81   -9.89   15.68   15.65  3
    280.00    0.00    0.10    0.08    0.37    0.39
     76.00 -999.00 -999.00 -999.00 -999.00
  KVEL      250.48   40.43    1.48    1.23    2.11    1.84  3
     82.00    2.00    1.30    1.30    2.37    2.37
     77.00    1.45    1.45    2.59    1.93
  KWMC      242.20   40.90    0.28    0.05    2.91    2.91  3
     84.00   11.00   -0.40   -0.50    4.37    3.71
     66.00   -0.15   -0.50    3.56    3.48
  KWRL      252.05   43.97   -0.33   -0.64    2.18    2.03  3
     86.00    1.00   -0.10   -0.20    2.89    2.67
     80.00   -0.05   -0.90    3.41    2.67
  KWVI      238.21   36.94   -1.45   -0.95    1.96    1.88  3
     97.00    4.00   -1.90   -1.20    1.63    2.08
     75.00   -2.55   -2.10    1.41    1.70
  KWYS      248.88   44.68   -0.05   -0.02    2.90    2.53  3
    176.00   10.00   -0.47    0.10    3.63    3.37
     72.00   -0.99   -0.55    2.65    4.37
  KYKM      239.47   46.57    1.31    1.32    2.38    2.22  3
     85.00    0.00    2.10    2.10    2.08    1.48
     81.00    2.28    1.75    2.26    1.41
  LDPL       13.92   44.90   -0.94   -0.94    2.24    1.99  3
     84.00    1.00   -1.25   -1.20    2.60    2.22
     80.00   -0.75   -2.45    2.45    1.70
  LFLN        4.01   46.42    0.38    0.24    2.01    1.77  3
     78.00    0.00    0.80    0.50    2.37    1.78
     78.00    0.35    0.60    2.22    2.82
  LFMV        4.90   43.90    0.20    0.29    1.91    1.73  3
     79.00    0.00    0.60    0.60    2.30    1.93
     78.00    0.60    0.70    1.93    2.45
  LFYR        1.68   47.32   -0.47   -0.90    2.19    1.69  3
     77.00    8.00    0.20   -0.20    1.93    1.33
     67.00   -0.25    0.20    1.93    2.37
  LIPQ       13.48   45.82    0.04   -0.44    2.20    1.86  3
     81.00    0.00    1.00   -0.50    2.82    2.15
     80.00    1.00   -0.55    2.67    2.82
  LKLN       13.27   49.68    0.82    0.72    2.36    1.92  3
     81.00    0.00    1.30    1.00    2.67    1.93
     81.00    1.75    1.15    3.63    2.08
  LPOV      351.37   40.90   -1.99   -1.68    2.20    1.81  3
     79.00   10.00   -2.10   -1.70    2.52    2.22
     69.00   -1.00   -3.10    2.08    2.08
  LPPR      351.32   41.23   -0.82   -0.88    2.18    1.93  3
     83.00    0.00   -0.60   -0.70    2.52    2.22
     81.00   -0.70   -0.85    2.67    1.85
  LSZS        9.88   46.53    1.52    1.53    2.32    2.41  3
     87.00    8.00    2.20    2.20    2.52    2.37
     71.00    2.35    2.50    2.74    2.30
  PACV      214.50   60.50    0.18   -0.15    1.91    1.93  3
    100.00    5.00    0.60    1.30    1.63    2.52
     76.00    0.32   -0.20    0.63    2.97
  PAEG      218.85   64.78    1.51    1.61    2.45    2.39  3
     94.00    9.00    2.40    2.40    1.78    1.63
     70.00    1.65    2.75    1.93    1.41
  PAJN      225.42   58.37    1.56    1.31    1.94    2.46  3
     84.00    3.00    2.08    2.05    1.67    2.15
     78.00    2.15    0.35    1.41    2.08
  PAOH      224.56   58.12   -0.35   -0.23    1.96    2.15  3
     85.00   10.00   -0.10    0.10    1.63    2.08
     67.00    0.10   -0.45    1.56    2.59
  PASX      208.97   60.48   -0.40   -0.48    1.99    1.70  3
     86.00    6.00    0.00   -0.25    1.85    1.56
     72.00   -0.40   -0.05    1.56    1.93
  PATO      211.17   60.78    2.33    2.14    2.13    2.08  3
     97.00    8.00    3.25    2.70    1.41    1.63
     74.00    2.80    2.42    0.96    2.78
  PAYA      220.34   59.52    0.59    0.51    2.06    2.00  3
    123.00   12.00    3.40    1.40    3.56    1.26
     67.00    1.30    0.65    0.89    3.78
  PHSF      204.45   19.78    0.30    0.09    2.72    2.51  3
     74.00    3.00    0.45    0.30    3.19    2.97
     61.00    0.85    0.10    3.19    2.59
  CXWT      304.67   47.14   -0.65   -0.51    2.00    1.25  3
     63.00    0.00    0.60   -0.15    2.15    1.11
     62.00   -0.55   -0.60    1.85    2.08
  CYDB      220.95   61.36    2.31    2.18    1.98    1.89  3
     90.00    6.00    2.55    2.40    1.85    1.63
     73.00    3.05    2.45    2.22    1.70
  CYIN      238.32   51.26   -0.30   -0.28    2.23    2.09  3
    106.00   16.00   -0.28   -0.15    2.56    2.30
     66.00   -0.70   -0.05    3.60    1.70
  CYPY      248.89   58.76   -0.34   -0.90    1.98    1.27  3
     95.00    6.00   -0.30   -0.70    1.93    1.04
     75.00   -0.50    0.45    1.41    1.48
  CYVV      278.91   44.75    0.11   -0.10    1.92    1.77  3
     81.00    0.00    0.70    0.00    1.78    1.63
     79.00    0.90   -0.45    1.11    2.08
  CYXS      237.33   53.89   -0.57   -0.31    2.09    1.96  3
    111.00    3.00   -0.15    0.01    2.52    2.15
     76.00    0.10    0.60    2.89    1.41
  K0E0      254.00   34.97    0.41    0.33    2.09    2.20  3
    170.00    0.00    0.65    0.75    2.67    2.45
     81.00    0.85    1.15    2.45    2.82
  K1BW      256.00   41.52   -0.70   -0.58    1.96    1.66  3
     69.00    2.00   -0.55   -0.30    2.08    1.41
     66.00   -0.45    0.00    2.52    2.52
  KBCE      247.85   37.70   -1.16   -1.26    2.29    2.15  3
     78.00   11.00   -1.85   -1.70    2.74    2.89
     58.00   -1.50   -2.10    2.67    2.74
  KBCK      269.15   44.25   -0.74   -0.85    2.09    1.91  3
    148.00    0.00   -0.70   -0.35    2.85    2.22
     71.00    0.30   -0.25    2.45    3.08
  KBMC      247.94   41.55    1.76    1.27    1.91    2.05  3
    162.00    4.00    2.05    3.55    1.85    2.67
     79.00    2.47    1.12    1.07    1.89
  KDWX      252.50   41.03    1.68    1.30    1.96    1.94  3
    154.00    0.00    2.28    1.77    1.45    1.59
     76.00    2.71    2.28    1.11    1.11
  KFLG      248.33   35.13   -1.96   -1.85    2.36    1.79  3
     87.00   14.00   -2.00   -2.10    2.97    2.08
     65.00   -3.00   -1.65    2.97    2.97
  KGCC      254.46   44.35   -0.10   -0.18    1.91    1.63  3
     88.00    2.00    0.00   -0.10    1.48    1.33
     79.00   -0.60    0.70    1.85    1.63
  KGEY      251.92   44.52    1.04    0.71    2.09    2.02  3
     84.00    1.00    1.40    0.95    2.15    1.85
     80.00    2.75    0.50    1.85    1.78
  KHIE      288.45   44.35    0.86    0.95    2.07    1.86  3
    102.00    0.00    1.30    1.50    2.37    1.48
     81.00    2.05   -0.16    1.41    2.89
  KLDM      273.59   43.96   -0.45   -0.78    2.06    1.82  3
    161.00    0.00   -0.25   -0.50    2.00    2.00
     81.00    0.30   -0.75    2.19    2.89
  KMUO      244.13   43.05    0.78    0.41    1.93    2.28  3
     72.00    0.00    1.35    0.90    2.00    2.37
     68.00    1.35    1.55    2.59    2.08
  KNUW      237.35   48.35    0.07    0.10    2.08    1.90  3
     84.00    0.00   -0.10    0.20    2.22    2.08
     81.00   -0.30    1.25    2.15    1.93
  KPSC      240.88   46.27    0.56    0.54    1.98    1.74  3
     83.00    0.00    0.70    0.70    1.63    1.41
     81.00    0.50    1.20    1.93    1.85
  KRIW      251.53   43.07   -0.03   -0.24    2.08    1.70  3
     83.00    0.00   -0.10   -0.10    2.37    1.78
     81.00    0.00   -0.25    2.82    2.45
  KRWL      252.80   41.80    0.92    0.52    1.93    1.73  3
     85.00    1.00    1.20    0.90    1.93    1.56
     80.00    1.10    1.30    1.93    2.00
  KS32      261.90   47.42    1.19    1.41    2.16    2.31  3
    167.00   18.00    1.90    2.20    1.63    1.74
     72.00    2.33    1.90    1.33    1.26
  KTCM      237.52   47.13    0.59    0.81    2.07    1.98  3
     88.00    0.00    1.35    1.90    1.56    1.06
     72.00    1.10    1.37    1.58    1.98
  KVQQ      278.12   30.22    0.01    0.16    2.10    1.62  3
    100.00    0.00   -0.30    0.05    1.56    1.33
     80.00   -0.05   -0.60    0.74    2.08
  LESA      354.50   40.95   -0.83   -0.78    1.96    1.84  3
     83.00    0.00   -0.30   -0.30    1.78    1.63
     81.00    0.15   -1.95    1.04    2.74
  LFSL        1.48   45.03    0.43    0.24    2.05    1.50  3
     81.00    0.00    1.50    1.50    1.33    1.48
     81.00    1.70    0.35    0.96    2.97
  LFSX        6.35   47.78    0.46    0.32    1.91    1.66  3
     81.00    0.00    0.50    0.60    2.37    1.78
     81.00    0.90   -0.10    2.08    2.59
  LKKV       12.90   50.20   -0.51   -0.38    1.97    1.56  3
     86.00    0.00   -0.30   -0.20    1.93    1.33
     81.00    0.90   -0.60    2.00    1.78
  PAHO      208.50   59.63    1.33    0.95    1.96    1.99  3
     84.00    0.00    1.70    1.40    1.78    1.78
     79.00    2.60   -0.30    1.11    2.37
  PASO      208.31   59.44    0.23   -0.11    2.07    2.01  3
     89.00    4.00    0.88    0.18    1.74    1.77
     76.00    2.30   -0.80    2.15    1.78
  PHBK      200.21   22.04    1.25    1.18    1.99    2.01  3
     83.00    0.00    1.40    1.40    2.08    2.08
     79.00    2.05    0.90    2.15    2.08
  PHJR      201.93   21.32    0.52    0.37    1.95    1.88  3
     83.00    0.00    0.35    0.20    1.85    1.63
     80.00    0.85   -0.20    1.70    2.30
  CYLW      240.63   49.95    1.46    1.68    2.52    2.37  3
    101.00   16.00    2.45    2.70    1.71    1.63
     64.00    0.80    2.88    3.26    1.07
  CYSJ      294.12   45.31   -0.27   -0.41    1.93    1.59  3
     95.00    3.00    0.00   -0.10    1.48    1.19
     75.00   -0.25   -0.10    1.63    1.45
  CYYY      291.80   48.60    1.73    1.75    1.99    1.89  3
     97.00    1.00    2.10    2.00    1.78    1.85
     76.00    2.70    1.50    1.63    2.74
  EDDF        8.60   50.05   -0.34   -0.24    1.99    2.04  3
     81.00    0.00    0.30    0.65    1.56    1.56
     78.00   -0.30    0.75    2.82    1.41
  KAIA      257.20   42.05   -0.22   -0.33    2.03    1.75  3
     86.00    1.00    0.20   -0.03    1.93    1.74
     80.00   -0.93    0.95    2.82    2.00
  KALS      254.13   37.45    0.03   -0.15    1.92    1.89  3
     85.00    0.00    0.30    0.30    2.08    2.08
     81.00    0.95   -0.05    2.15    2.00
  KCLS      237.02   46.68    1.12    1.43    1.95    1.84  3
    165.00    4.00    1.30    1.60    1.96    1.78
     75.00    1.93    0.65    1.06    1.96
  KCNY      250.25   38.77    1.28    0.85    2.00    2.03  3
     85.00    3.00    1.70    1.30    1.48    1.33
     79.00    1.70    1.75    1.56    1.48
  KDRO      252.25   37.15    0.41    0.62    1.92    1.49  3
     85.00    0.00    0.80    0.90    1.33    1.33
     81.00    1.35    0.30    1.33    1.56
  KECS      255.68   43.88    0.21    0.23    1.93    1.63  3
    155.00    2.00    0.25    0.25    2.15    1.71
     78.00   -0.30    1.45    2.00    1.59
  KFKS      273.80   44.63    0.15   -0.21    2.05    1.99  3
    143.00    0.00    0.45    0.10    1.71    1.41
     73.00    0.70   -0.22    2.15    1.89
  KJDN      253.07   47.33   -0.68   -0.31    2.04    1.82  3
     78.00    0.00   -0.25   -0.10    2.00    1.63
     78.00    0.20   -0.25    1.78    2.00
  KLPC      239.53   34.67   -1.77   -1.75    1.96    1.78  3
    101.00    8.00   -1.60   -1.60    1.93    1.93
     69.00   -2.70   -1.42    1.63    2.22
  KLVM      249.55   45.70    1.61    1.77    1.96    1.87  3
     81.00    9.00    1.95    2.00    2.30    2.37
     66.00    0.75    2.20    2.45    2.22
  KMAN      243.48   43.58   -0.03    0.17    2.01    2.09  3
    150.00    1.00    0.55    0.77    1.74    1.85
     76.00    0.20    0.48    1.85    2.26
  KNKX      242.88   32.85    2.07    1.98    1.91    1.81  3
     84.00    2.00    2.50    2.50    1.93    1.41
     76.00    2.55    2.30    2.15    1.33
  KO69      237.40   38.25   -0.49   -0.13    1.93    1.77  3
    162.00    0.00   -0.30    0.00    2.00    1.93
     81.00   -0.88   -1.02    1.70    2.19
  KOLS      249.15   31.42   -0.01    0.12    1.92    1.72  3
     93.00    0.00   -0.20    0.00    1.78    1.82
     79.00   -0.10   -0.40    2.22    2.52
  KOMK      240.47   48.42    2.07    2.35    1.92    1.84  3
     90.00   11.00    2.57    2.72    1.45    1.74
     68.00    2.20    3.05    2.08    0.85
  KPAN      248.67   34.25   -0.23   -0.11    1.93    1.45  3
    153.00    0.00   -0.15    0.30    2.15    1.33
     77.00    0.50   -0.23    1.78    2.15
  KPGA      248.55   36.93    1.67    1.32    2.01    1.76  3
     77.00    3.00    1.90    1.40    2.08    1.78
     74.00    1.95    2.00    2.52    1.93
  KRTS      240.12   39.65    1.00    0.72    1.93    2.17  3
    165.00    5.00    1.60    1.50    1.19    1.26
     79.00    1.20    1.80    1.78    1.11
  KSBD      242.77   34.10    1.39    1.60    1.94    1.97  3
     81.00   13.00    1.85    1.55    1.85    1.85
     62.00    2.30    1.20    1.93    1.52
  KSJC      238.08   37.36    0.50    1.52    1.99    1.66  3
     85.00    1.00    0.60    1.60    2.37    1.78
     79.00    0.25   -0.15    1.85    2.52
  KSOW      250.00   34.27   -0.27   -0.13    1.90    1.63  3
    160.00    0.00    0.50    0.15    1.82    1.48
     80.00   -0.25   -0.45    1.96    3.04
  KSVC      251.85   32.63   -0.33   -0.29    2.05    1.88  3
    155.00    1.00   -0.25   -0.15    2.82    2.30
     77.00   -0.20   -0.88    2.71    2.48
  LFLB        5.88   45.65    1.83    1.74    1.95    1.85  3
     82.00    0.00    2.35    2.20    1.85    1.71
     80.00    2.50    1.00    1.33    3.04
  LFMH        4.30   45.53    1.17    1.17    1.91    1.78  3
     79.00    0.00    1.60    1.60    1.63    1.78
     79.00    1.80    1.55    1.48    1.85
  LFMO        4.83   44.13    0.57    0.66    1.94    1.74  3
     79.00    0.00    1.10    1.00    2.08    1.78
     79.00    1.20    1.10    2.00    2.00
  LFMY        5.09   43.60   -0.42   -0.42    1.91    1.81  3
     81.00    0.00    0.10    0.00    2.22    1.93
     81.00   -0.35   -0.25    2.22    2.37
  LSGC        6.78   47.08   -0.79   -0.61    2.01    1.85  3
     80.00   11.00   -0.50   -0.35    2.08    1.63
     68.00   -0.15   -0.55    1.85    1.11
  MHLC      273.13   15.73    2.65    2.38    1.94    1.77  3
     57.00    0.00    3.05    2.75    1.85    1.56
     54.00 -999.00 -999.00 -999.00 -999.00
  KE16      238.40   37.08    0.61    1.13    1.98    2.15  3
    108.00    0.00    1.15    2.20    1.56    1.78
     59.00    1.75    0.38    1.22    1.96
  KMVH      251.07   46.83   -0.59   -0.37    1.95    1.59  3
    134.00    2.00   -0.25    0.00    2.15    1.78
     64.00   -0.80    0.50    2.22    1.89
