  BGBW      314.58   61.18    2.65    2.22    2.08    1.83  0
     81.00    5.00    2.75    2.10    2.30    2.22
     76.00    1.45    3.85    2.30    1.85
  CYHE      238.52   49.36    3.14    3.09    1.55    1.28  0
    114.00   16.00    3.25    3.30    1.36    1.19
     64.00    3.28    3.25    1.63    1.13
  CYXT      231.43   54.46    2.66    2.80    1.39    1.33  0
     97.00    6.00    2.80    2.80    1.33    1.48
     73.00    2.65    2.58    1.04    1.70
  KAEJ      253.88   38.81    1.82    2.11    2.96    2.08  0
    131.00   28.00    1.98    2.89    3.15    2.05
     52.00 -999.00 -999.00 -999.00 -999.00
  KAJZ      251.94   38.78    2.01    2.39    2.86    1.91  0
    162.00   32.00    2.43    3.12    3.37    1.33
     64.00    2.32    1.50    2.56    3.82
  KANK      253.95   38.53    2.21    2.69    1.67    1.59  0
    177.00   61.00    2.50    3.04    1.52    1.43
     52.00 -999.00 -999.00 -999.00 -999.00
  KBDU      254.77   40.03    1.69    2.46    2.40    1.29  0
    166.00    3.00    1.70    2.45    2.74    1.41
     79.00    1.75    1.85    2.63    4.08
  KCBK      258.95   39.43   34.10   34.11    2.87    2.86  0
    320.00    0.00 -999.00 -999.00 -999.00 -999.00
     80.00 -999.00 -999.00 -999.00 -999.00
  KCXY      283.16   40.22    2.42    2.30    0.90    0.72  0
     97.00    0.00    2.40    2.40    0.74    0.74
     79.00    2.20    2.70    0.82    0.74
  KDAG      243.22   34.85    1.71    2.02    2.80    1.91  0
     82.00    2.00    2.10    2.30    3.71    2.22
     78.00    2.40    1.50    3.56    3.11
  KEED      245.38   34.77    2.71    3.04    2.30    1.61  0
     84.00    8.00    2.70    3.20    2.22    1.63
     69.00    3.35    2.40    1.56    3.34
  KGJT      251.47   39.11    1.86    1.93    2.74    2.03  0
     85.00    9.00    1.90    2.10    2.97    2.08
     69.00    2.00    1.55    3.71    6.23
  KHII      245.64   34.57    1.82    2.03    2.13    1.45  0
    164.00    0.00    1.90    2.70    2.37    1.19
     81.00    2.45    0.92    1.70    3.41
  KHLN      248.00   46.60    1.40    2.27    2.42    1.71  0
     91.00    0.00    1.77    2.55    2.25    2.15
     80.00    1.60    1.80    1.78    2.52
  KIFP      245.44   35.15    2.32    2.69    2.17    1.60  0
    133.00   20.00    2.72    3.10    1.63    1.33
     58.00    2.88    2.29    1.22    2.61
  KLAS      244.83   36.08    2.82    2.62    2.18    1.97  0
     85.00    0.00    2.75    2.70    2.74    2.67
     81.00    2.40    2.65    2.00    3.11
  KLLJ      245.78   44.52    1.56    2.46    2.49    1.90  0
     88.00   23.00    2.20    3.00    1.93    1.19
     55.00 -999.00 -999.00 -999.00 -999.00
  KLSV      244.97   36.22    1.51    1.25    2.47    2.39  0
     75.00    1.00    1.35    1.45    3.26    2.67
     70.00    1.70    1.05    2.89    3.85
  KLWS      242.98   46.38    1.55    2.24    2.70    1.66  0
     85.00    1.00    0.70    2.25    2.82    2.30
     80.00    1.40    0.30    3.56    5.19
  KMNI      279.78   33.58   -2.64   -2.48    1.09    0.91  0
    152.00    0.00   -2.60   -2.50    1.26    0.82
     76.00   -2.88   -2.97    1.59    1.15
  KNID      242.32   35.68    1.31    1.36    3.23    2.53  0
     83.00    0.00    2.00    1.70    2.82    2.37
     81.00    1.80    1.45    2.45    3.85
  KOGD      247.98   41.20    1.33    0.94    3.01    2.43  0
     81.00    0.00    2.20    1.70    4.15    2.67
     81.00    1.55   -0.40    4.45    4.08
  KRBG      236.65   43.23    2.24    2.36    2.11    1.77  0
     88.00    7.00    2.50    2.70    2.67    1.93
     73.00    2.58    2.57    2.41    2.34
  KRNO      240.22   39.50    1.79    1.81    2.68    2.38  0
     84.00   21.00    2.65    2.55    2.37    2.30
     60.00    2.50    2.90    2.67    2.00
  KSGU      246.49   37.04    1.45    1.37    2.89    2.20  0
     85.00   10.00    1.40    1.20    3.41    2.37
     71.00    1.80    0.65    3.26    3.63
  KTEX      252.10   37.95    1.69    2.39    2.22    1.31  0
    169.00    0.00    1.70    2.65    2.82    1.26
     81.00    1.72    1.83    3.60    3.11
  KVGT      244.80   36.21    2.04    1.92    2.44    2.29  0
     90.00   11.00    2.35    2.35    2.08    2.45
     70.00    2.67    1.35    1.45    3.41
  LSMA        8.27   46.95    2.47    2.40    1.58    1.54  0
     84.00    5.00    2.60    2.55    1.78    1.71
     73.00    2.80    2.70    1.41    1.85
  LSZA        8.92   46.00    2.59    2.50    1.51    1.42  0
     84.00    1.00    2.75    2.72    1.63    1.37
     80.00    2.62    2.85    1.26    1.78
  LSZC        8.38   46.97    2.81    2.71    1.44    1.36  0
     83.00    2.00    2.90    2.90    1.48    1.19
     77.00    3.05    3.15    1.19    1.26
  PAIN      211.09   63.73    2.34    2.31    1.56    1.49  0
     82.00    0.00    2.60    2.60    1.48    1.19
     75.00    2.68    2.05    1.45    1.70
  PAVD      213.73   61.13    2.27    1.87    2.11    2.08  0
     97.00    8.00    2.40    1.80    2.60    2.52
     72.00    1.95    2.55    2.41    2.82
  PHKO      203.95   19.73    1.65    1.66    1.36    1.31  0
     86.00    0.00    1.90    1.90    1.33    1.33
     80.00    1.95    2.15    1.41    1.11
  PHTO      204.93   19.72    2.20    2.03    1.53    1.50  0
    111.00    1.00    2.20    1.90    1.63    1.63
     80.00    2.35    2.25    1.48    1.48
  SKAR      284.28    4.50    3.01    2.65    1.36    1.32  0
     63.00    8.00    3.00    2.60    1.48    1.19
     51.00 -999.00 -999.00 -999.00 -999.00
  SKCL      283.62    3.55    1.96    1.79    1.80    1.77  0
     90.00    4.00    1.80    1.50    1.78    2.08
     77.00    1.70    1.85    2.08    1.59
  SVMI      293.02   10.60    2.74    2.67    1.25    1.22  0
     75.00    1.00    2.80    2.72    1.19    1.08
     66.00    2.70    3.05    0.89    1.41
  K7BM      253.78   38.79    3.25    3.32    1.28    1.11  0
    177.00   42.00    3.30    3.30    1.11    1.11
     59.00    3.30    3.20    0.96    1.15
  KDLS      238.83   45.62    1.91    2.30    2.29    1.83  0
     96.00    6.00    2.60    2.70    1.48    1.48
     75.00    2.97    2.78    2.11    1.63
  KEAT      239.80   47.40    2.14    2.49    2.12    1.64  0
     92.00    1.00    2.30    2.88    2.45    1.52
     80.00    2.18    2.95    2.52    1.93
  KMFR      237.13   42.37    1.78    1.75    2.23    2.07  0
     99.00    7.00    2.35    2.55    2.60    2.15
     75.00    1.70    2.45    2.45    3.04
  KMHV      241.85   35.07    2.40    2.69    1.93    1.48  0
     91.00    0.00    2.70    2.90    1.48    1.33
     81.00    3.18    2.35    1.52    1.63
  KPMD      241.92   34.63    1.58    2.39    2.43    1.73  0
     87.00    0.00    2.00    2.65    2.37    1.26
     81.00    2.30    1.38    2.30    1.89
  KTOC      276.71   34.59    2.46    2.48    1.44    0.77  0
    157.00    1.00    2.43    2.57    1.78    0.70
     78.00    2.38    2.40    1.74    1.85
  KVJI      277.97   36.68    2.40    2.40    1.48    1.16  0
    162.00    1.00    2.55    2.50    1.56    1.11
     81.00    2.70    2.75    1.33    1.30
  KCCU      253.85   39.47    2.19    2.05    1.42    1.34  0
    146.00   17.00    2.43    2.22    1.43    1.24
     58.00    2.47    2.38    1.46    0.67
  LIMJ        8.85   44.42    2.22    2.05    1.26    1.22  0
     78.00    0.00    2.25    2.10    1.26    1.33
     78.00    2.25    1.95    1.56    1.41
  MHLM      272.07   15.45    1.81    1.70    1.65    1.54  0
     82.00    0.00    2.15    2.10    1.41    1.19
     80.00    2.40    2.05    1.33    1.26
  MHSC      272.38   14.38    2.59    2.59    1.74    1.67  0
     87.00    5.00    2.75    2.65    1.56    1.41
     61.00    2.85    2.68    1.70    1.85
