  ABS01     278.65   27.18   15.38   15.37    2.02    2.00  0
  AHIC1     240.44   37.73    1.99    1.99    1.11    1.01  0
  AP156     241.83   34.86    1.90    2.30    2.99    2.04  0
  AP156  a  241.83   34.86    1.98    2.40    2.94    2.00  0
  AP321     279.37   43.40   -3.09   -3.08    1.77    1.79  0
  AR006       9.01   46.17    7.01    6.96    1.96    1.88  0
  AR297  a  278.52   43.34   16.12   16.04    3.14    3.21  0
  AR671     285.19   42.74    7.21    7.32    2.44    2.52  0
  AS661  a  241.72   34.78    2.09    2.78    3.04    2.33  0
  AT326  a  276.24   35.76    2.95    2.94    1.28    1.28  0
  AT688     247.87   36.08    5.06    5.96    2.41    2.24  0
  AT688  a  247.87   36.08    5.66    6.18    2.13    1.84  0
  ATLN4     285.58   39.38    7.72    7.69    1.34    1.32  0
  AU849     240.12   39.54    2.19    2.06    2.79    2.64  0
  AU992       5.12   52.11    3.69    3.73    1.06    0.86  0
  AV342     241.31   36.16    2.78    3.11    1.45    1.55  0
  AV357       7.25   44.92    5.11    4.17    1.80    1.79  0
  BGLN4     285.89   39.76    7.60    7.61    1.23    1.25  0
  BLDRM     254.80   40.06    1.45    2.28    2.95    1.77  0
  BLLHD  a  245.39   35.11    4.16    4.30    2.17    1.57  0
  BLUIN     243.95   33.13    2.58    3.24    2.14    1.27  0
  BNDW      238.07   45.65    2.58    3.07    2.12    1.70  0
  BORYO     243.62   33.26    6.08    6.93    3.23    2.10  0
  BRRSP     243.64   33.24    4.48    5.32    3.28    2.19  0
  C2046  a  281.02   36.03   12.89   12.95    2.21    2.25  0
  C2285     243.60   33.82    5.80    6.16    2.08    1.25  0
  C2710     238.92   45.18    1.98    2.58    3.51    2.59  0
  C2796  a  245.69   34.52    1.33    1.52    2.13    1.41  0
  C4367     245.48   35.19    4.16    4.27    2.68    2.01  0
  C5634  a  245.36   35.12    3.21    3.34    2.53    1.88  0
  C6245  a  244.53   31.05    9.84    9.92    1.26    1.30  0
  C6825     241.12   35.39    2.89    3.06    2.31    1.60  0
  C7997  a   10.25   53.73  128.23  128.24   39.11   39.10  0
  C9067  a  242.31   35.59    3.07    3.14    2.22    1.57  0
  C9991     247.95   41.16    2.01    1.50    2.70    2.27  0
  CAPN4     285.11   38.95    7.77    7.76    1.10    1.11  0
  CHILL     278.29   36.79    2.42    2.47    1.93    1.41  0
  CMP12     244.85   36.11    3.05    2.88    2.48    2.17  0
  CPEC2  a  255.29   40.82   20.86   20.84    4.26    4.27  0
  CRSC5     240.20   39.18    1.68    1.53    2.10    1.75  0
  CSORM     248.32   40.30    3.22    3.04    2.68    2.50  0
  CVAN2     245.03   40.87   40.74   40.73    4.91    4.92  0
  CVLG1     275.27   34.16    6.98    7.02    1.69    1.72  0
  D0224       7.09   47.06    2.56    2.47    1.47    1.39  0
  D0281  a    9.53   53.88  118.89  118.86   33.92   33.93  0
  D0592     286.55   45.21   -2.24   -2.54    1.59    1.42  0
  D1011  a  254.77   40.13    1.89    2.79    1.92    1.55  0
  D1021     243.72   33.19    4.51    5.30    2.95    1.84  0
  D1844       7.63   46.72    3.99    3.26    1.88    1.61  0
  D2267     278.59   30.08   -3.17   -3.05    1.81    1.39  0
  D2822     357.51   51.83    2.76    2.81    1.41    1.39  0
  D5042       2.37   43.21    3.13    3.14    1.62    1.53  0
  D5339      12.62   46.01    2.63    2.62    1.44    1.21  0
  D5623       8.52   47.36    3.08    2.98    1.53    1.29  0
  D7306     277.54    8.76   -3.43   -3.57    1.48    1.46  0
  D7809     356.88   54.11    2.63    2.56    1.93    1.60  0
  D8188       7.51   45.24    2.35    2.21    1.58    1.35  0
  D8519  a  245.70   34.50    1.91    2.11    2.31    1.52  0
  D9108     243.61   33.27    5.17    6.02    3.70    2.52  0
  D9834  a  248.68   48.63    8.73    9.69    1.93    1.67  0
  E0075  a  245.37   35.13    3.96    4.12    3.43    2.74  0
  E0076  a  259.47   25.73    3.34    3.01    1.58    1.24  0
  E0161     278.04   28.87   -6.68   -6.53    1.86    2.02  0
  E0161  a  278.04   28.87   -6.31   -6.24    1.96    1.91  0
  E0171  a  276.01   41.10   17.22   17.29    1.73    1.72  0
  E0707     282.16   40.79   -9.03   -9.27    2.01    2.07  0
  E3081     243.66   33.88    4.06    4.31    2.07    1.32  0
  E3204  a  243.76   32.91    3.07    3.98    2.23    1.34  0
  E3298     243.78   33.70    4.29    4.69    2.22    1.39  0
  E3393     243.63   33.89    3.81    4.08    2.27    1.43  0
  E3528  a  254.67   33.92    6.78    6.76    1.65    1.64  0
  E3686     263.77   30.19   -3.01   -3.25    2.19    1.40  0
  E4197  a  241.61   37.29    3.02    2.77    1.33    1.02  0
  E4925  a  248.37   40.22    4.24    4.11    2.51    2.35  0
  E5024      11.10   46.15    6.12    6.12    1.95    1.88  0
  E5353  a  249.17   32.05    2.05    2.49    2.94    1.82  0
  E5498       6.89   46.34    5.55    4.85    1.95    1.74  0
  E5836       7.79   45.43    3.18    2.17    1.57    1.43  0
  E5967  a  244.66   36.19    2.00    1.81    1.78    1.61  0
  E6708      10.25   45.93    6.37    5.90    2.30    2.02  0
  E6804     213.65   61.13    3.02    2.70    2.12    2.17  0
  E6850     279.31   28.37   -2.51   -2.48    1.31    0.89  0
  E6927     278.79   36.04    5.87    5.88    1.44    1.43  0
  E7641     254.92   39.48    2.49    2.87    2.15    1.54  0
  E7781       8.97   48.36    2.81    2.82    1.26    1.29  0
  E7930  a  254.06   35.53   16.66   16.62    2.77    2.75  0
  E8363     241.88   34.20   -5.65   -5.71    2.03    1.90  0
  E8501  a  243.43   51.58    8.90    8.88    1.36    1.37  0
  E8927  a  242.34   35.62    2.61    2.67    2.72    2.10  0
  E9048     281.98   38.96    7.97    8.06    2.08    2.00  0
  E9221  a  278.28   30.26   -6.94   -6.83    1.34    1.00  0
  E9267     277.53   35.26    8.38    8.36    1.81    1.82  0
  E9692  a  288.36   42.55   10.74   10.65    2.65    2.75  0
  E9979     243.56   32.99    4.46    5.49    2.49    1.61  0
  ELMGR     271.92   43.05    1.82    1.85    2.44    1.53  0
  F0218  a  278.28   36.30    4.62    4.67    1.29    1.30  0
  F0523     252.33   38.02    6.00    6.28    2.18    2.25  0
  F1189       7.60   45.79    4.01    3.16    2.54    2.49  0
  F2478     254.78   40.37    1.82    2.93    2.07    1.66  0
  F2847     254.78   39.86    1.64    2.20    2.11    1.55  0
  GCOUL     241.00   47.94    2.16    2.73    2.75    2.08  0
  HANAL     200.50   22.20   -2.03   -2.19    1.57    1.64  0
  HGHED     276.80   35.01   -3.08   -3.13    1.18    1.03  0
  INUSD  a  241.80   36.80    7.32    6.98    3.65    2.85  0
  KHWSR     204.96   19.61   -2.66   -2.82    1.31    1.22  0
  KLUEA     200.59   22.21   -2.71   -2.88    1.06    1.14  0
  KSNVT     244.87   36.19    2.66    2.44    3.18    3.04  0
  KWHH1     204.17   20.04    1.51    1.46    1.16    1.14  0
  LAUGH  a  245.37   35.15    3.85    3.97    2.56    1.94  0
  LHCKM     200.61   21.97   -2.78   -2.86    1.62    1.63  0
  LKHVS  a  245.65   34.47    2.73    2.93    2.33    1.74  0
  LSALM     253.67   35.87    3.21    3.29    1.57    1.54  0
  LSVDP     244.83   36.11    2.61    2.41    2.33    2.27  0
  LVSPR     244.81   36.17    2.40    2.19    2.33    2.15  0
  M26KX     217.00   62.40    2.39    2.14    1.94    1.96  0
  MA028     288.99   42.82  152.72  152.71   40.71   40.71  0
  MALP   a  247.73   33.90    2.50    2.85    2.09    1.23  0
  MC001     272.77   46.49  159.32  159.30   39.43   39.42  0
  MC002     273.16   46.43  176.68  176.66   44.16   44.16  0
  MC005     272.92   45.79  157.35  157.32   44.53   44.53  0
  MC010     272.58   46.28  155.37  155.34   49.05   49.04  0
  MC011     271.12   46.16  169.90  169.88   42.23   42.23  0
  MC013     271.87   46.54  152.16  152.13   45.15   45.15  0
  MC016     273.66   43.96  184.02  184.01   40.83   40.85  0
  MC026     270.05   46.48  172.58  172.55   44.19   44.19  0
  MC027     270.85   46.72  165.29  165.26   44.72   44.73  0
  MC028     271.01   46.48  164.52  164.49   46.00   46.00  0
  MC029     271.05   46.77  167.47  167.44   45.44   45.44  0
  MC030     271.54   47.22  169.31  169.28   45.99   45.99  0
  MC031     271.55   46.95  171.56  171.54   42.72   42.72  0
  MC032     271.99   46.25  162.15  162.13   38.96   38.97  0
  MC034     272.73   45.55  175.30  175.32   43.90   43.91  0
  MC035     273.02   45.93  169.67  169.66   43.30   43.30  0
  MC037     272.88   46.27  166.79  166.76   46.41   46.41  0
  MC038     272.88   46.35  170.29  170.32   47.69   47.70  0
  MC046     274.60   44.51  166.95  166.94   43.58   43.60  0
  MC047     274.19   44.22  175.23  175.21   52.20   52.19  0
  MC048     273.69   44.22  181.09  181.08   43.32   43.28  0
  MSQUT  a  245.95   36.81    3.40    3.11    3.57    2.96  0
  NSVN2     245.49   39.46   43.36   43.30    4.63    4.67  0
  O29MX     221.42   60.30    1.90    1.76    1.01    1.11  0
  OGDEN     248.04   41.31    3.13    3.00    2.59    1.87  0
  OGDTH     248.02   41.17    1.58    1.39    2.58    2.30  0
  OREUT     248.32   40.32    2.23    2.05    2.65    2.48  0
  PNTHD  a  250.05   34.13   -4.02   -3.89    1.09    1.18  0
  RNWSH     240.19   39.58    1.32    1.17    2.23    2.10  0
  RYWSV     247.96   41.18    1.90    1.71    2.47    2.18  0
  SADI4  a  265.42   41.52  -10.85  -10.98    2.51    2.56  0
  SBE    a  248.14   41.22   18.97   18.95    2.35    2.36  0
  SBPA2     210.66   60.93    3.80    3.11    1.79    1.65  0
  SCLRS     278.99   35.84    3.65    3.76    1.72    0.85  0
  SMCA2     210.26   61.02    3.69    3.66    1.22    1.25  0
  SNSTS     247.97   41.14    2.59    2.06    2.25    1.80  0
  SRP45     248.66   33.59   19.80   19.81    3.51    3.49  0
  SSVN2     244.20   37.65   41.10   41.06    4.56    4.59  0
  SYCC1  a  240.92   34.58    5.67    5.67    1.89    1.91  0
  UCAB      243.60   33.26    5.11    5.99    3.28    2.11  0
  WHLA2     211.27   60.78    2.81    2.16    1.63    1.67  0
  WHLRV  a  244.82   35.95    2.79    2.63    3.13    3.08  0
  YERMO     243.34   34.87    2.39    2.67    2.58    1.73  0
  MA003     288.70   42.56  167.50  167.57   54.18   54.18  0
  MC003     274.38   46.10  165.74  165.76   43.84   43.86  0
  MC006     273.96   46.35  155.57  155.53   46.70   46.74  0
  MC008     271.14   46.88  168.19  168.17   47.80   47.80  0
  MC014     273.90   44.59  174.00  173.98   42.62   42.61  0
  MC018     274.60   44.77  173.65  173.64   43.97   43.98  0
  MC024     275.27   45.76  161.28  161.25   41.69   41.74  0
  MC025     275.41   45.27  167.21  167.20   44.66   44.65  0
  MC040     274.07   46.10  157.07  157.03   42.70   42.70  0
  MC041     275.57   46.37  170.32  170.33   51.40   51.36  0
  MC045     274.10   44.81  169.36  169.34   62.35   62.34  0
  MC050     275.11   45.08  172.53  172.50   47.72   47.70  0
  SADI4     265.42   41.52  -11.48  -11.60    2.53    2.45  0
  D0029  a  259.74   25.60    2.99    2.73    1.61    1.43  0
  E0707  a  282.16   40.79   -9.52   -9.74    1.83    2.05  0
  MC004     274.99   46.01  167.80  167.78   46.45   46.45  0
  MC017     274.47   43.89  172.77  172.76   41.99   41.98  0
  MC020     275.31   44.88  172.00  171.97   47.39   47.39  0
  MC022     275.19   44.33  167.48  167.45   44.98   44.96  0
  MC052     276.28   45.07  168.24  168.28   40.65   40.66  0
  MC054     276.19   44.73  164.31  164.28   48.14   48.13  0
  E7734     244.61   33.74    2.58    2.96    3.45    2.33  0
  MA024     286.64   42.14  157.67  157.77   55.06   55.09  0
  CQ044     243.51   33.82    5.79    6.23    2.14    1.41  0
  CQ050     243.14   33.92    1.99    2.69    2.72    1.68  0
  CQ148     241.87   34.67    2.43    3.19    2.23    1.79  0
  MC036     273.02   46.16  165.70  165.67   45.78   45.78  0
  NP1N2     245.59   38.93   43.96   43.96    4.14    4.14  0
  SRWN2     245.67   38.89   42.60   42.59    3.92    3.92  0
  E4653  a  274.31   38.42    7.21    7.07    1.44    1.45  0
  MTWOD     253.72   31.76    2.56    2.98    3.09    2.05  0
  BBBAS     249.10   45.82   41.70   41.75   14.53   14.34  0
  CMPHL     283.10   40.23    3.21    3.03    1.15    0.94  0
  MSI03     248.03   40.60   12.66   12.66    2.30    2.32  0
  HYSHM  a  252.77   46.29   11.79   11.78    3.03    3.04  0
  C6038  a  272.68   31.53  -44.88  -44.83    4.39    4.40  0
  MWQW8  a  241.80   46.37  -17.60  -17.22    5.89    6.21  0
  AR304     243.52   33.79    5.53    6.01    4.14    2.89  0
  AS871     261.68   35.10   -2.13   -2.11    1.37    1.08  0
  AT035     259.59   25.74    3.46    3.00    1.44    1.32  0
  AT590      11.70   45.71    3.12    3.17    1.75    1.57  0
  AT714     241.06   34.96    2.43    2.60    1.65    1.51  0
  AU149     242.30   35.60    2.05    2.14    2.06    1.44  0
  AU202     240.57   35.15    1.58    1.64    1.42    1.15  0
  AU206     254.06   32.89    2.29    2.59    3.17    2.07  0
  AU530  a  270.44   44.50    2.96    3.14    2.07    1.41  0
  AU692  a  248.99   32.36    2.63    3.08    3.13    2.17  0
  C4848       2.73   43.15    1.84    1.78    1.59    1.52  0
  C5530     283.50   42.45    2.24    2.26    1.13    1.07  0
  CQ190     241.82   33.79   -2.09   -2.22    2.03    1.91  0
  D0425  a    8.69   54.97  123.84  123.89   43.27   43.27  0
  D0742     243.62   33.70    4.77    5.26    3.72    2.56  0
  D5789     237.19   42.33    2.47    2.27    1.64    1.39  0
  D6119      10.94   45.74    4.91    4.49    2.47    2.06  0
  D6273  a  237.61   41.54    2.82    2.92    2.58    2.52  0
  D7303  a  237.27   42.20    2.34    2.46    2.22    2.01  0
  D9035  a  277.60   34.88    8.21    8.23    2.14    2.16  0
  D9231  a  253.46   35.17    7.75    7.76    1.93    1.92  0
  E0591  a  245.94   46.81    2.43    2.51    1.79    1.78  0
  E0772     243.85   33.67    3.63    4.04    2.85    1.81  0
  E0780     241.22   36.25    2.99    3.14    1.36    1.53  0
  E1199       6.42   46.47    2.42    2.35    1.48    1.35  0
  E1601     244.66   36.15    2.21    2.08    2.43    2.22  0
  E3105  a  262.08   30.24    7.57    7.49    2.11    2.02  0
  E4085     274.13   35.24    4.81    4.72    1.71    1.70  0
  E4395  a  241.82   45.99    3.75    3.73    1.59    1.72  0
  E4926       7.31   45.75    7.90    6.96    2.84    2.85  0
  E5313     256.46   29.33    1.89    1.81    2.71    2.01  0
  E5423  a  249.26   32.30    2.09    2.55    2.69    1.66  0
  E5633     240.70   37.00    3.49    3.63    1.35    1.10  0
  E5812  a  254.39   36.48    2.60    2.73    1.81    1.65  0
  E7026     210.27   61.10    5.18    5.14    1.84    1.83  0
  E8703  a  250.99   31.87    3.15    3.19    1.49    1.52  0
  E9092     249.20   32.23    1.36    1.81    3.30    2.20  0
  ELIZB     277.78   36.34    3.05    2.92    1.79    1.25  0
  F1062  a  256.83   25.88    2.75    2.77    1.42    1.44  0
  FTG23     214.05   63.77    2.39    2.07    2.10    2.08  0
  LSVEB     244.71   36.20    4.02    3.85    3.30    3.22  0
  MABL   a  248.36   33.84    1.45    1.98    3.20    2.02  0
  RCHPH  a  247.91   38.78    3.46    3.48    3.71    2.98  0
  SRP44     248.84   33.67    2.04    2.58    2.25    1.79  0
  SYCC1     240.92   34.58    5.57    5.57    1.83    1.85  0
  UCDE      243.62   33.65    4.10    4.72    2.06    1.27  0
  VTJAY     287.50   44.99    3.58    3.50    1.66    1.64  0
  WSHA2     214.05   63.79    2.25    1.94    2.14    2.12  0
  XISB      241.54   35.65    2.02    2.30    1.38    1.34  0
  XS15      238.11   45.69    1.68    2.23    2.40    1.90  0
  AU484       9.75   47.20    3.92    3.95    2.11    2.02  0
  D7931  a  237.51   45.65   -9.35   -9.15    2.65    2.51  0
  A2996     243.78   33.71    4.48    4.94    2.34    1.37  0
  A3386     244.92   36.14    2.42    2.21    3.41    3.36  0
  E6604     278.53   29.39   -2.62   -2.48    1.98    1.45  0
  CHAN5  a  253.37   36.96    8.08    7.95    2.92    2.91  0
  ELCN5  a  254.19   35.70   15.49   15.42    2.86    2.84  0
  GLGN5  a  254.44   36.19   10.12   10.08    2.06    2.06  0
  SENN5  a  253.17   36.00    7.89    7.80    3.14    3.17  0
  TREN5  a  254.47   36.13    7.26    7.17    3.12    3.10  0
  HNLVS     202.21   21.30    2.26    2.24    1.44    1.45  0
  HWTHR     241.37   38.53    3.98    3.78    3.33    2.74  0
  A3149     286.79   44.48    1.85    1.70    1.37    1.04  0
  AR671  a  285.19   42.74    7.22    7.28    2.69    2.72  0
  AS322       8.25   44.12    2.26    1.99    1.05    1.00  0
  AS511     283.84   43.05    2.13    2.15    1.08    1.10  0
  AS869     280.91   39.99    2.50    2.51    1.68    1.46  0
  AU959       8.96   44.40    2.44    2.29    1.35    1.28  0
  C4253  a  239.95   38.47    3.99    3.78    2.36    2.56  0
  C7473     273.54   30.49   -2.15   -2.13    0.93    1.08  0
  C7533  a  286.49   45.65    1.89    1.73    1.39    1.32  0
  C8826     248.21   40.69    3.89    3.47    3.54    3.24  0
  D5923       9.46   45.79    1.63    1.65    2.12    1.94  0
  D6022       9.38   45.82    1.58    1.58    1.27    1.16  0
  D8956  a    6.73   50.52  106.37  106.41   35.35   35.33  0
  D9435  a  248.12   40.48    3.32    2.67    1.52    1.42  0
  E1198     275.80   39.76    2.14    1.95    1.29    1.06  0
  E2533     248.15   40.90    2.46    2.04    2.57    2.30  0
  E4606     245.53   32.67   -6.69   -6.88    1.57    1.66  0
  E5865     282.95   41.22    1.97    1.91    1.90    1.31  0
  E7803  a  259.63   25.72    3.80    3.51    1.49    1.25  0
  E9084     352.33   43.78   -2.28   -2.15    1.33    1.39  0
  FPN       248.11   40.47    3.27    2.61    1.62    1.50  0
  GHG42     248.15   40.77    3.52    3.07    3.06    2.75  0
  GHG42  a  248.15   40.77    3.23    2.87    3.01    2.69  0
  LOCUS     286.41   40.87   -1.73   -1.78    1.27    1.09  0
  NBDM3     289.09   41.62  -15.62  -15.68    7.74    7.73  0
  OOSC1     241.07   34.12    1.90    1.91    1.55    1.58  0
  ROTNW     279.12   26.33   -3.13   -2.95    2.19    1.90  0
  UVM05     287.13   44.53  -36.64  -36.53   21.78   21.79  0
  WBAYT     271.99   44.51    2.86    2.63    1.84    1.62  0
  WBB       248.15   40.77    3.79    3.36    2.82    2.49  0
  WLMSP  a  282.97   41.24    1.67    1.65    1.46    1.16  0
  E5684       7.55   45.00    1.63    1.50    1.41    1.24  0
  BAMN5  a  253.68   36.51    9.63    9.59    2.15    2.16  0
  HPWN5  a  253.74   36.72   10.39   10.38    1.88    1.89  0
  NCSN5     254.74   36.99   12.74   12.71    2.39    2.39  0
  QMZN5  a  253.61   35.92    9.92    9.89    2.02    2.04  0
  SBAN5  a  254.37   36.07   11.13   11.11    1.73    1.76  0
  SHUN5  a  254.76   36.79   10.49   10.47    2.38    2.36  0
  TACN5     254.67   36.41    9.79    9.82    1.44    1.43  0
  VACN5  a  253.19   36.03    9.20    9.15    2.40    2.42  0
  WSSN5  a  254.46   35.78   11.24   11.23    2.07    2.08  0
  D1544     264.47   29.98  -40.48  -40.43   10.32   10.32  0
  XSCA3  a  248.35   35.34    8.93    9.02    1.79    1.78  0
