  ABS01     278.65   27.18   15.38   15.37    2.02    2.00  0
    288.00    0.00   14.13   14.12    0.80    0.89
     47.00 -999.00 -999.00 -999.00 -999.00
  AHIC1     240.44   37.73    1.99    1.99    1.11    1.01  0
    424.00    0.00    1.92    1.95    0.87    1.26
     71.00    1.45    2.03    0.78    0.74
  AP156     241.83   34.86    1.90    2.30    2.99    2.04  0
    207.00    0.00    3.10    2.23    3.41    2.10
     73.00    3.55    1.23    3.15    3.89
  AP156  a  241.83   34.86    1.98    2.40    2.94    2.00  0
    232.00    0.00    2.40    4.57    3.71    3.37
     71.00    3.60    1.46    3.39    3.39
  AP321     279.37   43.40   -3.09   -3.08    1.77    1.79  0
    397.00    0.00   -2.90   -3.04    1.51    1.59
     70.00   -2.87   -3.20    2.21    1.70
  AR006       9.01   46.17    7.01    6.96    1.96    1.88  0
    481.00    0.00    6.77    7.12    2.60    2.30
     81.00    7.04    6.58    2.94    2.52
  AR297  a  278.52   43.34   16.12   16.04    3.14    3.21  0
   1045.00    4.00   13.83   14.41    0.94    0.57
     76.00 -999.00 -999.00 -999.00 -999.00
  AR671     285.19   42.74    7.21    7.32    2.44    2.52  0
    119.00   37.00    7.79    8.04    2.60    2.24
     16.00 -999.00 -999.00 -999.00 -999.00
  AS661  a  241.72   34.78    2.09    2.78    3.04    2.33  0
    492.00    0.00    1.77    2.55    3.60    2.14
     80.00    2.03    2.91    3.81    4.04
  AT326  a  276.24   35.76    2.95    2.94    1.28    1.28  0
    402.00    0.00    2.70    2.70    1.04    1.04
     81.00    2.91    2.67    0.99    0.85
  AT688     247.87   36.08    5.06    5.96    2.41    2.24  0
    100.00    0.00    5.60    6.70    1.84    1.63
     39.00 -999.00 -999.00 -999.00 -999.00
  AT688  a  247.87   36.08    5.66    6.18    2.13    1.84  0
    283.00    0.00    5.98    6.50    2.19    1.47
     72.00    6.20    6.20    1.56    2.08
  ATLN4     285.58   39.38    7.72    7.69    1.34    1.32  0
    580.00    0.00    7.72    7.55    1.05    1.13
     58.00    8.42    7.05    1.00    1.50
  AU849     240.12   39.54    2.19    2.06    2.79    2.64  0
    236.00    0.00    3.05    2.38    1.98    2.56
     80.00    2.45    3.28    2.10    1.98
  AU992       5.12   52.11    3.69    3.73    1.06    0.86  0
    239.00    0.00    3.90    3.80    0.89    0.64
     81.00    4.32    3.35    0.83    0.89
  AV342     241.31   36.16    2.78    3.11    1.45    1.55  0
    395.00    0.00    3.05    3.30    1.33    1.53
     77.00    3.07    3.59    1.14    1.41
  AV357       7.25   44.92    5.11    4.17    1.80    1.79  0
    145.00    0.00    6.40    4.10    2.52    2.08
     77.00    4.68    5.60    1.85    2.00
  BGLN4     285.89   39.76    7.60    7.61    1.23    1.25  0
    810.00    0.00    7.79    7.78    1.04    1.11
     81.00    8.22    6.46    0.66    1.10
  BLDRM     254.80   40.06    1.45    2.28    2.95    1.77  0
    554.00    0.00    1.76    2.51    3.83    1.61
     81.00    1.84    3.44    3.49    3.54
  BLLHD  a  245.39   35.11    4.16    4.30    2.17    1.57  0
    486.00    0.00    4.50    4.50    2.22    1.41
     81.00    4.46    4.12    2.04    2.88
  BLUIN     243.95   33.13    2.58    3.24    2.14    1.27  0
    305.00    0.00    2.80    3.50    2.30    1.26
     65.00    2.74    3.16    2.01    2.92
  BNDW      238.07   45.65    2.58    3.07    2.12    1.70  0
    237.00    0.00    3.10    3.05    2.03    1.61
     80.00    2.28    3.97    2.94    1.21
  BORYO     243.62   33.26    6.08    6.93    3.23    2.10  0
    481.00    0.00    6.92    7.38    3.46    2.00
     81.00    6.78    5.58    2.51    4.73
  BRRSP     243.64   33.24    4.48    5.32    3.28    2.19  0
    557.00    0.00    5.30    5.80    3.30    1.89
     81.00    5.14    4.62    3.09    3.80
  C2046  a  281.02   36.03   12.89   12.95    2.21    2.25  0
    882.00    0.00   11.94   12.09    1.32    1.48
     74.00   12.19   11.85    1.66    1.40
  C2285     243.60   33.82    5.80    6.16    2.08    1.25  0
   1129.00    0.00    5.46    6.13    1.80    1.14
     81.00    5.44    5.96    1.77    2.16
  C2710     238.92   45.18    1.98    2.58    3.51    2.59  0
    549.00    0.00    3.11    3.50    3.39    2.54
     81.00    3.06    2.99    3.56    3.27
  C2796  a  245.69   34.52    1.33    1.52    2.13    1.41  0
    181.00    0.00    1.68    1.60    2.40    1.40
     80.00    1.67    1.20    2.34    2.90
  C4367     245.48   35.19    4.16    4.27    2.68    2.01  0
    220.00    0.00    4.36    4.55    3.41    2.14
     74.00    4.22    3.89    2.82    3.58
  C5634  a  245.36   35.12    3.21    3.34    2.53    1.88  0
     81.00    0.00    3.10    3.70    3.41    1.93
     81.00    2.95    2.65    2.15    3.78
  C6245  a  244.53   31.05    9.84    9.92    1.26    1.30  0
    952.00    0.00    9.79    9.94    1.44    1.46
     80.00   10.73    9.02    2.11    1.16
  C6825     241.12   35.39    2.89    3.06    2.31    1.60  0
    179.00    0.00    3.52    3.03    2.50    1.66
     60.00    3.78    3.43    2.57    2.25
  C7997  a   10.25   53.73  128.23  128.24   39.11   39.10  0
    159.00    7.00 -999.00 -999.00 -999.00 -999.00
     55.00 -999.00 -999.00 -999.00 -999.00
  C9067  a  242.31   35.59    3.07    3.14    2.22    1.57  0
    433.00    0.00    3.27    3.20    2.22    1.27
     72.00    3.25    3.27    3.21    1.66
  C9991     247.95   41.16    2.01    1.50    2.70    2.27  0
    240.00    0.00    2.52    2.17    3.98    2.30
     80.00    2.43    1.18    3.95    3.16
  CAPN4     285.11   38.95    7.77    7.76    1.10    1.11  0
    810.00    0.00    7.93    7.82    0.99    0.93
     81.00    8.13    6.88    0.56    1.56
  CHILL     278.29   36.79    2.42    2.47    1.93    1.41  0
    478.00    0.00    3.40    2.56    2.03    1.61
     80.00    3.15    2.65    1.53    3.16
  CMP12     244.85   36.11    3.05    2.88    2.48    2.17  0
    215.00    0.00    3.00    3.00    2.87    2.67
     77.00    3.30    2.92    2.59    3.11
  CPEC2  a  255.29   40.82   20.86   20.84    4.26    4.27  0
    148.00    0.00 -999.00 -999.00 -999.00 -999.00
     73.00 -999.00 -999.00 -999.00 -999.00
  CRSC5     240.20   39.18    1.68    1.53    2.10    1.75  0
    479.00    0.00    2.24    1.77    1.25    1.69
     80.00    1.80    2.63    1.30    1.06
  CSORM     248.32   40.30    3.22    3.04    2.68    2.50  0
    472.00    0.00    3.67    3.38    2.87    2.64
     79.00    2.54    4.35    3.48    3.78
  CVAN2     245.03   40.87   40.74   40.73    4.91    4.92  0
    160.00    0.00 -999.00 -999.00 -999.00 -999.00
     80.00 -999.00 -999.00 -999.00 -999.00
  CVLG1     275.27   34.16    6.98    7.02    1.69    1.72  0
    162.00    0.00    6.60    6.50    1.85    1.78
     81.00    6.28    6.55    2.08    1.82
  D0224       7.09   47.06    2.56    2.47    1.47    1.39  0
    480.00    0.00    2.53    2.37    1.47    1.40
     80.00    2.58    2.22    1.45    1.75
  D0281  a    9.53   53.88  118.89  118.86   33.92   33.93  0
    122.00    4.00 -999.00 -999.00 -999.00 -999.00
     36.00 -999.00 -999.00 -999.00 -999.00
  D0592     286.55   45.21   -2.24   -2.54    1.59    1.42  0
    142.00    0.00   -2.20   -2.50    1.63    1.63
     69.00   -2.50   -1.58    1.56    2.04
  D1011  a  254.77   40.13    1.89    2.79    1.92    1.55  0
    208.00    0.00    1.85    2.75    2.10    1.21
     81.00    1.62    2.12    2.63    1.77
  D1021     243.72   33.19    4.51    5.30    2.95    1.84  0
    205.00    0.00    5.00    5.30    3.26    1.85
     81.00    4.82    4.17    3.04    3.78
  D1844       7.63   46.72    3.99    3.26    1.88    1.61  0
    164.00    0.00    3.88    3.10    1.96    1.67
     80.00    3.60    3.75    2.53    1.48
  D2267     278.59   30.08   -3.17   -3.05    1.81    1.39  0
    186.00    3.00   -3.65   -3.30    1.58    1.33
     60.00   -3.80   -3.45    1.98    1.46
  D2822     357.51   51.83    2.76    2.81    1.41    1.39  0
    193.00    0.00    2.72    2.87    1.32    1.41
     80.00    3.25    2.18    1.19    1.58
  D5042       2.37   43.21    3.13    3.14    1.62    1.53  0
    482.00    0.00    3.95    3.47    1.24    1.38
     81.00    4.05    2.54    1.20    1.74
  D5339      12.62   46.01    2.63    2.62    1.44    1.21  0
    479.00    0.00    2.97    2.82    0.91    1.01
     81.00    3.12    2.78    0.82    1.06
  D5623       8.52   47.36    3.08    2.98    1.53    1.29  0
    191.00    0.00    3.03    2.85    1.73    1.38
     78.00    4.38    2.50    1.41    1.36
  D7306     277.54    8.76   -3.43   -3.57    1.48    1.46  0
    234.00    0.00   -3.63   -3.75    1.93    1.90
     78.00   -3.68   -3.07    1.48    2.15
  D7809     356.88   54.11    2.63    2.56    1.93    1.60  0
    219.00    0.00    2.37    2.50    1.53    1.24
     73.00    2.90    2.23    2.40    2.13
  D8188       7.51   45.24    2.35    2.21    1.58    1.35  0
    133.00    0.00    2.80    2.20    1.71    1.33
     67.00    2.60    2.87    1.58    1.70
  D8519  a  245.70   34.50    1.91    2.11    2.31    1.52  0
    248.00    0.00    2.00    2.07    2.82    1.58
     81.00    2.23    1.35    2.82    3.39
  D9108     243.61   33.27    5.17    6.02    3.70    2.52  0
    965.00    0.00    6.48    6.98    3.31    1.98
     81.00    6.32    4.47    3.11    5.44
  D9834  a  248.68   48.63    8.73    9.69    1.93    1.67  0
    199.00   15.00    8.57    9.55    2.52    1.67
     49.00 -999.00 -999.00 -999.00 -999.00
  E0075  a  245.37   35.13    3.96    4.12    3.43    2.74  0
     70.00    0.00    6.85    4.60    4.67    3.26
     70.00    4.80    2.90    3.63    5.86
  E0076  a  259.47   25.73    3.34    3.01    1.58    1.24  0
    143.00    0.00    3.60    3.10    1.78    1.45
     70.00    4.25    3.15    1.56    1.52
  E0161     278.04   28.87   -6.68   -6.53    1.86    2.02  0
    296.00   37.00   -7.03   -6.85    2.08    1.98
     68.00   -7.43   -6.23    2.12    2.11
  E0161  a  278.04   28.87   -6.31   -6.24    1.96    1.91  0
    263.00    5.00   -6.28   -6.20    1.63    1.69
     49.00 -999.00 -999.00 -999.00 -999.00
  E0171  a  276.01   41.10   17.22   17.29    1.73    1.72  0
    318.00    0.00   14.51   14.62    0.19    0.22
     81.00 -999.00 -999.00 -999.00 -999.00
  E0707     282.16   40.79   -9.03   -9.27    2.01    2.07  0
    270.00    6.00   -9.20   -9.20    1.71    1.71
     55.00 -999.00 -999.00 -999.00 -999.00
  E3081     243.66   33.88    4.06    4.31    2.07    1.32  0
    989.00    0.00    4.00    4.40    2.10    1.56
     81.00    3.90    4.20    2.92    2.76
  E3204  a  243.76   32.91    3.07    3.98    2.23    1.34  0
    281.00    0.00    3.60    4.13    2.37    1.29
     81.00    3.95    2.80    2.00    2.67
  E3298     243.78   33.70    4.29    4.69    2.22    1.39  0
    404.00    0.00    4.67    4.87    1.95    1.38
     81.00    4.75    4.70    2.37    2.80
  E3393     243.63   33.89    3.81    4.08    2.27    1.43  0
    480.00    0.00    3.82    4.23    2.55    1.26
     81.00    3.60    4.00    3.05    2.97
  E3528  a  254.67   33.92    6.78    6.76    1.65    1.64  0
    458.00    0.00    6.36    6.40    1.57    1.54
     80.00    7.00    6.07    1.67    1.26
  E3686     263.77   30.19   -3.01   -3.25    2.19    1.40  0
    158.00    0.00   -2.90   -3.30    2.52    1.19
     73.00   -3.40   -2.65    2.97    2.37
  E4197  a  241.61   37.29    3.02    2.77    1.33    1.02  0
    162.00    0.00    3.10    2.85    1.63    1.33
     81.00    3.12    3.10    1.63    1.48
  E4925  a  248.37   40.22    4.24    4.11    2.51    2.35  0
    494.00    0.00    4.57    4.18    2.46    1.86
     80.00    4.08    5.28    2.36    3.08
  E5024      11.10   46.15    6.12    6.12    1.95    1.88  0
    166.00    0.00    6.30    6.18    2.00    2.11
     80.00    6.35    6.32    1.78    2.00
  E5353  a  249.17   32.05    2.05    2.49    2.94    1.82  0
    506.00    0.00    2.21    2.50    3.79    2.11
     81.00    2.96    2.18    3.50    4.33
  E5498       6.89   46.34    5.55    4.85    1.95    1.74  0
    502.00    0.00    7.18    4.90    2.50    1.73
     81.00    6.31    4.55    1.29    2.97
  E5836       7.79   45.43    3.18    2.17    1.57    1.43  0
    338.00    0.00    3.30    1.95    1.68    1.37
     79.00    3.52    2.95    1.57    2.02
  E5967  a  244.66   36.19    2.00    1.81    1.78    1.61  0
    204.00    0.00    1.97    2.10    2.13    2.03
     81.00    1.90    2.00    1.22    3.06
  E6708      10.25   45.93    6.37    5.90    2.30    2.02  0
    499.00    0.00    6.22    5.82    2.25    2.22
     81.00    6.14    6.87    3.78    3.42
  E6804     213.65   61.13    3.02    2.70    2.12    2.17  0
    353.00    0.00    3.05    2.55    1.95    2.22
     57.00    2.94    3.32    1.78    2.14
  E6850     279.31   28.37   -2.51   -2.48    1.31    0.89  0
    183.00    0.00   -2.40   -2.40    1.04    0.74
     81.00   -2.72   -2.10    1.26    1.11
  E6927     278.79   36.04    5.87    5.88    1.44    1.43  0
    332.00    0.00    5.75    5.80    1.30    1.26
     81.00    5.70    5.51    1.07    1.58
  E7641     254.92   39.48    2.49    2.87    2.15    1.54  0
    160.00    0.00    2.83    2.95    2.41    1.71
     80.00    2.62    3.25    3.45    2.11
  E7781       8.97   48.36    2.81    2.82    1.26    1.29  0
    304.00    0.00    3.00    3.47    1.19    1.85
     79.00    2.77    2.01    1.02    0.78
  E7930  a  254.06   35.53   16.66   16.62    2.77    2.75  0
    388.00    0.00   13.85   13.91    0.82    0.87
     81.00 -999.00 -999.00 -999.00 -999.00
  E8363     241.88   34.20   -5.65   -5.71    2.03    1.90  0
    471.00    6.00   -5.65   -5.80    2.36    2.18
     78.00   -5.28   -6.78    2.53    1.92
  E8501  a  243.43   51.58    8.90    8.88    1.36    1.37  0
    350.00    0.00    8.65    8.55    1.22    1.33
     79.00    9.71    8.36    1.61    0.64
  E8927  a  242.34   35.62    2.61    2.67    2.72    2.10  0
    181.00    0.00    2.80    3.00    2.57    1.33
     81.00    2.10    2.83    3.48    1.95
  E9048     281.98   38.96    7.97    8.06    2.08    2.00  0
    183.00   53.00    8.35    8.35    1.56    1.52
     58.00    8.57    8.00    1.26    2.27
  E9221  a  278.28   30.26   -6.94   -6.83    1.34    1.00  0
    165.00    0.00   -6.80   -6.82    1.19    0.91
     80.00   -6.88   -6.56    0.59    1.42
  E9267     277.53   35.26    8.38    8.36    1.81    1.82  0
    166.00   89.00    8.90    8.90    1.19    1.04
     39.00 -999.00 -999.00 -999.00 -999.00
  E9692  a  288.36   42.55   10.74   10.65    2.65    2.75  0
    191.00   45.00    9.90    9.75    2.39    2.54
     35.00 -999.00 -999.00 -999.00 -999.00
  E9979     243.56   32.99    4.46    5.49    2.49    1.61  0
    389.00    0.00    4.43    5.65    2.92    1.41
     77.00    4.32    4.30    2.08    3.29
  ELMGR     271.92   43.05    1.82    1.85    2.44    1.53  0
    484.00    0.00    2.37    1.88    2.47    1.21
     81.00    2.90    1.34    2.01    3.73
  F0218  a  278.28   36.30    4.62    4.67    1.29    1.30  0
    238.00    0.00    4.38    4.45    1.04    1.04
     80.00    4.38    4.35    0.91    1.07
  F0523     252.33   38.02    6.00    6.28    2.18    2.25  0
    227.00    6.00    6.23    6.65    2.47    2.37
     79.00    6.60    6.40    2.67    3.11
  F1189       7.60   45.79    4.01    3.16    2.54    2.49  0
    562.00    0.00    3.46    2.63    2.54    2.20
     81.00    3.58    3.44    3.06    3.27
  F2478     254.78   40.37    1.82    2.93    2.07    1.66  0
    496.00    0.00    1.71    2.70    2.12    1.33
     81.00    1.86    2.08    2.05    1.90
  F2847     254.78   39.86    1.64    2.20    2.11    1.55  0
    465.00    0.00    1.84    2.10    2.54    1.65
     80.00    1.19    1.99    2.98    2.24
  GCOUL     241.00   47.94    2.16    2.73    2.75    2.08  0
    558.00    0.00    2.36    2.90    2.94    1.97
     81.00    1.83    2.61    3.57    2.54
  HANAL     200.50   22.20   -2.03   -2.19    1.57    1.64  0
    542.00    1.00   -1.37   -1.09    1.92    2.13
     80.00   -1.59   -2.10    1.16    2.02
  HGHED     276.80   35.01   -3.08   -3.13    1.18    1.03  0
    547.00    0.00   -2.93   -3.13    1.25    1.00
     79.00   -3.36   -2.90    1.08    1.43
  INUSD  a  241.80   36.80    7.32    6.98    3.65    2.85  0
    140.00    0.00    8.73    8.02    3.32    2.66
     44.00 -999.00 -999.00 -999.00 -999.00
  KHWSR     204.96   19.61   -2.66   -2.82    1.31    1.22  0
    479.00    0.00   -2.84   -2.91    1.33    1.39
     70.00   -2.59   -2.66    1.52    1.24
  KLUEA     200.59   22.21   -2.71   -2.88    1.06    1.14  0
    549.00    0.00   -2.50   -2.94    1.06    1.18
     80.00   -2.24   -2.76    0.87    1.16
  KSNVT     244.87   36.19    2.66    2.44    3.18    3.04  0
    523.00    0.00    2.82    2.66    3.99    3.54
     80.00    2.80    2.58    3.56    4.43
  KWHH1     204.17   20.04    1.51    1.46    1.16    1.14  0
    370.00    0.00    1.40    1.30    0.92    0.89
     80.00    1.39    1.77    0.82    1.04
  LAUGH  a  245.37   35.15    3.85    3.97    2.56    1.94  0
    484.00    0.00    4.05    4.38    3.06    1.93
     81.00    3.89    3.85    2.51    3.74
  LHCKM     200.61   21.97   -2.78   -2.86    1.62    1.63  0
    419.00    0.00   -2.67   -2.08    1.46    1.81
     71.00   -2.66   -3.15    1.26    1.75
  LKHVS  a  245.65   34.47    2.73    2.93    2.33    1.74  0
    500.00    0.00    2.90    3.08    2.15    1.56
     81.00    3.39    2.16    1.69    3.09
  LSALM     253.67   35.87    3.21    3.29    1.57    1.54  0
    481.00    0.00    3.03    3.10    1.53    1.46
     81.00    2.38    3.15    1.83    1.33
  LSVDP     244.83   36.11    2.61    2.41    2.33    2.27  0
    516.00    0.00    2.31    2.33    2.64    2.67
     76.00    1.65    2.99    3.13    3.09
  LVSPR     244.81   36.17    2.40    2.19    2.33    2.15  0
    495.00    0.00    2.20    2.53    2.97    2.60
     81.00    2.11    2.64    2.47    3.04
  M26KX     217.00   62.40    2.39    2.14    1.94    1.96  0
    474.00    0.00    2.65    2.35    1.45    1.48
     80.00    2.74    2.65    1.47    1.88
  MA028     288.99   42.82  152.72  152.71   40.71   40.71  0
    599.00  149.00 -999.00 -999.00 -999.00 -999.00
     34.00 -999.00 -999.00 -999.00 -999.00
  MALP   a  247.73   33.90    2.50    2.85    2.09    1.23  0
    162.00    0.00    2.55    2.95    2.74    1.48
     81.00    2.62    2.35    2.15    3.15
  MC001     272.77   46.49  159.32  159.30   39.43   39.42  0
    193.00   59.00 -999.00 -999.00 -999.00 -999.00
     36.00 -999.00 -999.00 -999.00 -999.00
  MC002     273.16   46.43  176.68  176.66   44.16   44.16  0
    162.00   54.00 -999.00 -999.00 -999.00 -999.00
     28.00 -999.00 -999.00 -999.00 -999.00
  MC005     272.92   45.79  157.35  157.32   44.53   44.53  0
    189.00   63.00 -999.00 -999.00 -999.00 -999.00
     32.00 -999.00 -999.00 -999.00 -999.00
  MC010     272.58   46.28  155.37  155.34   49.05   49.04  0
    198.00   48.00 -999.00 -999.00 -999.00 -999.00
     39.00 -999.00 -999.00 -999.00 -999.00
  MC011     271.12   46.16  169.90  169.88   42.23   42.23  0
    136.00   42.00 -999.00 -999.00 -999.00 -999.00
     27.00 -999.00 -999.00 -999.00 -999.00
  MC013     271.87   46.54  152.16  152.13   45.15   45.15  0
    222.00   46.00 -999.00 -999.00 -999.00 -999.00
     45.00 -999.00 -999.00 -999.00 -999.00
  MC016     273.66   43.96  184.02  184.01   40.83   40.85  0
    149.00   59.00 -999.00 -999.00 -999.00 -999.00
     23.00 -999.00 -999.00 -999.00 -999.00
  MC026     270.05   46.48  172.58  172.55   44.19   44.19  0
    183.00   55.00 -999.00 -999.00 -999.00 -999.00
     35.00 -999.00 -999.00 -999.00 -999.00
  MC027     270.85   46.72  165.29  165.26   44.72   44.73  0
    194.00   50.00 -999.00 -999.00 -999.00 -999.00
     37.00 -999.00 -999.00 -999.00 -999.00
  MC028     271.01   46.48  164.52  164.49   46.00   46.00  0
    192.00   50.00 -999.00 -999.00 -999.00 -999.00
     37.00 -999.00 -999.00 -999.00 -999.00
  MC029     271.05   46.77  167.47  167.44   45.44   45.44  0
    182.00   54.00 -999.00 -999.00 -999.00 -999.00
     34.00 -999.00 -999.00 -999.00 -999.00
  MC030     271.54   47.22  169.31  169.28   45.99   45.99  0
    193.00   43.00 -999.00 -999.00 -999.00 -999.00
     42.00 -999.00 -999.00 -999.00 -999.00
  MC031     271.55   46.95  171.56  171.54   42.72   42.72  0
    183.00   55.00 -999.00 -999.00 -999.00 -999.00
     35.00 -999.00 -999.00 -999.00 -999.00
  MC032     271.99   46.25  162.15  162.13   38.96   38.97  0
    181.00   49.00 -999.00 -999.00 -999.00 -999.00
     34.00 -999.00 -999.00 -999.00 -999.00
  MC034     272.73   45.55  175.30  175.32   43.90   43.91  0
    158.00   58.00 -999.00 -999.00 -999.00 -999.00
     27.00 -999.00 -999.00 -999.00 -999.00
  MC035     273.02   45.93  169.67  169.66   43.30   43.30  0
    179.00   47.00 -999.00 -999.00 -999.00 -999.00
     34.00 -999.00 -999.00 -999.00 -999.00
  MC037     272.88   46.27  166.79  166.76   46.41   46.41  0
    192.00   52.00 -999.00 -999.00 -999.00 -999.00
     37.00 -999.00 -999.00 -999.00 -999.00
  MC038     272.88   46.35  170.29  170.32   47.69   47.70  0
    169.00   55.00 -999.00 -999.00 -999.00 -999.00
     31.00 -999.00 -999.00 -999.00 -999.00
  MC046     274.60   44.51  166.95  166.94   43.58   43.60  0
    163.00   57.00 -999.00 -999.00 -999.00 -999.00
     27.00 -999.00 -999.00 -999.00 -999.00
  MC047     274.19   44.22  175.23  175.21   52.20   52.19  0
    167.00   67.00 -999.00 -999.00 -999.00 -999.00
     28.00 -999.00 -999.00 -999.00 -999.00
  MC048     273.69   44.22  181.09  181.08   43.32   43.28  0
    140.00   64.00 -999.00 -999.00 -999.00 -999.00
     20.00 -999.00 -999.00 -999.00 -999.00
  MSQUT  a  245.95   36.81    3.40    3.11    3.57    2.96  0
    317.00    0.00    5.00    5.28    2.89    1.67
     58.00    4.54    4.37    3.13    3.65
  NSVN2     245.49   39.46   43.36   43.30    4.63    4.67  0
    162.00    0.00 -999.00 -999.00 -999.00 -999.00
     81.00 -999.00 -999.00 -999.00 -999.00
  O29MX     221.42   60.30    1.90    1.76    1.01    1.11  0
    526.00    0.00    1.80    1.63    0.99    1.13
     81.00    1.79    1.84    1.36    0.78
  OGDEN     248.04   41.31    3.13    3.00    2.59    1.87  0
    487.00    0.00    3.82    3.45    3.14    1.73
     81.00    4.12    2.57    2.72    3.85
  OGDTH     248.02   41.17    1.58    1.39    2.58    2.30  0
    548.00    0.00    1.56    1.59    3.47    2.84
     79.00    0.96    2.09    3.19    3.69
  OREUT     248.32   40.32    2.23    2.05    2.65    2.48  0
    479.00    0.00    2.47    2.25    2.59    2.00
     79.00    2.03    3.11    2.89    3.95
  PNTHD  a  250.05   34.13   -4.02   -3.89    1.09    1.18  0
   1116.00    0.00   -3.91   -3.79    0.88    1.21
     80.00   -4.10   -3.90    1.26    0.77
  RNWSH     240.19   39.58    1.32    1.17    2.23    2.10  0
    565.00    0.00    2.09    1.61    1.95    2.46
     81.00    1.66    2.46    1.95    1.37
  RYWSV     247.96   41.18    1.90    1.71    2.47    2.18  0
    485.00    0.00    1.42    1.52    3.04    2.72
     79.00    0.92    2.61    2.79    3.66
  SADI4  a  265.42   41.52  -10.85  -10.98    2.51    2.56  0
    302.00    0.00  -10.10  -10.20    1.89    1.93
     30.00 -999.00 -999.00 -999.00 -999.00
  SBE    a  248.14   41.22   18.97   18.95    2.35    2.36  0
    480.00    0.00 -999.00 -999.00 -999.00 -999.00
     80.00 -999.00 -999.00 -999.00 -999.00
  SBPA2     210.66   60.93    3.80    3.11    1.79    1.65  0
    157.00    0.00    4.15    3.30    1.56    1.71
     79.00    4.30    2.90    1.04    1.63
  SCLRS     278.99   35.84    3.65    3.76    1.72    0.85  0
    487.00    0.00    3.70    3.78    1.51    0.82
     81.00    3.67    3.95    1.93    1.14
  SMCA2     210.26   61.02    3.69    3.66    1.22    1.25  0
     78.00    0.00    3.70    3.80    1.33    1.48
     77.00    3.75    3.35    1.11    1.56
  SNSTS     247.97   41.14    2.59    2.06    2.25    1.80  0
    474.00    0.00    2.73    2.35    2.94    1.99
     78.00    2.73    1.63    2.84    3.36
  SRP45     248.66   33.59   19.80   19.81    3.51    3.49  0
   1134.00    0.00   13.04   13.07    1.12    0.98
     81.00 -999.00 -999.00 -999.00 -999.00
  SSVN2     244.20   37.65   41.10   41.06    4.56    4.59  0
    160.00    0.00 -999.00 -999.00 -999.00 -999.00
     80.00 -999.00 -999.00 -999.00 -999.00
  SYCC1  a  240.92   34.58    5.67    5.67    1.89    1.91  0
    250.00    0.00    5.26    5.25    1.48    1.46
     78.00    5.43    6.45    2.24    2.61
  UCAB      243.60   33.26    5.11    5.99    3.28    2.11  0
    235.00    0.00    5.83    6.97    3.76    1.73
     79.00    5.78    5.45    3.63    4.18
  WHLA2     211.27   60.78    2.81    2.16    1.63    1.67  0
     79.00    0.00    3.20    2.40    1.63    1.63
     79.00    2.80    2.40    1.33    2.00
  WHLRV  a  244.82   35.95    2.79    2.63    3.13    3.08  0
    483.00    0.00    2.23    2.53    4.08    3.92
     81.00    1.75    2.88    4.02    4.23
  YERMO     243.34   34.87    2.39    2.67    2.58    1.73  0
    484.00    0.00    2.55    2.75    3.19    1.71
     81.00    2.76    1.69    3.43    3.24
  MA003     288.70   42.56  167.50  167.57   54.18   54.18  0
    523.00  247.00 -999.00 -999.00 -999.00 -999.00
     21.00 -999.00 -999.00 -999.00 -999.00
  MC003     274.38   46.10  165.74  165.76   43.84   43.86  0
    136.00   64.00 -999.00 -999.00 -999.00 -999.00
     20.00 -999.00 -999.00 -999.00 -999.00
  MC006     273.96   46.35  155.57  155.53   46.70   46.74  0
    118.00   46.00 -999.00 -999.00 -999.00 -999.00
     19.00 -999.00 -999.00 -999.00 -999.00
  MC008     271.14   46.88  168.19  168.17   47.80   47.80  0
    212.00   50.00 -999.00 -999.00 -999.00 -999.00
     42.00 -999.00 -999.00 -999.00 -999.00
  MC014     273.90   44.59  174.00  173.98   42.62   42.61  0
    166.00   54.00 -999.00 -999.00 -999.00 -999.00
     29.00 -999.00 -999.00 -999.00 -999.00
  MC018     274.60   44.77  173.65  173.64   43.97   43.98  0
    167.00   67.00 -999.00 -999.00 -999.00 -999.00
     26.00 -999.00 -999.00 -999.00 -999.00
  MC024     275.27   45.76  161.28  161.25   41.69   41.74  0
    155.00   73.00 -999.00 -999.00 -999.00 -999.00
     21.00 -999.00 -999.00 -999.00 -999.00
  MC025     275.41   45.27  167.21  167.20   44.66   44.65  0
    186.00   54.00 -999.00 -999.00 -999.00 -999.00
     34.00 -999.00 -999.00 -999.00 -999.00
  MC040     274.07   46.10  157.07  157.03   42.70   42.70  0
    161.00   55.00 -999.00 -999.00 -999.00 -999.00
     28.00 -999.00 -999.00 -999.00 -999.00
  MC041     275.57   46.37  170.32  170.33   51.40   51.36  0
    179.00   61.00 -999.00 -999.00 -999.00 -999.00
     31.00 -999.00 -999.00 -999.00 -999.00
  MC045     274.10   44.81  169.36  169.34   62.35   62.34  0
    146.00   68.00 -999.00 -999.00 -999.00 -999.00
     21.00 -999.00 -999.00 -999.00 -999.00
  MC050     275.11   45.08  172.53  172.50   47.72   47.70  0
    190.00   66.00 -999.00 -999.00 -999.00 -999.00
     32.00 -999.00 -999.00 -999.00 -999.00
  SADI4     265.42   41.52  -11.48  -11.60    2.53    2.45  0
    606.00    4.00  -10.95  -11.00    2.11    2.19
     57.00 -999.00 -999.00 -999.00 -999.00
  D0029  a  259.74   25.60    2.99    2.73    1.61    1.43  0
    158.00    0.00    3.00    2.80    2.22    1.78
     77.00    3.47    1.80    1.63    1.48
  E0707  a  282.16   40.79   -9.52   -9.74    1.83    2.05  0
     72.00    0.00   -9.80   -9.65    1.78    2.15
     20.00 -999.00 -999.00 -999.00 -999.00
  MC004     274.99   46.01  167.80  167.78   46.45   46.45  0
    160.00   56.00 -999.00 -999.00 -999.00 -999.00
     27.00 -999.00 -999.00 -999.00 -999.00
  MC017     274.47   43.89  172.77  172.76   41.99   41.98  0
    144.00   58.00 -999.00 -999.00 -999.00 -999.00
     22.00 -999.00 -999.00 -999.00 -999.00
  MC020     275.31   44.88  172.00  171.97   47.39   47.39  0
    178.00   54.00 -999.00 -999.00 -999.00 -999.00
     32.00 -999.00 -999.00 -999.00 -999.00
  MC022     275.19   44.33  167.48  167.45   44.98   44.96  0
    147.00   63.00 -999.00 -999.00 -999.00 -999.00
     21.00 -999.00 -999.00 -999.00 -999.00
  MC052     276.28   45.07  168.24  168.28   40.65   40.66  0
    144.00   58.00 -999.00 -999.00 -999.00 -999.00
     23.00 -999.00 -999.00 -999.00 -999.00
  MC054     276.19   44.73  164.31  164.28   48.14   48.13  0
    169.00   67.00 -999.00 -999.00 -999.00 -999.00
     27.00 -999.00 -999.00 -999.00 -999.00
  E7734     244.61   33.74    2.58    2.96    3.45    2.33  0
    168.00    0.00    2.55    3.10    4.37    2.74
     77.00    2.60    1.78    3.45    5.20
  MA024     286.64   42.14  157.67  157.77   55.06   55.09  0
    570.00  224.00 -999.00 -999.00 -999.00 -999.00
     27.00 -999.00 -999.00 -999.00 -999.00
  CQ044     243.51   33.82    5.79    6.23    2.14    1.41  0
     80.00    0.00    5.85    6.35    2.00    1.41
     80.00    6.10    6.10    2.52    2.08
  CQ050     243.14   33.92    1.99    2.69    2.72    1.68  0
     80.00    0.00    1.70    2.85    3.26    1.71
     80.00    2.05    1.60    3.04    3.63
  CQ148     241.87   34.67    2.43    3.19    2.23    1.79  0
     78.00    0.00    2.85    3.05    2.37    1.41
     78.00    3.00    2.95    2.15    2.67
  MC036     273.02   46.16  165.70  165.67   45.78   45.78  0
    196.00   54.00 -999.00 -999.00 -999.00 -999.00
     34.00 -999.00 -999.00 -999.00 -999.00
  NP1N2     245.59   38.93   43.96   43.96    4.14    4.14  0
    160.00    0.00 -999.00 -999.00 -999.00 -999.00
     80.00 -999.00 -999.00 -999.00 -999.00
  SRWN2     245.67   38.89   42.60   42.59    3.92    3.92  0
    160.00    0.00 -999.00 -999.00 -999.00 -999.00
     80.00 -999.00 -999.00 -999.00 -999.00
  E4653  a  274.31   38.42    7.21    7.07    1.44    1.45  0
    176.00    0.00    7.27    7.38    1.58    1.78
     58.00    7.27    7.35    1.48    1.95
  MTWOD     253.72   31.76    2.56    2.98    3.09    2.05  0
    269.00    0.00    2.30    2.42    3.51    1.81
     59.00    1.00    2.94    3.92    4.63
  BBBAS     249.10   45.82   41.70   41.75   14.53   14.34  0
    118.00    0.00   -1.15   -1.15    1.93    1.11
     62.00 -999.00 -999.00 -999.00 -999.00
  CMPHL     283.10   40.23    3.21    3.03    1.15    0.94  0
    415.00    0.00    3.27    2.84    1.14    0.95
     59.00    3.46    3.24    1.11    1.12
  MSI03     248.03   40.60   12.66   12.66    2.30    2.32  0
    488.00    0.00   12.21   12.11    1.79    1.76
     51.00 -999.00 -999.00 -999.00 -999.00
  HYSHM  a  252.77   46.29   11.79   11.78    3.03    3.04  0
    104.00    0.00   10.98   11.00    1.63    1.71
     51.00 -999.00 -999.00 -999.00 -999.00
  C6038  a  272.68   31.53  -44.88  -44.83    4.39    4.40  0
    624.00    0.00 -999.00 -999.00 -999.00 -999.00
     52.00 -999.00 -999.00 -999.00 -999.00
  MWQW8  a  241.80   46.37  -17.60  -17.22    5.89    6.21  0
    183.00   27.00 -999.00 -999.00 -999.00 -999.00
     19.00 -999.00 -999.00 -999.00 -999.00
  AR304     243.52   33.79    5.53    6.01    4.14    2.89  0
    488.00    0.00    6.14    7.83    4.40    2.58
     80.00    6.78    3.67    3.11    7.31
  AS871     261.68   35.10   -2.13   -2.11    1.37    1.08  0
    239.00    0.00   -1.97   -2.00    1.09    0.99
     81.00   -1.85   -2.30    1.01    0.67
  AT035     259.59   25.74    3.46    3.00    1.44    1.32  0
    123.00    0.00    3.70    3.25    1.19    1.37
     60.00    4.10    3.45    1.11    1.45
  AT590      11.70   45.71    3.12    3.17    1.75    1.57  0
    355.00    0.00    3.01    3.04    1.33    1.08
     64.00    3.29    2.83    1.10    1.01
  AT714     241.06   34.96    2.43    2.60    1.65    1.51  0
    419.00    0.00    2.67    2.53    1.81    1.56
     80.00    2.89    3.10    1.86    1.77
  AU149     242.30   35.60    2.05    2.14    2.06    1.44  0
    130.00    0.00    1.98    2.18    2.37    1.52
     72.00    1.25    2.45    3.04    2.22
  AU202     240.57   35.15    1.58    1.64    1.42    1.15  0
    381.00    0.00    1.80    1.80    1.63    1.11
     77.00    1.93    1.83    2.00    1.26
  AU206     254.06   32.89    2.29    2.59    3.17    2.07  0
    480.00    0.00    3.08    3.02    3.29    2.00
     80.00    2.78    2.28    3.24    4.16
  AU530  a  270.44   44.50    2.96    3.14    2.07    1.41  0
    171.00    0.00    2.85    3.07    2.05    1.47
     78.00    3.45    2.47    1.90    2.15
  AU692  a  248.99   32.36    2.63    3.08    3.13    2.17  0
    527.00    0.00    2.60    2.96    3.56    2.43
     81.00    1.96    1.96    3.17    3.12
  C4848       2.73   43.15    1.84    1.78    1.59    1.52  0
     64.00    0.00    2.00    2.20    1.41    0.96
     64.00    2.00    1.85    1.19    1.33
  C5530     283.50   42.45    2.24    2.26    1.13    1.07  0
     84.00    0.00    2.10    2.30    1.00    1.04
     80.00    2.00    2.35    1.11    1.26
  CQ190     241.82   33.79   -2.09   -2.22    2.03    1.91  0
     73.00    0.00   -2.75   -2.60    1.93    2.45
     72.00   -2.60   -2.60    2.30    2.00
  D0425  a    8.69   54.97  123.84  123.89   43.27   43.27  0
    145.00    5.00 -999.00 -999.00 -999.00 -999.00
     54.00 -999.00 -999.00 -999.00 -999.00
  D0742     243.62   33.70    4.77    5.26    3.72    2.56  0
    180.00    0.00    5.07    6.79    4.02    4.28
     80.00    5.15    3.05    3.24    5.81
  D5789     237.19   42.33    2.47    2.27    1.64    1.39  0
    200.00    0.00    2.48    2.40    2.03    1.63
     68.00    2.13    2.80    2.55    1.61
  D6119      10.94   45.74    4.91    4.49    2.47    2.06  0
    470.00    0.00    5.12    4.10    2.35    1.63
     81.00    4.82    3.71    1.38    1.74
  D6273  a  237.61   41.54    2.82    2.92    2.58    2.52  0
    158.00    0.00    2.67    2.72    2.45    2.63
     78.00    2.28    6.38    2.08    5.63
  D7303  a  237.27   42.20    2.34    2.46    2.22    2.01  0
    246.00    0.00    2.32    2.60    2.92    2.32
     80.00    1.77    2.55    2.97    2.50
  D9035  a  277.60   34.88    8.21    8.23    2.14    2.16  0
    328.00    0.00    7.22    7.30    1.52    1.63
     81.00    7.15    7.18    1.93    1.22
  D9231  a  253.46   35.17    7.75    7.76    1.93    1.92  0
    330.00    0.00    7.30    7.30    1.48    1.46
     80.00    7.39    7.14    1.67    1.09
  E0591  a  245.94   46.81    2.43    2.51    1.79    1.78  0
    237.00    0.00    2.60    3.13    1.93    1.68
     81.00    2.53    2.52    1.78    2.17
  E0772     243.85   33.67    3.63    4.04    2.85    1.81  0
    379.00    0.00    5.40    4.80    2.10    1.38
     76.00    4.18    4.02    2.63    2.82
  E0780     241.22   36.25    2.99    3.14    1.36    1.53  0
     96.00    0.00    2.80    2.95    1.41    1.63
     59.00    2.58    2.95    1.07    1.56
  E1199       6.42   46.47    2.42    2.35    1.48    1.35  0
    201.00    0.00    2.43    2.43    1.43    1.36
     81.00    2.65    1.95    1.59    1.46
  E1601     244.66   36.15    2.21    2.08    2.43    2.22  0
    207.00    0.00    2.50    2.40    2.72    2.30
     73.00    2.56    2.75    2.17    2.55
  E3105  a  262.08   30.24    7.57    7.49    2.11    2.02  0
    970.00    0.00    6.79    6.83    1.99    2.18
     81.00    7.03    5.84    3.11    1.06
  E4085     274.13   35.24    4.81    4.72    1.71    1.70  0
    450.00    0.00    4.40    4.47    1.64    1.56
     72.00    4.42    4.37    1.82    1.49
  E4395  a  241.82   45.99    3.75    3.73    1.59    1.72  0
    247.00    0.00    3.72    3.60    1.74    1.78
     79.00    4.70    3.10    2.10    1.26
  E4926       7.31   45.75    7.90    6.96    2.84    2.85  0
     79.00    0.00    7.80    6.60    3.41    3.11
     79.00    6.85    8.40    3.48    3.41
  E5313     256.46   29.33    1.89    1.81    2.71    2.01  0
    482.00    0.00    1.92    2.03    3.34    2.25
     81.00    2.43    0.95    3.31    2.46
  E5423  a  249.26   32.30    2.09    2.55    2.69    1.66  0
    457.00    0.00    1.47    2.37    3.56    1.98
     77.00    1.78    1.54    3.81    3.68
  E5633     240.70   37.00    3.49    3.63    1.35    1.10  0
    147.00    0.00    3.45    3.58    1.38    1.15
     68.00    3.68    3.45    1.63    1.26
  E5812  a  254.39   36.48    2.60    2.73    1.81    1.65  0
    223.00    0.00    2.67    2.90    1.98    1.63
     81.00    2.41    2.93    2.46    1.92
  E7026     210.27   61.10    5.18    5.14    1.84    1.83  0
    172.00    0.00    5.20    5.10    1.78    2.00
     81.00    5.85    4.90    1.63    2.05
  E8703  a  250.99   31.87    3.15    3.19    1.49    1.52  0
    940.00    0.00    3.21    3.18    2.34    1.61
     77.00    3.47    2.95    1.96    1.70
  E9092     249.20   32.23    1.36    1.81    3.30    2.20  0
    499.00    0.00    0.36    1.36    4.58    2.96
     81.00    2.09    0.38    4.90    4.95
  ELIZB     277.78   36.34    3.05    2.92    1.79    1.25  0
    485.00    0.00    3.00    2.80    2.42    1.29
     81.00    3.28    2.66    2.03    1.81
  F1062  a  256.83   25.88    2.75    2.77    1.42    1.44  0
    432.00    0.00    2.65    2.70    1.63    1.61
     73.00    3.06    2.25    1.62    2.09
  FTG23     214.05   63.77    2.39    2.07    2.10    2.08  0
    532.00    0.00    2.64    2.26    1.54    1.51
     76.00    3.22    2.90    1.11    2.10
  LSVEB     244.71   36.20    4.02    3.85    3.30    3.22  0
    480.00    0.00    4.72    4.76    3.68    3.50
     80.00    4.22    3.70    3.61    4.14
  MABL   a  248.36   33.84    1.45    1.98    3.20    2.02  0
    162.00    0.00    1.20    2.30    4.45    2.45
     81.00    2.90    0.65    3.41    4.52
  RCHPH  a  247.91   38.78    3.46    3.48    3.71    2.98  0
    431.00    0.00    4.71    4.40    3.53    2.22
     71.00    4.10    5.40    3.57    2.30
  SRP44     248.84   33.67    2.04    2.58    2.25    1.79  0
    567.00    0.00    1.96    2.51    2.63    2.08
     81.00    2.80    1.21    1.87    2.16
  SYCC1     240.92   34.58    5.57    5.57    1.83    1.85  0
    228.00    0.00    5.20    5.25    1.63    1.71
     72.00    5.20    5.38    2.26    1.89
  UCDE      243.62   33.65    4.10    4.72    2.06    1.27  0
    213.00    0.00    4.20    4.78    2.05    1.31
     72.00    4.45    4.15    1.56    2.13
  VTJAY     287.50   44.99    3.58    3.50    1.66    1.64  0
    302.00    0.00    5.35    3.40    2.89    1.33
     77.00    4.03    3.03    1.04    2.74
  WSHA2     214.05   63.79    2.25    1.94    2.14    2.12  0
    532.00    0.00    2.80    2.06    1.62    1.68
     76.00    3.24    2.83    1.24    1.86
  XISB      241.54   35.65    2.02    2.30    1.38    1.34  0
    516.00    0.00    2.69    2.49    1.13    1.23
     79.00    2.78    1.58    1.28    2.16
  XS15      238.11   45.69    1.68    2.23    2.40    1.90  0
    532.00    0.00    2.19    2.27    2.29    2.00
     79.00    1.32    2.89    2.86    1.78
  AU484       9.75   47.20    3.92    3.95    2.11    2.02  0
    113.00    0.00    4.10    4.12    1.93    1.93
     66.00    4.98    3.30    1.63    2.22
  D7931  a  237.51   45.65   -9.35   -9.15    2.65    2.51  0
     50.00    0.00   -9.15   -8.80    3.49    2.89
     23.00 -999.00 -999.00 -999.00 -999.00
  A2996     243.78   33.71    4.48    4.94    2.34    1.37  0
     74.00    0.00    4.90    5.15    2.22    1.41
     74.00    4.90    4.55    1.78    3.34
  A3386     244.92   36.14    2.42    2.21    3.41    3.36  0
     73.00    0.00    1.70    2.30    4.89    3.86
     73.00    2.20    2.25    3.34    4.97
  E6604     278.53   29.39   -2.62   -2.48    1.98    1.45  0
     69.00    0.00   -2.60   -2.50    1.78    1.48
     69.00   -2.70   -2.55    2.30    1.48
  CHAN5  a  253.37   36.96    8.08    7.95    2.92    2.91  0
     90.00    0.00    8.30    8.18    4.41    4.45
     44.00 -999.00 -999.00 -999.00 -999.00
  ELCN5  a  254.19   35.70   15.49   15.42    2.86    2.84  0
     76.00    0.00   13.23   13.35    1.30    1.19
     37.00 -999.00 -999.00 -999.00 -999.00
  GLGN5  a  254.44   36.19   10.12   10.08    2.06    2.06  0
     98.00    0.00    9.90    9.60    2.85    2.60
     48.00 -999.00 -999.00 -999.00 -999.00
  SENN5  a  253.17   36.00    7.89    7.80    3.14    3.17  0
     82.00    0.00    7.72    7.68    4.75    4.86
     40.00 -999.00 -999.00 -999.00 -999.00
  TREN5  a  254.47   36.13    7.26    7.17    3.12    3.10  0
     82.00    0.00    6.45    6.50    4.37    4.45
     40.00 -999.00 -999.00 -999.00 -999.00
  HNLVS     202.21   21.30    2.26    2.24    1.44    1.45  0
    404.00    0.00    2.41    2.33    1.19    1.33
     64.00    2.56    2.05    1.00    1.63
  HWTHR     241.37   38.53    3.98    3.78    3.33    2.74  0
    415.00    0.00    4.81    4.43    3.73    3.39
     68.00    4.41    4.85    3.92    3.04
  A3149     286.79   44.48    1.85    1.70    1.37    1.04  0
     57.00    0.00    2.05    1.90    0.96    0.89
     56.00    1.95    2.10    0.82    0.96
  AR671  a  285.19   42.74    7.22    7.28    2.69    2.72  0
    317.00   16.00    7.72    7.59    3.05    3.27
     38.00 -999.00 -999.00 -999.00 -999.00
  AS322       8.25   44.12    2.26    1.99    1.05    1.00  0
    232.00    0.00    2.12    2.00    0.87    1.01
     78.00    2.17    2.07    1.06    1.09
  AS511     283.84   43.05    2.13    2.15    1.08    1.10  0
    477.00    0.00    2.19    2.30    1.05    1.15
     80.00    2.22    1.94    1.22    0.90
  AS869     280.91   39.99    2.50    2.51    1.68    1.46  0
    268.00    0.00    2.25    2.30    1.50    1.45
     76.00    2.25    1.89    1.32    1.58
  AU959       8.96   44.40    2.44    2.29    1.35    1.28  0
    531.00    0.00    2.54    2.29    1.48    1.38
     80.00    1.94    2.17    2.00    1.23
  C4253  a  239.95   38.47    3.99    3.78    2.36    2.56  0
    255.00    0.00    3.60    3.43    2.22    2.52
     79.00    2.48    4.75    4.08    2.52
  C7473     273.54   30.49   -2.15   -2.13    0.93    1.08  0
    163.00    0.00   -2.25   -2.15    0.82    1.26
     81.00   -2.25   -2.50    1.26    0.93
  C7533  a  286.49   45.65    1.89    1.73    1.39    1.32  0
    461.00    0.00    1.77    1.68    1.32    1.35
     78.00    2.41    1.71    1.26    2.17
  C8826     248.21   40.69    3.89    3.47    3.54    3.24  0
    354.00    4.00    3.02    2.38    2.05    1.69
     67.00    2.89    3.05    2.74    1.96
  D5923       9.46   45.79    1.63    1.65    2.12    1.94  0
    163.00    0.00    1.00    1.10    1.19    1.33
     81.00    1.05    0.90    1.74    1.41
  D6022       9.38   45.82    1.58    1.58    1.27    1.16  0
    441.00    0.00    1.57    1.52    1.26    0.91
     75.00    1.32    1.58    1.35    1.30
  D8956  a    6.73   50.52  106.37  106.41   35.35   35.33  0
    188.00    6.00 -999.00 -999.00 -999.00 -999.00
     65.00 -999.00 -999.00 -999.00 -999.00
  D9435  a  248.12   40.48    3.32    2.67    1.52    1.42  0
    165.00    0.00    3.30    2.45    1.71    1.19
     81.00    3.35    3.75    1.63    1.67
  E1198     275.80   39.76    2.14    1.95    1.29    1.06  0
    474.00    0.00    2.38    1.90    1.24    0.99
     79.00    2.39    2.21    1.33    1.20
  E2533     248.15   40.90    2.46    2.04    2.57    2.30  0
    464.00    0.00    1.62    1.65    1.93    1.51
     77.00    1.14    2.13    2.27    1.52
  E4606     245.53   32.67   -6.69   -6.88    1.57    1.66  0
    232.00    0.00   -6.40   -6.78    1.63    1.85
     53.00 -999.00 -999.00 -999.00 -999.00
  E5865     282.95   41.22    1.97    1.91    1.90    1.31  0
    469.00    0.00    2.00    1.90    1.53    1.19
     79.00    1.72    2.03    2.51    1.87
  E7803  a  259.63   25.72    3.80    3.51    1.49    1.25  0
    203.00    0.00    4.00    3.70    1.41    1.11
     81.00    4.70    2.83    1.22    1.53
  E9084     352.33   43.78   -2.28   -2.15    1.33    1.39  0
    170.00    0.00   -2.10   -1.87    1.30    1.26
     76.00   -2.00   -3.23    0.82    1.16
  FPN       248.11   40.47    3.27    2.61    1.62    1.50  0
    548.00    0.00    3.37    2.71    1.95    1.55
     79.00    3.39    3.96    2.04    1.99
  GHG42     248.15   40.77    3.52    3.07    3.06    2.75  0
    239.00    0.00    2.70    2.20    1.53    1.25
     77.00    2.42    2.89    1.99    1.14
  GHG42  a  248.15   40.77    3.23    2.87    3.01    2.69  0
    309.00    0.00    2.60    2.20    1.69    1.19
     69.00    2.25    2.65    1.77    1.44
  LOCUS     286.41   40.87   -1.73   -1.78    1.27    1.09  0
    480.00    0.00   -2.00   -1.90    1.33    1.31
     75.00   -1.28   -2.35    1.15    0.80
  NBDM3     289.09   41.62  -15.62  -15.68    7.74    7.73  0
    156.00    1.00   -5.47   -5.45   16.13   16.02
     79.00 -999.00 -999.00 -999.00 -999.00
  OOSC1     241.07   34.12    1.90    1.91    1.55    1.58  0
    480.00    0.00    1.78    1.74    1.24    1.27
     80.00    1.58    2.20    1.31    1.72
  ROTNW     279.12   26.33   -3.13   -2.95    2.19    1.90  0
    216.00    0.00   -2.87   -2.63    2.18    1.83
     81.00   -2.75   -3.20    1.96    2.10
  UVM05     287.13   44.53  -36.64  -36.53   21.78   21.79  0
    223.00   67.00 -999.00 -999.00 -999.00 -999.00
     42.00 -999.00 -999.00 -999.00 -999.00
  WBAYT     271.99   44.51    2.86    2.63    1.84    1.62  0
    484.00    0.00    2.30    2.20    1.78    1.66
     81.00    2.31    3.94    2.32    2.84
  WBB       248.15   40.77    3.79    3.36    2.82    2.49  0
   2480.00    0.00    3.34    2.99    2.32    1.85
     80.00    2.69    3.71    2.69    3.08
  WLMSP  a  282.97   41.24    1.67    1.65    1.46    1.16  0
    491.00    0.00    1.80    1.82    1.14    1.01
     81.00    1.41    1.81    1.36    1.16
  E5684       7.55   45.00    1.63    1.50    1.41    1.24  0
    381.00    0.00    1.56    1.61    1.21    0.84
     76.00    2.08    1.77    1.35    1.21
  BAMN5  a  253.68   36.51    9.63    9.59    2.15    2.16  0
    104.00    0.00   10.15   10.35    3.04    2.97
     51.00 -999.00 -999.00 -999.00 -999.00
  HPWN5  a  253.74   36.72   10.39   10.38    1.88    1.89  0
     96.00    0.00    9.85    9.80    2.52    2.45
     47.00 -999.00 -999.00 -999.00 -999.00
  NCSN5     254.74   36.99   12.74   12.71    2.39    2.39  0
     86.00    0.00   11.52   11.50    1.93    1.93
     42.00 -999.00 -999.00 -999.00 -999.00
  QMZN5  a  253.61   35.92    9.92    9.89    2.02    2.04  0
     98.00    0.00    9.05    9.02    2.52    2.56
     48.00 -999.00 -999.00 -999.00 -999.00
  SBAN5  a  254.37   36.07   11.13   11.11    1.73    1.76  0
    100.00    0.00   10.90   10.75    2.30    2.37
     49.00 -999.00 -999.00 -999.00 -999.00
  SHUN5  a  254.76   36.79   10.49   10.47    2.38    2.36  0
     96.00    0.00   10.90   10.95    3.11    2.89
     47.00 -999.00 -999.00 -999.00 -999.00
  TACN5     254.67   36.41    9.79    9.82    1.44    1.43  0
     46.00    0.00    9.80    9.85    1.78    1.74
     22.00 -999.00 -999.00 -999.00 -999.00
  VACN5  a  253.19   36.03    9.20    9.15    2.40    2.42  0
    104.00    0.00   10.55   10.40    2.52    2.60
     51.00 -999.00 -999.00 -999.00 -999.00
  WSSN5  a  254.46   35.78   11.24   11.23    2.07    2.08  0
     88.00    0.00   10.80   10.90    2.52    2.37
     43.00 -999.00 -999.00 -999.00 -999.00
  D1544     264.47   29.98  -40.48  -40.43   10.32   10.32  0
     68.00    2.00 -999.00 -999.00 -999.00 -999.00
     15.00 -999.00 -999.00 -999.00 -999.00
  XSCA3  a  248.35   35.34    8.93    9.02    1.79    1.78  0
     50.00    0.00    9.02    9.23    2.08    2.15
     24.00 -999.00 -999.00 -999.00 -999.00
