dtype=   t120  mean,std
    14    13    13     8     9     9     7     8     8     8     7     7
     6     7     6     6     7     5     5     5     4     5     5     6
     6     6     6     6     5     9     7     7     5     7     6    10
     6     5     7     8    12    23    35
    20    23    20    18    18    17    13    14    14    14    12    13
    10    12    11    11    11    10    11    10     9    10    11     9
     9    10    10    10    10    13    14    16    13    16    11    16
    11    11    12    12    15    19    24
  1.40  1.30  1.30  0.80  0.90  0.90  0.70  0.80  0.80  0.80  0.70  0.70
  0.60  0.70  0.60  0.60  0.70  0.50  0.50  0.50  0.40  0.50  0.50  0.60
  0.60  0.60  0.60  0.60  0.50  0.90  0.70  0.70  0.50  0.70  0.60  1.00
  0.60  0.50  0.70  0.80  1.20  2.30  3.50
  2.00  2.30  2.00  1.80  1.80  1.70  1.30  1.40  1.40  1.40  1.20  1.30
  1.00  1.20  1.10  1.10  1.10  1.00  1.10  1.00  0.90  1.00  1.10  0.90
  0.90  1.00  1.00  1.00  1.00  1.30  1.40  1.60  1.30  1.60  1.10  1.60
  1.10  1.10  1.20  1.20  1.50  1.90  2.40
dtype=   t180   mean,std
    15    16
  1.50  1.60
dtype=   t181   mean,std
    18    23
  1.80  2.30
dtype=   t187   mean,std
    18    27
  1.80  2.70
dtype=   t188   mean,std
    25    36
  2.50  3.60
