  KARX      268.81   43.82       4
    937.50  912.50    3.56    1.27   -0.62   -0.85   30.36   27.65    7.55    7.24  3
    837.50  812.50   -3.18   -4.09    1.14    0.79   42.15   33.22    5.36    4.76  3
    812.50  787.50   12.07    6.14    0.46    0.59   37.09   26.94    5.72    4.53  3
    687.50  662.50    0.47    1.14    0.06   -0.02   36.56   33.80    4.45    3.37  3
  KBGM      284.02   42.20       4
    937.50  912.50   -5.15   -7.10   -0.80   -0.43   50.34   47.76    5.92    5.38  3
    812.50  787.50   -8.68   -8.89   -0.45   -0.35   54.39   51.34    4.07    3.87  3
    787.50  762.50    2.40    1.49   -0.41   -0.21   46.34   43.37    3.68    3.53  3
    687.50  662.50   -0.99   -2.50   -0.56   -0.33   61.29   47.60    4.05    2.80  3
