  KARX      268.81   43.82       4
         4   52.00    3.56    1.27   -0.62   -0.85   30.36   27.65    7.55    7.24   92.00    0.00  3
      0.00    0.24   16.95    3.29 -999.00 -999.00 -999.00 -999.00
         8   52.00   -3.18   -4.09    1.14    0.79   42.15   33.22    5.36    4.76   89.00    0.00  3
      0.00    0.00   13.59    1.64 -999.00 -999.00 -999.00 -999.00
         9   53.00   12.07    6.14    0.46    0.59   37.09   26.94    5.72    4.53   80.00    0.00  3
      0.39    0.16   19.37    1.97 -999.00 -999.00 -999.00 -999.00
        14   52.00    0.47    1.14    0.06   -0.02   36.56   33.80    4.45    3.37   47.00    0.00  3
      0.00    0.00    0.00    0.00 -999.00 -999.00 -999.00 -999.00
  KBGM      284.02   42.20       4
         4   69.00   -5.15   -7.10   -0.80   -0.43   50.34   47.76    5.92    5.38  141.00    0.00  3
      0.00    0.00   23.89    3.21    7.07   -0.78   25.61    8.85
         9   65.00   -8.68   -8.89   -0.45   -0.35   54.39   51.34    4.07    3.87   98.00    0.00  3
      0.00    0.00   27.85    0.99    0.00    0.00   35.55   29.69
        10   65.00    2.40    1.49   -0.41   -0.21   46.34   43.37    3.68    3.53   86.00    0.00  3
      0.00    0.00    0.00    0.00    2.12    0.00   30.28    5.21
        14   69.00   -0.99   -2.50   -0.56   -0.33   61.29   47.60    4.05    2.80   92.00    0.00  3
      0.00    0.00    0.00    0.00    0.00    0.00   11.99    0.00
