  46027     235.60   41.90  -30.25  -36.75   -0.28    0.43   79.31   73.55    2.41    2.44  3
     80.00    0.00   -4.30   -0.41   48.05    2.31
     80.00  -31.36    4.95   65.48   24.96
  ATKA2     185.83   52.23    7.33    4.16   -0.88   -0.39   44.72   40.44    2.63    2.07  3
    223.00   19.00   14.51   -0.58   38.47    2.58
     74.00   18.28   15.24   52.36   35.91
  MRKA2     213.34   61.08  -31.59  -33.14    2.18    2.22   59.88   53.18    2.08    1.99  3
    243.00    0.00  -20.02    1.80   60.40    1.38
     81.00  -44.63   -6.78   60.26   35.03
  POTA2     213.30   61.06    9.49   14.13    1.41    1.60   51.34   53.53    2.28    2.25  3
    240.00    0.00    1.75    0.80   21.44    2.17
     80.00    4.39    1.43   46.81   10.44
  WDC6698   202.10   21.30    7.81    8.92   -0.22    0.36   27.16   26.44    2.63    2.38  3
     63.00    0.00    5.37   -0.10   23.33    2.80
     63.00   17.41    3.35   25.30   16.63
  LGWS        3.50   58.10    0.21   -0.01   -0.53   -0.36   54.61   54.11    2.48    2.26  3
    141.00    0.00   -0.55   -0.27   22.09    2.15
     74.00    1.72   -1.71    9.24   92.22
  VCVA2     189.71   57.13   11.09   10.14   -2.28   -1.68   25.44   22.51    2.46    1.81  3
    143.00    3.00    4.51   -1.92   15.72    2.00
     77.00    6.35    3.42   10.92   22.15
  CGCB      294.20   44.90   -3.06   -4.92    0.31    0.73   45.63   43.65    1.67    1.52  3
    130.00    1.00    5.00    0.53   23.22    1.69
     80.00    7.53    3.67   34.10   17.89
  CGJV      304.80   47.60   -9.74  -10.75   -0.86   -0.71   41.75   39.01    2.08    1.96  3
     74.00    0.00   -6.32   -0.80   31.73    1.98
     74.00  -14.69   -2.78   42.53   23.81
  DBKV        4.00   57.60    4.83    1.83    0.01    0.15   28.96   23.80    1.72    1.45  3
    143.00    2.00    5.16    0.33   14.82    1.37
     71.00    3.24   -2.30   17.61   16.39
  KGCA2     197.67   55.06    8.94    6.64    0.82    1.08   38.52   29.95    2.39    1.69  3
   1347.00    1.00    7.74    0.22   36.00    2.15
     81.00   15.96    1.18   45.45   42.06
  VAAP      297.30   48.70   -1.61   -0.44    1.04    1.35   44.90   41.48    2.22    1.96  3
     46.00    1.00    6.44    1.45   34.18    2.23
     45.00 -999.00 -999.00 -999.00 -999.00
  VCBW      290.80   61.60   -1.81    0.44    2.38    1.98   22.87   17.17    1.78    1.53  3
    157.00    0.00    1.87    2.55   14.76    1.66
     81.00   -4.77    9.36   19.72   13.59
  VOCJ      300.90   47.60    0.53    0.70    0.58    1.03   37.93   31.98    1.91    1.56  3
    157.00    0.00    3.56    0.82   20.20    2.00
     81.00   -4.58    9.08   30.81   21.62
  VOFG      298.60   45.60   -9.25   -9.40    0.10    0.28   54.43   52.89    1.81    1.55  3
     76.00    0.00   -6.04   -0.29   37.19    1.38
     76.00  -10.94  -10.70   53.45   34.28
  VOLG      304.30   46.00   17.33   17.44   -1.44   -1.07   57.93   57.82    2.38    2.13  3
    156.00   13.00    7.72   -1.31   35.03    2.03
     75.00   19.39   20.46   26.32   48.24
  VXKF      300.40   46.80   -6.63   -6.26    0.50    0.97   26.38   23.79    1.97    1.65  3
    157.00    2.00   -4.42    0.74   18.79    1.79
     80.00   -8.37   -2.73   15.95   20.44
  WTEG      235.00   45.20   -9.61   -9.16    0.75    1.15   35.64   33.32    1.92    1.74  3
     80.00    1.00   -4.47    0.98   20.25    1.93
     65.00   -7.30   -3.40   21.14   22.28
