  01209       6.07   62.18    6.78    7.45   -1.44   -1.09  101.48  101.17    1.62    1.50  3
     74.00    0.00   29.46   -1.44  115.27    1.47
     74.00   16.69   31.00  112.29  108.76
  01217       7.27   62.75  -23.64  -18.76    0.79    1.11   85.19   84.80    2.13    1.96  3
     74.00    0.00  -15.17    0.65   84.76    1.49
     74.00   -8.72  -23.29  109.95   77.08
  01218       7.42   62.23   -0.12   -1.52   -2.38   -1.87   92.61   94.27    1.83    1.61  3
     78.00    1.00    5.87   -2.56   87.22    1.75
     77.00    6.38    5.91  148.60  115.62
  01232       7.84   62.44    5.53    6.32   -1.79   -1.32   84.52   84.41    1.66    1.37  3
     77.00    0.00    4.40   -1.97   82.84    1.80
     77.00  -13.28   13.65   91.91   84.82
  01245       9.66   62.60   30.34   31.74   -1.82   -1.28   81.63   81.64    2.24    1.96  3
     78.00    1.00   30.10   -2.05   94.28    2.17
     77.00   44.66   36.43  102.55  109.25
  01265      10.78   62.28    2.17    3.35   -1.58   -1.10   73.74   73.48    1.53    1.30  3
     76.00    0.00   -6.84   -1.63   54.16    1.41
     76.00   46.72   -8.46   96.70   53.88
  01293      11.72   63.41  -26.60  -24.86   -1.96   -1.55   70.36   70.80    1.52    1.47  3
     81.00    0.00   -2.08   -1.90   90.64    1.47
     81.00  -27.24  -34.22   46.54   25.22
  01320       6.12   61.83  -46.50  -42.60   -0.66   -0.34   89.14   89.14    1.93    1.84  3
     57.00    0.00  -53.90   -1.03  104.23    1.92
     57.00  -81.41  -18.34  119.57   85.10
  01329       6.27   60.35    9.79   11.15   -0.16    0.13   82.84   85.55    2.28    2.22  3
     81.00    0.00    1.24   -0.08   52.11    2.14
     81.00   -1.51    0.86   80.75   45.02
  01337       6.42   60.62  -11.51  -10.20   -2.19   -1.87   89.95   87.92    1.64    1.52  3
     80.00    0.00  -30.43   -1.92   81.61    1.37
     80.00  -34.32  -16.23   69.55   67.78
  01347       7.13   61.15  -20.00  -10.02   -0.20    0.09   72.77   71.60    1.85    1.72  3
     75.00    0.00  -14.40   -0.43   53.68    1.72
     75.00  -12.45  -13.37   68.64   51.02
  01361       7.66   62.01   -4.15   -0.43   -1.48   -0.99   70.42   69.88    1.59    1.42  3
     78.00    1.00    3.27   -1.48   71.58    1.60
     77.00    5.25    5.56   61.28  114.63
  01373       9.13   60.56    5.93   13.02   -1.18   -0.75   92.55   91.01    1.42    1.26  3
     78.00    0.00   -4.42   -1.10  119.37    1.27
     78.00   43.10  -23.35  107.78  119.30
  01392      12.01   60.61  -29.27  -28.12   -0.45   -0.20   89.98   89.05    1.02    0.90  3
     80.00    0.00  -58.32   -0.40   76.75    0.99
     80.00  -51.91  -76.00   86.85   74.61
  01425       6.52   58.52    7.77    8.67   -2.02   -1.88   79.42   77.75    1.56    1.43  3
     78.00    2.00   10.47   -2.02   93.65    1.51
     76.00   15.33  -22.83   92.28   81.11
  01434       7.37   59.77    7.65    8.17   -2.42   -2.03   73.15   73.52    1.69    1.53  3
     80.00    0.00    8.92   -1.37   50.81    1.49
     80.00   13.11  -20.25   70.44   47.82
  01442       7.80   58.67  -23.34  -22.24   -0.19    0.42   80.08   77.52    2.16    1.83  3
     78.00    6.00  -33.83    0.12   93.88    1.75
     72.00   -2.19  -38.29   91.99   80.43
  01447       8.19   59.49  -45.43  -46.12   -1.07   -0.67   79.30   75.85    1.12    1.02  3
     76.00    0.00  -61.48   -1.04   61.26    1.21
     76.00  -67.56  -64.74   61.15   54.17
  04270     314.58   61.17    0.83  -11.74    1.43    1.49   76.97   73.60    2.13    1.97  3
     79.00    2.00   -0.07    1.22   65.32    1.29
     77.00    2.79   -4.35   62.66   59.65
  06011     353.23   62.02  -44.27  -43.84   -3.46   -2.97   93.34   92.79    1.80    1.69  3
    152.00   22.00  -77.64   -3.57   39.41    2.00
     67.00 -100.27  -72.47   34.16  161.76
  06602       7.34   47.35   22.68   20.94   -1.32   -0.61   91.70   89.34    1.56    1.13  3
     77.00    1.00   30.94   -1.35   98.08    1.13
     76.00   47.11    4.21  113.07   85.64
  06604       6.95   47.00   -2.52    5.13   -0.48    0.13   83.93   77.26    1.41    1.14  3
     77.00    0.00    6.49   -0.34   76.35    1.37
     77.00    5.89    8.95   75.50   87.99
  06606       7.05   47.04   -2.78    2.21   -0.66   -0.02   76.64   76.07    1.37    1.12  3
     77.00    0.00   -0.54   -0.62   63.94    1.40
     77.00   -0.32  -16.63   67.75   64.67
  06615       7.22   46.07    0.49   11.09   -0.76   -0.49   79.16   82.83    1.31    1.26  3
     68.00    0.00   16.45   -0.94   62.20    1.38
     68.00   10.76   17.10   58.06   67.08
  06618       6.56   46.73   18.34   22.81   -0.32    0.17   73.59   71.06    1.38    1.31  3
     77.00    0.00    2.85   -0.46   69.03    1.35
     77.00   29.45   -1.85  112.93   96.93
  06619       6.58   46.83   12.86    6.30    0.42    0.45   75.68   68.89    1.12    1.09  3
     71.00    0.00    5.71    0.39   63.33    1.10
     71.00   -0.09    6.25   51.27   79.68
  06624       8.47   47.69   -1.04   -3.51    0.28    0.31   72.07   70.48    1.08    1.08  3
     71.00    0.00   -4.18    0.20   63.63    0.89
     71.00    8.53   -5.57   67.04   38.94
  06625       7.11   46.77   10.62   28.57    0.23    0.51   82.77   75.42    1.26    1.22  3
     71.00    0.00    1.79   -0.07   75.10    0.88
     71.00    2.35   -4.71  121.97   69.93
  06626       7.97   47.36   39.57   35.83    0.13    0.33   90.18   86.70    1.21    0.99  3
     67.00    0.00   28.81    0.04   85.81    1.28
     67.00   16.26   36.44   81.29  121.61
  06627       7.13   46.47  -27.75  -21.13   -0.49   -0.14  102.34   97.38    1.20    1.15  3
     77.00    0.00  -62.30   -0.54  106.60    1.10
     77.00  -66.00  -42.37  119.19  111.72
  06633       8.08   47.38   26.74   31.24   -0.18    0.00   79.86   72.07    0.90    0.69  3
     66.00    0.00   18.51   -0.24   78.76    0.65
     66.00   13.13   38.57  110.11   65.52
  06635       7.60   47.11   -6.49   -1.31    0.41    0.64   79.22   76.38    1.22    1.11  3
     71.00    0.00   -4.38    0.23   62.08    1.47
     71.00   24.48  -10.76   67.78   61.08
  06636       7.27   46.97    0.78    7.10   -1.19   -0.53   86.93   79.42    1.21    0.89  3
     77.00    0.00   10.96   -1.00   77.82    1.31
     77.00    7.52    9.86   73.12   85.86
  06637       8.16   46.73   -5.15    4.66   -0.23    0.16   82.83   83.20    1.56    1.42  3
     67.00    0.00  -24.29   -0.49   75.67    1.61
     67.00   81.06  -35.41  121.20   51.96
  06638       7.80   46.93   25.25   29.73   -0.45   -0.10   93.09   89.10    1.07    0.87  3
     64.00    0.00   17.03   -0.61  111.07    0.75
     64.00   51.99    5.25  106.27  130.31
  06641       7.87   47.57   -0.66   -1.15    0.29    0.40   79.49   74.77    1.52    1.52  3
     66.00    0.00   -7.20    0.34   77.41    1.36
     66.00    3.18   51.62   73.51  120.55
  06643       7.78   47.25    0.85    4.66   -0.18    0.04   75.74   74.85    1.08    0.86  3
     64.00    0.00   11.72   -0.36   40.06    0.80
     64.00   20.76   13.51   41.74   60.26
  06644       8.23   47.24   -2.36    3.65    0.19    0.47   75.51   72.23    1.02    0.79  3
     66.00    0.00    2.50    0.29   68.30    1.12
     66.00    9.05    7.96   80.33   54.14
  06646       8.23   47.55    5.54    8.23   -0.27   -0.28   76.99   78.81    0.76    0.67  3
     67.00    0.00    4.97   -0.35   85.54    0.93
     67.00   -4.81   13.28   85.56   81.84
  06648       8.00   47.17   17.07   24.92    0.21    0.49   85.00   83.07    1.54    1.34  3
     67.00    0.00   16.95    0.14   89.07    1.36
     67.00   33.33   17.05   70.13  121.82
  06649       9.61   47.37   19.00   19.68    0.57    0.90   77.61   79.39    1.37    1.30  3
     66.00    0.00   33.17    1.08   75.55    1.72
     66.00   34.47   20.83   72.60   82.61
  06650       8.30   47.03   37.63   41.77    0.02    0.42   86.21   83.79    1.07    0.95  3
     71.00    0.00   53.13    0.00   78.33    1.01
     71.00   48.06   48.87   77.67  113.19
  06655       8.42   46.82  -23.25  -15.25   -0.29    0.07   96.58  100.14    1.34    1.15  3
     67.00    0.00  -73.93   -0.23   70.67    1.27
     67.00  -27.87  -84.57   96.66  142.25
  06656       8.06   46.74  -38.67  -26.74   -0.48   -0.09   87.58   89.94    1.03    0.92  3
     66.00    0.00  -50.99   -0.70   57.58    0.72
     66.00   -2.63  -60.14   90.39   61.91
  06657       8.19   46.84   34.90   39.15   -0.87   -0.50   95.45   99.00    0.97    0.82  3
     67.00    0.00   69.23   -0.87   95.29    1.00
     67.00   73.27   41.60   87.00  122.91
  06659       8.25   46.98   11.44   14.73    1.90    2.27   88.46   85.56    2.09    2.02  3
     66.00    0.00   28.00    1.37   69.46    1.66
     66.00   20.95   28.00  126.69   57.95
  06660       8.56   47.37   -4.02   -1.35   -0.23    0.36   74.01   71.77    0.91    0.78  3
     77.00    0.00  -15.66   -0.27   40.46    0.91
     77.00  -12.49  -29.02   64.31   31.21
  06662       8.63   47.08  -75.16  -62.20    0.72    1.09   71.21   74.91    1.05    0.99  3
     66.00    0.00 -102.66    0.92   37.79    1.01
     66.00  -94.16 -103.81   50.40   28.50
  06664       8.52   47.43   45.95   39.56   -0.11    0.10   84.69   78.40    0.79    0.74  3
     70.00    0.00   25.99    0.35   74.03    1.00
     70.00   21.66   34.05   96.16  104.78
  06666       8.18   47.59   15.79   21.99    0.21    0.20   75.15   78.43    0.95    0.85  3
     66.00    0.00    5.10    0.14   79.85    1.12
     66.00    5.10   23.05   64.37   87.15
  06668       8.59   46.69    3.31    9.88    0.18    0.43   72.65   76.66    1.42    1.26  3
     66.00    0.00    6.63    0.14   30.82    1.56
     66.00   13.56    4.14   35.70   42.45
  06670       8.52   47.48   33.06   27.87    0.87    1.02   80.08   70.56    1.16    1.12  3
     71.00    0.00   16.53    0.51   79.70    0.76
     71.00   10.77    9.09  100.10   59.94
  06672       8.62   46.88    5.99   12.40    0.20    0.54   76.98   81.78    1.95    1.93  3
     66.00    0.00    3.07   -0.24   46.40    1.56
     66.00    4.26    3.28   90.51   40.27
  06674       8.52   47.23    3.90    2.54    0.14    0.50  103.23  102.50    0.82    0.72  3
     71.00    0.00   -2.47   -0.06  143.65    0.71
     71.00   -2.75   -5.61  180.28  117.40
  06675       8.75   47.13   34.50   40.21   -0.56    0.00   76.13   74.58    0.93    1.02  3
     77.00    0.00   22.17   -0.45   68.63    0.94
     77.00   31.28   13.95   68.79  129.43
  06678       9.23   47.49   50.50   45.18   -1.10   -0.47   74.65   79.46    1.29    0.85  3
     77.00    0.00   57.53   -0.96   78.16    1.06
     77.00   57.68   42.53   66.72   92.12
  06680       9.35   47.25   25.59   23.73    1.56    1.94   84.06   84.03    2.39    2.47  3
     66.00    5.00   38.10    1.20   70.76    2.67
     61.00   19.90   49.56   82.37   88.23
  06682       9.17   46.92    3.09   -5.86   -0.62   -0.28   70.04   69.09    0.97    0.93  3
     70.00    0.00   12.04   -0.49   63.37    0.84
     70.00    4.81    4.82   52.62   73.35
  06683       8.94   47.22  -52.42  -47.68    0.21    0.60   79.22   83.51    1.23    1.28  3
     71.00    0.00  -78.69    0.08   51.77    0.87
     71.00  -58.92  -81.70  151.03   69.18
  06685       9.07   47.03   24.12   23.19    0.25    0.65   85.82   86.69    2.05    1.98  3
     70.00    0.00   28.28   -0.36   92.67    1.41
     70.00   28.83   29.21   67.05  101.98
  06687       9.21   47.12   -5.77  -11.14   -0.24    0.27  105.59  107.04    1.57    1.42  3
     77.00    0.00   -7.13   -0.58  151.35    1.15
     77.00  -11.94  -33.64  174.03  123.91
  06690       9.56   47.48   -9.63  -12.91    0.26    0.61   80.08   78.95    1.10    1.03  3
     70.00    0.00   -8.51    0.25   84.67    1.25
     70.00  -20.85   -6.65  116.81   90.55
  06693       9.10   47.27   63.75   64.88   -0.99   -0.39   95.85   93.47    0.96    0.76  3
     77.00    0.00   94.73   -1.02  101.08    0.91
     77.00  106.84   98.02   94.35  107.39
  06695       8.58   46.63   -7.19   -4.48    1.28    1.49   76.75   79.22    2.58    2.39  3
     66.00    0.00   -3.73    0.41   69.89    1.79
     66.00    5.87  -15.44   65.40   73.20
  06700       6.13   46.25   21.68   28.76    0.54    0.63   83.97   74.24    1.25    1.20  3
     66.00    0.00   20.82    0.25   82.89    0.92
     66.00   35.28    5.80   54.66  117.85
  06703       6.31   46.67    9.62    6.05    0.52    0.57   74.66   69.50    1.30    1.22  3
     71.00    0.00    5.19    0.18   66.51    0.90
     71.00    7.54   -6.33   86.75   53.23
  06704       6.34   46.52   18.41   14.46    0.46    0.53   74.66   65.28    1.00    1.00  3
     66.00    0.00   25.90    0.42   65.70    1.00
     66.00    3.29   16.68   50.67   81.99
  06711       6.67   46.52  -29.37  -24.05   -0.59   -0.17   83.52   74.22    1.39    1.24  3
     77.00    0.00  -35.49   -0.44   73.36    1.31
     77.00  -30.45  -43.66   85.43   78.75
  06714       7.23   46.41   -1.66    3.16    1.85    2.19   82.95   87.67    1.96    2.00  3
     71.00    1.00  -13.55    1.54  103.62    1.59
     70.00   17.56  -12.16  102.66  109.39
  06716       7.62   46.14  -25.13  -14.94    0.11    0.39   93.75   98.09    1.63    1.38  3
     66.00    0.00    9.88    0.28   85.71    1.63
     66.00   16.36  -43.57   67.16  142.07
  06717       7.17   45.86  -24.85  -27.60    2.08    2.27   95.71   94.69    1.41    1.32  3
     71.00    5.00  -19.87    2.05  125.54    1.30
     66.00    3.27  -34.10  113.97  137.30
  06723       7.26   46.09  -16.14  -14.65    0.40    0.68   77.27   82.78    1.45    1.39  3
     67.00    0.00  -20.18    0.34   94.37    1.29
     67.00   13.05  -56.88   87.93   82.47
  06724       7.46   46.29  -14.53  -11.44   -0.31    0.01   80.36   79.56    0.97    0.93  3
     66.00    0.00  -37.37   -0.56   69.23    0.68
     66.00  -36.69  -43.89   80.26   61.75
  06725       7.82   46.42  -68.18  -62.74   -0.19    0.13   57.58   58.60    1.20    1.04  3
     67.00    0.00  -76.20   -0.41   49.81    1.16
     67.00  -75.13  -75.64   53.37   52.94
  06727       7.85   46.30  -30.50  -24.11    0.98    1.17   81.01   83.63    1.92    1.81  3
     77.00    0.00  -31.63    0.61   85.93    2.02
     77.00  -52.63  -31.13   79.98   57.71
  06730       7.98   46.55   -7.22   -1.56    2.29    2.50   87.66   82.11    2.17    2.29  3
     77.00    2.00  -15.10    2.18   73.46    2.61
     75.00  -15.63  -23.98   79.45   72.84
  06731       7.58   46.74   37.12   53.50   -0.04    0.30   78.27   73.62    1.17    0.99  3
     67.00    0.00   46.14   -0.18   69.52    0.99
     67.00   60.44   31.72   61.27   81.16
  06733       7.38   46.62   17.39   30.71    0.42    0.76   80.71   77.55    1.89    1.76  3
     65.00    0.00   37.18   -0.05   67.57    1.27
     65.00   46.73   21.09   52.24   69.59
  06734       7.88   46.67   18.74   27.21   -0.29    0.09   87.38   86.68    1.32    1.13  3
     67.00    1.00   31.90   -0.36   98.21    0.95
     66.00   46.78   -4.52   64.99   84.05
  06735       7.57   46.50  -14.18    0.24    0.37    0.60   92.21  103.93    1.02    1.11  3
     76.00    0.00  116.57    0.09  210.66    0.90
     76.00  -13.94  -55.98  136.69   75.95
  06740       8.42   46.77    4.77    2.77    2.40    2.64   81.08   87.38    2.26    2.34  3
     77.00    2.00   13.13    2.20   83.36    2.52
     75.00   28.87   -3.60   69.67   97.44
  06745       8.32   46.50  -56.09  -36.84    0.23    0.44   84.29   92.91    2.32    2.17  3
     77.00    1.00  -78.61   -0.24   76.31    2.13
     76.00  -87.29  -89.85   67.36   67.29
  06749       7.78   45.98  -27.44  -30.46    0.41    0.69   84.75   82.49    1.61    1.34  3
     67.00    0.00  -15.00    0.34   72.20    1.09
     67.00  -13.36  -16.93   74.71   45.26
  06752       8.60   46.32   -3.26   -2.48    0.11    0.31   76.21   75.53    2.05    1.99  3
     71.00    0.00   20.22   -0.53   77.33    1.50
     71.00  -11.52   -1.62   43.39   63.10
  06753       8.68   46.51   -0.93   -1.25   -0.13    0.02   88.70   88.45    1.76    1.75  3
     69.00    0.00  -22.17   -0.50   80.34    1.65
     69.00   23.21  -57.94  143.55   40.43
  06758       9.16   46.25  -26.44  -22.48   -0.68   -0.33   71.35   68.77    1.31    1.17  3
     70.00    0.00   -9.99   -0.81   34.28    1.20
     70.00  -12.63   -8.20   78.39   21.96
  06771       8.93   45.85   51.26   48.68   -0.68   -0.33   78.58   84.73    0.85    0.75  3
     77.00    0.00   45.00   -0.81   94.07    0.92
     77.00   37.57   40.29  104.15  107.11
  06777       9.01   45.92   51.46   40.00    0.95    1.31   71.22   74.81    1.61    1.80  3
     76.00    0.00   56.72    0.75   63.73    1.84
     76.00   56.51   84.33   81.93   63.40
  06778      10.26   46.64  -42.85  -50.13   -0.21   -0.03   89.05   90.80    1.43    1.27  3
     64.00    0.00  -27.82   -0.27  113.97    1.32
     64.00  -39.89  -80.46  129.44  103.04
  06779       9.76   46.43   17.88   16.06    1.20    1.45   73.31   79.02    2.51    2.44  3
     71.00    0.00   33.61    0.63   50.08    2.42
     71.00   37.40   42.19   57.31   44.01
  06780       9.80   46.83    1.64    0.93    1.71    2.02   75.44   73.66    2.11    2.09  3
     65.00    0.00   -0.40    1.36   50.20    2.29
     65.00   -0.82    3.47   46.64   69.40
  06782       8.85   46.70   31.05   32.57   -0.73   -0.48   82.39   80.16    1.80    1.53  3
     66.00    0.00   46.31   -0.83   69.98    1.33
     66.00   56.45   14.70   68.66   59.05
  06783       9.18   46.47   38.62   35.11    0.00    0.34   75.34   73.80    1.54    1.53  3
     77.00    0.00   61.53   -0.07   51.42    1.35
     77.00   63.48   59.78  118.57   51.15
  06784       9.84   46.81    8.30    4.42    0.68    0.96   79.45   84.26    1.81    1.71  3
     66.00    0.00   15.61    0.27   98.30    1.68
     66.00   25.06   13.43   95.38   74.96
  06785       9.67   46.79   24.00   14.75    0.24    0.45   86.61   85.37    1.36    1.18  3
     77.00    0.00   31.55    0.14  100.47    1.16
     77.00   17.07   51.67   96.31  109.88
  06787       9.43   46.61   36.08   30.96   -0.87   -0.56   86.48   88.93    1.51    1.29  3
     67.00    0.00   33.69   -0.78   80.99    0.93
     67.00   41.34   34.23   84.43   81.62
  06791       9.82   46.42   20.79   11.45    0.91    1.17   73.73   73.14    1.95    1.97  3
     71.00    0.00   21.61    0.70   72.45    1.77
     71.00   32.76   25.50  109.14   52.25
  06792       9.88   46.53   16.95   12.58   -0.06    0.19   96.94  102.03    1.96    1.75  3
     64.00    0.00   15.73   -0.11   96.35    1.49
     64.00   53.17    7.34  147.16  115.23
  06794      10.07   46.35    4.05  -10.25   -1.25   -1.01   82.26   83.01    1.49    1.53  3
     70.00    0.00   11.66   -1.24   71.07    1.66
     70.00   20.79   19.66   80.09   82.80
  06796      10.42   46.60  -82.72  -92.01    0.19    0.40   84.76   71.45    1.47    1.26  3
     70.00    0.00 -108.58    0.21   70.68    1.28
     70.00  -90.57 -112.56   96.38   70.66
  06798      10.28   46.80    3.45   -2.32   -0.12    0.08   93.51   90.07    1.47    1.28  3
     66.00    0.00   21.76   -0.17  118.13    1.35
     66.00   49.05   15.00   96.51   75.97
  06799      10.26   46.81  -11.77  -18.59    0.91    1.11   83.60   79.74    1.67    1.62  3
     66.00    0.00   -5.25    0.88  100.91    1.37
     66.00   23.65  -42.18   82.17  115.68
  07180       6.22   48.68  -22.02  -18.90   -0.22   -0.16   71.03   69.94    1.12    1.04  3
     75.00    0.00  -13.82   -0.24   70.93    1.09
     75.00    0.91  -17.06   41.66   65.07
  07288       5.98   47.25   27.20   26.97   -0.61   -0.50   78.13   70.60    1.07    0.99  3
     74.00    0.00   17.91   -0.60   65.14    0.98
     74.00   17.17   61.83   63.46  103.20
  07460       3.17   45.78  -18.30  -17.34    0.52    0.55   78.12   75.28    1.04    0.99  3
     81.00    0.00  -14.85    0.61   67.07    1.18
     81.00   -4.42  -19.21   85.84   70.27
  07475       4.30   45.53  -20.94  -23.17   -0.28    0.08   76.20   76.22    1.07    0.95  3
     77.00    0.00   -1.91   -0.17   70.57    0.91
     77.00  -13.33   -6.33   85.55  117.13
  07491       5.87   45.63    4.39    9.07    0.64    0.80   84.70   82.17    1.45    1.36  3
     75.00    0.00   11.31    0.42   93.68    1.26
     75.00   46.62  -15.79   57.10  110.82
  07497       6.77   45.62  -13.26  -16.77   -0.11   -0.17  100.23   87.92    0.93    0.92  3
     78.00    0.00  -24.86   -0.28  123.76    0.89
     78.00   -6.42  -31.63  132.29  103.75
  07554       3.45   44.53   -0.72   -1.04    0.44    0.50   76.03   72.33    1.16    1.14  3
     75.00    0.00    8.13    0.69   64.08    0.96
     75.00    0.82   12.39   69.26   56.07
  07627       1.10   43.00   44.47   44.85   -0.36    0.04   73.32   75.52    1.09    1.02  3
     81.00    0.00   39.09   -0.44   90.04    0.86
     81.00   53.35   40.80  116.60   87.35
  08025     357.07   43.30  -11.68  -12.14    0.07    0.35   71.07   64.34    1.23    1.11  3
     76.00    0.00   -2.52    0.05   53.51    0.87
     76.00   -4.15    7.36   66.05   36.47
  08045     351.37   42.22   36.09   32.55    0.80    1.11   70.91   70.47    1.33    1.20  3
     76.00    0.00   39.51    0.81   82.65    1.26
     76.00   22.37   63.49   91.68   95.79
  08048     352.15   42.32   21.04   19.08   -0.83   -0.54   71.98   71.51    0.83    0.76  3
     67.00    0.00   31.78   -0.71   59.29    0.64
     67.00   27.09   32.92   63.02  106.15
  08053     353.42   42.53   35.60   22.57   -0.07    0.21   79.80   83.06    0.77    0.69  3
     61.00    0.00   38.66    0.00   83.01    0.81
     61.00   54.06   21.82   82.47   81.53
  08210     355.32   40.65   -5.31   -4.19    0.04    0.23   81.22   80.69    1.15    1.09  3
     68.00    0.00    7.08   -0.18   60.52    1.16
     68.00   -0.98   14.24   82.81   62.27
  08213     355.88   40.95  -21.20  -21.78    0.03    0.23   72.69   73.29    1.10    0.99  3
     66.00    0.00  -29.05   -0.12   57.90    1.19
     66.00  -18.23  -32.67   62.88   53.44
  08511     332.78   38.65   17.83   15.18   -1.16   -0.96   86.11   84.42    1.74    1.67  3
    160.00    2.00   20.56   -0.53  113.30    1.72
     79.00  -19.63   20.56   97.90  130.49
  08551     351.20   41.63  -41.58  -44.88   -1.38   -1.03   73.85   72.18    1.34    1.27  3
     80.00    0.00  -29.04   -1.15  102.59    1.36
     80.00  -92.28  -21.84   81.42   96.07
  11121      11.40   47.35   43.27   37.21    0.66    0.86   79.93   82.50    1.87    1.79  3
     65.00    0.00   58.74    0.49   57.97    1.74
     65.00   62.87   58.14   46.83   59.38
  11126      11.47   47.22    4.34    4.30    2.04    2.20   70.35   67.29    2.25    2.28  3
     65.00    2.00    3.71    1.73   30.19    1.94
     63.00    0.17    6.50   46.84   53.82
  11130      12.17   47.58   21.90   21.23   -0.21    0.18   72.79   76.93    1.04    0.98  3
     74.00    0.00   23.20    0.03   53.47    1.03
     74.00   35.89   11.86   43.30   65.37
  11204      12.82   46.83    4.47    0.38   -0.09    0.28   79.75   87.42    1.71    1.60  3
     76.00    0.00    4.44   -0.47   87.50    1.25
     76.00   14.00    3.05   87.85   98.24
  16008      10.53   46.75    3.06   -2.09    0.74    0.90   80.04   79.31    1.20    1.13  3
    151.00    0.00   -0.27    0.87   57.27    1.26
     78.00    1.79  -22.03  132.63   45.64
  16020      11.33   46.47   30.06   22.13   -0.01    0.21   86.81   88.75    0.78    0.68  3
     67.00    0.00   82.18   -0.11  114.03    0.79
     67.00   17.64   24.81  112.38  109.25
  16021      11.78   46.30  -25.86  -31.10    1.49    1.77   74.99   75.33    1.29    1.22  3
    154.00    0.00  -35.85    1.30   66.14    1.40
     79.00  -56.17  -40.99   78.48   58.77
  16022      11.03   46.15    3.68    1.81    1.26    1.60   78.72   73.42    2.10    2.22  3
     81.00    0.00    8.75    0.72   41.29    2.59
     81.00   11.56   13.67   42.39   33.16
  16052       7.70   45.93    3.18    2.42    1.32    1.45   86.52   87.32    2.16    2.36  3
     80.00    4.00   18.97    1.05  125.90    2.20
     76.00  -11.18   18.00  103.23  140.00
  16059       7.65   45.22   19.75   20.30    0.36    0.42   70.13   66.42    1.08    0.95  3
     67.00    0.00   13.39    0.48   51.06    1.19
     67.00   13.43   54.75   45.11  110.49
  16061       7.73   45.03   12.81   15.95    0.59    0.65   85.55   87.33    1.42    1.44  3
    156.00    0.00   25.76    0.56   95.27    1.39
     80.00   27.04   37.57   72.85   97.04
  16089      10.55   45.46   30.57   30.24    0.47    0.63   81.87   79.37    2.16    2.20  3
     81.00    1.00   41.11   -0.07   48.33    1.63
     80.00   31.48   44.67   47.20   61.77
  16153       8.17   43.95   23.56    7.12   -0.26    0.01   81.81   81.04    1.83    1.61  3
     81.00    0.00   13.80   -0.32   63.76    1.61
     81.00   10.66   17.19   52.67   47.67
  24585     144.40   64.55    6.49    7.47    0.13    0.30   77.94   78.30    2.06    1.95  3
     80.00    0.00    4.00    0.13   88.43    2.33
     80.00  -26.99    2.50   89.98   80.67
  24671     135.87   63.95   48.25   48.36   -2.37   -2.22   74.45   73.89    1.53    1.45  3
     80.00    0.00   19.70   -2.13   62.76    1.47
     80.00   54.03   13.98   73.66   28.98
  24684     141.72   63.33   32.56   34.10   -1.37   -1.16   73.95   73.76    1.34    1.18  3
     80.00    0.00   27.76   -1.15   76.97    1.07
     80.00   22.05   27.76   77.29   62.27
  24688     143.15   63.27   -6.62   -4.97   -0.59   -0.38   84.68   81.50    1.45    1.29  3
     80.00    0.00   -6.92   -0.45   90.70    1.03
     80.00    9.95   -9.90  103.49  101.67
  24790     148.16   62.78    0.94   -0.38   -1.12   -0.76   71.66   71.81    1.53    1.30  3
     81.00    0.00   -9.91   -0.96   58.03    1.47
     81.00   -4.41  -15.29   85.62   59.63
  24871     135.53   61.87    2.66    4.80   -0.12   -0.03   74.29   73.29    1.12    1.07  3
     74.00    0.00    3.58   -0.23   57.65    0.76
     74.00   -0.65    0.93   72.84   45.46
  24894     147.66   61.85   27.77   25.21   -1.65   -1.26   79.41   82.58    1.84    1.68  3
     81.00    0.00   25.48   -1.32   71.65    1.80
     81.00   23.36   28.85   66.44   62.41
  24982     142.78   60.72   14.59   13.78   -1.37   -1.11   81.64   81.25    1.51    1.21  3
     81.00    0.00    7.59   -1.04   80.67    1.07
     81.00   16.00   -2.70   90.78   56.62
  25627     158.50   63.30  -11.30  -10.16   -1.80   -1.52   89.61   88.95    1.89    1.67  3
     80.00    0.00  -18.59   -1.56   88.93    2.11
     80.00  -35.69  -24.61   76.79  108.28
  25700     150.66   62.80   11.60   13.13   -1.08   -0.75   71.58   70.75    1.30    1.10  3
     80.00    0.00   14.47   -1.06   71.97    1.16
     80.00   30.72  -12.04   66.23   70.29
  25705     152.31   62.45    2.92    3.40   -1.98   -1.58   80.79   78.86    1.65    1.38  3
     81.00    0.00   10.16   -1.70   68.68    1.73
     81.00   22.45    9.39   60.19   80.45
  25707     150.66   62.09   17.16   16.26   -1.11   -0.64   82.50   79.28    1.42    1.21  3
     81.00    0.00    4.55   -1.12   91.18    1.14
     81.00   54.47  -20.06   85.18   65.86
  25715     155.80   62.51   33.58   35.88   -1.84   -1.47   75.23   74.74    1.46    1.25  3
     81.00    0.00   43.30   -1.62   73.02    1.52
     81.00   55.41   47.20  108.82   65.38
  25808     152.38   61.13   28.17   26.91   -2.94   -2.54   75.38   73.99    1.96    1.68  3
     81.00    0.00   34.51   -2.65   50.87    2.08
     81.00   50.17    7.31   95.58   36.24
  25904     150.69   60.60   51.25   47.72   -2.51   -2.05   72.03   73.95    2.01    1.54  3
     80.00    1.00   42.06   -0.73   57.06    1.98
     79.00   67.68   31.10   80.30   45.58
  25916     151.35   58.83    8.46    8.38   -0.19    0.05   72.80   70.34    2.03    1.90  3
     79.00    1.00   11.45    0.30   54.78    1.75
     78.00   -9.94    3.78   70.66   55.82
  31062     137.72   59.77    9.79   10.00   -1.22   -1.02   76.88   75.95    1.47    1.28  3
     80.00    0.00    2.76   -1.28   80.47    1.51
     80.00   14.11    2.76   82.59   53.34
  31087     141.85   58.81   33.70   33.17   -0.60   -0.44   70.99   69.74    2.42    2.25  3
     80.00    2.00   34.58   -1.37   73.98    2.09
     78.00   47.15   21.82   69.60   38.03
  31152     136.15   57.65   -4.84   -5.13   -1.21   -1.03   88.19   89.90    1.38    1.27  3
     80.00    0.00  -21.20   -1.09   97.67    1.31
     80.00  -19.11  -24.54   99.40   85.80
  31168     138.15   56.45  -10.86  -10.16   -1.58   -1.31   70.64   70.20    2.52    2.14  3
     81.00    5.00  -18.70   -1.39   60.53    2.32
     76.00  -22.58  -23.12   61.77   67.06
  31174     137.53   54.83  -19.76  -17.81    0.10    0.22   72.42   70.68    1.35    1.21  3
     81.00    0.00  -11.05    0.08   67.71    1.24
     81.00  -53.68   -2.19   96.52   51.24
  31683     140.12   49.67   20.27   20.58   -2.26   -1.52   86.54   87.38    1.96    1.35  3
     81.00    0.00   13.24   -2.11   90.19    1.69
     81.00   34.44   -8.52  117.96  118.66
  31754     137.05   48.60   59.77   56.98   -1.66   -1.36   81.44   84.86    1.09    0.85  3
     80.00    0.00   67.50   -1.52  105.80    0.91
     80.00   66.75   62.66  105.91  104.89
  31770     140.30   48.97   28.00   26.66   -2.69   -1.89   78.83   79.45    2.10    1.45  3
     81.00    0.00   10.98   -2.41   71.17    1.90
     81.00   22.89  -21.42  125.73   51.59
  31801     136.18   47.67   19.56   18.26   -2.37   -1.80   94.95   96.62    1.76    1.40  3
     81.00    0.00   -3.82   -2.11  103.70    1.55
     81.00  -12.93    7.47   88.04  147.61
  31825     138.40   47.60   30.03   30.45   -1.35   -1.07   86.55   87.56    1.43    1.19  3
     80.00    0.00   45.00   -1.09   88.28    1.32
     80.00   30.89   54.03   79.84  107.53
  31832     134.27   46.80   19.70   17.31   -1.74   -1.45   79.65   78.59    1.43    1.25  3
     81.00    0.00   19.73   -1.42   83.34    1.69
     81.00   27.34    4.08   92.00  110.54
  31845     135.32   46.53   44.15   44.42   -1.28   -1.11   85.97   85.83    0.90    0.87  3
     81.00    0.00   33.98   -1.22  113.43    0.79
     81.00  103.08    0.26   67.97  106.94
  31909     136.66   45.03   16.00   14.44   -0.93   -0.73   71.50   65.93    1.04    0.94  3
     81.00    0.00   12.53   -0.98   61.67    1.03
     81.00    9.98   18.77   86.87   59.40
  32069     142.16   50.05  -36.28  -36.86   -0.43    0.25   79.01   81.04    2.44    1.95  3
     81.00   11.00  -41.14   -0.28   92.69    2.38
     70.00  -37.50  -17.25  105.51  112.49
  32215     156.13   50.68  -23.21  -22.54   -2.05   -1.79   79.16   77.90    2.27    2.07  3
     81.00    1.00  -25.69   -2.10   60.66    2.41
     80.00  -17.60  -48.15   84.19   69.87
  32583     158.65   52.86   17.74   17.46   -1.51   -1.17   71.87   69.48    2.00    1.74  3
     81.00    0.00   34.65   -1.34   64.52    1.47
     81.00   25.23   34.85   92.51   42.64
  70261     212.13   64.81   25.03   27.21   -0.81   -0.26   69.83   64.32    1.49    1.12  3
     73.00    0.00    3.09   -0.69   59.33    1.13
     72.00    9.79    4.47  114.55   67.70
  70267     214.28   64.00    8.09   20.20    0.84    1.06   72.81   72.67    1.87    1.77  3
     57.00    0.00   -4.55    0.80   67.69    1.52
     57.00   -9.25    4.18   68.84   61.57
  70381     225.42   58.37   -6.08    0.57    1.09    1.56   83.07   86.32    2.23    2.07  3
     78.00    0.00   -6.47    1.70   85.33    2.16
     78.00   -6.47   40.48   67.67   78.38
  71028     235.60   51.67   33.11   34.02    0.04    0.20   89.82   90.10    1.14    1.07  3
     79.00    0.00   53.65   -0.01  106.16    1.16
     79.00   90.60   71.75   55.04   97.08
  71032     239.49   49.46   27.88   40.96   -1.31   -0.74   85.70   85.65    1.52    1.39  3
     79.00    0.00   48.18   -1.31   63.36    1.42
     79.00   32.08   68.12   94.98   69.36
  71039     223.82   62.10   24.15   26.39   -0.01    0.22   85.69   80.75    1.25    1.24  3
     77.00    0.00    8.13   -0.14   89.61    1.14
     77.00  -43.95   38.36   48.21   85.02
  71045     227.28   60.16  -17.17  -15.69   -0.39   -0.17   79.68   79.37    1.20    1.10  3
     78.00    0.00  -18.58   -0.34   71.16    0.94
     78.00   -3.87  -33.79   55.55   88.42
  71050     235.87   52.11    4.95    2.88    0.07    0.16   74.52   75.67    1.18    1.06  3
     79.00    0.00    6.70   -0.22   61.79    1.17
     79.00   -4.04   23.40   61.67   61.80
  71108     237.64   49.03   28.94   29.05    0.80    1.20   75.81   70.00    1.16    1.13  3
     78.00    0.00    8.21    0.85   80.60    1.39
     78.00   15.62   -2.64   97.66   91.99
  71109     232.64   50.68  -20.66  -19.90   -0.27   -0.24   71.58   70.36    1.39    1.41  3
     79.00    0.00  -19.94   -0.28   80.72    1.20
     79.00  -69.62    8.22   88.92   56.67
  71113     238.24   49.24   -2.79   -6.26   -0.12    0.34   99.29   92.39    0.78    0.84  3
     79.00    0.00  -26.88   -0.09  108.03    0.67
     79.00  -42.36  -26.06  122.32  127.01
  71115     240.81   50.23  -36.25  -36.62   -0.05    0.10   82.27   76.99    1.57    1.40  3
     80.00    0.00  -49.88   -0.35   87.41    1.16
     80.00  -34.93  -15.14   90.27  139.92
  71188     295.52   48.78   31.08   29.19   -0.06    0.37   71.99   72.52    1.67    1.40  3
     78.00    0.00   25.77   -0.21   67.28    1.47
     78.00   56.34   15.83   98.60   59.60
  71192     237.49   53.02   -2.30   -4.75    0.31    0.27   78.08   78.35    0.98    0.94  3
     78.00    0.00    1.70    0.19   71.05    0.76
     78.00  -26.95   26.85   97.72   50.62
  71199     231.19   60.11    1.33    0.19   -1.05   -0.71   73.05   71.18    1.58    1.36  3
     78.00    0.00    9.60   -0.91   45.06    1.42
     78.00    8.56   18.22   26.96   64.33
  71203     240.62   49.96  -26.86  -22.61    0.28    0.61   80.52   81.29    1.93    1.84  3
     79.00    1.00  -37.45    0.00   85.56    1.12
     78.00  -20.55  -41.87   80.80   42.24
  71207     236.84   49.78   -1.86    2.68   -0.28   -0.21   86.74   80.25    1.14    1.22  3
     79.00    0.00  -18.00   -0.31   75.80    1.09
     79.00  -28.19   31.43   44.46  127.84
  71215     240.57   49.03  -17.78   -9.38    0.29    0.71   80.11   82.16    1.23    1.30  3
     78.00    0.00  -20.50    0.01   71.40    0.78
     78.00  -20.50   -3.17   82.67   72.40
  71216     242.20   50.25  -13.81  -19.55   -0.61   -0.48   84.65   88.10    0.84    0.82  3
     80.00    0.00   -4.07   -0.52   95.54    0.86
     80.00   -9.22  -15.38   99.56   92.05
  71218     240.72   50.70   35.60   37.30    0.15    0.23   95.74   96.65    1.03    0.99  3
     78.00    0.00   45.00    0.11  105.84    0.58
     78.00   81.87   34.13   75.10  126.90
  71252     241.67   53.38   18.05   15.09   -0.87   -0.46   91.88   90.50    1.24    1.00  3
     79.00    0.00   37.88   -0.91  104.64    1.03
     79.00   -1.50   53.77  127.68   85.58
  71268     232.82   54.82    2.47   -7.52   -0.13   -0.01   89.97   85.79    1.15    1.08  3
     74.00    0.00   20.51   -0.15   92.59    1.12
     74.00    5.75   43.15  120.38   69.48
  71290     236.87   55.28  -37.25  -28.56   -0.08    0.07   71.84   75.93    1.17    1.08  3
     78.00    0.00  -35.00    0.09   70.18    0.98
     78.00  -32.94  -25.09   71.99   82.12
  71376     285.44   46.08  -18.22  -14.23   -1.10   -0.86   96.74   96.23    0.74    0.70  3
     72.00    0.00    2.13   -1.11   95.20    0.78
     72.00  -62.69   14.54  153.13   91.69
  71401     242.27   49.12   41.99   43.48   -0.08    0.29   79.98   78.02    1.12    0.99  3
     77.00    0.00   52.89   -0.22   71.38    1.05
     77.00   45.87   71.39   66.84   70.59
  71448     263.94   50.18   70.07   69.72   -0.80   -0.22   68.25   66.13    0.99    0.84  3
     69.00    0.00   51.34   -0.68   86.16    0.87
     69.00   80.58    6.15   70.51   27.37
  71475     235.07   49.31  -15.52  -31.64    0.23    0.03   90.79   94.34    1.37    1.54  3
     78.00    0.00  -21.88    0.45   94.70    1.17
     78.00  -34.48    2.91   92.02  103.01
  71482     232.54   52.18   -0.39   -0.84    2.43    2.51   72.93   70.64    2.15    2.11  3
     75.00    1.00  -16.87    2.17   60.36    1.33
     74.00   -7.44  -22.21   87.96   46.56
  71505     222.41   60.76    8.59   12.29   -1.24   -0.82   97.48   96.75    1.51    1.31  3
     79.00    0.00   40.96   -1.27   80.55    1.52
     79.00   78.74   21.96   61.74  115.79
  71522     288.83   49.83    8.37    7.70   -0.48   -0.38   72.92   70.31    1.21    0.98  3
     77.00    0.00    0.56   -0.56   53.98    1.21
     77.00   12.68   -6.67   71.14   33.03
  71582     231.85   52.18   13.90   12.82   -0.21   -0.17   79.16   75.16    1.17    1.16  3
     62.00    0.00    5.83   -0.22   66.59    1.29
     62.00   25.29   -0.29   69.08   48.78
  71590     291.69   47.41    9.42    5.65   -1.81   -0.60   74.65   70.81    1.26    0.88  3
     79.00    0.00  -10.27   -1.83   62.06    1.14
     79.00   12.28  -12.72   89.34   51.41
  71605     236.52   49.52   58.82   56.76   -1.12   -0.93   86.05   86.59    0.90    0.85  3
     78.00    0.00   73.04   -1.20  101.13    0.91
     78.00   68.84   72.38   98.39   88.86
  71625     282.69   45.95    7.09   12.72    0.34    0.42   70.65   71.18    1.24    1.10  3
     77.00    0.00    7.89    0.20   63.60    1.00
     77.00    6.10    8.18   55.53   85.13
  71636     245.32   54.13   11.92   10.27   -1.11   -0.75   70.74   65.73    1.18    0.95  3
     79.00    0.00    3.37   -0.91   38.62    1.13
     79.00    2.78    6.84   43.66   25.63
  71645     239.93   51.67    5.81    3.42   -0.38   -0.24   87.62   86.74    0.82    0.78  3
     60.00    0.00    9.72   -0.38   92.75    0.84
     60.00    9.72   11.94   51.51  116.38
  71669     245.60   50.37   -5.05   -3.50   -2.06   -1.52   78.44   78.20    1.40    1.07  3
     79.00    0.00  -17.17   -1.72   65.75    1.22
     79.00  -23.07   27.29   34.07  118.69
  71679     234.01   53.77   -2.94   -5.27    0.32    0.47   72.07   69.42    1.60    1.47  3
     80.00    0.00    3.74    0.11   69.01    1.25
     80.00    2.86    0.50   96.63   52.80
  71682     237.15   61.12   41.53   43.66   -1.02   -0.85   70.87   69.17    0.89    0.71  3
     78.00    0.00   18.93   -0.76   60.16    0.87
     78.00   13.34   35.69   51.79   80.58
  71688     236.90   50.14   -0.54    1.27   -0.96   -0.69   90.47   91.56    0.76    0.68  3
     79.00    0.00   -0.75   -0.89   88.51    0.74
     79.00   -6.69    8.97   64.82  121.79
  71727     289.00   48.33    6.46    9.83    0.92    1.11   77.56   72.14    1.55    1.45  3
     79.00    0.00  -12.53    1.03   35.18    1.60
     79.00   -7.48  -20.77   91.49   24.22
  71741     239.56   50.70  -34.03  -28.55    1.16    1.34   79.84   79.97    1.67    1.62  3
     79.00    0.00  -27.18    0.99   94.32    1.67
     79.00    2.26  -30.44   95.96   59.69
  71753     296.95   45.23  -11.22  -12.38   -0.25    0.00   71.19   68.30    1.10    0.97  3
     79.00    0.00    5.86   -0.27   39.56    1.19
     79.00    7.80   -4.66   47.04   58.36
  71768     240.35   49.56   17.03   27.12    0.51    0.87   86.70   89.14    1.34    1.19  3
     72.00    0.00   39.13    0.56   76.07    1.30
     72.00   23.14   48.10   84.47   89.28
  71770     243.49   49.08   13.48    4.07    0.23    0.59   80.38   80.25    1.28    1.19  3
     78.00    0.00   21.61    0.09   89.95    0.99
     78.00   32.29   35.28   69.30  121.98
  71776     242.71   49.49   -3.60  -25.30    0.20    0.72  102.18   96.94    1.32    1.28  3
     80.00    0.00   -4.61    0.06  120.31    1.14
     80.00   47.67  -18.43  117.48  149.90
  71779     237.50   53.02   20.55   15.40   -0.03   -0.08   80.03   80.79    0.91    0.88  3
     74.00    0.00   22.94   -0.12   77.05    0.66
     74.00   28.87   26.91   93.99   51.75
  71782     245.12   49.75  -11.60  -11.30    0.13    0.63   74.19   78.62    1.67    1.62  3
     78.00    0.00  -27.86    0.16   74.92    1.28
     78.00  -25.45   -0.89   80.26   70.16
  71799     236.59   48.65  -37.70  -42.93    0.59    0.75   72.53   72.97    1.54    1.45  3
     75.00    0.00  -41.57    0.56   70.36    1.30
     75.00  -72.09  -32.10   47.68   58.33
  71856     303.45   48.80   65.48   63.81   -2.59   -2.24   69.96   68.99    1.13    1.08  3
     78.00    0.00   50.06   -2.58   81.42    1.17
     78.00  110.18   33.97   92.94   62.51
  71880     244.22   49.61   40.65   34.45    1.19    1.44   75.01   77.38    1.49    1.50  3
     69.00    0.00   46.33    1.08   88.45    1.15
     69.00   67.15   62.64  108.93   65.54
  71883     240.71   52.13   11.91   11.65   -1.13   -1.00  104.67  103.97    1.30    1.26  3
     76.00    0.00   28.49   -1.24  128.86    1.01
     76.00   54.15   48.83  129.87  152.64
  71887     239.55   50.70  -31.46  -23.31    0.53    0.75   87.33   90.88    1.64    1.61  3
     80.00    0.00  -50.75    0.28   80.14    1.40
     80.00  -57.41  -30.38  122.01   54.96
  71889     240.41   49.46   21.58   22.50    1.11    1.50   85.99   87.20    1.53    1.43  3
     77.00    0.00   14.04    0.66   78.25    1.54
     77.00   22.04   64.55   65.19  123.61
  71905     243.02   51.30   39.80   42.79   -0.12    0.03   80.89   79.98    1.02    1.01  3
     75.00    0.00   45.00   -0.21   90.85    0.93
     75.00   43.64   73.96  100.12   81.64
  71914     236.87   48.77   16.21   14.40   -1.23   -1.06   76.28   76.55    1.11    1.04  3
     78.00    0.00   20.81   -1.14   71.61    1.11
     78.00   15.06   18.25   80.28  116.18
  71927     236.29   48.82   30.89   23.25   -0.66   -0.79   74.66   84.37    1.20    1.31  3
     78.00    0.00   29.93   -0.66   85.91    1.09
     78.00   31.38   19.00   63.13   89.86
  71933     235.71   54.46   19.08   20.33   -0.63   -0.49   81.67   81.52    1.20    1.13  3
     76.00    0.00   26.62   -0.75   81.78    0.85
     76.00   46.18   27.74  117.14   79.54
  71945     237.41   58.83   -3.79   -1.37    0.27    0.40   72.90   69.34    1.07    0.90  3
     78.00    0.00  -10.90    0.35   61.13    1.11
     78.00  -31.37  -11.21   40.23   81.81
  71950     232.82   54.81  -19.62  -17.42    0.07    0.14   87.80   87.85    1.39    1.35  3
     80.00    0.00  -14.40   -0.23   95.78    1.31
     80.00  -52.41   38.42   99.80   95.97
  71965     224.13   63.61   22.16   23.42   -0.11    0.09   82.14   78.82    1.19    1.15  3
     77.00    0.00   11.13   -0.18   77.58    1.18
     77.00    5.41   30.88  103.41   53.35
  71966     220.87   64.04  -30.48  -33.44   -0.74   -0.54   77.57   72.56    1.28    1.16  3
     79.00    0.00  -39.84   -0.86   75.53    1.20
     79.00  -19.43  -43.31  123.45   70.58
  72218     278.03   33.36   46.08   45.68    0.24    0.66   66.97   68.72    1.46    1.49  3
     76.00    0.00   32.80    0.15   66.01    1.82
     76.00   77.96   44.73   96.68   74.36
  72223     271.75   30.68   18.76   23.00    0.42    0.76   71.70   59.02    1.27    1.19  3
     75.00    0.00    1.13    0.32   38.31    1.38
     75.00   -3.42   11.12   38.82   84.48
  72297     241.85   33.82   16.35   22.13    0.20    0.99   77.53   72.22    1.00    1.04  3
     72.00    0.00    5.76    0.29   75.35    0.91
     72.00    1.75   48.12   72.93   90.69
  72320     274.83   34.35   56.50   47.31   -0.09    0.22   65.43   60.27    1.06    1.01  3
     70.00    0.00   53.83   -0.35   84.49    0.79
     70.00   37.34   55.19   80.79   57.46
  72365     253.38   35.04   16.73   17.15    1.20    1.38   75.19   73.88    2.28    2.10  3
     75.00    0.00    5.52    1.07   62.60    1.17
     75.00   -0.86  -16.39   71.83   51.65
  72371     248.55   36.93    9.61   35.45   -0.10    0.47   86.84   86.96    1.75    1.44  3
     67.00    1.00   11.31   -0.27   99.22    1.72
     65.00  -17.39   38.13   70.10   77.56
  72374     249.27   35.02    4.19    5.86    1.03    1.41   71.64   69.33    2.03    1.90  3
     74.00    0.00   -1.65    1.01   46.17    1.72
     74.00   -5.69    0.77   56.30   34.06
  72375     248.34   35.13   23.21   36.45    0.50    0.87   72.08   74.09    1.67    1.68  3
     76.00    0.00   12.39    0.39   65.99    1.64
     76.00   -9.93   19.10   54.06   77.12
  72376     248.18   35.22  -62.97  -67.88    1.96    2.23   87.12   89.97    1.81    1.83  3
     74.00    1.00  -88.78    2.00  108.02    1.72
     73.00 -123.34  -82.47   54.34  102.72
  72387     243.98   36.61   11.66   12.66    1.47    1.53   77.94   75.06    2.33    2.07  3
     70.00    0.00    5.91    1.23   59.31    2.59
     70.00    1.65   12.26   57.20   67.10
  72414     278.41   38.36   47.22   48.36   -0.16    0.21   83.69   79.31    1.11    1.05  3
     75.00    0.00   33.69   -0.51  109.22    1.15
     75.00   76.37   28.64  111.16   73.34
  72417     280.16   38.88   89.00   91.93   -1.30   -0.30   74.29   77.22    1.47    1.29  3
     72.00    0.00  120.45   -1.41   72.67    1.18
     72.00  123.19  107.56   70.22   80.61
  72425     277.45   38.36   41.79   44.19    0.05    0.40   70.81   69.85    0.94    0.92  3
     78.00    0.00   23.67    0.03   61.64    1.16
     78.00   37.87   22.21  109.36   45.86
  72462     254.13   37.45    9.95    1.46    0.95    1.24   86.67   86.59    2.05    2.06  3
     71.00    0.00    8.13    0.86   99.80    2.11
     71.00   -2.82   13.03   66.20   96.29
  72480     241.63   37.36   23.09   33.47    0.43    0.96   70.51   69.87    2.36    2.35  3
     70.00    0.00   25.80   -0.17   50.67    1.56
     70.00   19.23   37.76   76.02   50.08
  72486     245.15   39.28   -4.56   -3.12    1.81    2.27   72.04   65.09    1.90    1.80  3
     70.00    0.00   -0.47    1.90   56.96    1.83
     70.00  -12.08    5.67   76.33   38.91
  72488     240.22   39.50   33.13   36.58   -0.61    1.00   79.73   77.35    2.29    2.16  3
     74.00    0.00   47.65   -0.90   61.77    1.93
     74.00   60.30   78.05   44.02   63.38
  72514     283.08   41.25   32.09   24.13    0.45    1.08   74.87   72.54    1.36    1.41  3
     75.00    0.00   19.59    0.38   78.16    1.53
     75.00    0.36   51.35   61.04   87.74
  72570     252.47   40.50   60.72   58.90   -0.82   -0.20   74.99   66.04    1.88    1.85  3
     73.00    1.00   64.33   -0.51   84.84    2.00
     72.00   62.60  107.57   79.50   85.70
  72583     242.20   40.90   24.23   23.73   -0.23    0.77   73.54   68.34    1.92    1.66  3
     73.00    0.00   13.70   -0.12   73.22    2.04
     73.00   27.24   15.61   75.12   65.06
  72666     253.03   44.77   21.57   17.81    0.51    0.62   72.97   69.69    2.08    1.87  3
     71.00    0.00   16.89    0.79   77.93    1.93
     71.00   25.69    7.67  102.30   54.62
  72773     245.92   46.92   55.39   57.71    0.67    1.16   86.29   82.14    1.87    1.82  3
     72.00    0.00   64.04    1.57   89.03    2.14
     72.00   54.55   64.04  102.51   72.75
  72781     239.47   46.57    0.88    7.48   -0.54    1.01   72.45   69.84    2.18    1.77  3
     75.00    0.00  -15.52    0.51   69.99    2.19
     75.00   13.84  -17.88   78.83   67.03
  73005     292.76   48.36   32.05   31.58   -0.66   -0.36   70.75   74.66    1.12    1.05  3
     77.00    0.00   22.25   -0.66   59.66    1.33
     77.00   40.37   20.66   79.17   61.52
  74740     260.23   30.50   27.76   22.88   -0.41    0.27   71.46   72.82    1.42    1.36  3
     73.00    0.00   12.64   -0.33   49.21    1.61
     73.00   14.18    0.93   34.55   61.97
  76311     251.72   26.72   66.66   68.33   -1.30   -1.17   67.41   67.63    1.25    1.22  3
     65.00    0.00   79.22   -1.51   47.02    0.79
     65.00   84.98   73.15   41.84   58.39
  76382     256.57   21.51    1.35    2.29    0.38    0.41   94.08   93.18    1.25    1.25  3
     70.00    0.00   14.44    0.43   88.78    1.19
     66.00  -16.36   45.37  111.94   90.88
  76412     252.57   24.63  -15.89  -15.00   -1.41   -1.24   72.93   71.67    1.53    1.41  3
     62.00    0.00   -8.05   -0.91   52.36    1.19
     62.00    4.07  -11.25   41.22   73.72
  76490     270.32   22.38   71.73   69.87   -2.89   -2.43   72.49   72.44    2.16    2.04  3
     76.00    1.00   74.98   -2.68   69.15    2.02
     75.00   73.58   86.22   70.18   72.81
  76499     261.80   23.77   36.77   35.71   -1.96   -1.72   78.82   78.88    1.14    1.10  3
     51.00    0.00    2.69   -1.81   83.02    1.09
     50.00 -999.00 -999.00 -999.00 -999.00
  76556     255.10   21.52   30.22   30.32    0.12    0.23   74.20   74.55    1.21    1.23  3
     73.00    0.00   37.33    0.30   58.47    1.28
     73.00   37.84   43.59   50.00   98.22
  76581     260.00   21.85   58.49   58.73   -1.86   -1.48   66.60   66.77    1.41    1.25  3
     77.00    0.00   62.59   -1.63   66.71    1.31
     74.00   58.44   69.49   63.68   61.99
  76612     256.62   20.67   11.51   11.21   -0.44   -0.34   80.45   79.34    0.86    0.80  3
     75.00    0.00   11.57   -0.48   79.70    0.85
     62.00    8.50   29.24  123.97   90.47
  76640     262.59   20.95   55.47   56.39   -1.74   -1.42   72.86   71.03    1.28    1.05  3
    115.00    0.00   65.94   -1.73   36.88    1.34
     69.00   68.03   63.02   39.58   35.54
  76665     258.82   19.70   30.86   25.93   -0.01    0.03   93.92   95.87    0.52    0.50  3
     58.00    0.00   34.84    0.00   78.05    0.59
     58.00   33.12   40.91   84.41   72.78
  76675     260.33   19.30   11.05    3.73    0.46    0.57   83.57   84.81    1.06    0.92  3
     63.00    0.00   25.58    0.30   51.77    0.64
     63.00   27.32   21.20   39.88  117.27
  76762     260.50   17.55   -3.94   -4.77    0.91    1.02   81.13   78.54    1.09    1.09  3
     63.00    0.00  -22.87    0.76   86.23    1.07
     63.00  -25.11  -20.55   78.23   86.85
  76773     262.24   17.80   82.91   81.58   -0.97   -0.65   70.54   68.64    1.22    1.09  3
     75.00    0.00   87.83   -1.05   78.39    1.22
     62.00   91.18   94.80   83.48   55.04
  76843     266.87   16.75    2.34    5.95   -0.11   -0.02   87.28   86.08    0.80    0.79  3
     56.00    0.00    3.14   -0.03   94.07    0.90
     56.00    9.45   -3.07  116.16  107.43
  78458     289.44   19.75   66.71   66.73   -1.62   -1.48   66.05   66.69    1.97    1.79  3
     73.00    0.00   92.79   -2.20   91.74    1.94
     73.00   54.64  107.27   85.91   58.67
  78764     275.87    9.94   47.22   36.77    2.17    2.10   44.39   51.17    1.76    1.60  3
     58.00    0.00   51.37    2.03   41.44    1.81
     58.00   47.05   59.61   46.66   42.05
  78795     279.05    8.08  107.14  111.38   -1.29   -1.11   45.18   41.38    0.83    0.74  2
     45.00    0.00  112.50   -0.64   45.20    0.85
     44.00 -999.00 -999.00 -999.00 -999.00
  80036     286.75   10.43   50.20   50.00    1.44    1.49   56.78   56.93    1.96    1.96  3
     58.00    0.00   34.62    1.70   45.62    1.97
     58.00   36.61   35.07   37.25   87.06
  80210     284.20    4.82   11.08    0.02    1.79    1.74   82.65   77.95    1.32    1.24  3
     56.00    0.00   27.17    1.52   72.76    1.28
     56.00   29.37   16.75   68.24   80.38
  80222     285.85    4.70   -8.25   -5.62    1.16    1.29   73.71   70.45    1.48    1.42  3
     75.00    0.00   -4.70    1.13   76.31    1.18
     74.00   -4.60   -1.95   76.62   74.83
  80259     283.62    3.55    3.12    7.80    1.68    1.72   79.70   77.92    1.55    1.56  3
     73.00    0.00   24.33    1.49   59.88    1.95
     72.00   31.83   12.74   61.52   80.92
  80398     290.05   -4.16   48.05   43.01    0.41    0.41   77.72   71.78    1.16    1.12  3
     71.00    2.00   29.98    0.45   69.33    1.64
     69.00   63.21   52.39   87.36  124.29
  82022     299.30    2.83   19.20   18.43    0.27    0.37   74.04   63.74    1.60    1.44  3
     80.00    0.00   22.38    0.06   69.63    1.40
     80.00   21.66   20.27  110.77   22.52
  01321       6.57   61.92   -5.16   -0.14   -1.24   -1.20   87.64   87.11    1.19    1.07  3
     76.00    0.00  -13.84   -0.91   84.79    1.18
     76.00    5.31  -20.09   73.44   78.65
  14308      13.93   45.23   27.20   22.44   -1.68   -1.05   71.31   72.35    1.85    1.17  3
     59.00    0.00   45.00   -1.33   58.57    1.68
     59.00   52.63   40.96   51.33   96.50
  16033      12.22   46.73   64.12   65.75   -0.39   -0.24   73.87   76.11    1.59    1.46  3
     60.00    0.00   57.99   -0.64   86.86    0.78
     59.00  101.15   58.52   83.25  101.35
  16114       7.82   44.38   33.49   33.22    0.21    0.24   71.38   68.31    1.13    1.12  3
     77.00    0.00   26.57    0.15   90.93    1.06
     39.00 -999.00 -999.00 -999.00 -999.00
  16138      11.62   44.83   65.02   57.15   -1.45   -1.26   71.15   73.62    1.17    1.03  3
     78.00    0.00   67.38   -1.48   75.73    0.96
     39.00 -999.00 -999.00 -999.00 -999.00
  72513     284.27   41.33   19.94   23.70    0.26    0.83   83.70   83.89    1.30    1.26  3
     68.00    0.00   16.98    0.47   77.81    1.63
     67.00    7.80   30.18   93.43   49.08
  72772     248.00   46.60   13.52   16.27    0.96    1.27   90.12   85.19    1.73    1.70  3
     73.00    0.00    1.10    0.79   98.12    1.73
     72.00  -16.66   23.37  110.53   87.99
  72783     242.98   46.38   24.41   22.36    0.25    0.72   89.53   88.23    1.39    1.35  3
     67.00    0.00   16.22    0.45   84.49    1.63
     66.00   20.83    4.34  100.30  112.13
  76518     256.63   22.38   18.33   17.56   -0.40   -0.30   78.43   75.42    1.24    1.24  3
     73.00    0.00   16.37   -0.35   69.32    1.41
     72.00   21.46   15.47   58.31   92.75
  71681     238.72   50.70    2.08    7.22    0.11    0.38  105.73  107.11    1.02    1.07  3
     75.00    0.00   -9.57    0.29  125.72    1.16
     74.00  -14.31   -2.85  163.24  107.44
  71195     220.98   61.36  -17.41  -11.55    1.39    1.44   70.91   70.40    1.60    1.48  3
     73.00    0.00  -25.55    1.20   62.39    1.74
     72.00  -47.76  -19.07   77.80   58.12
  71040     288.87   48.30   -4.27   -2.52    0.01    0.19   71.77   67.01    0.86    0.67  3
     66.00    0.00    0.32   -0.02   42.94    0.79
     65.00   18.25  -12.59   48.60   32.45
  06496       6.18   50.47   67.71   70.30   -0.79   -0.76   63.69   63.23    0.95    0.94  3
     77.00    0.00   45.00   -0.72   66.74    0.74
     77.00   44.84  112.05   71.91   89.37
  06990       9.52   47.13    5.08    8.10    0.24    0.62   69.85   71.29    1.23    1.20  3
     66.00    0.00  -15.89    0.24   43.77    1.23
     66.00  -20.70   -6.13   47.77   41.76
  08502     328.88   39.67   67.18   67.31   -2.46   -2.07   58.51   58.76    2.49    2.31  3
     80.00    0.00   55.49   -2.05   51.21    2.28
     80.00   62.07   38.35   58.39   25.58
  11343      12.95   47.05    2.93    3.27    3.19    3.45   72.04   74.53    2.33    2.41  3
     59.00    3.00   13.42    3.04   83.29    2.29
     55.00 -999.00 -999.00 -999.00 -999.00
  11406      12.39   50.06   72.10   70.11   -0.16   -0.13   66.35   66.33    0.83    0.80  3
     76.00    0.00   82.18   -0.24   89.87    0.74
     76.00   86.37   61.05   79.32   89.44
  14105      13.62   45.48   46.02   37.75    0.67    0.95   46.24   47.63    1.22    1.17  3
     65.00    0.00   49.18    0.79   37.62    1.01
     65.00   55.13   44.77   43.69   33.60
  14106      13.63   45.90   45.93   40.66   -0.38   -0.01   58.77   57.75    1.24    1.11  3
     63.00    0.00   58.91   -0.41   62.78    1.44
     63.00   44.30   41.42   67.38   39.58
  24588     141.88   64.05   61.00   62.21   -1.39   -1.17   68.97   66.60    1.88    1.81  3
     77.00    0.00   50.19   -1.70   69.60    1.33
     77.00   36.09   38.19   42.81   81.17
  71362     248.07   60.03  -87.83  -85.03   -0.22   -0.08   65.24   67.30    0.76    0.74  3
     78.00    0.00  -95.72   -0.19   69.19    0.85
     78.00  -71.86 -114.18   90.41   42.36
  71555     246.12   50.18   76.83   77.58    0.88    1.32   58.49   58.09    1.70    1.48  3
     78.00    3.00   90.00    0.86   44.11    1.38
     75.00   89.45   90.00   60.93   65.40
  71581     281.73   45.53   46.66   46.61   -1.48   -1.36   61.41   61.26    0.85    0.81  3
     78.00    0.00   29.01   -1.36   44.83    0.82
     78.00   32.21   27.35   90.97   36.90
  76040     244.82   32.40  -46.55  -25.68   -0.10   -0.22   66.81   55.33    1.21    1.13  3
     71.00    0.00  -35.91   -0.17   47.95    1.24
     71.00  -36.15  -32.84   50.19   98.24
  76634     261.65   20.07   48.02   48.22   -1.21   -0.92   54.82   55.51    1.25    1.14  3
     62.00    0.00   48.42   -1.02   46.54    1.26
     62.00   50.40   53.38   43.91   48.54
  78397     283.22   17.93   49.66   47.39    1.33    1.34   44.07   42.31    2.36    2.16  3
     80.00    1.00   41.48    0.54   26.50    2.11
     79.00   36.04   59.45   16.64   43.14
  78708     272.07   15.45   45.35   41.03    1.35    1.40   62.91   64.58    1.51    1.54  3
     66.00    0.00   28.83    1.31   38.56    1.13
     66.00   29.80   23.79   66.72   27.11
  78970     298.65   10.62   46.33   44.90   -0.33   -0.06   33.05   33.70    1.60    1.48  3
     77.00    0.00   40.36   -0.38   46.27    1.93
     77.00   38.52   48.60   48.25   45.03
  76680     260.80   19.39   62.72   44.20    0.81    0.94   53.45   57.40    1.16    1.12  3
     57.00    0.00   61.05    0.52   49.57    0.90
     56.00   61.05   62.31   49.15   56.66
  76681     260.82   19.30   30.93   29.12   -0.79   -0.82   53.07   47.57    0.65    0.63  2
     19.00    0.00   21.03   -0.77   42.16    0.54
     18.00 -999.00 -999.00 -999.00 -999.00
  71944     236.87   55.29  -11.35   -7.02   -1.19   -1.02   77.31   75.46    1.16    1.06  3
     57.00    0.00  -19.15   -0.89   86.43    1.13
     56.00  -32.09    0.60   86.35   79.01
  78224     277.60   22.98   27.50   28.02   -0.25   -0.15   71.92   68.57    1.37    1.26  3
     68.00    0.00   13.55   -0.39   81.76    1.12
     67.00   15.57   18.41   85.83   87.90
  06722       7.52   46.12  -72.06  -59.04    0.39    0.55   60.55   69.87    1.37    1.25  3
     77.00    0.00  -73.18    0.39   69.14    1.43
     77.00  -79.80  -75.72   50.34   62.39
  06748       7.75   46.03  -60.01  -62.37    0.44    0.64   64.53   64.12    2.26    2.08  3
     77.00    0.00  -85.60   -0.22   37.94    2.33
     77.00  -79.26  -70.52   62.36   41.47
  06762       8.88   46.17   49.79   42.59   -0.47   -0.16   66.68   65.95    1.77    1.47  3
     77.00    0.00   51.48   -0.43   49.33    2.04
     77.00   50.35   70.17   51.93   48.03
  08575     353.27   41.80   56.70   59.23   -1.44   -0.81   45.15   47.34    1.64    1.31  3
     76.00    0.00   56.45   -1.55   42.82    1.58
     76.00   53.16   53.83   40.07   43.76
  32165     145.87   44.02   70.61   69.77   -1.97   -1.93   71.94   72.23    1.27    1.23  2
     12.00    0.00   59.74   -2.12   90.46    0.83
     12.00 -999.00 -999.00 -999.00 -999.00
  70260     210.92   64.55   57.44   63.43   -1.04   -0.28   92.78   86.77    2.78    2.40  3
     58.00    2.00   94.19   -1.13   58.65    2.99
     56.00   90.30  102.73   91.02   52.54
  72311     276.68   33.95   56.63   56.27   -1.35   -0.19   63.06   62.62    1.05    1.00  3
     67.00    0.00   39.88   -1.48   55.99    1.07
     67.00   49.36   35.67   95.40   53.98
  76423     255.33   24.03   55.93   55.54   -1.92   -1.62   63.23   64.11    1.51    1.28  3
     86.00    0.00   60.23   -1.84   80.12    1.49
     72.00   70.48    9.27   69.83   43.20
  76471     256.37   23.63   57.73   57.87   -2.21   -1.80   63.48   62.16    1.14    0.90  3
     67.00    0.00   42.71   -2.22   63.17    0.84
     58.00   38.82   62.50   51.97   71.93
  76662     257.68   19.98  -14.59  -13.58    0.33    0.41   93.49   91.13    0.73    0.74  3
     61.00    0.00  -27.41    0.15   93.85    0.60
     51.00 -999.00 -999.00 -999.00 -999.00
  76775     263.30   17.07   75.99   79.25   -0.74   -0.54   65.61   61.12    0.88    0.81  3
     76.00    0.00   81.70   -0.91   55.74    0.77
     63.00   78.46   84.73   64.84   79.41
  78762     275.82    9.98   47.21   37.55    1.59    1.42   69.03   70.31    1.52    1.55  3
     76.00    1.00   34.98    1.52   70.81    1.55
     75.00   42.08   15.76   70.46   82.45
  91285     204.93   19.72   76.97   68.25   -1.16   -0.22   65.77   72.15    1.73    1.64  3
     79.00    0.00   81.29   -1.06   93.69    1.67
     79.00   94.80   61.89   79.30   89.94
  76225     253.97   28.66    9.32    8.83   -0.38   -0.10   72.14   69.51    1.62    1.49  3
     44.00    0.00    6.47   -0.31   70.39    0.92
     44.00 -999.00 -999.00 -999.00 -999.00
  80112     284.57    6.18   59.57   60.36   -0.05    0.01   62.04   60.60    1.37    1.28  3
     71.00    0.00   60.59   -0.27   68.12    1.50
     70.00   69.53   45.29   85.08   78.47
  80211     284.28    4.50   96.14   86.62   -0.17   -0.01   69.58   72.11    1.39    1.40  3
     60.00    1.00  110.90   -0.46   36.14    1.62
     58.00  111.80  108.91   53.72   33.74
