  CWLY      238.42   50.22   13.88   21.60    1.84    2.19   81.91   77.01    2.62    2.78  3
     74.00    0.00   -3.38    1.66   38.52    3.21
     65.00    5.77   -3.22   63.57   69.82
  ENLA        2.84   59.11    3.45   -2.06    2.36    2.42   42.74   40.63    2.45    2.38  3
     76.00    5.00    6.17    2.80   23.30    2.48
     71.00   12.79    6.60   22.70   20.73
  K0CO      254.23   39.79   29.71   38.21    4.27    4.80   59.70   63.18    2.09    2.35  3
    135.00   21.00   34.16    3.93   44.27    2.07
     66.00   39.45   30.53   46.56   39.87
  KMHV      241.85   35.07    0.95   -3.82    0.80    2.30   48.23   49.18    2.45    2.39  3
     75.00    0.00    6.94    0.62   38.51    2.15
     75.00   28.97   -9.23   30.58   38.02
  PACD      197.28   55.22   -6.32   -8.46    1.71    2.24   27.42   28.76    2.14    2.50  3
    117.00    0.00  -10.67    1.64   17.55    1.83
     80.00  -10.09   -9.33   19.95   11.58
  PAEH      197.93   58.65   14.00   14.48   -0.56   -0.20   42.20   41.96    2.43    2.31  3
    104.00    1.00   11.81   -0.54   16.03    2.25
     68.00   18.20    5.53   35.53   20.48
  PAVC      197.73   55.12  -27.43  -24.41    0.98    1.64   48.64   51.55    2.24    2.08  3
    113.00    4.00  -19.83    1.19   47.87    2.16
     74.00  -14.98  -49.51   46.49   56.03
  PHNY      203.06   20.79   15.19   10.37    0.90    1.23   47.73   50.80    2.31    2.27  3
     94.00    0.00    0.12    0.80   31.78    2.19
     75.00   -8.20   16.90   14.48   39.03
  KELN      239.47   47.03    1.77    4.32    1.75    2.80   66.86   68.64    2.38    2.51  3
     77.00    0.00   14.75    1.64   31.16    2.70
     75.00   -1.51   19.79   90.24   27.52
  KHIF      248.03   41.12    7.83    5.51    0.73    2.19   65.52   57.17    2.01    2.17  3
     71.00    0.00   20.50    0.32   53.85    1.66
     68.00   20.50   26.28   78.88   46.74
  PADU      193.45   53.90   11.81   12.10   -0.64   -0.16   64.50   64.07    2.16    2.12  3
    101.00    2.00   10.09   -0.98   46.52    2.23
     79.00    5.11   13.57   30.04   84.77
  PAGY      224.70   59.47   22.83   25.27    1.89    2.31   70.53   70.58    2.79    2.99  3
     84.00    0.00    6.08    1.76   26.12    3.24
     78.00   11.12    4.12   27.32   36.36
  PHOG      203.57   20.90  -12.42   -8.12    1.66    2.24   36.32   33.08    2.30    2.06  3
     85.00    0.00  -22.48    1.41   17.06    2.73
     80.00  -25.77   -5.95    8.99   29.90
  TTCP      299.15   11.15   22.46   22.46   -2.70   -2.38   45.07   43.80    2.39    2.15  3
     75.00    0.00    8.32   -2.73   24.09    2.18
     74.00   13.99    6.04   42.88   15.72
  CYBX      302.82   51.45    3.93    3.02   -0.66   -0.65   50.05   47.53    2.08    2.00  3
     80.00    0.00    4.15   -0.94   21.95    1.83
     75.00    6.60    3.98   33.69   18.27
  CYFB      291.45   63.75    9.03    9.55    0.60    0.54   38.71   34.53    1.70    1.48  3
     86.00    0.00    9.84    0.67   20.15    1.84
     77.00    8.44   16.26   17.85   35.68
  K4V0      251.24   40.10   29.93   31.33   -0.37    0.22   75.10   70.77    1.62    1.54  3
    152.00    0.00   19.60   -0.49   68.54    1.93
     79.00   10.71   45.29   62.98   97.39
  K82V      255.87   41.15   17.67   22.44   -0.14    0.44   55.65   52.76    1.47    1.45  3
    162.00    0.00    3.79   -0.10   30.90    1.61
     81.00    3.44   10.16   26.47   52.79
  KCDR      256.90   42.83   29.54   27.68    0.23    0.89   66.09   60.75    2.03    1.93  3
     80.00    0.00   13.17    0.48   37.97    2.03
     74.00   25.75    8.77   55.08   29.29
  KCTB      247.63   48.60    8.67    2.83    0.57    1.14   58.76   51.93    1.74    1.72  3
     80.00    0.00    5.10    0.62   37.13    1.84
     73.00    7.74    6.65   53.52   40.48
  KFTG      255.46   39.79   10.69    5.55    0.81    1.02   47.92   40.28    1.59    1.51  3
     90.00    0.00    5.48    2.23   25.42    2.59
     65.00    0.52    8.72   18.10   56.54
  KGDP      255.20   31.83  -21.18  -21.90    3.64    4.06   52.58   42.33    2.12    2.12  3
     72.00    6.00  -21.22    3.53   39.67    2.26
     64.00  -10.60  -41.13   48.44   49.40
  KGNT      252.10   35.17   21.22   23.71    0.59    1.00   72.48   68.06    1.72    1.61  3
    154.00    2.00   14.67    0.64   66.30    1.67
     76.00    1.75   43.14  102.59   67.36
  KLAR      254.33   41.32  -19.44  -16.35    1.07    1.60   51.16   41.91    1.73    1.55  3
     82.00    0.00  -14.14    0.92   43.03    1.72
     77.00  -14.84  -11.09   43.77   46.49
  KROW      255.47   33.29    7.17    6.32    0.88    1.04   53.30   47.63    1.45    1.50  3
     80.00    0.00    2.19    0.95   33.91    1.53
     76.00   -0.55   -1.71   25.51   33.86
  KTSP      241.57   35.14   19.12   13.80    0.81    1.30   42.76   41.33    1.84    1.91  3
    152.00    0.00   16.05    0.92   36.35    1.53
     76.00   21.85   13.84   41.65   54.03
  KWJF      241.78   34.72   -0.22   -2.33    2.03    2.75   44.74   42.85    1.71    1.81  3
     77.00    0.00   -4.79    2.21   17.81    2.00
     76.00   -6.71    6.90   12.96   67.26
  MKJS      282.08   18.50   24.61   22.87    0.64    0.59   44.64   43.74    2.02    1.79  3
     63.00    0.00   13.66    0.45   50.54    2.37
     58.00   10.08   15.76   50.72   63.61
  PADK      183.35   51.88    8.57    6.76   -0.09    0.26   48.42   45.94    2.26    2.00  3
    122.00    1.00    8.96   -0.47   31.45    1.97
     78.00    6.25    2.14   32.83   39.20
  PAWD      210.59   60.13   37.71   41.28    0.43    0.84   71.81   70.61    2.21    2.03  3
     80.00    0.00   63.28    0.64  104.86    2.57
     70.00   34.50   -6.23   49.59  162.37
