  01203       4.98   62.03    2.47    2.19    2.67    2.73   29.82   29.18    2.83    2.69  3
     74.00    6.00   -0.35    2.50   17.86    2.71
     68.00    0.38    6.22   24.58   21.39
  07560       3.58   44.12    1.64    4.40    3.62    3.62   70.44   69.55    2.34    2.27  3
     75.00   14.00   22.59    3.42   40.83    2.42
     61.00    6.99   29.56   40.79   35.23
  70316     197.28   55.20   -7.92   -8.76    1.84    2.37   28.94   32.31    2.36    2.71  3
     75.00    0.00  -11.60    1.77   17.30    2.07
     74.00  -11.60   -9.17   16.28   16.20
  71468     271.69   49.69    4.68    8.18   -0.30    0.51   36.54   29.62    2.24    1.96  3
     79.00    0.00    9.84    0.85   15.76    2.04
     79.00    6.93   22.02   23.94   16.98
  71472     227.24   53.31   12.38   11.61    1.64    1.74   50.30   47.90    3.06    2.78  3
     75.00    0.00   14.70    1.41   28.90    3.20
     75.00   20.57   15.22   44.30   24.76
  71479     232.07   50.11  -15.33  -13.63    2.83    2.71   57.27   52.99    2.64    2.33  3
     76.00    5.00  -14.55    3.06   34.66    2.98
     71.00  -19.22  -14.97   36.35   32.34
  71568     230.07   50.45   -4.74   -5.99    0.94    0.88   57.30   56.16    3.59    3.41  3
     75.00   12.00  -13.99    0.87   33.57    3.53
     63.00  -13.28  -13.98   20.14   53.18
  71641     284.33   62.17   24.92   24.49   -0.10   -0.27   56.95   55.90    3.95    3.66  3
     75.00    4.00   11.73    0.99   33.80    3.94
     71.00    2.68    7.45   66.76   15.98
  71778     236.48   48.28   18.84   -8.60    4.61    4.46   83.67   57.78    2.65    2.18  3
     77.00   21.00   20.14    4.76   97.17    3.33
     56.00   20.14   -1.01  122.29   86.93
  CWQK      236.47   48.30   18.04   -8.02    4.57    4.41   82.69   58.59    2.65    2.20  3
     77.00   21.00   19.66    4.75  103.71    3.32
     56.00   25.10   -1.19  119.48   78.81
  03305     356.07   53.10   10.01    8.43    2.53    2.57   50.78   49.79    2.49    2.27  3
     74.00    0.00   11.56    2.34   29.06    2.70
     74.00   26.61   -5.09   23.62   36.17
  78962     299.17   11.15   20.41   20.48   -2.69   -2.38   43.60   42.42    2.35    2.13  3
     81.00    0.00    5.20   -2.69   20.48    2.27
     81.00   14.58    2.11   47.74   15.06
  03062     356.03   57.82    5.95    4.70    1.02    1.03   37.62   37.22    1.47    1.33  3
     71.00    0.00    3.38    1.06   19.64    1.18
     71.00   12.95   -0.88   33.58   16.68
  04260     310.34   62.01    9.77    9.04   -0.17    0.03   59.81   56.09    2.05    1.55  3
     78.00    0.00    3.11    0.18   35.21    1.86
     78.00    8.64  -11.25   44.57   28.97
  04285     314.80   59.98   -5.40   -5.47    1.47    1.50   37.67   37.82    2.34    2.09  3
     78.00    2.00   -1.40    1.29   18.69    2.45
     76.00   -4.17   -3.28   23.65   13.76
  04382     317.93   61.93  -21.36  -20.56    0.40    0.58   61.43   58.34    2.43    2.14  3
     77.00    0.00   -6.26    0.31   49.87    2.10
     77.00   -9.15   -3.29   41.12   51.38
  04390     316.83   60.05  -16.92  -16.96   -1.43   -1.02   59.49   57.65    2.26    1.99  3
     79.00    2.00   -2.81   -1.10   46.26    2.17
     77.00  -13.57   -3.06   51.22   40.41
  06605       7.07   47.13   20.55   18.24    3.82    3.89   45.87   51.60    2.23    2.21  3
     71.00    5.00   19.18    3.83   34.78    2.54
     66.00   17.73   25.34   39.03   28.49
  32121     142.19   47.98  -15.32   -9.24    0.34    0.67   66.17   61.89    1.40    1.38  3
     80.00    1.00  -17.34    0.48   30.44    1.17
     79.00  -23.26  -21.10   88.56   18.74
  47406     141.63   43.95   -9.13   -4.73    1.22    1.38   58.71   53.50    1.80    1.77  3
     75.00    1.00   -1.15    1.08   46.62    1.77
     74.00    1.80   -4.24   66.27   56.39
  70454     183.35   51.88    4.08    2.02    0.00    0.34   47.30   44.40    2.09    1.85  3
     77.00    1.00    3.59   -0.47   27.65    1.90
     76.00    5.15    0.96   30.52   33.89
  71417     303.89   50.71  -15.66  -13.73    0.46    0.59   56.07   51.93    2.41    2.14  3
     79.00    3.00    1.30    0.59   39.26    2.01
     76.00  -21.85    8.95   58.41   26.64
  71808     302.82   51.45    4.08    2.89   -0.71   -0.69   47.43   44.23    1.97    1.91  3
     78.00    0.00    3.98   -0.82   21.21    1.55
     78.00    3.96    4.45   31.22   20.13
  72268     255.47   33.29    1.42    5.27    1.02    1.27   70.45   65.03    1.61    1.58  3
     75.00    1.00    1.42    0.98   45.06    1.06
     73.00   -1.93    1.24   58.70   30.20
  78388     282.08   18.50   35.11   33.93    0.07    0.04   50.34   49.62    2.17    1.98  3
     79.00    0.00   19.86   -0.26   55.25    2.41
     79.00   18.76   16.50   75.73   50.87
  91190     203.57   20.90  -12.42   -8.12    1.67    2.25   36.33   33.09    2.29    2.05  3
     80.00    0.00  -22.48    1.42   17.06    2.73
     80.00  -25.77   -5.95    8.99   29.90
