  CYDB      220.95   61.36   27.56   30.04    1.62    1.64   74.50   73.52    1.82    1.74  3
     78.00    0.00    0.86    1.78   55.63    2.03
     74.00  -23.04   37.42   38.29   84.82
  CYDL      230.00   58.42  -18.45  -19.94   -0.52   -0.26   85.18   87.07    1.66    1.45  3
     73.00    0.00  -28.20   -0.08   85.80    1.53
     58.00  -26.21  -18.85   77.45  105.68
  CYIN      238.32   51.26   11.85   17.51   -0.08    0.21   71.58   64.71    1.56    1.41  3
     78.00    0.00    9.83   -0.12   63.95    1.48
     63.00    0.50   18.45   70.85   66.73
  CYKA      239.56   50.70  -36.54  -28.94    0.77    1.01   82.90   82.74    1.59    1.55  3
     73.00    0.00  -47.86    0.59   73.99    1.43
     70.00  -49.50  -50.40  103.54   61.81
  CYLW      240.63   49.95   -9.13   -6.86    1.37    1.56   90.70   89.41    2.13    2.09  3
     78.00    1.00   -1.68    0.97   74.06    0.96
     68.00    1.85    1.30   68.29   92.87
  CYMA      224.14   63.61   43.97   37.96   -1.01   -0.71   74.12   71.18    1.68    1.53  3
     64.00    0.00   24.73   -0.95   82.57    1.63
     59.00   29.59   21.50   79.56   80.54
  CYOY      288.70   46.54   30.02   34.46   -1.69   -0.45   83.05   82.67    1.80    1.31  3
    113.00    0.00   13.85   -1.66   84.13    1.99
     80.00    1.91   23.50  108.46   97.38
  CYQH      231.18   60.11    1.34    0.08   -0.72   -0.41   71.34   69.01    1.54    1.38  3
     69.00    0.00   12.89   -0.81   50.29    1.59
     68.00   14.50    9.09   39.01   60.97
  CYQZ      237.49   53.02   22.16   16.27    0.26    0.21   78.82   77.24    1.14    1.12  3
     83.00    0.00   22.83    0.04   69.97    1.01
     65.00   28.76   22.93   94.70   46.62
  CYRV      241.82   50.96   37.22   35.03    0.02    0.18   82.99   80.83    1.42    1.41  3
     94.00    1.00   49.07    0.01   94.27    1.39
     62.00   18.25   75.19   91.55   66.38
  CYWA      282.81   45.57   13.17   13.33   -0.11    0.15   71.37   73.73    1.23    1.12  3
    111.00    0.00    8.11   -0.27   51.12    1.45
     78.00   12.80    1.61   52.35   74.12
  CYXC      244.22   49.61   -0.75   -0.18    0.53    1.07   74.58   72.57    1.41    1.24  3
     67.00    0.00  -10.41    0.51   71.39    1.03
     66.00  -15.54   -1.64   71.93   72.50
  CYXX      237.64   49.02   36.69   43.48    0.70    0.95   76.07   71.40    1.57    1.42  3
     77.00    0.00   14.68    0.67   76.06    1.30
     74.00   14.02    1.85   77.57   58.95
  CYYF      240.40   49.46   17.31   17.92    1.45    1.85   85.23   85.40    1.67    1.58  3
     71.00    0.00   18.43    1.84   71.73    1.68
     69.00   21.14   36.38   67.62   58.39
  CYYJ      236.58   48.64  -30.22  -35.17    0.86    0.95   74.03   71.22    1.57    1.43  3
     72.00    0.00  -46.22    0.84   63.66    1.62
     71.00   -4.02  -40.70  130.39   57.29
  CYZT      232.64   50.68  -19.91  -17.90   -0.18   -0.16   70.94   70.10    1.43    1.47  3
     76.00    0.00  -19.85   -0.22   78.20    1.26
     71.00  -70.28   -1.30  100.41   47.94
  EDNY        9.52   47.67  -13.96   -3.72    1.10    1.17   81.11   74.21    1.09    1.04  3
     65.00    0.00  -28.68    1.15   71.08    1.11
     65.00  -37.67   -1.47   76.70   57.69
  ENML        7.27   62.75  -31.67  -27.58    1.17    1.50   76.41   75.84    1.94    1.79  3
     73.00    0.00  -11.82    1.02   84.26    1.10
     73.00  -37.00  -26.54  108.10   75.87
  K0A9      277.83   36.36   50.37   48.34   -0.30    0.00   71.84   68.76    1.23    1.19  3
    136.00    0.00   35.27   -0.47   91.31    1.35
     74.00   38.27   30.63   84.48   90.28
  K1A9      273.49   32.43   65.91   62.38   -0.95   -0.63   65.64   68.70    0.98    0.89  3
    162.00    0.00   60.80   -1.00   76.49    0.74
     81.00   57.41   85.20   67.41   73.83
  K1AM      249.20   47.28   29.14   25.80    0.26    0.65   90.08   89.00    2.37    2.13  3
     67.00    1.00    3.66    0.44   70.00    3.00
     66.00   42.95   71.84  112.74  139.28
  K20V      253.63   40.04   47.29   43.33   -0.18    0.30   58.38   52.24    1.67    1.58  3
    177.00    0.00   50.39   -0.50   60.11    1.05
     79.00   49.98   52.89   65.99   53.17
  K24J      276.97   30.30   82.08   81.88   -0.85   -0.61   63.59   62.95    0.98    0.80  3
    144.00    0.00   70.50   -0.91   73.62    0.73
     78.00  127.46   59.36   62.50   37.50
  K2J9      275.45   30.60   50.86   39.90    0.05    0.31   57.23   52.37    0.93    0.85  3
    144.00    0.00   51.76   -0.10   56.71    0.79
     76.00   75.72   27.72   73.37   48.11
  K3J7      276.86   33.60   58.04   49.08   -0.41   -0.07   58.53   58.96    0.93    0.83  3
    161.00    0.00   51.34   -0.40   59.36    0.72
     81.00   65.22   47.83   80.38   80.81
  K4O4      265.14   33.90   75.18   70.40   -1.30   -0.79   52.31   54.80    1.18    1.02  3
    161.00    0.00   78.69   -1.40   60.15    0.75
     81.00   79.94   53.83   70.46   48.04
  K5C1      261.31   29.72   52.64   53.02   -1.02   -0.32   58.96   65.39    1.36    1.26  3
    160.00    0.00   28.72   -1.04   45.73    1.14
     80.00   43.50   50.39   56.46   62.03
  K79J      273.60   31.32   55.12   53.42   -0.18    0.12   62.05   62.84    1.07    1.10  3
     75.00    0.00   40.51   -0.34   53.53    1.02
     64.00   45.63   35.18   59.77   52.62
  K8A3      274.69   36.40   55.30   53.66    0.13    0.41   48.54   48.28    1.12    1.14  3
    149.00    0.00   45.04    0.07   55.74    1.35
     80.00   52.07   52.95   54.86   69.03
  KABQ      253.38   35.04   16.70   17.08    1.12    1.30   75.69   74.37    2.15    1.94  3
     77.00    0.00    4.41    1.05   63.23    1.17
     74.00   -0.86  -16.39   72.29   51.65
  KACP      267.31   30.75   63.16   62.82   -0.72   -0.43   66.43   65.84    0.85    0.72  3
    162.00    0.00   60.80   -0.85   82.18    0.53
     81.00   63.94   59.40  113.13   64.01
  KADF      266.94   34.10   63.29   66.73   -0.34   -0.09   67.45   63.50    1.38    1.20  3
     84.00    0.00   55.01   -0.78   72.17    1.16
     71.00   55.49   52.60   64.85   71.75
  KAFF      255.18   38.97   20.59   14.77    1.31    1.73   77.15   77.45    2.24    2.13  3
    100.00    5.00   17.04    1.47   68.94    2.44
     68.00    2.24   29.20   78.69   45.94
  KAFO      249.07   42.71   57.90   48.81   -1.34    0.16   72.77   74.63    2.04    1.57  3
    162.00    1.00   76.35   -1.11   64.36    2.13
     81.00   78.19   74.20   71.67  107.80
  KALS      254.13   37.45    9.32   10.65    1.56    1.65   71.57   73.62    1.72    1.75  3
     79.00    0.00    7.81    1.43   74.78    1.23
     74.00   21.37    7.81  105.08   66.56
  KAQW      286.83   42.70   36.58   44.35   -1.12    0.24   71.63   76.43    1.70    1.76  3
     87.00    0.00   36.20   -1.52   76.16    1.91
     66.00   35.96   39.08   73.08   82.08
  KASD      270.18   30.35   49.17   46.81   -0.45   -0.21   63.96   63.34    1.34    1.32  3
     85.00    0.00   38.66   -0.90   65.04    0.92
     75.00   32.61   59.34   65.39   80.25
  KASL      265.70   32.52   61.85   63.53   -0.61   -0.16   62.67   66.67    1.11    0.99  3
    112.00    0.00   60.26   -0.24   69.08    1.05
     67.00   36.09   71.99   79.83   69.89
  KAVX      241.59   33.40    4.03    2.88   -0.84   -0.22   75.82   72.61    1.47    1.43  3
     89.00    0.00   -4.31   -0.87   65.36    1.33
     72.00   -4.81    4.33   80.55   65.42
  KAXH      264.52   29.51   48.82   51.45   -0.76   -0.35   59.26   60.39    0.90    0.90  3
    135.00    0.00   43.06   -0.90   69.61    0.80
     68.00   48.72   11.20   83.76   67.18
  KAYS      277.60   31.25   48.64   43.79    0.09    0.35   54.33   48.53    0.97    0.94  3
    162.00    0.00   37.87   -0.10   38.95    0.91
     81.00   66.89   34.90   55.80   30.51
  KBAN      240.49   38.35   82.34   80.04   -1.53   -0.75   78.11   72.14    1.41    1.39  3
     75.00    0.00  129.29   -1.65   46.60    1.77
     71.00  112.29  134.41   57.87   28.23
  KBBP      280.27   34.61   53.38   50.22   -0.22    0.22   64.33   62.64    0.99    0.98  3
    150.00    0.00   37.97   -0.39   70.65    1.01
     76.00   77.28   17.12   85.07   45.32
  KBCK      269.15   44.25   55.63   57.74   -1.11   -0.54   68.03   68.85    1.22    0.96  3
    147.00    0.00   38.07   -1.13   64.72    1.15
     74.00   31.44   25.97   53.94   47.42
  KBDU      254.77   40.03    7.24   16.51    0.04    0.61   73.88   71.74    1.50    1.40  3
    159.00    0.00    7.59    0.03   65.14    1.46
     79.00  -12.83   28.30   73.08   76.43
  KBKE      242.18   44.83  -20.74  -16.32   -0.07    0.45   73.95   74.08    1.83    1.92  3
     72.00    1.00  -28.42   -0.35  101.08    1.98
     70.00  -21.29  -28.42  106.83  114.40
  KBNL      278.61   33.25   68.27   66.44   -0.46   -0.09   60.82   59.35    1.09    1.02  3
    149.00    0.00   67.29   -0.50   79.44    1.07
     80.00  109.07   41.16   63.03   40.77
  KBOK      235.71   42.07    0.10  -16.52   -1.31   -0.67   77.76   74.77    1.73    1.58  3
    109.00    0.00   12.09   -1.25   31.32    1.71
     75.00   12.09    7.90   50.50   23.25
  KBPC      258.97   35.88   53.38   55.91   -1.05   -0.88   69.42   69.75    2.11    2.06  3
    160.00    1.00   20.95    0.04   34.60    2.15
     80.00   19.95   20.95   38.39   70.22
  KBTM      247.50   45.95   -2.52   -3.97    0.25    0.72   98.11   99.19    1.63    1.60  3
     72.00    0.00   24.88    0.34   92.38    1.73
     70.00   -9.16   31.59  132.17   90.13
  KBTP      280.05   40.78   47.66   44.04    0.09    0.72   63.26   62.68    1.18    1.32  3
     90.00    0.00   21.20   -0.12   46.09    1.19
     70.00   69.70   13.55   97.46   59.78
  KBUR      241.65   34.20  -21.17   -1.88    0.87    1.49   76.98   67.56    1.16    1.31  3
     74.00    0.00  -43.52    0.98   46.64    0.80
     74.00  -57.38  -32.17   49.67   92.25
  KBVU      245.14   35.94   59.91   58.79    0.04   -0.12   71.05   73.78    2.09    2.14  3
    147.00    1.00   38.47   -0.25   77.53    2.03
     76.00   59.04   28.55   96.71   82.78
  KBXA      270.14   30.81   45.04   40.44   -0.35    0.01   51.01   47.58    0.80    0.77  3
    162.00    0.00   29.20   -0.51   34.82    0.56
     81.00   21.26   36.11   25.73   43.27
  KBZN      248.85   45.78    4.68   -0.34    0.60    1.03   92.07   89.62    1.66    1.54  3
     77.00    1.00   -4.73    0.82  103.96    1.81
     74.00   -9.04   18.70   99.31  128.55
  KCAG      252.48   40.50   60.13   57.19   -0.75   -0.13   74.40   64.83    1.94    1.92  3
     75.00    0.00   54.58   -0.49   93.27    2.11
     72.00   52.81  107.57   93.29   86.42
  KCBE      281.23   39.61   55.69   61.82   -0.65   -0.16   66.55   71.96    1.08    1.02  3
    104.00    0.00   73.63   -0.82   61.94    0.87
     65.00   75.07   67.50   41.28   78.54
  KCDA      287.99   44.57   45.80   43.36   -0.30    0.42   76.58   80.74    1.12    1.23  3
    162.00    0.00   45.00   -0.03  102.12    1.38
     81.00   42.17   60.96   89.50  109.77
  KCDN      279.44   34.28   70.89   72.73   -0.49   -0.05   61.27   64.08    1.12    1.12  3
    146.00    0.00   62.46   -0.64   80.23    0.97
     79.00   90.00   55.10   83.97   73.28
  KCEW      273.48   30.78   58.03   52.02   -0.43   -0.19   57.55   53.63    1.00    0.96  3
    102.00    0.00   52.63   -0.55   64.76    0.82
     78.00   73.76   61.24   71.71   84.72
  KCGC      277.43   28.87   53.70   52.09   -0.82   -0.58   53.71   60.07    1.24    1.12  3
    158.00    0.00   49.87   -0.95   69.84    1.31
     79.00   37.39   59.00   83.20   47.64
  KCGS      283.08   38.97   59.34   55.89   -1.06   -0.77   63.61   61.64    0.98    0.94  3
    107.00    0.00   37.58   -1.00   55.73    0.83
     66.00   22.03   43.83   55.67   70.32
  KCGZ      248.23   32.95    8.07   20.84   -0.37    0.72   76.71   65.87    1.88    1.50  3
     72.00    0.00    6.25   -0.24   73.00    1.81
     70.00   27.40   -1.54   68.58   73.70
  KCKB      279.78   39.29   49.70   46.64    0.17    0.58   74.14   73.50    1.16    1.14  3
     95.00    0.00   24.09    0.28   79.24    1.41
     79.00   41.53   30.15  111.24   79.09
  KCKI      280.16   33.72   56.29   52.18   -0.74   -0.34   67.62   65.25    1.11    1.18  3
    159.00    0.00   47.60   -0.80   76.52    1.22
     80.00   77.58   24.88   88.39   43.12
  KCNY      250.25   38.77   43.75   42.42    0.28    0.82   74.62   71.44    1.90    1.79  3
     74.00    0.00   43.80    0.05   87.10    2.20
     73.00   30.26   60.39   63.22  107.27
  KCOD      250.98   44.52   -9.75   -6.07    0.69    1.14   70.81   63.56    1.89    1.68  3
     80.00    0.00  -13.30    1.39   61.96    2.14
     78.00  -21.40   -8.22   61.86   36.99
  KCRW      278.41   38.36   52.19   52.54   -0.13    0.24   80.15   76.78    1.24    1.16  3
     89.00    0.00   39.81   -0.51  106.65    1.23
     77.00   76.37   34.78  107.73  136.03
  KCSV      274.92   35.95   38.27   35.91    0.01    0.35   70.79   69.56    1.03    0.98  3
     84.00    0.00   16.74    0.02   41.91    1.13
     73.00   14.14   13.71   36.64   46.38
  KCWN      255.15   38.75    5.57    6.53    1.19    1.62   71.01   63.91    2.06    1.81  3
     76.00    0.00    3.66    1.15   56.76    2.16
     64.00   35.89   -5.09   79.13   50.34
  KCZZ      243.53   32.61  -42.27  -24.44    1.38    1.73   81.46   69.54    1.82    1.73  3
     79.00    0.00  -45.57    1.46   49.68    1.59
     79.00  -45.52  -54.21   28.38   85.63
  KDAW      289.07   43.28   58.59   59.85   -0.26    0.04   61.90   59.58    1.25    1.24  3
     80.00    0.00   39.81   -0.64   69.91    1.11
     67.00   55.69   60.48   82.92   93.96
  KDBN      277.01   32.57   75.53   65.52   -0.54   -0.15   53.03   53.21    0.85    0.75  3
    162.00    0.00   63.43   -0.71   57.86    0.74
     81.00  104.87   42.80   72.74   31.80
  KDDH      286.75   42.89   47.25   54.57   -1.24    0.01   70.49   75.85    1.44    1.33  3
     94.00    0.00   50.19   -1.08   79.33    1.39
     73.00   65.72   42.44   88.78   65.25
  KDSV      282.28   42.57   -1.78   -0.87   -0.03    0.60   70.42   75.02    1.38    1.35  3
     81.00    0.00  -15.41    0.09   84.62    1.52
     73.00  -15.38    0.41  104.73   72.73
  KDUG      250.40   31.47   12.26    5.69    1.04    1.40   77.74   74.44    2.00    1.88  3
     82.00    1.00   10.00    0.98   56.46    1.81
     75.00   13.65    5.50   64.34   36.62
  KDVO      237.44   38.14   36.39   35.24   -0.44    0.31   81.80   83.73    1.95    1.76  3
    142.00    0.00   73.17   -0.82   47.58    2.02
     77.00   71.81   87.14   46.66   25.07
  KDWU      277.27   38.54   73.05   75.85   -0.51   -0.14   58.70   61.01    1.20    1.16  3
     94.00    0.00   64.33   -0.67   63.67    0.85
     68.00   79.18   66.71   89.67   69.66
  KDYA      272.05   32.47   51.41   47.06   -0.58   -0.21   61.60   62.98    0.91    0.80  3
    158.00    0.00   40.50   -0.72   62.85    0.62
     79.00  154.36   40.18  171.10   64.44
  KDYB      279.72   33.07   60.06   54.96   -0.67   -0.32   70.63   66.57    0.82    0.78  3
    152.00    0.00   55.19   -0.82   92.68    0.76
     76.00  120.08   21.88   70.58   47.76
  KECP      274.20   30.36   27.59   24.21    0.38    0.57   71.84   66.85    1.44    1.28  3
     83.00    0.00    6.91    0.50   60.88    1.36
     77.00    0.75    9.46   81.77   45.10
  KEDU      238.21   38.53    3.06    9.55   -0.50    0.43   70.73   72.83    1.16    1.18  3
    141.00    0.00  -15.67   -0.50   69.76    0.92
     81.00   -9.17  -10.12  116.31   82.97
  KEEO      252.11   40.04   -0.48   -0.75   -0.50    0.50   79.35   78.63    2.23    1.97  3
     64.00    0.00   -2.81   -0.74   92.51    1.67
     64.00  -27.97   -2.81   82.41   92.49
  KEET      273.22   33.18   60.83   59.96   -0.42   -0.10   59.54   56.68    0.90    0.82  3
     71.00    0.00   60.71   -0.50   69.22    0.74
     65.00   40.93   78.25   72.74   75.45
  KEKN      280.16   38.88   85.98   88.70   -1.34   -0.32   73.12   76.05    1.50    1.28  3
    118.00    0.00  108.92   -1.39   78.07    1.16
     73.00  112.74   97.29   83.43   83.30
  KELD      267.20   33.22   27.26   26.52   -0.16    0.44   72.88   76.57    1.40    1.29  3
     81.00    0.00   17.66   -0.16   72.11    1.42
     77.00   26.61   19.85   93.63   64.16
  KELY      245.15   39.28   -4.69   -1.92    1.82    2.27   71.37   64.68    1.88    1.77  3
     74.00    0.00   -0.47    1.90   56.96    1.79
     72.00  -12.08    5.67   76.33   38.91
  KENL      270.91   38.51   53.23   57.69   -0.94   -0.39   61.28   62.10    1.08    1.04  3
    162.00    0.00   39.81   -0.64   74.44    1.17
     81.00   31.37   59.32   86.92   82.63
  KEZM      276.87   32.21   84.20   78.84   -0.51   -0.17   53.80   54.18    1.14    0.97  3
    128.00    0.00   74.56   -0.34   61.50    1.04
     65.00   90.00   53.14   64.22   34.11
  KFFA      284.33   36.02   73.73   70.51   -2.86   -2.36   61.85   62.38    1.52    1.24  3
    148.00    0.00   80.83   -2.94   94.00    1.66
     76.00   90.24   50.95   99.22   80.46
  KFFC      275.43   33.36   73.76   67.77   -0.42   -0.09   61.93   67.53    1.02    0.98  3
     76.00    0.00   74.52   -0.58   71.35    0.89
     70.00   73.27   70.43   78.27   67.53
  KFHR      236.98   48.52   22.07   13.54   -0.36   -0.41   78.69   85.51    1.50    1.50  3
     93.00    0.00   19.65   -0.54   71.99    1.87
     77.00   19.04   27.23   58.17   73.16
  KFIG      281.59   41.05   26.08   23.09    0.10    0.64   72.53   70.15    1.20    1.20  3
    101.00    0.00    8.13    0.00   66.96    1.14
     73.00   44.92    1.69   90.48   64.98
  KFNL      254.98   40.45  -11.57   -4.96    0.79    1.31   71.24   67.95    1.78    1.39  3
     82.00    1.00   -2.18    1.54   69.96    1.97
     75.00    9.72  -25.47   50.38   66.53
  KFTY      275.48   33.78   48.58   43.85   -0.16    0.15   61.36   62.86    1.00    0.93  3
     80.00    0.00   36.03   -0.28   55.07    1.01
     77.00   43.64   26.54   54.77   75.87
  KFUL      242.02   33.86   43.39   37.53   -0.38    0.49   87.86   80.87    0.96    1.01  3
     69.00    0.00   20.09   -0.27   92.36    1.14
     66.00   -6.00   26.06  121.96  142.46
  KGEV      278.58   36.43   55.64   57.92   -0.08    0.29   66.00   66.39    1.26    1.25  3
    134.00    0.00   46.03   -0.22   77.45    0.92
     72.00   46.68   73.44   68.86   85.25
  KGIC      243.89   45.95   52.32   45.44    0.04    0.50   78.53   67.93    1.26    1.20  3
    157.00    0.00   45.09   -0.37   81.39    1.23
     79.00   42.61   30.13  111.69   54.65
  KGKT      276.47   35.85   84.47   85.76   -0.63   -0.34   66.06   65.63    0.88    0.81  3
    145.00    0.00   96.00   -0.86   77.54    0.66
     78.00   69.20  123.73   85.94   46.36
  KGMJ      265.26   36.61   51.00   51.76   -1.37   -0.71   63.52   65.16    1.14    1.01  3
    162.00    0.00   28.54   -0.89  100.55    1.29
     81.00   47.46   29.60   81.76   72.14
  KGNB      254.09   40.08   14.40   16.92    0.80    1.12   75.84   68.06    1.44    1.53  3
    145.00    0.00    9.65    0.58   58.43    1.69
     73.00   38.80   -0.07   97.58   77.73
  KGPH      265.69   39.33   51.16   48.26   -1.16   -0.40   59.56   59.74    1.00    0.87  3
    151.00    0.00   32.05   -1.20   49.24    1.01
     78.00   43.32   37.11   59.39   59.59
  KGPI      245.73   48.30   51.57   52.31    0.76    1.23   89.43   82.15    1.81    1.94  3
     75.00    0.00   64.44    0.59  116.70    1.94
     73.00   61.85   69.64  120.17  125.83
  KGUP      251.22   35.52   35.63   38.20   -0.13    0.31   95.09   93.43    2.32    2.19  3
     77.00    4.00   28.15   -0.32  105.29    2.55
     68.00   12.04   63.42   75.49  117.03
  KHBI      280.10   35.65   48.06   42.44   -0.40    0.03   61.23   56.73    1.22    1.11  3
    117.00    0.00   35.08   -0.47   50.95    0.97
     72.00   37.51   35.28   44.03   58.33
  KHBV      261.26   27.35   71.40   71.62   -1.79   -1.42   46.69   48.45    1.98    1.82  3
    163.00    0.00   75.47   -1.99   67.46    1.92
     81.00   52.40   76.47   49.29   64.45
  KHNZ      281.47   36.36   68.26   60.30   -0.21    0.33   60.90   62.35    1.05    1.08  3
    148.00    0.00   60.26   -0.24   92.31    0.94
     75.00   90.00   20.19   83.51   51.72
  KHQU      277.48   33.53   76.59   69.18   -0.03    0.34   55.43   56.76    0.99    0.98  3
    158.00    0.00   72.82   -0.18   46.29    0.86
     81.00   65.59   71.05   62.19   52.00
  KHSB      271.45   37.81   50.99   55.38   -0.69   -0.12   59.14   62.77    1.03    0.91  3
    162.00    0.00   30.41   -0.85   58.11    0.96
     81.00   41.28   30.47   61.44   58.47
  KHVS      279.88   34.40   47.30   46.17   -0.49   -0.02   60.13   61.08    0.97    1.00  3
    160.00    0.00   35.40   -0.43   60.63    0.82
     80.00   40.25   53.62   71.18   75.67
  KHYW      280.88   33.83   51.37   44.29   -0.59   -0.28   64.10   63.43    1.32    1.08  3
    160.00    0.00   27.42   -0.66   52.90    1.24
     80.00   94.07   26.12   95.72   36.97
  KINS      244.33   36.59   20.77   20.59    0.51    0.44  102.69   97.97    2.00    2.02  3
     67.00    0.00   22.83    0.25  103.30    1.80
     65.00    0.04   73.23  134.60  103.50
  KINW      249.27   35.02    3.49    5.33    1.03    1.40   70.56   68.23    2.04    1.92  3
     77.00    0.00   -1.19    0.98   45.64    1.83
     77.00   -5.69    0.77   46.75   34.06
  KIPT      283.08   41.25   33.77   25.68    0.46    1.09   74.23   71.93    1.34    1.38  3
     95.00    0.00   22.25    0.38   81.15    1.46
     75.00    8.45   78.08   63.80   96.02
  KJFX      272.69   33.90   89.18   82.66   -1.21   -0.89   58.01   56.17    0.78    0.69  3
    150.00    0.00   90.00   -1.20   78.79    0.68
     79.00   51.64   94.07   84.84   75.10
  KJNX      281.61   35.54   78.28   75.35   -1.12   -0.43   64.95   64.06    1.02    0.85  3
    152.00    0.00   72.81   -1.08   92.22    0.99
     76.00   69.25   84.35   84.40   88.61
  KJQF      279.30   35.38   69.70   70.82   -0.49   -0.11   54.19   60.38    1.27    1.26  3
     86.00    0.00   78.40   -0.74   64.94    0.88
     78.00   81.65   87.80   73.73   76.54
  KJTC      250.69   34.13   23.46   21.76    1.02    1.33   70.23   65.86    1.94    1.89  3
    140.00    0.00   16.08    1.11   53.39    1.64
     80.00    5.18    3.15   61.69   36.94
  KL18      242.75   33.35   48.41   40.17   -0.69   -0.16   76.55   69.37    0.80    0.93  3
    162.00    0.00   39.98   -0.69  100.35    0.90
     81.00   16.64   63.70   95.15   79.19
  KLBT      280.94   34.61   46.40   43.39   -0.09    0.39   69.08   68.33    1.13    1.13  3
     71.00    0.00   12.55   -0.13   44.38    1.17
     66.00   12.35   16.36  109.07   36.97
  KLEB      287.70   43.63   34.53   37.71    0.00    0.61   76.79   83.99    1.31    1.41  3
     98.00    0.00   20.37   -0.29   79.00    1.21
     79.00   30.90   26.33  135.15  103.49
  KLGB      241.85   33.82   14.30   20.56    0.23    1.02   74.60   69.51    0.99    1.01  3
     77.00    0.00    4.33    0.34   72.32    0.86
     74.00    7.15   48.12   74.71   90.69
  KLGD      242.00   45.28   11.56    8.66    1.77    2.18   72.54   67.81    2.14    2.17  3
     75.00    0.00    3.37    1.43   52.12    2.07
     75.00   11.28  -11.47   34.83   59.54
  KLGU      248.15   41.78   46.52   46.86   -1.42    0.22   84.47   83.74    2.07    1.58  3
     74.00    1.00   76.87   -1.25   69.44    1.81
     73.00   76.41   79.59   85.45   66.78
  KLLJ      245.78   44.52   42.71   46.07    0.40    0.63   93.35   92.27    1.76    1.80  3
     72.00    0.00   57.78    0.14   97.11    1.90
     72.00   34.78   40.47  133.06   99.60
  KLNC      263.28   32.57   45.33   47.86   -1.04   -0.44   62.51   61.97    0.97    0.89  3
    162.00    0.00   16.97   -1.04   43.66    1.02
     81.00   12.44   29.55   34.53   54.00
  KLND      251.27   42.82  -13.46  -11.65   -0.07    0.66   82.60   81.18    2.53    2.00  3
     67.00    0.00  -17.10   -0.28   92.69    3.14
     67.00  -45.00  -31.34   99.11  114.17
  KLOR      274.25   31.35   70.01   68.78   -0.72   -0.47   59.35   58.09    1.42    1.20  3
    119.00    0.00   67.27   -0.99   67.07    0.90
     72.00   45.00   72.19   67.86   52.35
  KLOZ      275.92   37.08   42.38   44.87    0.22    0.64   70.16   66.98    1.09    1.05  3
     71.00    0.00   27.65    0.05   55.39    1.14
     63.00   25.10   19.51   54.04   63.45
  KLRY      265.65   38.61   45.04   43.34   -0.82   -0.09   48.13   49.16    0.92    0.83  3
    160.00    0.00   27.36   -0.82   38.01    0.91
     80.00   47.38   28.18   79.50   36.00
  KLSV      244.97   36.22  -19.84  -16.75    1.13    1.02   76.57   74.59    2.01    1.79  3
     75.00    0.00  -36.15    1.29   61.56    1.87
     71.00  -24.52   24.91   80.16  108.29
  KLUA      281.50   38.65   46.58   59.60   -0.21    0.27   62.66   66.97    1.15    1.09  3
    160.00    0.00   41.01   -0.40   84.52    1.07
     80.00   51.42   27.65   75.07   87.79
  KLUF      247.62   33.53    9.00    4.75    1.34    1.62   72.12   73.84    1.71    1.54  3
     61.00    1.00    0.04    1.12   50.86    1.64
     60.00   -2.46   13.73   43.48   80.42
  KLUK      275.58   39.10   26.57   33.28   -0.84    0.38   70.24   74.82    1.19    1.16  3
     87.00    0.00    8.36   -1.03   52.56    1.22
     80.00   18.38    8.36   61.61   60.35
  KLXV      253.68   39.22    3.69   -4.74    0.84    1.40   94.29   95.87    1.75    1.65  3
     80.00    0.00   20.47    1.04  105.48    1.98
     76.00   11.52   34.07  139.81  101.73
  KM30      271.25   37.19   46.55   47.46   -0.65   -0.14   56.04   57.42    1.08    0.93  3
    157.00    0.00   26.17   -0.70   53.11    0.80
     81.00   18.07   62.19   53.87   69.03
  KMEV      240.25   38.97    1.21   18.54    0.04    1.42   81.42   79.17    1.97    1.91  3
    150.00    0.00    6.21   -0.12   59.31    1.76
     76.00   -1.23    6.21   64.52   32.17
  KMEZ      265.80   34.54   56.15   57.60   -0.70   -0.24   65.48   64.35    1.24    1.07  3
    153.00    0.00   47.82   -0.78   65.31    0.93
     78.00   52.52   32.82   70.91   44.67
  KMGR      276.20   31.08   71.30   60.70   -0.70   -0.37   57.45   57.76    0.98    0.86  3
    162.00    0.00   65.56   -0.61   57.82    0.99
     81.00   75.24   65.27   75.34   53.89
  KMGW      280.08   39.65   39.03   35.54    0.02    0.56   71.47   70.22    1.10    1.21  3
     87.00    0.00    9.46    0.01   60.36    1.05
     73.00    6.21   65.44   70.51   86.69
  KMKJ      278.66   36.90   56.08   54.50    0.07    0.38   74.43   70.92    1.38    1.34  3
    161.00    0.00   45.20   -0.36   93.78    1.13
     81.00   59.87   44.18   62.97   87.06
  KMMU      285.58   40.79   46.64   42.00   -0.05    0.50   53.38   55.99    1.40    1.46  3
    104.00    0.00   35.27   -0.20   57.87    1.42
     81.00   57.91   31.50   71.46   61.94
  KMNI      279.78   33.58   66.85   63.60   -0.85   -0.48   54.09   51.16    1.05    0.96  3
    158.00    0.00   57.26   -0.91   58.38    0.96
     79.00   97.51   46.91   62.46   56.98
  KMPV      287.44   44.20   47.53   47.87    0.22    0.94   65.09   72.51    1.35    1.57  3
     92.00    0.00   28.30    0.21   51.94    1.43
     77.00   31.38   29.44   46.53   80.99
  KMQS      284.13   39.97   50.53   48.92   -0.28    0.37   59.04   59.35    1.32    1.36  3
    135.00    0.00   23.55   -0.36   36.88    1.40
     72.00   38.13   20.45   69.33   39.27
  KMRN      278.39   35.82   54.58   58.34   -0.72   -0.28   57.12   57.32    0.78    0.65  3
    145.00    0.00   36.87   -0.81   48.25    0.68
     73.00   47.83   40.09   62.69   54.03
  KMSO      245.92   46.92   64.46   60.81    0.94    1.49   70.68   66.31    2.12    2.18  3
     78.00    0.00   65.89    0.71   87.06    2.02
     76.00   47.24   83.52   98.53   76.32
  KMWT      266.42   34.54   76.65   80.33   -0.87   -0.60   61.36   60.47    0.87    0.72  3
     82.00    0.00   70.69   -0.95   71.19    0.69
     62.00   90.00   60.77   73.05   58.49
  KNFG      242.65   33.29   22.64   20.28   -0.06    0.40   73.17   65.33    0.88    1.03  3
     73.00    0.00    7.92   -0.04   59.58    0.87
     70.00    7.92   -0.92   61.61   71.24
  KNUQ      237.95   37.42   49.34   45.97    0.77    1.22   73.10   70.71    1.82    1.68  3
     83.00    0.00   66.20    0.77   36.05    2.05
     79.00   60.79   51.40   35.40   62.21
  KO69      237.40   38.25   62.31   62.87   -0.46    0.33   39.65   47.37    1.56    1.39  3
    140.00    0.00   58.03   -0.61   47.41    1.73
     77.00   60.57   53.45   51.06   43.09
  KOLS      249.15   31.42   34.23   37.09   -0.25    0.17   90.68   90.15    1.63    1.64  3
     84.00    1.00   36.49   -0.26  108.96    1.30
     74.00   22.50   53.26  107.27   82.45
  KONA      268.30   44.08   53.63   50.49   -1.19   -0.56   62.27   63.57    1.00    0.84  3
    192.00    0.00   34.99   -1.22   55.60    0.95
     81.00   29.45   37.75   63.40   51.61
  KONO      242.98   44.02  -10.05   -9.52    0.56    0.97   82.48   76.15    1.79    1.78  3
     73.00    0.00   -4.23    0.46   82.35    1.58
     73.00  -10.92   -2.24   96.91  102.53
  KOQT      275.77   36.02   51.86   40.08   -0.61   -0.43   54.12   53.34    0.77    0.73  3
     63.00    0.00   45.00   -0.71   45.92    0.58
     57.00   22.95   45.00   41.74   39.39
  KOVS      269.33   43.16   53.74   50.99   -1.05   -0.35   67.25   71.79    1.33    1.00  3
     89.00    0.00   47.20   -0.93   77.71    1.37
     68.00   33.59   57.16   70.62   99.18
  KP69      244.40   46.15   91.14   86.33   -1.03   -0.51   47.96   50.41    0.97    0.81  3
     80.00    0.00   90.00   -1.14   56.17    0.96
     80.00   79.48   94.07   51.12   60.69
  KPBG      286.53   44.65   53.35   58.18    0.28    0.82   83.42   80.94    1.87    1.89  3
     81.00    0.00   14.67    0.05   67.60    2.09
     75.00   96.95   11.56  117.04   51.42
  KPGA      248.55   36.93    8.65   34.03   -0.04    0.55   85.96   86.04    1.76    1.53  3
     68.00    1.00   11.31   -0.23   99.22    1.75
     67.00  -24.46   38.13   66.58   77.56
  KPOE      266.80   31.05   75.27   68.17    0.40    0.67   42.17   46.59    1.19    1.13  3
     88.00    0.00   65.56    0.37   33.67    1.46
     71.00   78.00   58.18   46.69   28.14
  KPOU      286.12   41.63   45.13   42.01   -0.13    0.34   73.66   71.41    1.18    1.12  3
     91.00    0.00   38.64   -0.25   71.88    1.27
     74.00   44.30   62.17   98.87   85.80
  KPSP      243.50   33.83    5.70   -1.69   -0.21    0.68   78.31   78.70    2.25    2.15  3
     68.00    0.00   23.82    0.08   68.93    2.34
     68.00   23.64   20.69   50.21   83.88
  KPTN      268.67   29.72   22.02   16.84    0.20    0.33   70.01   71.40    1.29    1.19  3
     83.00    0.00   30.15    0.14   71.90    1.43
     70.00    0.49   32.26   60.91   61.47
  KPVE      271.80   35.65   45.84   45.21   -0.32    0.13   56.08   57.27    1.19    1.07  3
    153.00    0.00   28.18   -0.49   47.97    1.08
     80.00   38.65   28.18   41.92   54.75
  KPXE      276.24   32.51   45.52   39.76    0.29    0.63   50.08   50.06    1.03    0.94  3
    162.00    0.00   31.70    0.22   40.64    0.97
     81.00   45.05   26.64   49.19   29.25
  KRAL      242.55   33.95   60.11   42.45    1.12    1.73   51.14   53.02    1.52    1.73  3
     72.00    0.00   42.59    1.18   30.91    1.80
     71.00   43.80   46.67   41.63   29.35
  KRBW      279.38   32.90   61.42   52.85   -0.41   -0.09   60.04   56.78    1.11    1.12  3
    158.00    0.00   53.82   -0.50   77.11    1.09
     80.00   97.90   32.33   81.78   54.24
  KRIL      252.28   39.53   45.34   42.03    0.75    1.48   61.25   61.96    2.60    2.35  3
     75.00    1.00   48.97    0.14   55.09    2.69
     72.00   43.31   46.57   49.89   53.79
  KRKR      265.38   35.02   54.71   55.90   -0.50   -0.06   63.96   65.82    1.24    1.17  3
    156.00    0.00   42.62   -0.70   71.39    1.09
     80.00   32.62   66.20   77.79   81.69
  KRMG      274.83   34.35   55.37   46.64   -0.06    0.24   65.41   59.76    1.07    1.00  3
     90.00    0.00   40.36   -0.33   76.45    0.97
     75.00   20.10   45.85   80.67   53.68
  KRMN      282.55   38.40   53.68   55.53   -0.21    0.02   60.72   65.60    1.00    1.02  3
    162.00    0.00   42.25   -0.38   62.82    0.77
     81.00   43.63   10.08   61.96   27.82
  KRNM      243.09   33.04   57.02   54.23    0.85    1.35   55.58   47.89    1.29    1.50  3
     91.00    0.00   49.23    0.98   48.30    1.52
     79.00   50.58   49.51   60.53   66.39
  KRNO      240.22   39.50   15.54   15.19    0.49    1.41   75.29   75.72    2.23    2.02  3
     72.00    0.00   10.88   -0.07   71.68    2.01
     72.00   16.44    7.75   60.44   83.35
  KRQE      250.93   35.65   44.44   43.28   -0.32    0.08   74.32   72.60    1.82    1.74  3
     81.00    0.00   57.99   -0.74   78.36    1.78
     73.00   44.45   60.74  115.82   60.18
  KRTN      255.50   36.74   -6.88   -0.93    1.01    1.40   86.03   86.25    1.64    1.60  3
     83.00    1.00    2.05    1.08   80.80    1.16
     76.00    5.32   10.79  128.76  110.22
  KRUT      287.05   43.53   14.67   13.66    0.53    1.20   71.34   70.60    1.36    1.47  3
     71.00    0.00   14.56    0.36   62.13    1.40
     64.00   19.56   -5.97   86.58   48.57
  KRWI      282.10   35.85   44.93   39.09   -0.50    0.16   70.59   65.63    1.25    1.03  3
     90.00    0.00   22.90   -0.36   70.84    1.30
     72.00   24.21   57.39   79.79   86.49
  KSBD      242.77   34.10   59.22   45.70    0.13    0.70   54.97   59.18    1.38    1.50  3
     73.00    0.00   43.88    0.41   56.34    1.65
     73.00   47.53   44.95   87.57   82.19
  KSCR      280.50   35.70   53.62   48.95   -0.50    0.02   57.79   59.16    0.77    0.92  3
    155.00    0.00   44.36   -0.66   61.25    0.70
     78.00   44.58   30.13   87.38   45.09
  KSDY      255.80   47.70   22.58   20.74    0.26    0.34   71.73   68.57    1.57    1.47  3
     81.00    0.00    8.76    0.20   53.74    1.77
     77.00   24.68   -1.82  109.38   35.83
  KSHR      253.03   44.77   23.07   19.06    0.52    0.63   73.40   70.17    2.10    1.89  3
     78.00    0.00   18.55    0.79   75.48    2.09
     73.00   25.69    4.99  109.71   54.62
  KSLI      241.95   33.78   31.43   18.21    0.35    0.70   74.66   69.08    1.05    1.18  3
     78.00    0.00    7.13    0.49   78.28    1.20
     71.00    9.76   27.14   77.19   92.87
  KSLR      264.38   33.15   81.96   79.24   -1.96   -1.24   59.24   58.01    1.65    1.44  3
    150.00    0.00   82.88   -2.12   70.12    1.68
     75.00   73.61   67.03   69.06   65.73
  KSMN      246.12   45.12   52.38   59.80   -1.64   -0.89   79.34   87.83    1.94    1.82  3
     74.00    0.00   49.46   -1.52   67.98    1.31
     74.00   28.15   79.26   52.36   93.57
  KSMO      241.55   34.02   35.31   27.74    0.60    0.68   71.77   67.55    1.13    1.15  3
     82.00    0.00   15.85    0.84   47.84    1.08
     78.00   21.38   15.50   52.12   79.31
  KSMQ      285.33   40.63   56.25   52.01   -0.74   -0.12   59.47   57.49    1.21    1.11  3
     77.00    0.00   45.00   -0.90   57.33    0.99
     66.00   68.56   35.69   72.70   67.48
  KSMS      279.64   34.00   71.78   70.44   -0.80   -0.37   61.96   65.11    1.03    0.97  3
    140.00    0.00   69.88   -0.89   81.29    1.02
     75.00   99.71   84.35   81.71   86.54
  KSNS      238.40   36.67   51.44   48.22    1.27    1.60   51.50   52.90    1.53    1.37  3
     87.00    0.00   42.55    1.29   45.87    1.35
     78.00   51.67   45.14   40.47   60.96
  KSNT      245.07   44.17   59.50   58.72   -0.20    0.10   72.83   76.52    1.31    1.32  3
     70.00    0.00   94.17   -0.56   74.58    1.50
     70.00   87.71   36.78   41.51  127.12
  KSRB      274.47   36.06   69.70   72.31   -0.76   -0.46   59.09   57.53    0.95    0.90  3
    148.00    0.00   62.19   -0.91   76.14    0.72
     80.00   85.85   72.12   79.42   63.72
  KSRR      254.47   33.47   18.53    7.78   -0.45    0.57   70.97   69.32    1.76    1.64  3
     95.00    0.00    9.65   -0.63   65.06    1.36
     63.00   17.61    9.56   61.26   51.58
  KSTS      237.18   38.50  -23.82   -9.49    0.35    1.10   82.33   90.91    1.27    1.37  3
     87.00    0.00  -62.35    0.31   60.35    1.50
     76.00  -79.36  -32.70   49.50  110.05
  KSYM      276.42   38.21   50.21   52.28   -0.38    0.00   58.06   60.74    0.96    0.93  3
    145.00    0.00   51.08   -0.40   60.39    0.89
     78.00   54.10   53.19   75.74   61.91
  KTBR      278.27   32.47   72.25   63.06   -0.70   -0.34   54.87   54.90    1.04    0.95  3
    162.00    0.00   68.86   -0.73   69.33    0.95
     81.00   81.92   57.07   46.09   59.43
  KTDF      281.02   36.28   53.32   46.12   -0.11    0.39   50.47   53.33    1.28    1.29  3
    154.00    0.00   43.73   -0.38   57.73    1.00
     78.00   57.89   28.82   88.60   62.98
  KTNB      278.35   36.20   77.78   83.74   -0.71   -0.32   57.84   57.75    1.15    1.00  3
    162.00    0.00   60.26   -0.81   62.02    0.82
     81.00   51.00  104.04   58.53   71.21
  KTRM      243.83   33.63    1.09    8.72    0.38    1.05   73.78   74.33    1.55    1.56  3
     71.00    0.00   20.52    0.53   47.12    1.83
     71.00    7.59   30.75   66.23   45.36
  KTTA      280.91   35.58   66.27   65.92   -0.47    0.10   69.79   68.46    1.28    1.12  3
    108.00    0.00   64.44   -0.64   89.42    0.89
     76.00   85.93   98.77   92.44   67.64
  KTTD      237.58   45.55   13.77   19.95    0.06    0.31   70.70   65.11    1.26    1.31  3
     66.00    0.00   20.56    0.27   63.90    1.45
     59.00   36.49   -8.07   57.86   78.23
  KTVK      267.10   40.68   77.03   76.21   -2.06   -1.36   65.53   67.24    1.12    0.97  3
    158.00    0.00   80.54   -2.09   93.74    1.24
     79.00   95.02  115.30   76.05   76.43
  KTVL      240.00   38.90   28.42   31.62   -0.11    0.73   89.71   89.49    1.51    1.63  3
     72.00    0.00    0.00   -0.27   83.23    1.47
     69.00    9.22   28.37   81.19  120.32
  KTVR      268.97   32.35   37.37   40.32   -0.93   -0.12   74.50   78.08    1.44    1.22  3
     83.00    0.00   15.95   -1.20   56.91    1.26
     73.00   46.79   10.11  101.16   87.80
  KVAY      285.16   39.94   46.34   42.31   -0.63   -0.15   64.73   65.35    1.20    1.07  3
     81.00    0.00   25.26   -0.77   54.33    1.26
     68.00   40.06   25.37  107.95   49.85
  KVBS      266.36   29.48   11.31   10.99   -0.46   -0.54   80.12   79.58    1.88    1.94  3
    100.00    0.00  -24.69   -0.68   49.78    2.21
     65.00  -20.37  -27.94   64.23   44.41
  KVDF      277.65   28.01   59.73   67.61   -0.88   -0.74   52.20   56.84    1.07    0.96  3
    159.00    0.00   63.67   -1.01   48.84    0.76
     80.00   87.78   54.82   76.39   36.41
  KVEL      250.48   40.43   16.07   24.43   -0.66    0.49   84.71   82.30    2.18    1.40  3
     75.00    0.00   20.64   -0.39   96.42    2.06
     75.00   31.23   -5.62  130.92   82.14
  KVJI      277.97   36.68   72.25   67.69   -0.13    0.21   58.04   49.97    1.10    1.23  3
    162.00    0.00   74.74    0.97   58.87    2.10
     81.00   91.65   47.43   56.30   38.29
  KVKS      269.07   32.22   68.43   68.39   -0.30   -0.02   60.67   62.66    1.25    1.16  3
    148.00    0.00   56.31   -0.78   69.09    0.89
     79.00   38.00   72.17   40.09   91.19
  KVNY      241.52   34.22   -2.07   14.48    0.26    0.82   92.70   79.38    1.01    1.28  3
     76.00    0.00  -21.78    0.37   92.51    1.16
     73.00   29.22  -22.56  152.13   81.25
  KVSF      287.48   43.35   68.36   67.62   -0.68   -0.09   75.22   78.31    1.15    1.09  3
    107.00    0.00   72.17   -0.85   94.87    0.98
     79.00   95.55   51.05   75.25   68.75
  KVUJ      279.85   35.42   51.90   49.78   -0.15    0.29   52.96   58.08    0.88    1.11  3
    155.00    0.00   39.03   -0.29   52.14    0.89
     78.00   49.07   27.88   78.72   34.22
  KW22      279.73   39.00   47.35   44.39    0.04    0.40   69.89   70.59    1.19    1.13  3
    144.00    0.00   31.43   -0.01   78.47    1.31
     77.00   73.78   12.10  104.82   85.51
  KW78      281.16   36.68   59.55   55.33   -0.47   -0.03   64.41   64.63    0.89    0.76  3
    162.00    0.00   53.13   -0.51   70.06    0.73
     81.00   76.81   18.38  100.98   42.73
  KW81      281.91   37.18   67.44   59.95   -0.57   -0.21   61.32   63.00    0.85    0.79  3
    162.00    0.00   68.20   -0.47   79.59    0.63
     81.00   72.62   18.30   79.43   38.29
  KWRB      276.40   32.63   48.56   38.86   -0.17    0.17   59.62   61.21    1.36    1.23  3
     89.00    0.00   41.13   -0.50   55.07    1.60
     72.00   53.51   31.29  104.11   43.06
  KWRL      252.05   43.97   25.23   22.05    0.89    0.92   75.11   74.63    1.68    1.65  3
     76.00    1.00   20.08    0.69   47.56    1.83
     74.00   27.05   17.28   47.56   84.29
  KWVI      238.21   36.94  -18.13  -17.64   -0.48   -0.02   75.20   77.15    1.22    1.33  3
     91.00    0.00   -0.41   -0.51   94.69    1.47
     75.00  -60.74    8.67   96.72   83.65
  KWYS      248.88   44.68   45.99   43.71    0.31    0.81   65.59   62.02    1.90    1.82  3
    159.00    0.00   57.51   -0.25   81.95    2.12
     78.00   59.49   61.77   89.60   87.85
  KZPH      277.85   28.22   73.71   79.01   -1.01   -0.77   51.94   52.63    1.28    1.22  2
    159.00    0.00   80.54   -1.00   52.70    0.89
     80.00   88.24   71.57   66.32   50.56
  LFLC        3.17   45.78   -8.70   -8.87    0.61    0.62   72.27   70.20    1.10    1.06  3
     66.00    0.00    1.79    0.71   43.30    1.06
     66.00   -0.48  -16.92   41.46   60.62
  LFLN        4.01   46.42   18.63   24.04   -0.25    0.15   71.42   70.07    1.03    0.97  3
     66.00    0.00   13.11   -0.33   55.54    1.15
     65.00   19.80   30.35   32.65   98.39
  LIMK        7.73   45.03   12.19   14.64    0.61    0.66   83.93   84.91    1.42    1.44  3
     67.00    0.00   24.95    0.54   82.43    1.45
     67.00   35.78   23.11   69.40  101.19
  LIMU        8.17   43.95   19.88    4.84   -0.09    0.13   80.96   79.57    1.70    1.48  3
     68.00    0.00   10.66   -0.17   63.26    1.48
     68.00   10.66  -18.59   55.84   69.31
  LIVE       10.50   46.83  -34.77  -25.02    0.86    0.99   93.99   94.02    1.38    1.30  3
     68.00    0.00  -29.59    0.81   78.81    1.50
     68.00   -1.49  -49.25   70.30   90.68
  LIVP       11.03   46.15    0.73   -1.04    1.06    1.40   77.62   72.26    2.00    2.15  3
     68.00    0.00    7.30    0.59   41.06    1.80
     68.00    9.44    5.34   45.54   25.98
  LIVR       11.78   46.30   -4.54   -8.73    1.66    1.87   75.05   81.63    1.50    1.36  3
     65.00    0.00    0.00    1.74   86.12    1.42
     65.00    4.73   10.02   81.96   93.10
  LSZC        8.38   46.97   29.19   48.60    0.64    1.00   89.28   81.88    1.27    1.08  3
     58.00    0.00   75.30    0.74   35.29    0.96
     58.00   72.08   80.91   32.77   43.66
  LSZG        7.42   47.18   -4.67    3.00    0.46    0.57   75.37   72.83    1.46    1.27  3
     65.00    0.00   -1.01    0.13   56.17    1.18
     65.00    0.98   -7.63   40.90   60.70
  LSZH        8.52   47.48   30.40   27.53    0.81    0.95   77.77   62.96    1.39    1.29  3
     57.00    0.00   10.35    0.77   80.34    1.40
     57.00  -10.16   24.53   72.08   82.11
  LSZS        9.88   46.53   11.66   12.76    0.63    0.84   88.94   89.26    2.12    1.99  3
     56.00    0.00    7.28    0.45  122.68    1.95
     56.00   17.79  -21.45  143.91   48.92
  MDPP      289.45   19.75   60.76   60.51   -1.37   -1.24   65.35   65.93    2.06    1.89  3
     80.00    0.00   51.58   -2.00   87.40    2.29
     80.00   13.59   99.13   78.93   72.55
  MGMM      270.13   16.97   65.67   64.80   -0.45   -0.35   49.26   49.01    1.62    1.59  3
     76.00    0.00   70.67   -0.63   38.72    1.49
     76.00   65.34   71.57   41.62   44.02
  MGPB      271.40   15.72   49.23   48.56   -0.85   -0.69   49.69   49.52    1.51    1.47  3
     75.00    0.00   46.74   -1.04   46.22    1.49
     75.00   43.59   47.46   36.34   73.85
  MMMM      258.97   19.85   52.37   48.10    0.22    0.38   73.41   74.67    1.47    1.45  3
     64.00    0.00   43.65   -0.25   80.40    1.18
     60.00   47.18   36.42   72.74   86.11
  MMTO      260.43   19.35   49.92   47.66    0.06    0.21   73.05   78.00    1.68    1.55  3
     71.00    0.00   66.41   -0.19   69.60    1.64
     64.00   59.46   79.19  110.86   59.81
  PAAQ      210.92   61.60   10.28    6.73    0.98    1.05   94.02   96.42    1.75    1.81  3
     79.00    0.00   -9.01    1.06  140.31    1.42
     77.00  -25.22   58.44  114.13   99.42
  PABI      214.28   64.00    7.50   19.55    0.93    1.15   72.15   72.00    1.95    1.83  3
     64.00    0.00   -3.68    0.80   67.25    1.66
     58.00   -7.98    4.18   64.99   61.57
  PABV      210.48   61.42   52.63   48.91   -0.10   -0.16   83.64   83.56    1.35    1.40  3
     83.00    0.00   74.22   -0.30   77.31    1.42
     75.00   75.13   71.21   71.21   78.42
  PACV      214.50   60.50   30.55   30.20   -1.65   -1.36   71.81   71.76    1.61    1.42  3
     92.00    0.00   26.30   -1.80   67.07    1.81
     80.00   43.85   17.06  126.16   22.64
  PAED      210.20   61.25   58.17   62.97    0.58    0.34   76.22   84.58    2.19    1.74  3
     89.00    0.00   71.08   -0.39   85.05    1.89
     72.00   68.92   36.75   74.46   78.68
  PAFB      212.38   64.83   19.06   18.16    0.55    0.77   70.42   63.30    1.38    1.37  3
     86.00    0.00    6.52    0.55   56.04    1.66
     65.00    9.24    4.14   76.27   42.01
  PAFE      226.09   56.96  -10.09   -0.22    0.34    0.67   83.20   88.08    1.40    1.36  3
     69.00    0.00  -16.86    0.46   77.33    1.53
     64.00  -23.66    9.33  103.24   94.75
  PAFR      210.35   61.27   72.62   75.41   -0.62   -0.60   76.35   78.04    1.42    1.47  3
     78.00    0.00   90.00   -0.97   84.43    1.47
     56.00   98.98  134.23   91.12   63.69
  PAGN      225.41   57.50   69.50   63.76   -1.46   -1.06   71.04   62.28    0.98    0.93  3
     74.00    0.00   59.74   -1.43   69.33    0.93
     65.00   70.81   42.40   83.27   54.05
  PAGS      224.28   58.42    8.26   12.90    0.20    0.62   71.33   70.10    1.41    1.43  3
     85.00    0.00    3.12    0.20   77.77    1.88
     70.00  -28.74   30.20   43.30   53.95
  PAHN      224.48   59.25   -7.57   -6.73    1.69    2.03   77.46   75.48    1.83    1.97  3
     87.00    0.00  -40.68    1.55   61.60    1.24
     77.00  -55.21   41.95   43.23   99.43
  PAHO      208.50   59.63   17.19   10.70   -0.26    0.16   76.04   73.99    1.76    1.56  3
     87.00    0.00   26.57   -0.45   58.73    2.07
     77.00   40.70   -3.80   52.33   92.49
  PAJC      201.63   56.31  -11.61   -9.77    0.26    0.68   81.03   73.91    1.96    1.86  3
     86.00    1.00  -21.19   -0.25   70.68    1.51
     67.00  -37.23  -60.38   43.02   48.99
  PAJN      225.42   58.37   -6.07    0.90    1.09    1.55   80.32   84.68    2.21    2.06  3
     84.00    0.00   -0.41    1.29   77.94    2.22
     80.00   -4.05   40.48   64.63   78.38
  PAKW      226.92   55.58   -2.18    2.82   -0.15    0.32   73.00   79.07    1.46    1.51  3
     86.00    0.00   -9.19   -0.28   76.13    1.31
     73.00  -34.34    9.67   78.16   52.38
  PAMR      210.15   61.22   61.92   57.56   -0.02   -0.09   74.42   73.17    1.48    1.31  3
     79.00    0.00   59.71    0.09   89.10    1.61
     76.00   49.40   38.77  107.94  102.66
  PAOH      224.56   58.12    5.62    7.94   -0.20    0.13  100.47   97.37    1.69    1.54  3
     81.00    0.00   14.04   -0.54  107.30    1.57
     73.00  -28.95   36.73   83.88   36.75
  PAPG      227.03   56.82   -5.65   -3.23    0.04    0.40  115.93  112.75    1.19    1.17  3
    100.00    0.00   22.91    0.23  171.89    1.28
     79.00  -88.80   49.78  118.84   94.95
  PASI      224.65   57.07   -3.92   -3.65    0.28    0.74   70.43   71.54    1.82    1.76  3
     96.00    0.00    4.58    0.25   62.99    1.63
     80.00    8.85   28.49   42.44   62.61
  PASO      208.31   59.44   54.01   47.80   -1.79   -1.16   74.19   78.85    1.55    1.33  3
     73.00    0.00   52.11   -1.80   78.23    0.90
     68.00   68.45   51.33   94.34   68.50
  PAVD      213.73   61.13   43.80   46.33   -1.12   -0.87   89.17   87.29    1.91    1.83  3
     95.00    0.00   29.04   -1.04   79.35    1.81
     76.00   52.62   21.84   90.50   39.61
  PAWG      227.63   56.48   30.67   38.32    0.13    0.49   76.77   74.83    1.33    1.27  3
     77.00    0.00   22.50    0.15   75.40    1.80
     72.00    1.00   36.14   61.78   31.77
  PHBK      200.21   22.04   64.72   64.71   -2.01   -1.63   60.62   60.30    2.19    2.01  3
     80.00    0.00   59.22   -1.89   58.10    2.18
     77.00   72.05   41.78   84.78   55.05
  PHKO      203.95   19.73   30.02    1.18    1.71    1.81   82.69   89.01    1.92    1.77  3
     86.00    0.00   30.89    1.58   96.89    1.61
     80.00   23.93    9.39   99.44   92.08
  PHSF      204.45   19.78   48.02   31.25    0.96    1.34   61.20   68.90    2.15    2.10  3
     66.00    1.00   53.51    0.80   59.91    2.09
     59.00   58.07   44.55   56.31   92.81
  SBBV      299.30    2.83   16.12   18.89    1.21    1.19   71.26   64.11    1.22    1.20  3
     79.00    0.00   16.53    1.02   56.26    1.14
     79.00   14.02   12.10   51.84   55.82
  SKCL      283.62    3.55  -52.46  -55.52    1.28    1.23   78.72   77.63    1.50    1.51  3
     66.00    0.00  -65.34    0.95  105.72    1.38
     66.00  -34.68  -65.34  113.29  111.99
  SKVP      286.75   10.43   49.99   49.79    1.36    1.41   56.65   56.76    1.92    1.92  3
     58.00    0.00   35.03    1.32   45.22    1.68
     58.00   36.80   35.29   52.58   84.82
  CYYD      232.82   54.82   26.93   22.63    0.33    0.47   74.06   70.40    1.78    1.72  3
     71.00    0.00   41.71   -0.06   59.95    1.93
     62.00   40.66   45.80   52.45   69.42
  CYYE      237.42   58.84   -5.08   -2.26    0.35    0.48   69.86   66.91    1.09    0.95  3
     71.00    0.00  -11.64    0.55   61.07    0.96
     69.00   -7.31  -13.83  102.38   47.45
  KAAT      239.43   41.49   46.47   52.36    0.35    0.68   70.94   73.84    1.51    1.58  3
     73.00    0.00   43.87   -0.11   58.59    1.39
     70.00   47.55   41.87   62.94   52.47
  KAVP      284.27   41.33   17.50   21.06    0.29    0.85   79.98   80.16    1.28    1.26  3
     79.00    0.00   16.74    0.47   74.25    1.73
     67.00    9.09   29.73   88.56   49.08
  KCEC      235.77   41.78  -16.25  -16.10   -0.03    0.71   76.83   73.73    2.12    2.04  3
    108.00    0.00    6.34    0.02   42.83    1.58
     78.00   -7.52   10.31   81.69   27.16
  KCQT      241.72   34.02  127.61  128.69   -1.58   -0.90   46.24   46.37    0.97    0.78  3
     69.00    0.00  140.55   -1.55   20.09    0.84
     62.00  135.00  142.66   22.15   30.12
  KEGE      253.08   39.65   28.14    2.47    0.94    1.13   86.37   98.37    2.22    2.16  3
     74.00    0.00   33.69    0.89   66.60    2.33
     71.00   50.34   36.17   81.26   66.81
  KEKO      244.22   40.83   25.56   31.71    0.14    0.67   77.59   65.80    1.80    1.78  3
     75.00    0.00   21.99    0.16   79.67    1.93
     72.00    8.14   29.58   57.84   98.80
  KENV      245.97   40.72   -0.47    5.58    0.70    1.27   76.86   68.87    2.24    1.99  3
     73.00    1.00    7.13    1.21  100.10    2.09
     70.00   24.81   27.87   92.19   76.79
  KGCN      247.85   35.95    0.10   12.28   -1.36   -0.22   95.38  105.20    1.73    1.54  3
     82.00    2.00   -2.35   -0.56  105.11    1.91
     72.00   -3.62   -4.30   94.06  128.50
  KHLN      248.00   46.60   35.85   35.76    1.03    1.38   80.80   76.42    1.55    1.41  3
     76.00    0.00   43.89    0.90   99.92    1.38
     71.00   68.95   18.66   91.50  101.01
  KIPL      244.42   32.83  -18.97    9.06    1.56    1.89   77.40   69.59    1.58    1.43  3
     72.00    0.00  -11.01    1.72   67.86    1.05
     70.00  -23.95   -0.15   97.78   25.31
  KPLU      237.72   47.10   85.83   77.95   -0.97   -0.63   60.46   59.37    0.91    0.84  3
    123.00    0.00  140.65   -0.91   75.12    0.73
     68.00   79.10   93.56   70.90   94.33
  KSIY      237.53   41.78   19.40   27.42    0.88    1.46   71.34   77.62    1.86    1.96  3
     75.00    0.00   22.04    0.64   61.39    2.36
     73.00   20.39   24.30   49.68   60.52
  KTTS      279.28   28.62   47.42   47.33   -0.63   -0.49   52.73   58.05    1.26    1.16  3
     74.00    0.00   30.19   -0.84   49.59    1.24
     62.00   30.43   28.76  105.43   46.20
  LEVX      351.37   42.22   22.91   19.85    0.71    1.00   70.86   68.89    1.35    1.22  3
     69.00    0.00    8.62    0.60   66.89    1.28
     68.00  -11.28   49.66   55.07  109.39
  LSMM        8.11   46.75   12.33    5.78    0.78    1.03   89.09   83.94    1.85    1.77  3
     60.00    0.00   26.65    1.02  104.28    1.96
     60.00   50.19   39.75   93.15  102.00
  PAKV      201.28   64.31   30.27   28.16   -0.39   -0.26   75.68   75.04    1.29    1.25  3
     86.00    0.00   24.66   -0.45   78.75    1.54
     72.00   11.85   24.66  110.91   87.98
  SKPE      284.27    4.82  -23.94  -20.32    1.65    1.65   80.56   73.12    1.16    1.15  3
     51.00    0.00  -28.61    1.58   89.51    1.01
     51.00 -999.00 -999.00 -999.00 -999.00
  SVMI      293.02   10.60   51.77   49.67   -2.21   -2.06   67.73   66.12    1.25    1.26  3
     57.00    0.00   24.33   -2.33   90.61    1.20
     56.00   74.53   16.07   84.84   79.81
  KBLF      278.80   37.29   45.47   43.90    0.42    0.68   58.71   59.49    1.22    1.21  3
     83.00    0.00   28.41    0.46   47.62    1.72
     67.00   31.05   32.16   55.27   92.30
  KBPK      267.53   36.36   60.00   58.12   -0.15    0.10   42.44   45.46    0.99    1.00  3
     78.00    0.00   49.40   -0.07   35.13    1.22
     65.00   57.02   50.73   37.51   31.99
  KLWS      242.98   46.38   26.46   24.62    0.24    0.72   84.76   83.79    1.42    1.37  3
     71.00    0.00   16.22    0.45   79.49    1.70
     68.00   14.20    4.34   87.11  112.13
  KREO      242.12   42.58  -25.37  -23.12    1.02    1.28   75.62   75.64    1.55    1.57  3
     73.00    0.00  -22.61    0.83   61.14    1.31
     73.00  -28.89   -8.54   61.42   93.10
  PAEG      218.85   64.78   54.73   55.59   -0.61   -0.42   84.40   82.51    1.24    1.21  3
     78.00    0.00   52.84   -0.69  104.16    1.22
     72.00  104.40   75.39  112.09   86.23
  KRZR      275.20   35.22   63.22   62.09   -0.06    0.23   65.10   64.94    1.08    1.04  3
    151.00    0.00   56.31   -0.41   69.66    0.78
     77.00   50.65   68.61  102.10   84.76
  KE16      238.40   37.08   14.98   23.31    1.12    1.61   78.91   77.45    1.67    1.71  3
    108.00    0.00   46.80    1.18   77.09    2.22
     59.00  -18.79   57.04  115.07   47.75
  KRZT      276.99   39.43   50.32   49.33   -0.60   -0.05   53.30   50.33    0.92    0.82  3
    160.00    0.00   30.27   -0.47   47.55    0.94
     76.00   52.92   14.92   75.89   35.14
  KRCZ      280.24   34.89   47.46   44.21    0.12    0.55   53.62   57.19    1.13    1.17  3
    137.00    0.00   24.24    0.03   41.34    0.95
     70.00   30.92   17.63   46.96   38.51
  LIVD       12.22   46.73  100.94   97.31   -0.97   -0.84   74.50   74.43    0.92    0.92  2
     10.00    0.00  120.96   -0.94   64.93    1.07
      9.00 -999.00 -999.00 -999.00 -999.00
  KGAD      273.92   33.97   51.62   43.75   -0.20    0.11   64.15   62.25    1.23    1.16  3
     71.00    0.00   48.81   -0.36   71.65    1.15
     59.00   38.03   55.49   79.34   81.41
  K04V      253.83   38.10   58.39   62.34    0.42    0.79   68.00   70.68    2.14    2.13  2
    150.00    0.00   60.25   -0.36   59.53    2.42
     75.00   52.18   71.80   44.80   78.27
  K1A6      276.26   36.61   61.88   58.72   -0.79   -0.46   65.35   63.06    0.87    0.79  3
    158.00    0.00   49.65   -0.86   73.87    0.81
     79.00   30.39   67.79   72.47   78.34
  K3T5      263.05   29.91   46.75   50.59   -0.90   -0.47   55.94   60.33    1.02    0.86  3
    154.00    0.00   51.87   -0.50   69.06    0.95
     77.00   16.55   51.08   28.71   66.17
  K40J      276.44   30.07   48.58   43.50    0.00    0.21   48.77   47.23    1.28    1.21  3
    158.00    0.00   41.73   -0.10   42.60    1.51
     79.00   50.02   36.27   44.59   44.04
  K4A6      274.00   34.68   57.90   63.27   -0.57   -0.19   59.70   62.02    1.03    0.99  3
    133.00    0.00   45.00   -0.81   63.77    0.90
     73.00   26.57   40.93   70.42   50.20
  K5R8      266.53   30.43   45.63   42.90   -0.24   -0.03   59.08   57.09    1.12    1.05  3
    156.00    0.00   36.87   -0.42   48.15    1.06
     79.00   36.52   30.37   67.55   45.42
  K65S      243.70   48.73   45.05   47.62   -0.17    0.18   56.41   59.09    1.21    1.18  3
    156.00    0.00   37.76   -0.43   59.45    1.02
     78.00   26.57   78.68   40.90   93.65
  K6A2      275.72   33.22   57.51   53.25   -0.36   -0.01   50.20   51.58    0.83    0.79  3
    157.00    0.00   49.40   -0.54   48.15    0.85
     79.00   62.17   49.49   48.89   50.88
  K6R3      264.99   30.36   69.68   67.29   -0.67   -0.26   46.45   45.33    0.90    0.85  3
    158.00    0.00   66.14   -0.95   48.49    0.78
     79.00   57.14   59.13   57.08   36.46
  K7W4      282.25   37.96   52.13   54.14   -0.49   -0.20   52.26   55.85    1.08    0.95  3
    158.00    0.00   30.67   -0.60   50.47    0.94
     79.00   64.47   22.50   55.11   38.48
  K8B0      289.30   44.96   48.39   44.62   -0.17    0.54   50.61   52.29    1.05    1.02  3
    146.00    0.00   36.63   -0.16   32.13    1.14
     73.00   37.31   36.75   47.01   36.25
  KA08      272.62   32.51   62.33   64.47   -0.35   -0.13   48.27   46.76    1.24    1.10  3
    122.00    0.00   60.80   -0.73   59.05    0.93
     63.00   69.49   50.96   45.65   62.12
  KABY      275.82   31.53   46.01   38.00    0.25    0.57   64.91   66.64    1.28    1.33  3
     87.00    0.00   21.53    0.30   51.58    0.93
     77.00   66.86    9.51   89.10   31.03
  KACB      274.80   44.99   50.05   48.84   -1.52   -0.90   65.96   67.25    1.13    0.91  3
    155.00    0.00   22.52   -0.96   55.96    1.21
     79.00   15.82   22.70   76.46   48.93
  KADU      265.08   41.70   65.12   63.14   -1.64   -0.99   63.04   65.35    1.29    1.16  3
    150.00    0.00   36.71   -1.64   93.94    1.07
     76.00   45.00   33.88   76.13   65.91
  KAFP      279.92   35.02   51.18   43.87   -0.37    0.06   59.73   64.49    0.89    0.83  3
    124.00    0.00   39.61   -0.02   61.88    0.98
     63.00   58.35   26.87   65.29   47.05
  KAHN      276.68   33.95   74.15   73.35   -0.20    0.15   62.84   56.53    1.13    1.08  3
     71.00    0.00   59.73   -0.54   76.30    0.99
     62.00   82.98   66.92   77.45   73.38
  KAKQ      282.99   36.97   61.80   54.56   -0.43   -0.12   66.52   73.62    1.12    1.07  3
     72.00    0.00   41.69   -0.59   81.05    1.07
     61.00   36.54   46.82   92.58   70.50
  KALX      274.04   32.90   51.33   47.54   -0.29   -0.01   53.22   54.79    0.91    0.78  3
    158.00    0.00   45.00   -0.46   63.43    0.85
     79.00   33.03   42.21   59.43   50.09
  KAQO      261.34   30.78   62.39   63.80   -1.05   -0.47   66.23   66.92    1.38    1.26  3
    158.00    0.00   49.76   -1.04   75.01    1.34
     79.00   17.91   62.12   78.34   73.30
  KASN      273.95   33.57   49.23   55.07    0.00    0.28   55.76   57.15    1.11    1.03  3
    158.00    0.00   33.69   -0.30   49.96    1.37
     79.00   29.59   42.64   43.87   53.41
  KAVC      281.95   36.69   51.63   47.07   -0.25    0.22   58.46   61.20    1.23    1.09  3
    153.00    0.00   36.88   -0.38   71.08    1.04
     79.00   28.20   55.43   67.14   81.35
  KAWO      237.83   48.17   46.71   38.81    0.70    0.92   65.63   61.23    1.44    1.38  3
     81.00    0.00   51.34    0.93   76.14    1.44
     73.00   42.20   17.93   51.55   69.65
  KBCB      279.58   37.22   47.94   49.34   -0.16    0.21   58.79   56.47    1.12    1.10  3
    158.00    0.00   50.39   -0.50   68.14    0.94
     79.00   64.78   20.54   62.01   64.24
  KBGE      275.36   30.97   46.90   39.74   -0.27    0.00   58.17   55.65    1.06    0.92  3
    158.00    0.00   35.35   -0.33   52.31    0.96
     79.00   46.34   33.67   51.61   51.03
  KBHC      277.61   31.71   58.93   56.71   -0.78   -0.37   49.08   50.56    0.89    0.76  3
    157.00    0.00   50.65   -0.89   45.58    0.90
     79.00   72.54   28.42   47.28   29.55
  KBIJ      275.11   31.40   62.93   58.95   -0.97   -0.69   54.17   53.21    0.83    0.73  3
    156.00    0.00   51.01   -0.67   57.82    0.90
     79.00   62.77   73.06   59.82   57.21
  KBQP      268.12   32.76   49.95   50.50   -0.52   -0.35   61.06   63.57    1.09    0.96  3
    158.00    0.00   39.29   -0.68   55.92    1.01
     79.00   40.84   27.80   54.48   76.97
  KCCO      275.23   33.31   59.89   55.77   -0.08    0.23   60.67   53.50    0.96    0.91  3
    158.00    0.00   45.00   -0.20   47.95    0.86
     79.00   50.88   28.19   52.61   33.85
  KCDH      267.23   33.61   64.14   66.54   -0.51   -0.31   61.67   64.30    0.95    0.78  3
    140.00    0.00   63.43   -0.72   81.80    0.92
     77.00   87.17   52.70   75.29   86.92
  KCDW      285.72   40.88   45.30   35.59   -0.33    0.15   59.61   57.63    1.23    1.21  3
     78.00    0.00   23.84   -0.51   46.68    1.31
     71.00   28.43   19.62   74.18   25.77
  KCLS      237.02   46.68   49.69   48.22   -0.48   -0.14   54.28   58.10    1.21    1.20  3
    125.00    0.00   57.72   -0.58   58.81    1.06
     69.00   58.38   65.82   46.88   70.97
  KCMY      269.26   43.96   54.36   57.61   -1.03   -0.43   60.95   63.48    1.16    0.98  3
    154.00    0.00   39.81   -1.00   67.08    1.22
     77.00   39.23   80.26   75.23   92.13
  KCNI      275.59   34.31   49.58   41.89   -0.66   -0.26   50.49   46.31    0.94    0.87  3
    158.00    0.00   45.00   -0.85   53.76    0.80
     79.00   33.45   49.11   42.61   48.31
  KCNO      242.37   33.97   51.45   27.22    0.61    1.26   50.77   47.77    1.41    1.64  3
     77.00    0.00   38.82    0.69   40.36    1.68
     77.00   36.21   61.46   54.78   58.27
  KCQF      272.11   30.46   63.32   63.33   -1.76   -1.67   64.97   64.44    1.40    1.23  3
    158.00    0.00   47.12   -1.65   75.06    1.50
     79.00   65.28   53.08  109.63   95.14
  KCTJ      274.85   33.63   67.10   63.29   -0.56   -0.21   59.24   54.66    0.78    0.67  3
    150.00    0.00   56.31   -0.64   73.61    0.65
     75.00   54.72   42.40   75.26   74.69
  KCUB      279.02   33.97   74.49   72.44   -0.55   -0.17   62.95   67.07    1.24    1.20  3
     80.00    0.00   62.22   -0.98   79.63    0.71
     71.00  123.25   55.39   69.28   70.07
  KCWV      278.13   32.20   69.33   63.96   -0.94   -0.55   68.38   65.99    0.78    0.74  3
    150.00    0.00   70.02   -0.94   84.31    0.75
     75.00  105.51   22.79   57.80   74.41
  KCXE      281.50   36.78   63.83   60.74   -0.55   -0.11   57.74   56.85    0.91    0.75  3
    158.00    0.00   52.88   -0.61   66.23    0.82
     79.00   53.55   29.23   52.94   54.83
  KDCM      278.81   34.79   51.70   49.34    0.08    0.43   55.53   59.73    1.16    1.31  3
    152.00    0.00   39.35   -0.19   62.33    0.93
     77.00   60.80   42.36   56.58   72.11
  KDKR      264.60   31.31   53.41   51.13   -0.32    0.14   55.37   56.41    1.20    1.14  3
    125.00    0.00   40.82   -0.45   59.38    1.33
     63.00   44.37   40.09   62.38   86.28
  KDNN      275.13   34.72   53.80   55.30   -0.38   -0.01   56.13   50.83    0.96    0.88  3
    158.00    0.00   53.13   -0.67   55.55    0.98
     79.00   41.88   39.09   45.86   50.51
  KDQH      277.15   31.47   59.97   56.56   -0.48   -0.09   58.69   56.94    0.94    0.88  3
    133.00    0.00   43.34   -0.40   54.22    0.95
     79.00   59.06   39.34   78.92   36.25
  KDVK      275.23   37.58   52.38   49.05   -0.28    0.11   56.76   54.01    0.99    0.91  3
    158.00    0.00   39.35   -0.44   45.91    1.24
     79.00   44.87   44.60  106.49   53.19
  KEDN      274.10   31.30   57.09   49.18   -0.44   -0.23   50.33   48.98    0.95    0.91  3
    158.00    0.00   47.73   -0.56   47.41    0.80
     79.00   45.47   52.74   44.33   52.95
  KEEN      287.73   42.90   70.45   68.46   -0.46    0.01   66.53   71.11    1.56    1.57  3
    100.00    1.00   74.66   -0.74   85.45    1.42
     70.00   87.96   36.04   88.53   74.97
  KEOE      278.36   34.31   47.56   41.43    0.35    0.70   53.52   57.05    1.14    1.19  3
    153.00    0.00   27.08    0.12   39.73    1.02
     77.00   48.70   28.81   84.94   37.19
  KESF      267.70   31.40   49.96   54.02   -0.28   -0.07   66.22   70.48    1.27    1.19  3
     85.00    0.00   33.95   -0.37   52.16    1.35
     72.00   37.02   31.24   95.41   74.16
  KFGX      276.27   38.54   47.08   47.88   -0.19    0.25   55.01   55.89    1.05    1.04  3
    151.00    0.00   30.49   -0.12   45.22    1.12
     76.00   52.01   44.92   94.59   37.54
  KFME      283.24   39.09   51.36   45.73   -0.71   -0.31   60.69   57.86    1.03    0.90  3
    123.00    0.00   41.83   -0.71   61.10    0.81
     62.00   45.00   45.74   71.87   76.32
  KFVX      281.57   37.35   46.31   49.86   -0.12    0.23   55.55   63.50    0.93    0.92  3
    158.00    0.00   30.96   -0.19   55.58    0.94
     79.00   49.04    7.43   62.09   29.03
  KFWC      271.59   38.38   53.18   51.18   -1.44   -0.86   62.52   61.68    0.92    0.70  3
    158.00    0.00   30.96   -1.43   56.72    0.80
     79.00   60.93   13.13  102.82   77.69
  KGAO      269.74   29.44   50.23   48.17   -0.81   -0.69   60.79   59.72    1.20    1.08  3
    158.00    0.00   31.09   -0.96   58.80    1.21
     79.00   32.00   61.85   54.47   73.66
  KGEY      251.92   44.52   57.13   45.85    0.53    0.55   67.14   68.16    1.96    1.83  3
     74.00    1.00   52.26    0.52   68.80    2.14
     71.00   72.20   55.84   59.77   62.99
  KGLW      274.05   37.03   47.33   44.62   -0.63   -0.29   60.20   56.17    0.99    0.88  3
    158.00    0.00   37.41   -0.78   63.87    0.99
     79.00   28.80   60.64   92.16   53.26
  KGOP      262.20   31.42   45.79   46.52   -0.95   -0.46   59.23   61.45    1.30    1.11  3
    146.00    0.00   28.01   -1.03   60.79    1.12
     78.00    9.71   52.63   32.72   70.18
  KGVE      281.84   38.15   46.84   44.74   -0.35    0.01   57.15   57.97    0.88    0.83  3
    158.00    0.00   32.01   -0.51   49.31    0.85
     79.00   55.14   15.70   49.82   36.03
  KHAO      275.48   39.36   48.66   45.28   -0.66   -0.11   62.56   66.62    1.18    1.09  3
     80.00    0.00   29.74   -0.57   52.60    1.11
     71.00   41.78   33.63   65.00   59.95
  KHMZ      281.49   40.09   46.54   44.48   -0.38    0.17   56.14   60.04    1.06    1.08  3
    158.00    0.00   41.53   -0.30   67.60    1.19
     79.00   22.23   61.32   63.44   66.25
  KHOE      277.23   31.06   55.37   52.81   -0.16    0.16   54.86   56.62    1.01    0.93  3
    158.00    0.00   45.00   -0.40   47.25    0.87
     79.00   52.42   38.90   56.24   30.55
  KHZR      268.52   30.71   50.22   50.05   -0.26   -0.01   55.66   56.61    1.05    1.01  3
    110.00    0.00   41.63   -0.43   64.57    1.14
     71.00  100.20   43.32   84.54   69.94
  KICL      264.97   40.72   45.15   42.60   -0.90   -0.19   53.42   52.74    1.25    1.13  3
    138.00    0.00   25.21   -1.07   40.19    1.26
     75.00   42.10   33.53   81.64   59.31
  KIDI      280.89   40.63   52.39   52.98    0.04    0.60   56.28   56.86    1.22    1.31  3
    138.00    0.00   36.05    0.11   46.95    1.30
     76.00   63.82   29.68   68.31   59.49
  KIER      266.90   31.73   52.84   53.58   -0.09    0.12   57.35   62.24    0.94    0.89  3
    158.00    0.00   42.89   -0.20   60.46    1.07
     79.00   66.71   34.43  104.95   49.27
  KIOB      276.02   38.06   47.08   46.15   -0.34    0.09   43.95   45.29    0.87    0.83  3
    152.00    0.00   34.54   -0.22   29.37    1.01
     76.00   33.64   40.52   40.79   50.42
  KIPJ      278.84   35.47   56.28   56.29   -0.60   -0.18   58.13   60.40    0.80    0.81  3
    149.00    0.00   35.54   -0.76   57.29    0.80
     75.00   63.20   36.55   96.05   60.47
  KIWI      290.28   43.97   46.94   44.96   -0.92   -0.60   62.30   64.84    1.03    1.01  3
     67.00    0.00   34.01   -0.77   50.47    1.12
     60.00   36.33   14.38   46.38   38.10
  KIXA      282.36   36.33   77.39   68.42   -0.99   -0.42   63.39   63.63    1.38    1.19  3
    146.00    0.00   75.55   -0.99   86.60    0.86
     74.00  111.63   66.14   84.41  124.53
  KJAS      265.97   30.89   61.76   62.93   -0.29    0.01   58.50   58.95    1.10    1.01  3
    158.00    0.00   53.13   -0.63   61.69    0.85
     79.00   52.98   33.50   54.72   63.22
  KJFZ      278.20   37.06   54.71   52.12    0.04    0.43   59.75   56.60    1.06    1.00  3
    158.00    0.00   39.35    0.12   55.04    1.16
     79.00   38.93   67.23   83.49   92.74
  KJGG      283.28   37.24   51.14   48.09   -0.76   -0.56   53.27   56.28    1.21    1.18  3
    158.00    0.00   34.36   -0.60   46.48    1.05
     79.00   22.44   50.86   54.67   52.76
  KJKL      276.68   37.60   93.16   89.10   -1.01   -0.66   58.13   59.08    0.90    0.79  3
     81.00    0.00   99.46   -0.95   77.14    0.67
     66.00  105.48   76.72   83.95   85.51
  KJVW      269.59   32.29   57.40   60.67   -0.52   -0.30   62.82   62.12    1.09    1.00  3
    134.00    0.00   45.00   -0.71   66.74    1.10
     73.00   82.37   23.91   83.80   47.71
  KJYL      278.41   32.65   77.18   71.30   -0.81   -0.40   57.04   53.35    0.83    0.81  3
    158.00    0.00   77.20   -0.87   68.41    0.81
     79.00  104.53   33.74   58.93   23.42
  KL35      243.14   34.26   88.26   81.44   -1.00   -0.39   62.00   62.16    1.62    1.68  3
    156.00    0.00  103.71   -1.24   59.16    1.36
     78.00  122.50  114.28   46.43   44.61
  KLBX      264.53   29.12   46.37   48.79   -0.55   -0.28   66.99   66.83    1.26    1.28  3
     86.00    0.00   22.91   -0.54   67.17    1.42
     77.00   14.38   27.06   46.78   57.77
  KLCQ      277.42   30.18   47.98   46.91   -0.02    0.26   53.71   52.04    1.19    1.13  3
    158.00    0.00   32.50   -0.26   38.35    1.14
     79.00   53.70   23.27   62.27   25.91
  KLDJ      285.77   40.61   80.36   76.57   -1.21   -0.73   51.03   50.52    1.60    1.55  3
    119.00    0.00   75.92   -1.44   66.88    1.24
     62.00   92.38   67.21   58.55   75.48
  KLGC      274.93   33.01   64.58   56.37   -0.49   -0.19   47.51   51.68    0.94    0.81  3
    158.00    0.00   65.18   -0.71   53.58    0.74
     79.00   56.90   60.48   54.98   85.51
  KLNP      277.47   36.97   48.51   47.66    0.42    0.75   50.32   50.38    0.90    0.93  3
    144.00    0.00   45.07    0.45   75.10    0.93
     77.00   54.93   27.54   60.20   47.40
  KLOM      284.73   40.14   50.17   42.93   -0.96   -0.37   53.95   51.65    0.78    0.78  3
    158.00    0.00   28.61   -0.94   42.12    0.74
     79.00   53.06   24.78   63.92   43.76
  KLRO      280.22   32.90   46.64   45.12   -1.34   -1.09   61.22   59.77    1.30    1.21  3
    155.00    0.00   37.33   -1.16   62.25    1.70
     78.00   26.98   32.95   83.29   37.82
  KLSF      275.00   32.33   53.38   44.53    0.13    0.39   60.24   61.70    1.33    1.23  3
     94.00    0.00   49.46   -0.18   68.21    1.34
     71.00   28.38   64.28   84.34   53.84
  KM40      271.52   33.86   55.66   52.27   -0.25    0.01   59.30   58.88    1.12    1.04  3
    141.00    0.00   38.10   -0.40   48.94    1.07
     75.00   53.79   24.79   68.92   31.66
  KMEH      241.60   45.52  119.77  111.59   -2.01   -1.24   52.97   54.30    1.47    0.96  2
     55.00    0.00  141.34   -1.90   39.88    1.27
     55.00 -999.00 -999.00 -999.00 -999.00
  KMLJ      276.76   33.14   68.67   62.91   -0.44   -0.04   58.83   60.09    0.99    0.88  3
    156.00    0.00   56.31   -0.51   62.02    0.92
     79.00   79.91   39.88   76.47   30.95
  KMNE      266.70   32.65   47.21   45.95   -0.06    0.15   53.49   55.77    0.83    0.77  3
    158.00    0.00   23.96   -0.12   53.37    0.87
     79.00   37.18   45.00   62.58   54.27
  KMTV      279.98   36.63   71.98   72.07   -0.69   -0.29   58.95   58.79    1.01    0.93  3
     85.00    0.00   73.66   -0.98   72.18    0.71
     72.00   86.58   43.09   79.27   79.67
  KMXF      273.63   32.38   49.88   50.23   -0.24    0.04   66.53   68.57    1.09    1.06  3
     81.00    0.00   34.21   -0.57   79.30    1.02
     68.00   81.96   30.47   85.65   85.57
  KNFE      283.87   36.70   60.33   51.03   -0.59   -0.37   68.77   67.57    1.29    1.27  3
     71.00    0.00   24.10   -0.66   66.66    1.22
     62.00   77.12   10.83  110.51   36.88
  KOCF      277.78   29.17   54.41   51.01   -0.09    0.18   67.89   69.73    1.54    1.48  3
     73.00    0.00   50.05   -0.42   76.41    1.50
     68.00   54.47   48.17   81.46   68.64
  KOFP      282.57   37.70   46.74   50.13    0.00    0.30   63.60   69.01    1.22    1.13  3
     90.00    0.00   33.80   -0.12   62.70    1.41
     70.00   39.38   29.52   89.35   76.20
  KOVE      238.38   39.49   45.54   57.64    0.31    0.72   52.42   49.12    1.40    1.34  3
     68.00    0.00   46.91    0.47   57.95    1.24
     68.00   51.35   53.99   98.58   38.51
  KP59      272.12   47.47   53.37   48.71   -0.95   -0.60   55.18   52.53    1.72    1.63  3
     71.00    0.00   59.60   -0.85   42.44    1.77
     71.00   76.87   46.37   33.50   26.80
  KPBX      277.44   37.56   48.77   50.94   -0.21    0.13   64.58   67.83    1.00    1.01  3
    158.00    0.00   34.70   -0.33   60.00    0.87
     79.00   74.72   18.50  101.40   57.69
  KPNA      250.19   42.80   45.14   25.97    0.72    1.07   55.27   58.68    1.52    1.54  3
    158.00    1.00   55.07    1.84   55.41    1.88
     79.00   42.57   65.97   69.35   26.29
  KPUJ      275.06   33.90   71.82   70.06   -0.51   -0.16   56.01   55.09    1.01    1.04  3
    158.00    0.00   68.86   -0.69   70.74    0.72
     79.00   62.12   83.50   63.19   83.47
  KRSN      267.41   32.51   62.41   58.81   -0.18    0.00   61.12   62.38    1.12    1.08  3
    156.00    0.00   56.31   -0.54   67.45    1.07
     79.00   77.85   55.48   85.83   51.18
  KRTS      240.12   39.65   45.99   44.71    0.58    1.44   52.85   50.80    1.65    1.63  3
    147.00    0.00   52.63    0.29   68.40    1.65
     76.00   67.44   25.54   55.24   66.71
  KRUE      266.91   35.26   51.94   52.32   -0.22   -0.02   54.43   48.83    1.49    1.28  3
     90.00    0.00   45.00   -0.54   66.74    1.03
     73.00   74.14   32.78   65.60   44.67
  KSBO      277.63   32.61   49.96   45.21   -0.06    0.39   53.43   51.38    0.91    0.90  3
    158.00    0.00   38.19   -0.23   46.68    1.02
     79.00   64.44   19.10   62.14   29.71
  KSCD      273.70   33.15   80.70   85.98   -0.82   -0.55   55.06   57.18    1.00    0.93  3
    150.00    0.00   84.22   -0.90   68.31    0.84
     75.00   62.57   75.41   69.31   59.01
  KSEM      273.02   32.35   57.42   57.97   -0.13    0.13   55.90   58.89    1.38    1.21  3
    140.00    1.00   51.97   -0.51   66.97    1.11
     75.00   86.44   81.83   69.00   63.28
  KSEP      261.82   32.22   65.33   61.25   -1.53   -1.08   63.48   62.69    1.33    1.15  3
    158.00    0.00   55.30   -1.51   73.36    1.18
     79.00   77.46   57.93  106.51   63.62
  KSFQ      283.41   36.68   46.31   41.79   -0.17    0.14   60.36   64.56    1.09    1.07  3
    156.00    0.00   26.62   -0.12   48.27    1.01
     78.00   41.99   24.37   84.72   43.11
  KSJC      238.08   37.36   55.81   47.91    1.18    1.62   58.62   57.05    1.51    1.39  3
     79.00    0.00   65.25    1.36   36.38    1.54
     77.00   62.88   61.15   31.68   45.88
  KSJS      277.37   37.75   59.77   62.77   -0.27    0.07   58.53   61.12    1.06    0.93  3
    155.00    0.00   45.34   -0.34   64.18    1.09
     78.00   33.75   42.14   63.91   37.07
  KSOA      259.35   30.59   48.48   47.21   -1.01   -0.52   55.98   57.27    1.26    1.22  3
    152.00    0.00   27.22   -1.33   45.25    1.26
     78.00   15.20   42.45   48.56   62.96
  KSPA      278.05   34.90   59.65   57.42   -0.32    0.01   54.24   55.00    0.97    1.04  3
    148.00    0.00   41.85   -0.42   59.14    0.81
     74.00   60.26   37.34   70.61   76.19
  KSRE      263.32   35.27   84.20   89.93   -1.85   -1.41   65.76   66.99    1.79    1.58  3
    134.00    0.00   83.29   -1.20   93.46    1.49
     73.00   86.65   85.56   81.78  114.38
  KSXS      274.15   31.36   54.94   44.48    0.00    0.23   50.71   47.13    1.03    1.05  3
    116.00    0.00   45.92    0.01   45.12    0.92
     72.00   56.80   43.26   48.60   60.91
  KT82      261.09   30.24   66.14   66.58   -1.10   -0.47   64.97   67.23    1.44    1.36  3
    158.00    0.00   60.76   -1.08   81.84    1.36
     79.00   81.61   32.48  108.54   45.34
  KTHV      283.13   39.92   55.31   56.12   -0.49    0.22   56.74   57.61    1.28    1.13  3
    104.00    0.00   40.03   -0.71   56.12    1.16
     74.00   81.35   18.03   61.36   33.07
  KTKV      270.19   45.47   57.57   55.38   -1.11   -0.76   60.59   63.50    1.06    0.90  3
    148.00    0.00   56.61   -1.09   71.24    1.05
     74.00   43.67   59.60   60.46  147.68
  KTMA      276.52   31.42   50.58   45.64   -0.55   -0.17   58.33   62.02    0.87    0.80  3
    158.00    0.00   39.13   -0.54   45.30    0.96
     79.00   46.37   36.87   59.43   34.70
  KTOI      273.98   31.87   51.49   47.57   -0.01    0.24   67.21   71.04    1.25    1.12  3
     99.00    0.00   30.96    0.04   59.54    1.31
     71.00   73.15   13.20   78.65   48.70
  KTVI      276.12   30.90   60.41   53.73   -0.23    0.05   53.12   53.12    1.24    1.13  3
    158.00    0.00   51.84   -0.45   50.03    0.99
     79.00   65.80   28.90   56.63   51.05
  KUBE      268.01   45.50   52.04   54.53   -0.83   -0.21   55.75   55.29    1.56    1.40  3
    152.00    0.00   29.35   -0.53   49.98    1.46
     76.00   17.76   65.60   37.66   78.76
  KVDI      277.63   32.19   48.51   44.72   -0.17    0.28   55.76   55.41    0.88    0.82  3
    158.00    0.00   30.40   -0.20   58.75    0.92
     79.00   58.97   27.96   60.42   42.32
  KVPC      275.15   34.11   63.83   67.07   -0.68   -0.32   64.85   64.61    1.03    0.98  3
     69.00    0.00   68.20   -0.81   76.14    0.70
     67.00   84.49   34.43   45.98   59.24
  KVTA      277.54   40.02   52.15   51.12   -0.79   -0.17   62.84   63.45    1.20    1.11  3
     93.00    0.00   19.55   -0.74   39.52    1.40
     72.00   27.32   29.42   51.18   51.91
  KW31      281.82   36.95   65.23   65.55   -0.48   -0.08   60.43   63.26    0.84    0.72  3
    143.00    0.00   52.10   -0.59   88.54    0.73
     75.00   77.93   31.97   80.14   57.08
  KW63      281.45   36.60   47.14   48.04   -0.14    0.31   58.30   58.51    1.03    0.93  3
    158.00    0.00   27.78   -0.32   41.20    1.14
     79.00   33.68   11.77   40.94   27.88
  KW99      280.87   38.97   73.83   72.75   -1.13   -0.65   58.52   60.08    0.93    0.79  3
    157.00    0.00   84.29   -1.12   47.62    0.73
     79.00   74.74   96.45   59.60   29.92
  KWDR      276.33   33.97   55.73   46.91   -0.32    0.08   48.88   41.52    0.71    0.76  3
    115.00    0.00   42.41   -0.39   37.81    0.75
     63.00   58.40   52.43   49.61   35.89
  KWHP      241.58   34.27   35.74   29.94   -0.61    0.14  108.77   98.34    1.23    1.38  3
     58.00    0.00   63.43   -0.68  135.77    1.25
     57.00   46.02  100.81  163.70   81.50
  LSMA        8.27   46.95    3.46   20.17    0.75    1.22   69.94   73.72    1.51    1.30  3
     54.00    0.00   -6.91    0.98   75.35    1.26
     53.00 -999.00 -999.00 -999.00 -999.00
  MKJP      283.22   17.93   49.38   47.09    1.33    1.35   44.36   42.57    2.32    2.12  3
     83.00    1.00   41.48    0.54   26.50    2.11
     77.00   37.86   45.99   18.27   39.04
  PAEI      212.90   64.67   45.36   45.54    0.12    0.32   65.19   64.35    1.35    1.28  3
     87.00    0.00   32.18    0.37   70.34    1.49
     73.00   56.00   34.50   69.25   58.21
  TTPP      298.65   10.62   47.34   45.80   -0.28   -0.01   32.90   33.52    1.62    1.49  3
     77.00    0.00   44.53   -0.26   45.65    1.86
     74.00   55.45   51.93   43.92   43.67
  KMVL      287.39   44.53   51.59   53.55   -0.08    0.53   62.78   66.89    1.36    1.43  3
     89.00    0.00   38.68   -0.39   80.72    1.43
     72.00   32.65   41.86   47.16   63.09
  KPKB      278.57   39.35   49.64   50.93    0.30    0.71   60.51   59.47    1.18    1.24  3
     85.00    0.00   26.81    0.54   37.54    1.42
     67.00   30.42   22.80   44.76   31.20
  KTRI      277.60   36.47   66.49   56.98   -0.05    0.21   60.67   56.22    1.61    1.52  3
     83.00    0.00   90.00   -0.71   54.68    0.90
     73.00   94.37   90.00   65.79   48.44
  KUKT      284.62   40.44   55.04   46.96   -0.80   -0.13   58.02   52.12    0.92    0.88  3
    140.00    0.00   41.19   -0.74   60.33    1.00
     73.00   82.98   14.06   63.37   32.39
  PAEL      223.65   58.20   74.07   75.64   -1.03   -0.64   61.27   59.60    2.07    2.05  2
     38.00    0.00   66.80   -1.57   66.74    0.88
     37.00 -999.00 -999.00 -999.00 -999.00
  KPTW      284.44   40.24   46.27   39.90   -0.54    0.13   54.08   51.55    1.10    1.03  3
     84.00    0.00   34.25   -0.63   54.03    1.09
     69.00   95.61   14.32   66.64   29.99
  KASJ      282.83   36.29   50.07   43.05   -0.64   -0.14   60.07   57.06    0.91    0.79  3
    131.00    0.00   33.69   -0.71   58.79    0.72
     65.00   33.07   33.79   62.69   58.26
  KI35      276.64   36.86   76.89   74.31   -0.94   -0.55   59.74   63.49    0.89    0.74  3
    121.00    0.00   64.83   -1.04   75.48    0.88
     60.00   91.92   50.37   73.22   58.76
  K0J4      273.69   31.04   51.24   52.38   -1.42   -0.24   60.18   59.44    1.01    0.86  3
     75.00    0.00   56.31   -1.61   75.33    0.81
     65.00   52.56   60.16   65.87   89.17
  K1A5      276.58   35.22   67.51   73.60   -1.32   -0.47   63.04   66.31    1.00    0.75  3
    149.00    0.00   66.80   -1.33   79.06    0.85
     75.00   36.76   93.75   51.47   90.48
  K1P1      288.25   43.78   63.62   64.87   -1.81   -0.42   66.66   67.25    1.07    0.80  3
    157.00    0.00   65.22   -1.66   74.87    0.97
     79.00   66.48   44.41   77.67   63.07
  K4A9      274.28   34.47   56.26   57.00   -1.60   -0.40   60.29   55.53    1.47    1.22  3
    162.00    0.00   26.57   -1.82   62.56    1.09
     81.00   38.50   25.69   40.32   55.74
  K5A6      270.27   33.46   64.71   62.97   -1.41   -0.60   61.35   62.92    1.30    1.07  3
    156.00    0.00   50.45   -1.49   71.80    1.31
     81.00   69.45   46.15   78.63   77.69
  K6L4      278.09   37.85  112.81  111.02   -1.93   -1.17   53.96   52.87    1.11    0.88  3
    153.00    0.00  130.76   -1.84   53.14    0.94
     78.00  141.62   99.40   39.45   57.95
  K8W2      281.30   38.65   49.03   60.94   -1.33   -0.27   62.47   63.72    1.19    1.10  3
    162.00    0.00   47.68   -1.28   72.00    1.10
     81.00   55.54   17.19   79.70   66.54
  KAQX      278.74   32.97   91.34   90.70   -2.40   -1.18   55.68   55.18    1.06    0.83  3
    152.00    0.00  101.31   -2.42   60.27    1.13
     79.00  116.57   69.53   41.35   57.90
  KAZE      277.36   31.88   58.88   58.07   -1.49   -0.31   49.73   47.70    1.24    0.97  3
    162.00    0.00   56.31   -1.52   54.82    1.07
     81.00   84.07   49.04   65.12   33.77
  KBKB      267.03   31.00  100.44  102.70   -2.03   -1.03   47.54   50.02    0.73    0.66  2
     53.00    0.00  109.80   -2.10   59.24    0.73
     49.00 -999.00 -999.00 -999.00 -999.00
  KBMC      247.94   41.55   54.69   43.42   -1.18    0.20   62.45   63.86    1.58    1.22  3
    142.00    0.00   63.87   -1.01   63.37    1.62
     71.00   58.99   76.65   44.13   73.80
  KBML      288.82   44.58   75.73   86.89   -1.16    0.11   60.23   61.19    1.46    1.33  3
    100.00    0.00   84.50   -0.79   77.74    1.68
     72.00   98.05   53.99   59.63   66.09
  KCCA      267.55   35.60   79.18   84.96   -2.21   -1.19   60.62   61.30    1.61    1.32  3
    143.00    0.00   81.87   -2.34   78.79    1.63
     77.00   67.89   81.91   74.73   64.29
  KCDD      267.52   48.27   59.40   62.34   -2.23   -0.90   62.00   59.86    1.13    0.98  3
    101.00    0.00   55.48   -2.30   78.34    1.23
     74.00   38.11   61.85   70.71   85.51
  KCJR      282.14   38.53   61.41   69.73   -1.39   -0.33   55.45   60.75    1.11    0.89  3
    160.00    0.00   56.70   -1.56   65.83    0.96
     80.00   77.04   26.22   68.00   33.91
  KCPC      281.30   34.27   45.61   36.86   -1.17   -0.17   66.42   64.70    1.14    1.06  3
    108.00    0.00   37.05   -1.14   77.91    0.98
     66.00   72.37   41.06  116.48   54.81
  KCTZ      281.64   34.97   69.68   72.66   -2.11   -0.78   66.66   66.70    0.84    0.64  3
    135.00    0.00   67.24   -2.13   92.42    1.07
     69.00  104.95   55.14   76.29   75.33
  KCVC      276.15   33.63   64.12   65.45   -1.29   -0.23   56.18   57.21    1.07    1.06  3
    162.00    0.00   55.28   -1.42   55.40    0.85
     81.00   50.86   41.86   49.24   40.35
  KCVH      238.59   36.89   54.36   69.39    0.53    1.03   61.36   70.40    2.36    2.58  3
    155.00    0.00   62.86   -0.42   82.63    2.10
     80.00   39.97   95.07   90.61   57.43
  KDAA      282.82   38.72   58.01   62.72   -1.75   -0.62   68.70   70.08    1.43    1.07  3
     99.00    0.00   57.09   -1.57   74.74    1.56
     77.00   46.55   46.47   89.40   72.11
  KEMK      265.68   27.82   63.36   63.98    0.84    0.59   34.66   36.90    1.39    1.23  3
    157.00   14.00   68.90    0.83   21.36    1.53
     76.00   67.00   60.95   25.47   27.87
  KFZG      276.73   31.68   55.13   57.86   -1.62   -0.46   54.03   56.92    1.10    0.84  3
    162.00    0.00   54.83   -1.65   65.55    0.97
     81.00   60.75   55.16   87.42   60.01
  KHCR      248.57   40.47   45.43   46.48   -0.99    0.50   64.33   59.47    1.61    1.90  3
    162.00    0.00   47.60   -1.08   69.71    1.44
     81.00   46.30   27.82   49.58   74.26
  KHHR      241.67   33.92   50.30   44.24    0.85    0.90   65.22   53.92    1.33    1.27  3
     79.00    0.00   93.03    0.84   92.32    1.41
     76.00   57.25   39.44   42.59   90.16
  KHIE      288.45   44.35   80.13   90.01   -1.62   -0.16   62.72   67.70    1.49    1.36  3
     95.00    0.00   81.19   -1.78   79.81    1.02
     73.00  116.29   54.22   54.66   70.91
  KHRJ      281.27   35.38   45.16   47.55   -1.92   -0.30   61.55   64.22    1.28    0.90  3
    119.00    0.00   34.29   -1.92   59.97    1.12
     66.00   37.13   34.31   88.94   59.98
  KHUM      269.33   29.57   58.20   58.59   -1.11   -0.26   67.81   69.47    1.71    1.73  3
    118.00    0.00   51.54   -1.43   69.77    1.30
     78.00   40.80   62.61   74.17   87.05
  KHWY      282.28   38.58   47.22   58.11   -1.19   -0.10   60.74   62.86    1.18    1.02  3
    162.00    0.00   30.96   -1.08   69.54    1.00
     81.00   46.47   13.42   68.13   41.16
  KINF      277.69   28.82   67.12   55.85   -1.66   -0.52   52.19   59.76    1.40    1.13  3
    151.00    0.00   76.85   -2.03   48.64    1.30
     76.00   82.72   49.48   41.34   51.94
  KIYA      267.92   29.98   47.30   44.84   -1.01   -0.39   62.70   61.78    1.24    1.03  3
    154.00    0.00   39.48   -1.23   51.64    1.01
     80.00   52.26   40.18   78.00   62.02
  KLFT      268.00   30.20   49.96   46.08   -0.78   -0.06   69.71   70.30    1.44    1.37  3
     76.00    0.00   37.57   -0.39   83.61    1.44
     71.00    7.03   44.29   71.55   93.82
  KLVL      282.21   36.77   56.87   58.11   -1.59   -0.21   61.90   61.46    1.18    0.87  3
    154.00    0.00   42.61   -1.68   70.25    1.25
     81.00   62.31   33.51   82.97   67.64
  KMHS      237.68   41.32   84.34   94.89   -1.40   -0.80   69.54   74.16    1.24    0.92  3
     65.00    0.00   77.83   -1.32   88.88    0.97
     56.00   73.54   98.21   90.02   85.06
  KMKS      279.96   33.18   57.64   57.69   -1.40   -0.23   62.40   59.25    1.20    0.96  3
    159.00    0.00   37.50   -1.34   58.29    1.12
     80.00   80.07   23.78   93.32   42.39
  KMMI      275.43   35.40   90.54   87.70   -1.71   -0.74   59.87   64.04    1.28    0.96  3
    149.00    0.00   90.00   -1.61   86.01    1.11
     79.00   73.86   82.91   64.43   87.41
  KMRC      272.82   35.54   49.79   54.57   -1.36   -0.28   65.71   64.95    1.55    1.25  3
    151.00    0.00   34.61   -1.52   58.49    1.64
     80.00   37.57   26.47   73.34   43.52
  KMZG      263.81   27.73   77.10   79.09   -1.01   -1.15   35.56   33.83    1.61    1.65  3
    132.00    8.00   79.71   -1.17   14.27    1.74
     69.00   79.84   76.83   14.77   25.96
  KMZZ      274.32   40.49   71.09   73.60   -2.42   -0.97   51.78   53.09    1.43    1.34  3
    162.00    0.00   62.73   -2.62   57.53    1.13
     81.00   75.96   51.41   59.14   43.51
  KN03      283.80   42.60   54.01   50.98   -2.90   -1.16   65.97   64.50    2.06    1.26  3
    160.00    0.00   39.25   -2.78   70.63    2.07
     80.00   66.42   16.23   62.75   54.65
  KOGD      247.98   41.20   50.44   49.25    0.76    1.94   51.86   64.37    1.22    1.17  3
     71.00    0.00   52.44    0.89   45.44    1.24
     71.00   59.48   48.03   36.79   45.69
  KOPL      267.90   30.56   49.67   46.54   -1.12   -0.34   58.72   60.91    1.16    0.98  3
    158.00    0.00   34.38   -1.17   53.28    1.34
     81.00   40.56   61.92   50.85   91.26
  KPTB      282.48   37.18   53.54   45.04   -1.15    0.09   66.55   62.24    1.37    1.13  3
    126.00    0.00   38.48   -0.98   69.15    1.27
     77.00   35.42   19.73   61.98   84.12
  KRHP      276.14   35.19   79.47   80.56   -1.30   -0.36   64.03   73.19    1.10    0.79  3
    122.00    0.00   99.46   -1.35   74.57    0.96
     61.00   79.66  118.83   82.81   51.61
  KRIV      242.73   33.88   65.24   53.69    0.47    0.78   60.03   59.65    1.47    1.46  3
     71.00    0.00   62.74    0.65   45.70    1.68
     71.00   66.90   70.31   46.04   44.67
  KRNC      274.15   35.70   75.93   80.79   -1.49   -0.44   66.67   67.30    1.52    1.22  3
    149.00    0.00   71.53   -1.56   86.43    1.58
     81.00   72.72   49.04  103.98   82.76
  KSBS      253.13   40.52   59.65   48.34   -1.59   -0.31   69.02   54.65    1.86    1.64  3
    162.00    0.00   52.29   -1.77   86.86    1.77
     81.00   47.00   60.51   88.90   92.48
  KSME      275.39   37.04   59.77   59.55   -1.53   -0.49   61.12   59.21    0.98    0.88  3
    160.00    0.00   50.31   -1.43   70.82    1.03
     80.00   56.70   43.03   64.09   66.34
  KSTF      271.16   33.43   50.77   47.93   -1.37   -0.56   56.18   55.92    1.16    0.96  3
    159.00    0.00   31.32   -1.53   41.57    1.09
     80.00   39.71   17.54   59.70   20.95
  KTRK      239.87   39.32   58.17   69.08   -1.24    0.16   68.52   76.37    1.16    1.39  3
    114.00    0.00   67.71   -1.42   97.35    0.79
     72.00   67.71   62.34   71.84  110.89
  KVBW      281.05   38.36   52.52   64.17   -1.52   -0.50   58.81   60.88    1.17    1.02  3
    162.00    0.00   60.26   -1.59   74.52    1.05
     81.00   76.02   49.73   72.44   52.35
  KVLD      276.72   30.78   46.51   46.59   -1.15   -0.13   68.53   64.82    1.33    1.23  3
     77.00    0.00   52.72   -1.19   86.59    1.34
     74.00   35.35   53.36  100.46   71.05
  LFLB        5.88   45.65  -10.47   -6.13    1.07    1.19   76.80   76.74    1.64    1.52  3
     45.00    0.00  -15.79    0.77   84.48    1.41
     44.00 -999.00 -999.00 -999.00 -999.00
  LSZB        7.50   46.92  -14.43  -12.58    0.63    0.91   80.02   75.73    1.30    1.33  3
     45.00    0.00   11.83    0.42   97.99    1.12
     45.00 -999.00 -999.00 -999.00 -999.00
  MMGL      256.68   20.52   43.25   50.74    0.25    0.32   77.85   70.66    1.37    1.31  3
     49.00    0.00   41.19    0.17   79.46    1.66
     49.00 -999.00 -999.00 -999.00 -999.00
  PHTO      204.93   19.72   78.32   69.57   -1.10   -0.15   65.70   71.28    1.73    1.63  3
    106.00    0.00   90.00   -1.04   82.48    1.58
     81.00  111.91   51.21   61.30   93.96
  KSEG      283.14   40.82   53.51   49.86   -1.34    0.04   65.18   60.27    1.34    1.06  3
     91.00    0.00   53.59   -1.19   70.82    1.11
     70.00   64.84   40.32   83.89   58.06
  MMBT      263.73   15.78   73.26   72.42   -0.77   -0.63   68.36   69.64    2.29    2.30  2
     24.00    0.00   47.37   -1.88   92.39    0.86
     22.00 -999.00 -999.00 -999.00 -999.00
  MMPN      257.97   19.39   41.99   50.09   -0.59   -0.47   42.02   45.04    1.20    1.03  2
     17.00    0.00   40.64   -0.89   65.32    0.34
     16.00 -999.00 -999.00 -999.00 -999.00
  SKAR      284.28    4.50   99.30   89.05   -0.52   -0.36   65.38   68.30    1.32    1.34  3
     57.00    0.00  110.90   -0.88   39.04    1.37
     56.00  113.02  109.48   41.90   32.28
  SKCC      287.48    7.93   48.20   48.41    2.82    2.88   55.82   55.20    2.76    2.68  3
     64.00    3.00   36.68    2.43   30.74    3.26
     60.00   32.62   42.92   29.07   33.64
  SKRG      284.57    6.18   53.59   53.69    0.14    0.20   63.27   61.45    1.53    1.39  3
     59.00    0.00   44.80   -0.05   79.16    1.76
     58.00   34.98   54.45   74.34   91.03
  KMLT      291.32   45.65   58.98   54.96   -1.49   -0.37   65.23   62.42    1.34    1.30  3
     73.00    0.00   30.37   -1.51   61.81    1.34
     60.00   66.23   23.12   86.18   55.25
