  CYDB      220.95   61.36   27.56   30.04    1.62    1.64   74.50   73.52    1.82    1.74  3
  CYDL      230.00   58.42  -18.45  -19.94   -0.52   -0.26   85.18   87.07    1.66    1.45  3
  CYIN      238.32   51.26   11.85   17.51   -0.08    0.21   71.58   64.71    1.56    1.41  3
  CYKA      239.56   50.70  -36.54  -28.94    0.77    1.01   82.90   82.74    1.59    1.55  3
  CYLW      240.63   49.95   -9.13   -6.86    1.37    1.56   90.70   89.41    2.13    2.09  3
  CYMA      224.14   63.61   43.97   37.96   -1.01   -0.71   74.12   71.18    1.68    1.53  3
  CYOY      288.70   46.54   30.02   34.46   -1.69   -0.45   83.05   82.67    1.80    1.31  3
  CYQH      231.18   60.11    1.34    0.08   -0.72   -0.41   71.34   69.01    1.54    1.38  3
  CYQZ      237.49   53.02   22.16   16.27    0.26    0.21   78.82   77.24    1.14    1.12  3
  CYRV      241.82   50.96   37.22   35.03    0.02    0.18   82.99   80.83    1.42    1.41  3
  CYWA      282.81   45.57   13.17   13.33   -0.11    0.15   71.37   73.73    1.23    1.12  3
  CYXC      244.22   49.61   -0.75   -0.18    0.53    1.07   74.58   72.57    1.41    1.24  3
  CYXX      237.64   49.02   36.69   43.48    0.70    0.95   76.07   71.40    1.57    1.42  3
  CYYF      240.40   49.46   17.31   17.92    1.45    1.85   85.23   85.40    1.67    1.58  3
  CYYJ      236.58   48.64  -30.22  -35.17    0.86    0.95   74.03   71.22    1.57    1.43  3
  CYZT      232.64   50.68  -19.91  -17.90   -0.18   -0.16   70.94   70.10    1.43    1.47  3
  EDNY        9.52   47.67  -13.96   -3.72    1.10    1.17   81.11   74.21    1.09    1.04  3
  ENML        7.27   62.75  -31.67  -27.58    1.17    1.50   76.41   75.84    1.94    1.79  3
  K0A9      277.83   36.36   50.37   48.34   -0.30    0.00   71.84   68.76    1.23    1.19  3
  K1A9      273.49   32.43   65.91   62.38   -0.95   -0.63   65.64   68.70    0.98    0.89  3
  K1AM      249.20   47.28   29.14   25.80    0.26    0.65   90.08   89.00    2.37    2.13  3
  K20V      253.63   40.04   47.29   43.33   -0.18    0.30   58.38   52.24    1.67    1.58  3
  K24J      276.97   30.30   82.08   81.88   -0.85   -0.61   63.59   62.95    0.98    0.80  3
  K2J9      275.45   30.60   50.86   39.90    0.05    0.31   57.23   52.37    0.93    0.85  3
  K3J7      276.86   33.60   58.04   49.08   -0.41   -0.07   58.53   58.96    0.93    0.83  3
  K4O4      265.14   33.90   75.18   70.40   -1.30   -0.79   52.31   54.80    1.18    1.02  3
  K5C1      261.31   29.72   52.64   53.02   -1.02   -0.32   58.96   65.39    1.36    1.26  3
  K79J      273.60   31.32   55.12   53.42   -0.18    0.12   62.05   62.84    1.07    1.10  3
  K8A3      274.69   36.40   55.30   53.66    0.13    0.41   48.54   48.28    1.12    1.14  3
  KABQ      253.38   35.04   16.70   17.08    1.12    1.30   75.69   74.37    2.15    1.94  3
  KACP      267.31   30.75   63.16   62.82   -0.72   -0.43   66.43   65.84    0.85    0.72  3
  KADF      266.94   34.10   63.29   66.73   -0.34   -0.09   67.45   63.50    1.38    1.20  3
  KAFF      255.18   38.97   20.59   14.77    1.31    1.73   77.15   77.45    2.24    2.13  3
  KAFO      249.07   42.71   57.90   48.81   -1.34    0.16   72.77   74.63    2.04    1.57  3
  KALS      254.13   37.45    9.32   10.65    1.56    1.65   71.57   73.62    1.72    1.75  3
  KAQW      286.83   42.70   36.58   44.35   -1.12    0.24   71.63   76.43    1.70    1.76  3
  KASD      270.18   30.35   49.17   46.81   -0.45   -0.21   63.96   63.34    1.34    1.32  3
  KASL      265.70   32.52   61.85   63.53   -0.61   -0.16   62.67   66.67    1.11    0.99  3
  KAVX      241.59   33.40    4.03    2.88   -0.84   -0.22   75.82   72.61    1.47    1.43  3
  KAXH      264.52   29.51   48.82   51.45   -0.76   -0.35   59.26   60.39    0.90    0.90  3
  KAYS      277.60   31.25   48.64   43.79    0.09    0.35   54.33   48.53    0.97    0.94  3
  KBAN      240.49   38.35   82.34   80.04   -1.53   -0.75   78.11   72.14    1.41    1.39  3
  KBBP      280.27   34.61   53.38   50.22   -0.22    0.22   64.33   62.64    0.99    0.98  3
  KBCK      269.15   44.25   55.63   57.74   -1.11   -0.54   68.03   68.85    1.22    0.96  3
  KBDU      254.77   40.03    7.24   16.51    0.04    0.61   73.88   71.74    1.50    1.40  3
  KBKE      242.18   44.83  -20.74  -16.32   -0.07    0.45   73.95   74.08    1.83    1.92  3
  KBNL      278.61   33.25   68.27   66.44   -0.46   -0.09   60.82   59.35    1.09    1.02  3
  KBOK      235.71   42.07    0.10  -16.52   -1.31   -0.67   77.76   74.77    1.73    1.58  3
  KBPC      258.97   35.88   53.38   55.91   -1.05   -0.88   69.42   69.75    2.11    2.06  3
  KBTM      247.50   45.95   -2.52   -3.97    0.25    0.72   98.11   99.19    1.63    1.60  3
  KBTP      280.05   40.78   47.66   44.04    0.09    0.72   63.26   62.68    1.18    1.32  3
  KBUR      241.65   34.20  -21.17   -1.88    0.87    1.49   76.98   67.56    1.16    1.31  3
  KBVU      245.14   35.94   59.91   58.79    0.04   -0.12   71.05   73.78    2.09    2.14  3
  KBXA      270.14   30.81   45.04   40.44   -0.35    0.01   51.01   47.58    0.80    0.77  3
  KBZN      248.85   45.78    4.68   -0.34    0.60    1.03   92.07   89.62    1.66    1.54  3
  KCAG      252.48   40.50   60.13   57.19   -0.75   -0.13   74.40   64.83    1.94    1.92  3
  KCBE      281.23   39.61   55.69   61.82   -0.65   -0.16   66.55   71.96    1.08    1.02  3
  KCDA      287.99   44.57   45.80   43.36   -0.30    0.42   76.58   80.74    1.12    1.23  3
  KCDN      279.44   34.28   70.89   72.73   -0.49   -0.05   61.27   64.08    1.12    1.12  3
  KCEW      273.48   30.78   58.03   52.02   -0.43   -0.19   57.55   53.63    1.00    0.96  3
  KCGC      277.43   28.87   53.70   52.09   -0.82   -0.58   53.71   60.07    1.24    1.12  3
  KCGS      283.08   38.97   59.34   55.89   -1.06   -0.77   63.61   61.64    0.98    0.94  3
  KCGZ      248.23   32.95    8.07   20.84   -0.37    0.72   76.71   65.87    1.88    1.50  3
  KCKB      279.78   39.29   49.70   46.64    0.17    0.58   74.14   73.50    1.16    1.14  3
  KCKI      280.16   33.72   56.29   52.18   -0.74   -0.34   67.62   65.25    1.11    1.18  3
  KCNY      250.25   38.77   43.75   42.42    0.28    0.82   74.62   71.44    1.90    1.79  3
  KCOD      250.98   44.52   -9.75   -6.07    0.69    1.14   70.81   63.56    1.89    1.68  3
  KCRW      278.41   38.36   52.19   52.54   -0.13    0.24   80.15   76.78    1.24    1.16  3
  KCSV      274.92   35.95   38.27   35.91    0.01    0.35   70.79   69.56    1.03    0.98  3
  KCWN      255.15   38.75    5.57    6.53    1.19    1.62   71.01   63.91    2.06    1.81  3
  KCZZ      243.53   32.61  -42.27  -24.44    1.38    1.73   81.46   69.54    1.82    1.73  3
  KDAW      289.07   43.28   58.59   59.85   -0.26    0.04   61.90   59.58    1.25    1.24  3
  KDBN      277.01   32.57   75.53   65.52   -0.54   -0.15   53.03   53.21    0.85    0.75  3
  KDDH      286.75   42.89   47.25   54.57   -1.24    0.01   70.49   75.85    1.44    1.33  3
  KDSV      282.28   42.57   -1.78   -0.87   -0.03    0.60   70.42   75.02    1.38    1.35  3
  KDUG      250.40   31.47   12.26    5.69    1.04    1.40   77.74   74.44    2.00    1.88  3
  KDVO      237.44   38.14   36.39   35.24   -0.44    0.31   81.80   83.73    1.95    1.76  3
  KDWU      277.27   38.54   73.05   75.85   -0.51   -0.14   58.70   61.01    1.20    1.16  3
  KDYA      272.05   32.47   51.41   47.06   -0.58   -0.21   61.60   62.98    0.91    0.80  3
  KDYB      279.72   33.07   60.06   54.96   -0.67   -0.32   70.63   66.57    0.82    0.78  3
  KECP      274.20   30.36   27.59   24.21    0.38    0.57   71.84   66.85    1.44    1.28  3
  KEDU      238.21   38.53    3.06    9.55   -0.50    0.43   70.73   72.83    1.16    1.18  3
  KEEO      252.11   40.04   -0.48   -0.75   -0.50    0.50   79.35   78.63    2.23    1.97  3
  KEET      273.22   33.18   60.83   59.96   -0.42   -0.10   59.54   56.68    0.90    0.82  3
  KEKN      280.16   38.88   85.98   88.70   -1.34   -0.32   73.12   76.05    1.50    1.28  3
  KELD      267.20   33.22   27.26   26.52   -0.16    0.44   72.88   76.57    1.40    1.29  3
  KELY      245.15   39.28   -4.69   -1.92    1.82    2.27   71.37   64.68    1.88    1.77  3
  KENL      270.91   38.51   53.23   57.69   -0.94   -0.39   61.28   62.10    1.08    1.04  3
  KEZM      276.87   32.21   84.20   78.84   -0.51   -0.17   53.80   54.18    1.14    0.97  3
  KFFA      284.33   36.02   73.73   70.51   -2.86   -2.36   61.85   62.38    1.52    1.24  3
  KFFC      275.43   33.36   73.76   67.77   -0.42   -0.09   61.93   67.53    1.02    0.98  3
  KFHR      236.98   48.52   22.07   13.54   -0.36   -0.41   78.69   85.51    1.50    1.50  3
  KFIG      281.59   41.05   26.08   23.09    0.10    0.64   72.53   70.15    1.20    1.20  3
  KFNL      254.98   40.45  -11.57   -4.96    0.79    1.31   71.24   67.95    1.78    1.39  3
  KFTY      275.48   33.78   48.58   43.85   -0.16    0.15   61.36   62.86    1.00    0.93  3
  KFUL      242.02   33.86   43.39   37.53   -0.38    0.49   87.86   80.87    0.96    1.01  3
  KGEV      278.58   36.43   55.64   57.92   -0.08    0.29   66.00   66.39    1.26    1.25  3
  KGIC      243.89   45.95   52.32   45.44    0.04    0.50   78.53   67.93    1.26    1.20  3
  KGKT      276.47   35.85   84.47   85.76   -0.63   -0.34   66.06   65.63    0.88    0.81  3
  KGMJ      265.26   36.61   51.00   51.76   -1.37   -0.71   63.52   65.16    1.14    1.01  3
  KGNB      254.09   40.08   14.40   16.92    0.80    1.12   75.84   68.06    1.44    1.53  3
  KGPH      265.69   39.33   51.16   48.26   -1.16   -0.40   59.56   59.74    1.00    0.87  3
  KGPI      245.73   48.30   51.57   52.31    0.76    1.23   89.43   82.15    1.81    1.94  3
  KGUP      251.22   35.52   35.63   38.20   -0.13    0.31   95.09   93.43    2.32    2.19  3
  KHBI      280.10   35.65   48.06   42.44   -0.40    0.03   61.23   56.73    1.22    1.11  3
  KHBV      261.26   27.35   71.40   71.62   -1.79   -1.42   46.69   48.45    1.98    1.82  3
  KHNZ      281.47   36.36   68.26   60.30   -0.21    0.33   60.90   62.35    1.05    1.08  3
  KHQU      277.48   33.53   76.59   69.18   -0.03    0.34   55.43   56.76    0.99    0.98  3
  KHSB      271.45   37.81   50.99   55.38   -0.69   -0.12   59.14   62.77    1.03    0.91  3
  KHVS      279.88   34.40   47.30   46.17   -0.49   -0.02   60.13   61.08    0.97    1.00  3
  KHYW      280.88   33.83   51.37   44.29   -0.59   -0.28   64.10   63.43    1.32    1.08  3
  KINS      244.33   36.59   20.77   20.59    0.51    0.44  102.69   97.97    2.00    2.02  3
  KINW      249.27   35.02    3.49    5.33    1.03    1.40   70.56   68.23    2.04    1.92  3
  KIPT      283.08   41.25   33.77   25.68    0.46    1.09   74.23   71.93    1.34    1.38  3
  KJFX      272.69   33.90   89.18   82.66   -1.21   -0.89   58.01   56.17    0.78    0.69  3
  KJNX      281.61   35.54   78.28   75.35   -1.12   -0.43   64.95   64.06    1.02    0.85  3
  KJQF      279.30   35.38   69.70   70.82   -0.49   -0.11   54.19   60.38    1.27    1.26  3
  KJTC      250.69   34.13   23.46   21.76    1.02    1.33   70.23   65.86    1.94    1.89  3
  KL18      242.75   33.35   48.41   40.17   -0.69   -0.16   76.55   69.37    0.80    0.93  3
  KLBT      280.94   34.61   46.40   43.39   -0.09    0.39   69.08   68.33    1.13    1.13  3
  KLEB      287.70   43.63   34.53   37.71    0.00    0.61   76.79   83.99    1.31    1.41  3
  KLGB      241.85   33.82   14.30   20.56    0.23    1.02   74.60   69.51    0.99    1.01  3
  KLGD      242.00   45.28   11.56    8.66    1.77    2.18   72.54   67.81    2.14    2.17  3
  KLGU      248.15   41.78   46.52   46.86   -1.42    0.22   84.47   83.74    2.07    1.58  3
  KLLJ      245.78   44.52   42.71   46.07    0.40    0.63   93.35   92.27    1.76    1.80  3
  KLNC      263.28   32.57   45.33   47.86   -1.04   -0.44   62.51   61.97    0.97    0.89  3
  KLND      251.27   42.82  -13.46  -11.65   -0.07    0.66   82.60   81.18    2.53    2.00  3
  KLOR      274.25   31.35   70.01   68.78   -0.72   -0.47   59.35   58.09    1.42    1.20  3
  KLOZ      275.92   37.08   42.38   44.87    0.22    0.64   70.16   66.98    1.09    1.05  3
  KLRY      265.65   38.61   45.04   43.34   -0.82   -0.09   48.13   49.16    0.92    0.83  3
  KLSV      244.97   36.22  -19.84  -16.75    1.13    1.02   76.57   74.59    2.01    1.79  3
  KLUA      281.50   38.65   46.58   59.60   -0.21    0.27   62.66   66.97    1.15    1.09  3
  KLUF      247.62   33.53    9.00    4.75    1.34    1.62   72.12   73.84    1.71    1.54  3
  KLUK      275.58   39.10   26.57   33.28   -0.84    0.38   70.24   74.82    1.19    1.16  3
  KLXV      253.68   39.22    3.69   -4.74    0.84    1.40   94.29   95.87    1.75    1.65  3
  KM30      271.25   37.19   46.55   47.46   -0.65   -0.14   56.04   57.42    1.08    0.93  3
  KMEV      240.25   38.97    1.21   18.54    0.04    1.42   81.42   79.17    1.97    1.91  3
  KMEZ      265.80   34.54   56.15   57.60   -0.70   -0.24   65.48   64.35    1.24    1.07  3
  KMGR      276.20   31.08   71.30   60.70   -0.70   -0.37   57.45   57.76    0.98    0.86  3
  KMGW      280.08   39.65   39.03   35.54    0.02    0.56   71.47   70.22    1.10    1.21  3
  KMKJ      278.66   36.90   56.08   54.50    0.07    0.38   74.43   70.92    1.38    1.34  3
  KMMU      285.58   40.79   46.64   42.00   -0.05    0.50   53.38   55.99    1.40    1.46  3
  KMNI      279.78   33.58   66.85   63.60   -0.85   -0.48   54.09   51.16    1.05    0.96  3
  KMPV      287.44   44.20   47.53   47.87    0.22    0.94   65.09   72.51    1.35    1.57  3
  KMQS      284.13   39.97   50.53   48.92   -0.28    0.37   59.04   59.35    1.32    1.36  3
  KMRN      278.39   35.82   54.58   58.34   -0.72   -0.28   57.12   57.32    0.78    0.65  3
  KMSO      245.92   46.92   64.46   60.81    0.94    1.49   70.68   66.31    2.12    2.18  3
  KMWT      266.42   34.54   76.65   80.33   -0.87   -0.60   61.36   60.47    0.87    0.72  3
  KNFG      242.65   33.29   22.64   20.28   -0.06    0.40   73.17   65.33    0.88    1.03  3
  KNUQ      237.95   37.42   49.34   45.97    0.77    1.22   73.10   70.71    1.82    1.68  3
  KO69      237.40   38.25   62.31   62.87   -0.46    0.33   39.65   47.37    1.56    1.39  3
  KOLS      249.15   31.42   34.23   37.09   -0.25    0.17   90.68   90.15    1.63    1.64  3
  KONA      268.30   44.08   53.63   50.49   -1.19   -0.56   62.27   63.57    1.00    0.84  3
  KONO      242.98   44.02  -10.05   -9.52    0.56    0.97   82.48   76.15    1.79    1.78  3
  KOQT      275.77   36.02   51.86   40.08   -0.61   -0.43   54.12   53.34    0.77    0.73  3
  KOVS      269.33   43.16   53.74   50.99   -1.05   -0.35   67.25   71.79    1.33    1.00  3
  KP69      244.40   46.15   91.14   86.33   -1.03   -0.51   47.96   50.41    0.97    0.81  3
  KPBG      286.53   44.65   53.35   58.18    0.28    0.82   83.42   80.94    1.87    1.89  3
  KPGA      248.55   36.93    8.65   34.03   -0.04    0.55   85.96   86.04    1.76    1.53  3
  KPOE      266.80   31.05   75.27   68.17    0.40    0.67   42.17   46.59    1.19    1.13  3
  KPOU      286.12   41.63   45.13   42.01   -0.13    0.34   73.66   71.41    1.18    1.12  3
  KPSP      243.50   33.83    5.70   -1.69   -0.21    0.68   78.31   78.70    2.25    2.15  3
  KPTN      268.67   29.72   22.02   16.84    0.20    0.33   70.01   71.40    1.29    1.19  3
  KPVE      271.80   35.65   45.84   45.21   -0.32    0.13   56.08   57.27    1.19    1.07  3
  KPXE      276.24   32.51   45.52   39.76    0.29    0.63   50.08   50.06    1.03    0.94  3
  KRAL      242.55   33.95   60.11   42.45    1.12    1.73   51.14   53.02    1.52    1.73  3
  KRBW      279.38   32.90   61.42   52.85   -0.41   -0.09   60.04   56.78    1.11    1.12  3
  KRIL      252.28   39.53   45.34   42.03    0.75    1.48   61.25   61.96    2.60    2.35  3
  KRKR      265.38   35.02   54.71   55.90   -0.50   -0.06   63.96   65.82    1.24    1.17  3
  KRMG      274.83   34.35   55.37   46.64   -0.06    0.24   65.41   59.76    1.07    1.00  3
  KRMN      282.55   38.40   53.68   55.53   -0.21    0.02   60.72   65.60    1.00    1.02  3
  KRNM      243.09   33.04   57.02   54.23    0.85    1.35   55.58   47.89    1.29    1.50  3
  KRNO      240.22   39.50   15.54   15.19    0.49    1.41   75.29   75.72    2.23    2.02  3
  KRQE      250.93   35.65   44.44   43.28   -0.32    0.08   74.32   72.60    1.82    1.74  3
  KRTN      255.50   36.74   -6.88   -0.93    1.01    1.40   86.03   86.25    1.64    1.60  3
  KRUT      287.05   43.53   14.67   13.66    0.53    1.20   71.34   70.60    1.36    1.47  3
  KRWI      282.10   35.85   44.93   39.09   -0.50    0.16   70.59   65.63    1.25    1.03  3
  KSBD      242.77   34.10   59.22   45.70    0.13    0.70   54.97   59.18    1.38    1.50  3
  KSCR      280.50   35.70   53.62   48.95   -0.50    0.02   57.79   59.16    0.77    0.92  3
  KSDY      255.80   47.70   22.58   20.74    0.26    0.34   71.73   68.57    1.57    1.47  3
  KSHR      253.03   44.77   23.07   19.06    0.52    0.63   73.40   70.17    2.10    1.89  3
  KSLI      241.95   33.78   31.43   18.21    0.35    0.70   74.66   69.08    1.05    1.18  3
  KSLR      264.38   33.15   81.96   79.24   -1.96   -1.24   59.24   58.01    1.65    1.44  3
  KSMN      246.12   45.12   52.38   59.80   -1.64   -0.89   79.34   87.83    1.94    1.82  3
  KSMO      241.55   34.02   35.31   27.74    0.60    0.68   71.77   67.55    1.13    1.15  3
  KSMQ      285.33   40.63   56.25   52.01   -0.74   -0.12   59.47   57.49    1.21    1.11  3
  KSMS      279.64   34.00   71.78   70.44   -0.80   -0.37   61.96   65.11    1.03    0.97  3
  KSNS      238.40   36.67   51.44   48.22    1.27    1.60   51.50   52.90    1.53    1.37  3
  KSNT      245.07   44.17   59.50   58.72   -0.20    0.10   72.83   76.52    1.31    1.32  3
  KSRB      274.47   36.06   69.70   72.31   -0.76   -0.46   59.09   57.53    0.95    0.90  3
  KSRR      254.47   33.47   18.53    7.78   -0.45    0.57   70.97   69.32    1.76    1.64  3
  KSTS      237.18   38.50  -23.82   -9.49    0.35    1.10   82.33   90.91    1.27    1.37  3
  KSYM      276.42   38.21   50.21   52.28   -0.38    0.00   58.06   60.74    0.96    0.93  3
  KTBR      278.27   32.47   72.25   63.06   -0.70   -0.34   54.87   54.90    1.04    0.95  3
  KTDF      281.02   36.28   53.32   46.12   -0.11    0.39   50.47   53.33    1.28    1.29  3
  KTNB      278.35   36.20   77.78   83.74   -0.71   -0.32   57.84   57.75    1.15    1.00  3
  KTRM      243.83   33.63    1.09    8.72    0.38    1.05   73.78   74.33    1.55    1.56  3
  KTTA      280.91   35.58   66.27   65.92   -0.47    0.10   69.79   68.46    1.28    1.12  3
  KTTD      237.58   45.55   13.77   19.95    0.06    0.31   70.70   65.11    1.26    1.31  3
  KTVK      267.10   40.68   77.03   76.21   -2.06   -1.36   65.53   67.24    1.12    0.97  3
  KTVL      240.00   38.90   28.42   31.62   -0.11    0.73   89.71   89.49    1.51    1.63  3
  KTVR      268.97   32.35   37.37   40.32   -0.93   -0.12   74.50   78.08    1.44    1.22  3
  KVAY      285.16   39.94   46.34   42.31   -0.63   -0.15   64.73   65.35    1.20    1.07  3
  KVBS      266.36   29.48   11.31   10.99   -0.46   -0.54   80.12   79.58    1.88    1.94  3
  KVDF      277.65   28.01   59.73   67.61   -0.88   -0.74   52.20   56.84    1.07    0.96  3
  KVEL      250.48   40.43   16.07   24.43   -0.66    0.49   84.71   82.30    2.18    1.40  3
  KVJI      277.97   36.68   72.25   67.69   -0.13    0.21   58.04   49.97    1.10    1.23  3
  KVKS      269.07   32.22   68.43   68.39   -0.30   -0.02   60.67   62.66    1.25    1.16  3
  KVNY      241.52   34.22   -2.07   14.48    0.26    0.82   92.70   79.38    1.01    1.28  3
  KVSF      287.48   43.35   68.36   67.62   -0.68   -0.09   75.22   78.31    1.15    1.09  3
  KVUJ      279.85   35.42   51.90   49.78   -0.15    0.29   52.96   58.08    0.88    1.11  3
  KW22      279.73   39.00   47.35   44.39    0.04    0.40   69.89   70.59    1.19    1.13  3
  KW78      281.16   36.68   59.55   55.33   -0.47   -0.03   64.41   64.63    0.89    0.76  3
  KW81      281.91   37.18   67.44   59.95   -0.57   -0.21   61.32   63.00    0.85    0.79  3
  KWRB      276.40   32.63   48.56   38.86   -0.17    0.17   59.62   61.21    1.36    1.23  3
  KWRL      252.05   43.97   25.23   22.05    0.89    0.92   75.11   74.63    1.68    1.65  3
  KWVI      238.21   36.94  -18.13  -17.64   -0.48   -0.02   75.20   77.15    1.22    1.33  3
  KWYS      248.88   44.68   45.99   43.71    0.31    0.81   65.59   62.02    1.90    1.82  3
  KZPH      277.85   28.22   73.71   79.01   -1.01   -0.77   51.94   52.63    1.28    1.22  2
  LFLC        3.17   45.78   -8.70   -8.87    0.61    0.62   72.27   70.20    1.10    1.06  3
  LFLN        4.01   46.42   18.63   24.04   -0.25    0.15   71.42   70.07    1.03    0.97  3
  LIMK        7.73   45.03   12.19   14.64    0.61    0.66   83.93   84.91    1.42    1.44  3
  LIMU        8.17   43.95   19.88    4.84   -0.09    0.13   80.96   79.57    1.70    1.48  3
  LIVE       10.50   46.83  -34.77  -25.02    0.86    0.99   93.99   94.02    1.38    1.30  3
  LIVP       11.03   46.15    0.73   -1.04    1.06    1.40   77.62   72.26    2.00    2.15  3
  LIVR       11.78   46.30   -4.54   -8.73    1.66    1.87   75.05   81.63    1.50    1.36  3
  LSZC        8.38   46.97   29.19   48.60    0.64    1.00   89.28   81.88    1.27    1.08  3
  LSZG        7.42   47.18   -4.67    3.00    0.46    0.57   75.37   72.83    1.46    1.27  3
  LSZH        8.52   47.48   30.40   27.53    0.81    0.95   77.77   62.96    1.39    1.29  3
  LSZS        9.88   46.53   11.66   12.76    0.63    0.84   88.94   89.26    2.12    1.99  3
  MDPP      289.45   19.75   60.76   60.51   -1.37   -1.24   65.35   65.93    2.06    1.89  3
  MGMM      270.13   16.97   65.67   64.80   -0.45   -0.35   49.26   49.01    1.62    1.59  3
  MGPB      271.40   15.72   49.23   48.56   -0.85   -0.69   49.69   49.52    1.51    1.47  3
  MMMM      258.97   19.85   52.37   48.10    0.22    0.38   73.41   74.67    1.47    1.45  3
  MMTO      260.43   19.35   49.92   47.66    0.06    0.21   73.05   78.00    1.68    1.55  3
  PAAQ      210.92   61.60   10.28    6.73    0.98    1.05   94.02   96.42    1.75    1.81  3
  PABI      214.28   64.00    7.50   19.55    0.93    1.15   72.15   72.00    1.95    1.83  3
  PABV      210.48   61.42   52.63   48.91   -0.10   -0.16   83.64   83.56    1.35    1.40  3
  PACV      214.50   60.50   30.55   30.20   -1.65   -1.36   71.81   71.76    1.61    1.42  3
  PAED      210.20   61.25   58.17   62.97    0.58    0.34   76.22   84.58    2.19    1.74  3
  PAFB      212.38   64.83   19.06   18.16    0.55    0.77   70.42   63.30    1.38    1.37  3
  PAFE      226.09   56.96  -10.09   -0.22    0.34    0.67   83.20   88.08    1.40    1.36  3
  PAFR      210.35   61.27   72.62   75.41   -0.62   -0.60   76.35   78.04    1.42    1.47  3
  PAGN      225.41   57.50   69.50   63.76   -1.46   -1.06   71.04   62.28    0.98    0.93  3
  PAGS      224.28   58.42    8.26   12.90    0.20    0.62   71.33   70.10    1.41    1.43  3
  PAHN      224.48   59.25   -7.57   -6.73    1.69    2.03   77.46   75.48    1.83    1.97  3
  PAHO      208.50   59.63   17.19   10.70   -0.26    0.16   76.04   73.99    1.76    1.56  3
  PAJC      201.63   56.31  -11.61   -9.77    0.26    0.68   81.03   73.91    1.96    1.86  3
  PAJN      225.42   58.37   -6.07    0.90    1.09    1.55   80.32   84.68    2.21    2.06  3
  PAKW      226.92   55.58   -2.18    2.82   -0.15    0.32   73.00   79.07    1.46    1.51  3
  PAMR      210.15   61.22   61.92   57.56   -0.02   -0.09   74.42   73.17    1.48    1.31  3
  PAOH      224.56   58.12    5.62    7.94   -0.20    0.13  100.47   97.37    1.69    1.54  3
  PAPG      227.03   56.82   -5.65   -3.23    0.04    0.40  115.93  112.75    1.19    1.17  3
  PASI      224.65   57.07   -3.92   -3.65    0.28    0.74   70.43   71.54    1.82    1.76  3
  PASO      208.31   59.44   54.01   47.80   -1.79   -1.16   74.19   78.85    1.55    1.33  3
  PAVD      213.73   61.13   43.80   46.33   -1.12   -0.87   89.17   87.29    1.91    1.83  3
  PAWG      227.63   56.48   30.67   38.32    0.13    0.49   76.77   74.83    1.33    1.27  3
  PHBK      200.21   22.04   64.72   64.71   -2.01   -1.63   60.62   60.30    2.19    2.01  3
  PHKO      203.95   19.73   30.02    1.18    1.71    1.81   82.69   89.01    1.92    1.77  3
  PHSF      204.45   19.78   48.02   31.25    0.96    1.34   61.20   68.90    2.15    2.10  3
  SBBV      299.30    2.83   16.12   18.89    1.21    1.19   71.26   64.11    1.22    1.20  3
  SKCL      283.62    3.55  -52.46  -55.52    1.28    1.23   78.72   77.63    1.50    1.51  3
  SKVP      286.75   10.43   49.99   49.79    1.36    1.41   56.65   56.76    1.92    1.92  3
  CYYD      232.82   54.82   26.93   22.63    0.33    0.47   74.06   70.40    1.78    1.72  3
  CYYE      237.42   58.84   -5.08   -2.26    0.35    0.48   69.86   66.91    1.09    0.95  3
  KAAT      239.43   41.49   46.47   52.36    0.35    0.68   70.94   73.84    1.51    1.58  3
  KAVP      284.27   41.33   17.50   21.06    0.29    0.85   79.98   80.16    1.28    1.26  3
  KCEC      235.77   41.78  -16.25  -16.10   -0.03    0.71   76.83   73.73    2.12    2.04  3
  KCQT      241.72   34.02  127.61  128.69   -1.58   -0.90   46.24   46.37    0.97    0.78  3
  KEGE      253.08   39.65   28.14    2.47    0.94    1.13   86.37   98.37    2.22    2.16  3
  KEKO      244.22   40.83   25.56   31.71    0.14    0.67   77.59   65.80    1.80    1.78  3
  KENV      245.97   40.72   -0.47    5.58    0.70    1.27   76.86   68.87    2.24    1.99  3
  KGCN      247.85   35.95    0.10   12.28   -1.36   -0.22   95.38  105.20    1.73    1.54  3
  KHLN      248.00   46.60   35.85   35.76    1.03    1.38   80.80   76.42    1.55    1.41  3
  KIPL      244.42   32.83  -18.97    9.06    1.56    1.89   77.40   69.59    1.58    1.43  3
  KPLU      237.72   47.10   85.83   77.95   -0.97   -0.63   60.46   59.37    0.91    0.84  3
  KSIY      237.53   41.78   19.40   27.42    0.88    1.46   71.34   77.62    1.86    1.96  3
  KTTS      279.28   28.62   47.42   47.33   -0.63   -0.49   52.73   58.05    1.26    1.16  3
  LEVX      351.37   42.22   22.91   19.85    0.71    1.00   70.86   68.89    1.35    1.22  3
  LSMM        8.11   46.75   12.33    5.78    0.78    1.03   89.09   83.94    1.85    1.77  3
  PAKV      201.28   64.31   30.27   28.16   -0.39   -0.26   75.68   75.04    1.29    1.25  3
  SKPE      284.27    4.82  -23.94  -20.32    1.65    1.65   80.56   73.12    1.16    1.15  3
  SVMI      293.02   10.60   51.77   49.67   -2.21   -2.06   67.73   66.12    1.25    1.26  3
  KBLF      278.80   37.29   45.47   43.90    0.42    0.68   58.71   59.49    1.22    1.21  3
  KBPK      267.53   36.36   60.00   58.12   -0.15    0.10   42.44   45.46    0.99    1.00  3
  KLWS      242.98   46.38   26.46   24.62    0.24    0.72   84.76   83.79    1.42    1.37  3
  KREO      242.12   42.58  -25.37  -23.12    1.02    1.28   75.62   75.64    1.55    1.57  3
  PAEG      218.85   64.78   54.73   55.59   -0.61   -0.42   84.40   82.51    1.24    1.21  3
  KRZR      275.20   35.22   63.22   62.09   -0.06    0.23   65.10   64.94    1.08    1.04  3
  KE16      238.40   37.08   14.98   23.31    1.12    1.61   78.91   77.45    1.67    1.71  3
  KRZT      276.99   39.43   50.32   49.33   -0.60   -0.05   53.30   50.33    0.92    0.82  3
  KRCZ      280.24   34.89   47.46   44.21    0.12    0.55   53.62   57.19    1.13    1.17  3
  LIVD       12.22   46.73  100.94   97.31   -0.97   -0.84   74.50   74.43    0.92    0.92  2
  KGAD      273.92   33.97   51.62   43.75   -0.20    0.11   64.15   62.25    1.23    1.16  3
  K04V      253.83   38.10   58.39   62.34    0.42    0.79   68.00   70.68    2.14    2.13  2
  K1A6      276.26   36.61   61.88   58.72   -0.79   -0.46   65.35   63.06    0.87    0.79  3
  K3T5      263.05   29.91   46.75   50.59   -0.90   -0.47   55.94   60.33    1.02    0.86  3
  K40J      276.44   30.07   48.58   43.50    0.00    0.21   48.77   47.23    1.28    1.21  3
  K4A6      274.00   34.68   57.90   63.27   -0.57   -0.19   59.70   62.02    1.03    0.99  3
  K5R8      266.53   30.43   45.63   42.90   -0.24   -0.03   59.08   57.09    1.12    1.05  3
  K65S      243.70   48.73   45.05   47.62   -0.17    0.18   56.41   59.09    1.21    1.18  3
  K6A2      275.72   33.22   57.51   53.25   -0.36   -0.01   50.20   51.58    0.83    0.79  3
  K6R3      264.99   30.36   69.68   67.29   -0.67   -0.26   46.45   45.33    0.90    0.85  3
  K7W4      282.25   37.96   52.13   54.14   -0.49   -0.20   52.26   55.85    1.08    0.95  3
  K8B0      289.30   44.96   48.39   44.62   -0.17    0.54   50.61   52.29    1.05    1.02  3
  KA08      272.62   32.51   62.33   64.47   -0.35   -0.13   48.27   46.76    1.24    1.10  3
  KABY      275.82   31.53   46.01   38.00    0.25    0.57   64.91   66.64    1.28    1.33  3
  KACB      274.80   44.99   50.05   48.84   -1.52   -0.90   65.96   67.25    1.13    0.91  3
  KADU      265.08   41.70   65.12   63.14   -1.64   -0.99   63.04   65.35    1.29    1.16  3
  KAFP      279.92   35.02   51.18   43.87   -0.37    0.06   59.73   64.49    0.89    0.83  3
  KAHN      276.68   33.95   74.15   73.35   -0.20    0.15   62.84   56.53    1.13    1.08  3
  KAKQ      282.99   36.97   61.80   54.56   -0.43   -0.12   66.52   73.62    1.12    1.07  3
  KALX      274.04   32.90   51.33   47.54   -0.29   -0.01   53.22   54.79    0.91    0.78  3
  KAQO      261.34   30.78   62.39   63.80   -1.05   -0.47   66.23   66.92    1.38    1.26  3
  KASN      273.95   33.57   49.23   55.07    0.00    0.28   55.76   57.15    1.11    1.03  3
  KAVC      281.95   36.69   51.63   47.07   -0.25    0.22   58.46   61.20    1.23    1.09  3
  KAWO      237.83   48.17   46.71   38.81    0.70    0.92   65.63   61.23    1.44    1.38  3
  KBCB      279.58   37.22   47.94   49.34   -0.16    0.21   58.79   56.47    1.12    1.10  3
  KBGE      275.36   30.97   46.90   39.74   -0.27    0.00   58.17   55.65    1.06    0.92  3
  KBHC      277.61   31.71   58.93   56.71   -0.78   -0.37   49.08   50.56    0.89    0.76  3
  KBIJ      275.11   31.40   62.93   58.95   -0.97   -0.69   54.17   53.21    0.83    0.73  3
  KBQP      268.12   32.76   49.95   50.50   -0.52   -0.35   61.06   63.57    1.09    0.96  3
  KCCO      275.23   33.31   59.89   55.77   -0.08    0.23   60.67   53.50    0.96    0.91  3
  KCDH      267.23   33.61   64.14   66.54   -0.51   -0.31   61.67   64.30    0.95    0.78  3
  KCDW      285.72   40.88   45.30   35.59   -0.33    0.15   59.61   57.63    1.23    1.21  3
  KCLS      237.02   46.68   49.69   48.22   -0.48   -0.14   54.28   58.10    1.21    1.20  3
  KCMY      269.26   43.96   54.36   57.61   -1.03   -0.43   60.95   63.48    1.16    0.98  3
  KCNI      275.59   34.31   49.58   41.89   -0.66   -0.26   50.49   46.31    0.94    0.87  3
  KCNO      242.37   33.97   51.45   27.22    0.61    1.26   50.77   47.77    1.41    1.64  3
  KCQF      272.11   30.46   63.32   63.33   -1.76   -1.67   64.97   64.44    1.40    1.23  3
  KCTJ      274.85   33.63   67.10   63.29   -0.56   -0.21   59.24   54.66    0.78    0.67  3
  KCUB      279.02   33.97   74.49   72.44   -0.55   -0.17   62.95   67.07    1.24    1.20  3
  KCWV      278.13   32.20   69.33   63.96   -0.94   -0.55   68.38   65.99    0.78    0.74  3
  KCXE      281.50   36.78   63.83   60.74   -0.55   -0.11   57.74   56.85    0.91    0.75  3
  KDCM      278.81   34.79   51.70   49.34    0.08    0.43   55.53   59.73    1.16    1.31  3
  KDKR      264.60   31.31   53.41   51.13   -0.32    0.14   55.37   56.41    1.20    1.14  3
  KDNN      275.13   34.72   53.80   55.30   -0.38   -0.01   56.13   50.83    0.96    0.88  3
  KDQH      277.15   31.47   59.97   56.56   -0.48   -0.09   58.69   56.94    0.94    0.88  3
  KDVK      275.23   37.58   52.38   49.05   -0.28    0.11   56.76   54.01    0.99    0.91  3
  KEDN      274.10   31.30   57.09   49.18   -0.44   -0.23   50.33   48.98    0.95    0.91  3
  KEEN      287.73   42.90   70.45   68.46   -0.46    0.01   66.53   71.11    1.56    1.57  3
  KEOE      278.36   34.31   47.56   41.43    0.35    0.70   53.52   57.05    1.14    1.19  3
  KESF      267.70   31.40   49.96   54.02   -0.28   -0.07   66.22   70.48    1.27    1.19  3
  KFGX      276.27   38.54   47.08   47.88   -0.19    0.25   55.01   55.89    1.05    1.04  3
  KFME      283.24   39.09   51.36   45.73   -0.71   -0.31   60.69   57.86    1.03    0.90  3
  KFVX      281.57   37.35   46.31   49.86   -0.12    0.23   55.55   63.50    0.93    0.92  3
  KFWC      271.59   38.38   53.18   51.18   -1.44   -0.86   62.52   61.68    0.92    0.70  3
  KGAO      269.74   29.44   50.23   48.17   -0.81   -0.69   60.79   59.72    1.20    1.08  3
  KGEY      251.92   44.52   57.13   45.85    0.53    0.55   67.14   68.16    1.96    1.83  3
  KGLW      274.05   37.03   47.33   44.62   -0.63   -0.29   60.20   56.17    0.99    0.88  3
  KGOP      262.20   31.42   45.79   46.52   -0.95   -0.46   59.23   61.45    1.30    1.11  3
  KGVE      281.84   38.15   46.84   44.74   -0.35    0.01   57.15   57.97    0.88    0.83  3
  KHAO      275.48   39.36   48.66   45.28   -0.66   -0.11   62.56   66.62    1.18    1.09  3
  KHMZ      281.49   40.09   46.54   44.48   -0.38    0.17   56.14   60.04    1.06    1.08  3
  KHOE      277.23   31.06   55.37   52.81   -0.16    0.16   54.86   56.62    1.01    0.93  3
  KHZR      268.52   30.71   50.22   50.05   -0.26   -0.01   55.66   56.61    1.05    1.01  3
  KICL      264.97   40.72   45.15   42.60   -0.90   -0.19   53.42   52.74    1.25    1.13  3
  KIDI      280.89   40.63   52.39   52.98    0.04    0.60   56.28   56.86    1.22    1.31  3
  KIER      266.90   31.73   52.84   53.58   -0.09    0.12   57.35   62.24    0.94    0.89  3
  KIOB      276.02   38.06   47.08   46.15   -0.34    0.09   43.95   45.29    0.87    0.83  3
  KIPJ      278.84   35.47   56.28   56.29   -0.60   -0.18   58.13   60.40    0.80    0.81  3
  KIWI      290.28   43.97   46.94   44.96   -0.92   -0.60   62.30   64.84    1.03    1.01  3
  KIXA      282.36   36.33   77.39   68.42   -0.99   -0.42   63.39   63.63    1.38    1.19  3
  KJAS      265.97   30.89   61.76   62.93   -0.29    0.01   58.50   58.95    1.10    1.01  3
  KJFZ      278.20   37.06   54.71   52.12    0.04    0.43   59.75   56.60    1.06    1.00  3
  KJGG      283.28   37.24   51.14   48.09   -0.76   -0.56   53.27   56.28    1.21    1.18  3
  KJKL      276.68   37.60   93.16   89.10   -1.01   -0.66   58.13   59.08    0.90    0.79  3
  KJVW      269.59   32.29   57.40   60.67   -0.52   -0.30   62.82   62.12    1.09    1.00  3
  KJYL      278.41   32.65   77.18   71.30   -0.81   -0.40   57.04   53.35    0.83    0.81  3
  KL35      243.14   34.26   88.26   81.44   -1.00   -0.39   62.00   62.16    1.62    1.68  3
  KLBX      264.53   29.12   46.37   48.79   -0.55   -0.28   66.99   66.83    1.26    1.28  3
  KLCQ      277.42   30.18   47.98   46.91   -0.02    0.26   53.71   52.04    1.19    1.13  3
  KLDJ      285.77   40.61   80.36   76.57   -1.21   -0.73   51.03   50.52    1.60    1.55  3
  KLGC      274.93   33.01   64.58   56.37   -0.49   -0.19   47.51   51.68    0.94    0.81  3
  KLNP      277.47   36.97   48.51   47.66    0.42    0.75   50.32   50.38    0.90    0.93  3
  KLOM      284.73   40.14   50.17   42.93   -0.96   -0.37   53.95   51.65    0.78    0.78  3
  KLRO      280.22   32.90   46.64   45.12   -1.34   -1.09   61.22   59.77    1.30    1.21  3
  KLSF      275.00   32.33   53.38   44.53    0.13    0.39   60.24   61.70    1.33    1.23  3
  KM40      271.52   33.86   55.66   52.27   -0.25    0.01   59.30   58.88    1.12    1.04  3
  KMEH      241.60   45.52  119.77  111.59   -2.01   -1.24   52.97   54.30    1.47    0.96  2
  KMLJ      276.76   33.14   68.67   62.91   -0.44   -0.04   58.83   60.09    0.99    0.88  3
  KMNE      266.70   32.65   47.21   45.95   -0.06    0.15   53.49   55.77    0.83    0.77  3
  KMTV      279.98   36.63   71.98   72.07   -0.69   -0.29   58.95   58.79    1.01    0.93  3
  KMXF      273.63   32.38   49.88   50.23   -0.24    0.04   66.53   68.57    1.09    1.06  3
  KNFE      283.87   36.70   60.33   51.03   -0.59   -0.37   68.77   67.57    1.29    1.27  3
  KOCF      277.78   29.17   54.41   51.01   -0.09    0.18   67.89   69.73    1.54    1.48  3
  KOFP      282.57   37.70   46.74   50.13    0.00    0.30   63.60   69.01    1.22    1.13  3
  KOVE      238.38   39.49   45.54   57.64    0.31    0.72   52.42   49.12    1.40    1.34  3
  KP59      272.12   47.47   53.37   48.71   -0.95   -0.60   55.18   52.53    1.72    1.63  3
  KPBX      277.44   37.56   48.77   50.94   -0.21    0.13   64.58   67.83    1.00    1.01  3
  KPNA      250.19   42.80   45.14   25.97    0.72    1.07   55.27   58.68    1.52    1.54  3
  KPUJ      275.06   33.90   71.82   70.06   -0.51   -0.16   56.01   55.09    1.01    1.04  3
  KRSN      267.41   32.51   62.41   58.81   -0.18    0.00   61.12   62.38    1.12    1.08  3
  KRTS      240.12   39.65   45.99   44.71    0.58    1.44   52.85   50.80    1.65    1.63  3
  KRUE      266.91   35.26   51.94   52.32   -0.22   -0.02   54.43   48.83    1.49    1.28  3
  KSBO      277.63   32.61   49.96   45.21   -0.06    0.39   53.43   51.38    0.91    0.90  3
  KSCD      273.70   33.15   80.70   85.98   -0.82   -0.55   55.06   57.18    1.00    0.93  3
  KSEM      273.02   32.35   57.42   57.97   -0.13    0.13   55.90   58.89    1.38    1.21  3
  KSEP      261.82   32.22   65.33   61.25   -1.53   -1.08   63.48   62.69    1.33    1.15  3
  KSFQ      283.41   36.68   46.31   41.79   -0.17    0.14   60.36   64.56    1.09    1.07  3
  KSJC      238.08   37.36   55.81   47.91    1.18    1.62   58.62   57.05    1.51    1.39  3
  KSJS      277.37   37.75   59.77   62.77   -0.27    0.07   58.53   61.12    1.06    0.93  3
  KSOA      259.35   30.59   48.48   47.21   -1.01   -0.52   55.98   57.27    1.26    1.22  3
  KSPA      278.05   34.90   59.65   57.42   -0.32    0.01   54.24   55.00    0.97    1.04  3
  KSRE      263.32   35.27   84.20   89.93   -1.85   -1.41   65.76   66.99    1.79    1.58  3
  KSXS      274.15   31.36   54.94   44.48    0.00    0.23   50.71   47.13    1.03    1.05  3
  KT82      261.09   30.24   66.14   66.58   -1.10   -0.47   64.97   67.23    1.44    1.36  3
  KTHV      283.13   39.92   55.31   56.12   -0.49    0.22   56.74   57.61    1.28    1.13  3
  KTKV      270.19   45.47   57.57   55.38   -1.11   -0.76   60.59   63.50    1.06    0.90  3
  KTMA      276.52   31.42   50.58   45.64   -0.55   -0.17   58.33   62.02    0.87    0.80  3
  KTOI      273.98   31.87   51.49   47.57   -0.01    0.24   67.21   71.04    1.25    1.12  3
  KTVI      276.12   30.90   60.41   53.73   -0.23    0.05   53.12   53.12    1.24    1.13  3
  KUBE      268.01   45.50   52.04   54.53   -0.83   -0.21   55.75   55.29    1.56    1.40  3
  KVDI      277.63   32.19   48.51   44.72   -0.17    0.28   55.76   55.41    0.88    0.82  3
  KVPC      275.15   34.11   63.83   67.07   -0.68   -0.32   64.85   64.61    1.03    0.98  3
  KVTA      277.54   40.02   52.15   51.12   -0.79   -0.17   62.84   63.45    1.20    1.11  3
  KW31      281.82   36.95   65.23   65.55   -0.48   -0.08   60.43   63.26    0.84    0.72  3
  KW63      281.45   36.60   47.14   48.04   -0.14    0.31   58.30   58.51    1.03    0.93  3
  KW99      280.87   38.97   73.83   72.75   -1.13   -0.65   58.52   60.08    0.93    0.79  3
  KWDR      276.33   33.97   55.73   46.91   -0.32    0.08   48.88   41.52    0.71    0.76  3
  KWHP      241.58   34.27   35.74   29.94   -0.61    0.14  108.77   98.34    1.23    1.38  3
  LSMA        8.27   46.95    3.46   20.17    0.75    1.22   69.94   73.72    1.51    1.30  3
  MKJP      283.22   17.93   49.38   47.09    1.33    1.35   44.36   42.57    2.32    2.12  3
  PAEI      212.90   64.67   45.36   45.54    0.12    0.32   65.19   64.35    1.35    1.28  3
  TTPP      298.65   10.62   47.34   45.80   -0.28   -0.01   32.90   33.52    1.62    1.49  3
  KMVL      287.39   44.53   51.59   53.55   -0.08    0.53   62.78   66.89    1.36    1.43  3
  KPKB      278.57   39.35   49.64   50.93    0.30    0.71   60.51   59.47    1.18    1.24  3
  KTRI      277.60   36.47   66.49   56.98   -0.05    0.21   60.67   56.22    1.61    1.52  3
  KUKT      284.62   40.44   55.04   46.96   -0.80   -0.13   58.02   52.12    0.92    0.88  3
  PAEL      223.65   58.20   74.07   75.64   -1.03   -0.64   61.27   59.60    2.07    2.05  2
  KPTW      284.44   40.24   46.27   39.90   -0.54    0.13   54.08   51.55    1.10    1.03  3
  KASJ      282.83   36.29   50.07   43.05   -0.64   -0.14   60.07   57.06    0.91    0.79  3
  KI35      276.64   36.86   76.89   74.31   -0.94   -0.55   59.74   63.49    0.89    0.74  3
  K0J4      273.69   31.04   51.24   52.38   -1.42   -0.24   60.18   59.44    1.01    0.86  3
  K1A5      276.58   35.22   67.51   73.60   -1.32   -0.47   63.04   66.31    1.00    0.75  3
  K1P1      288.25   43.78   63.62   64.87   -1.81   -0.42   66.66   67.25    1.07    0.80  3
  K4A9      274.28   34.47   56.26   57.00   -1.60   -0.40   60.29   55.53    1.47    1.22  3
  K5A6      270.27   33.46   64.71   62.97   -1.41   -0.60   61.35   62.92    1.30    1.07  3
  K6L4      278.09   37.85  112.81  111.02   -1.93   -1.17   53.96   52.87    1.11    0.88  3
  K8W2      281.30   38.65   49.03   60.94   -1.33   -0.27   62.47   63.72    1.19    1.10  3
  KAQX      278.74   32.97   91.34   90.70   -2.40   -1.18   55.68   55.18    1.06    0.83  3
  KAZE      277.36   31.88   58.88   58.07   -1.49   -0.31   49.73   47.70    1.24    0.97  3
  KBKB      267.03   31.00  100.44  102.70   -2.03   -1.03   47.54   50.02    0.73    0.66  2
  KBMC      247.94   41.55   54.69   43.42   -1.18    0.20   62.45   63.86    1.58    1.22  3
  KBML      288.82   44.58   75.73   86.89   -1.16    0.11   60.23   61.19    1.46    1.33  3
  KCCA      267.55   35.60   79.18   84.96   -2.21   -1.19   60.62   61.30    1.61    1.32  3
  KCDD      267.52   48.27   59.40   62.34   -2.23   -0.90   62.00   59.86    1.13    0.98  3
  KCJR      282.14   38.53   61.41   69.73   -1.39   -0.33   55.45   60.75    1.11    0.89  3
  KCPC      281.30   34.27   45.61   36.86   -1.17   -0.17   66.42   64.70    1.14    1.06  3
  KCTZ      281.64   34.97   69.68   72.66   -2.11   -0.78   66.66   66.70    0.84    0.64  3
  KCVC      276.15   33.63   64.12   65.45   -1.29   -0.23   56.18   57.21    1.07    1.06  3
  KCVH      238.59   36.89   54.36   69.39    0.53    1.03   61.36   70.40    2.36    2.58  3
  KDAA      282.82   38.72   58.01   62.72   -1.75   -0.62   68.70   70.08    1.43    1.07  3
  KEMK      265.68   27.82   63.36   63.98    0.84    0.59   34.66   36.90    1.39    1.23  3
  KFZG      276.73   31.68   55.13   57.86   -1.62   -0.46   54.03   56.92    1.10    0.84  3
  KHCR      248.57   40.47   45.43   46.48   -0.99    0.50   64.33   59.47    1.61    1.90  3
  KHHR      241.67   33.92   50.30   44.24    0.85    0.90   65.22   53.92    1.33    1.27  3
  KHIE      288.45   44.35   80.13   90.01   -1.62   -0.16   62.72   67.70    1.49    1.36  3
  KHRJ      281.27   35.38   45.16   47.55   -1.92   -0.30   61.55   64.22    1.28    0.90  3
  KHUM      269.33   29.57   58.20   58.59   -1.11   -0.26   67.81   69.47    1.71    1.73  3
  KHWY      282.28   38.58   47.22   58.11   -1.19   -0.10   60.74   62.86    1.18    1.02  3
  KINF      277.69   28.82   67.12   55.85   -1.66   -0.52   52.19   59.76    1.40    1.13  3
  KIYA      267.92   29.98   47.30   44.84   -1.01   -0.39   62.70   61.78    1.24    1.03  3
  KLFT      268.00   30.20   49.96   46.08   -0.78   -0.06   69.71   70.30    1.44    1.37  3
  KLVL      282.21   36.77   56.87   58.11   -1.59   -0.21   61.90   61.46    1.18    0.87  3
  KMHS      237.68   41.32   84.34   94.89   -1.40   -0.80   69.54   74.16    1.24    0.92  3
  KMKS      279.96   33.18   57.64   57.69   -1.40   -0.23   62.40   59.25    1.20    0.96  3
  KMMI      275.43   35.40   90.54   87.70   -1.71   -0.74   59.87   64.04    1.28    0.96  3
  KMRC      272.82   35.54   49.79   54.57   -1.36   -0.28   65.71   64.95    1.55    1.25  3
  KMZG      263.81   27.73   77.10   79.09   -1.01   -1.15   35.56   33.83    1.61    1.65  3
  KMZZ      274.32   40.49   71.09   73.60   -2.42   -0.97   51.78   53.09    1.43    1.34  3
  KN03      283.80   42.60   54.01   50.98   -2.90   -1.16   65.97   64.50    2.06    1.26  3
  KOGD      247.98   41.20   50.44   49.25    0.76    1.94   51.86   64.37    1.22    1.17  3
  KOPL      267.90   30.56   49.67   46.54   -1.12   -0.34   58.72   60.91    1.16    0.98  3
  KPTB      282.48   37.18   53.54   45.04   -1.15    0.09   66.55   62.24    1.37    1.13  3
  KRHP      276.14   35.19   79.47   80.56   -1.30   -0.36   64.03   73.19    1.10    0.79  3
  KRIV      242.73   33.88   65.24   53.69    0.47    0.78   60.03   59.65    1.47    1.46  3
  KRNC      274.15   35.70   75.93   80.79   -1.49   -0.44   66.67   67.30    1.52    1.22  3
  KSBS      253.13   40.52   59.65   48.34   -1.59   -0.31   69.02   54.65    1.86    1.64  3
  KSME      275.39   37.04   59.77   59.55   -1.53   -0.49   61.12   59.21    0.98    0.88  3
  KSTF      271.16   33.43   50.77   47.93   -1.37   -0.56   56.18   55.92    1.16    0.96  3
  KTRK      239.87   39.32   58.17   69.08   -1.24    0.16   68.52   76.37    1.16    1.39  3
  KVBW      281.05   38.36   52.52   64.17   -1.52   -0.50   58.81   60.88    1.17    1.02  3
  KVLD      276.72   30.78   46.51   46.59   -1.15   -0.13   68.53   64.82    1.33    1.23  3
  LFLB        5.88   45.65  -10.47   -6.13    1.07    1.19   76.80   76.74    1.64    1.52  3
  LSZB        7.50   46.92  -14.43  -12.58    0.63    0.91   80.02   75.73    1.30    1.33  3
  MMGL      256.68   20.52   43.25   50.74    0.25    0.32   77.85   70.66    1.37    1.31  3
  PHTO      204.93   19.72   78.32   69.57   -1.10   -0.15   65.70   71.28    1.73    1.63  3
  KSEG      283.14   40.82   53.51   49.86   -1.34    0.04   65.18   60.27    1.34    1.06  3
  MMBT      263.73   15.78   73.26   72.42   -0.77   -0.63   68.36   69.64    2.29    2.30  2
  MMPN      257.97   19.39   41.99   50.09   -0.59   -0.47   42.02   45.04    1.20    1.03  2
  SKAR      284.28    4.50   99.30   89.05   -0.52   -0.36   65.38   68.30    1.32    1.34  3
  SKCC      287.48    7.93   48.20   48.41    2.82    2.88   55.82   55.20    2.76    2.68  3
  SKRG      284.57    6.18   53.59   53.69    0.14    0.20   63.27   61.45    1.53    1.39  3
  KMLT      291.32   45.65   58.98   54.96   -1.49   -0.37   65.23   62.42    1.34    1.30  3
