  ACXS1     279.55   32.56   51.39   49.08   -1.97   -1.72   69.44   66.23    1.08    0.87  3
  CECC1     235.82   41.74  -48.78  -48.67    0.02    0.77   73.50   63.38    2.02    1.90  3
  CGBY      234.00   49.20  -17.24  -13.91    0.39    0.54   70.59   69.81    1.62    1.48  3
  DBLN6     280.65   42.49  105.24  105.24    4.06    4.06   49.05   49.05    2.30    2.30  3
  HMRA2     208.58   59.60   18.47   11.76    0.61    1.07   69.91   65.49    1.71    1.44  3
  MRNA2     225.74   58.20   -1.06    7.82    0.54    0.98   76.97   71.95    1.81    1.64  3
  PBPA2     225.85   58.20   51.46   51.42   -1.01   -0.47   74.97   77.46    2.09    2.06  3
  PILM4     271.63   48.22  102.00  102.00    5.59    5.59   49.91   49.91    2.76    2.76  3
  PTLA2     225.25   58.35  -20.88   -8.27    0.37    0.81   74.37   72.46    1.61    1.49  3
  ROAM4     270.69   47.87   99.32   99.32    6.07    6.07   47.07   47.07    3.14    3.14  3
  TKEA2     224.78   57.78  -52.06  -46.57    1.10    1.53   74.34   68.09    1.61    1.53  3
  VDZA2     213.64   61.13   58.68   59.99   -1.40   -1.11   67.00   68.86    1.99    1.62  3
  DISW3     269.27   47.08   99.33   99.33    4.91    4.91   46.42   46.42    2.55    2.55  3
  PSLC1     239.25   35.17  -57.48  -52.82   -0.92   -0.35   65.71   62.27    2.01    1.82  3
  RCMC1     237.59   37.92  -58.57  -54.59    0.29    1.07   40.20   47.31    1.24    1.36  3
  46125     237.40   47.90   85.68  100.07   -0.90   -0.77   69.56   69.12    0.56    0.25  2
  CPXC1     239.26   35.17  -65.06  -64.39   -1.50   -0.86   59.08   59.98    1.73    1.51  3
  ILOH1     204.94   19.73   72.77   64.73   -0.87    0.10   64.07   66.56    1.63    1.61  3
  KWHH1     204.17   20.04   90.26   81.13   -1.72   -0.42   66.79   64.33    1.85    1.59  3
  SBIO1     277.16   41.63   96.86   96.86    4.64    4.64   45.35   45.35    2.46    2.46  3
  SGNW3     272.31   43.75   94.87   94.87    4.85    4.85   58.09   58.09    2.71    2.71  3
  STDM4     272.78   47.18  103.19  103.19    7.08    7.08   57.31   57.31    3.47    3.47  3
