  CWLY      238.42   50.22   13.88   21.60    1.84    2.19   81.91   77.01    2.62    2.78  3
  ENLA        2.84   59.11    3.45   -2.06    2.36    2.42   42.74   40.63    2.45    2.38  3
  K0CO      254.23   39.79   29.71   38.21    4.27    4.80   59.70   63.18    2.09    2.35  3
  KMHV      241.85   35.07    0.95   -3.82    0.80    2.30   48.23   49.18    2.45    2.39  3
  PACD      197.28   55.22   -6.32   -8.46    1.71    2.24   27.42   28.76    2.14    2.50  3
  PAEH      197.93   58.65   14.00   14.48   -0.56   -0.20   42.20   41.96    2.43    2.31  3
  PAVC      197.73   55.12  -27.43  -24.41    0.98    1.64   48.64   51.55    2.24    2.08  3
  PHNY      203.06   20.79   15.19   10.37    0.90    1.23   47.73   50.80    2.31    2.27  3
  KELN      239.47   47.03    1.77    4.32    1.75    2.80   66.86   68.64    2.38    2.51  3
  KHIF      248.03   41.12    7.83    5.51    0.73    2.19   65.52   57.17    2.01    2.17  3
  PADU      193.45   53.90   11.81   12.10   -0.64   -0.16   64.50   64.07    2.16    2.12  3
  PAGY      224.70   59.47   22.83   25.27    1.89    2.31   70.53   70.58    2.79    2.99  3
  PHOG      203.57   20.90  -12.42   -8.12    1.66    2.24   36.32   33.08    2.30    2.06  3
  TTCP      299.15   11.15   22.46   22.46   -2.70   -2.38   45.07   43.80    2.39    2.15  3
  CYBX      302.82   51.45    3.93    3.02   -0.66   -0.65   50.05   47.53    2.08    2.00  3
  CYFB      291.45   63.75    9.03    9.55    0.60    0.54   38.71   34.53    1.70    1.48  3
  K4V0      251.24   40.10   29.93   31.33   -0.37    0.22   75.10   70.77    1.62    1.54  3
  K82V      255.87   41.15   17.67   22.44   -0.14    0.44   55.65   52.76    1.47    1.45  3
  KCDR      256.90   42.83   29.54   27.68    0.23    0.89   66.09   60.75    2.03    1.93  3
  KCTB      247.63   48.60    8.67    2.83    0.57    1.14   58.76   51.93    1.74    1.72  3
  KFTG      255.46   39.79   10.69    5.55    0.81    1.02   47.92   40.28    1.59    1.51  3
  KGDP      255.20   31.83  -21.18  -21.90    3.64    4.06   52.58   42.33    2.12    2.12  3
  KGNT      252.10   35.17   21.22   23.71    0.59    1.00   72.48   68.06    1.72    1.61  3
  KLAR      254.33   41.32  -19.44  -16.35    1.07    1.60   51.16   41.91    1.73    1.55  3
  KROW      255.47   33.29    7.17    6.32    0.88    1.04   53.30   47.63    1.45    1.50  3
  KTSP      241.57   35.14   19.12   13.80    0.81    1.30   42.76   41.33    1.84    1.91  3
  KWJF      241.78   34.72   -0.22   -2.33    2.03    2.75   44.74   42.85    1.71    1.81  3
  MKJS      282.08   18.50   24.61   22.87    0.64    0.59   44.64   43.74    2.02    1.79  3
  PADK      183.35   51.88    8.57    6.76   -0.09    0.26   48.42   45.94    2.26    2.00  3
  PAWD      210.59   60.13   37.71   41.28    0.43    0.84   71.81   70.61    2.21    2.03  3
