  AFA09     255.08   38.99    3.97    1.48    3.03    3.50   63.56   60.01    2.80    2.85  3
    894.00    9.00  -12.78    2.99   47.01    2.19
     74.00    4.33  -12.78   83.39   48.05
  AS895  a  241.73   34.85  -32.19  -36.25   -0.58    0.20   67.57   64.98    2.63    2.56  3
    187.00    4.00  -47.08   -0.63   47.99    3.07
     72.00  -22.87  -47.40   81.59   54.93
  ATKA2     185.83   52.23   17.95   15.68   -1.05   -0.63   49.21   44.57    2.82    2.33  3
    368.00    0.00   19.00   -0.62   45.74    2.90
     80.00   17.44   26.68   42.07   42.90
  BHRI3     272.85   41.65   44.34   44.81   -1.09   -0.47   61.73   60.15    2.38    2.34  3
    150.00    0.00   22.22   -0.66   37.36    2.19
     80.00   76.72   24.58   83.73   30.45
  C3540      12.40   55.73   28.79   30.32   -1.84   -1.05   63.17   64.39    2.42    2.27  3
    163.00    0.00    0.01   -2.01   46.54    2.14
     75.00    1.57   -3.30   40.06   42.90
  CMP26     243.58   38.19   29.19   30.70    2.42    3.30   52.20   48.29    2.41    2.48  3
    211.00    0.00   25.22    2.22   37.03    2.18
     77.00   35.41   21.15   56.14   30.24
  D4338       4.90   60.51   23.83   23.84    0.71    0.96   23.41   24.11    3.17    3.13  3
    145.00   10.00   25.14    0.34   24.91    3.06
     67.00   21.41   20.32   29.46   21.65
  E4395  a  241.82   45.99  -21.73   -6.80    1.22    2.50   44.99   50.98    1.91    2.24  3
    241.00    0.00  -20.76    1.40   23.37    2.18
     80.00  -21.40  -17.29   34.82   15.08
  E5793  a  254.41   36.34  -17.99  -11.58    2.13    2.40   61.66   66.24    2.57    2.39  3
    308.00    0.00  -14.81    1.65   51.63    3.10
     79.00   -0.01  -14.32   73.27   46.58
  F0218  a  278.28   36.30   39.08   33.83    2.58    2.97   61.39   61.34    2.96    3.00  3
    110.00    0.00   20.78    2.79   44.75    3.38
     80.00   19.30   13.74   47.06  103.05
  FREUT     247.67   41.15    1.53   16.71    2.49    2.81   50.58   47.37    2.69    2.40  3
    560.00    1.00   -1.97    1.96   41.19    2.72
     80.00   -1.99   15.84   34.24   59.14
  GHG39     242.71   34.61   -8.04   -3.90    2.88    3.80   43.50   49.14    2.44    2.58  3
    541.00    0.00  -18.66    2.71   29.40    2.33
     79.00   -1.56    1.96   34.86   54.20
  HYRMC     248.18   41.63   -4.23   -2.24    1.12    2.67   58.12   58.44    3.75    3.81  3
    459.00    0.00   -1.94    0.00   57.08    4.60
     74.00   -5.39   -7.25   57.26   55.20
  OLSA2     191.13   52.94   -8.01   -3.36   -0.62    0.06   38.28   33.55    2.51    1.58  3
    368.00    0.00   -6.61   -0.95   17.19    2.90
     80.00   -8.93   -5.32   16.85   22.95
  TCOA2     214.12   63.82   -5.89  -10.42    2.36    2.63   65.74   63.08    3.13    3.39  3
    532.00    0.00   -9.51    4.56   39.56    5.49
     76.00   -9.46    4.64   24.26   88.27
  UB7ST     250.65   39.98    5.62   21.53    3.37    3.98   63.04   54.94    2.85    2.57  3
    567.00   12.00   -2.17    3.06   55.00    2.30
     81.00    1.94   -2.60   59.07   66.52
  UBCSP     249.98   40.05  -13.21   -8.28    5.22    5.60   66.69   60.44    2.90    2.82  3
    560.00   17.00  -10.15    4.64   44.04    2.54
     80.00   -7.92   -9.69   40.72   32.23
  VCVA2     189.71   57.13   10.52    8.99   -2.26   -1.52   26.71   23.53    2.78    2.02  3
    387.00    0.00   10.31   -1.69   16.80    2.33
     79.00    2.63   10.48   20.53   22.81
  X3RD      237.73   37.59   20.17   10.69    2.64    3.22   31.02   34.47    2.23    2.16  3
    567.00    0.00   39.92    2.27   55.40    2.59
     81.00   31.99    8.67   22.52   29.17
  XBLT      237.58   37.85   -4.60  -13.29    5.20    5.77   31.17   32.46    2.68    2.73  3
    564.00    0.00   14.46    5.60   35.79    2.67
     81.00   -5.36  -12.47   17.40   28.75
  XCPT      239.53   34.45  -26.87  -30.01    1.41    1.90   50.38   45.96    2.98    3.03  3
    457.00    0.00  -15.74    1.33   19.47    3.63
     76.00  -19.15  -14.74   21.60   19.77
  XJNB      236.70   46.15  -10.51  -20.89    2.55    3.00   67.50   68.97    2.54    2.49  3
    483.00    0.00  -12.42    2.88   52.61    2.54
     81.00   -8.17  -11.03   44.27   67.16
  XMRK      260.01   32.32    1.94    6.22    2.49    3.93   33.66   34.02    2.16    2.60  3
    480.00    0.00    1.75    2.05   18.01    2.15
     81.00   19.14    2.36   38.39   22.23
  XSQU      236.83   49.68   37.38   42.60    2.39    2.44   63.88   61.96    3.49    3.53  3
    181.00    0.00   37.28    0.83   47.06    2.81
     81.00   23.11   40.46   36.10  105.83
  XWIN      280.82   33.19   17.75   14.81    0.97    1.14   54.80   54.48    2.73    2.57  3
    438.00    0.00    2.58    1.30   30.11    1.56
     73.00   -8.65   19.18   21.01   36.77
  N20KX     207.79   61.20   21.40   17.00    3.28    3.39   51.79   46.37    2.14    2.32  3
    166.00    0.00    9.11    4.57   42.81    2.41
     75.00    9.49   -1.54   52.82   35.52
  P19KX     206.77   59.65   -3.12    1.96    1.81    2.30   55.00   57.39    2.39    2.51  3
    219.00    0.00    9.84    2.56   49.99    2.38
     79.00   16.34   -5.31   47.93   64.63
  GSLM4     276.46   44.02  -22.23  -19.39    0.85    2.25   43.96   45.21    2.26    2.20  3
     90.00    0.00  -20.10    1.31   23.81    1.74
     60.00  -17.69  -17.50   46.11   20.99
  E1486  a  253.24   32.40   30.68   26.28    1.90    2.34   61.85   56.99    2.07    2.01  3
    160.00    0.00   21.80    2.18   62.97    2.27
     79.00   15.73   30.69   29.80   67.73
  E1487  a  253.08   32.46   -7.74  -18.31    1.78    3.01   70.78   55.89    2.63    2.43  3
    161.00    1.00  -13.68    1.35   49.98    2.08
     79.00   -8.52    2.85   35.34   61.16
  E1872     304.54   51.52   16.36   16.02   -2.78   -2.73   49.30   49.93    2.22    2.29  3
    165.00    0.00   17.30   -2.57   54.59    2.10
     81.00    9.45   28.95   53.44   50.94
  E3528  a  254.67   33.92   23.87   22.37   -0.89    0.31   67.30   66.26    2.29    2.11  3
    228.00    3.00   13.13   -0.90   67.22    1.78
     80.00    7.29   45.53   75.21   76.50
  KGCA2     197.67   55.06    3.92    1.95    0.90    1.15   44.27   34.88    2.40    1.71  3
    372.00    0.00    6.11    0.38   35.60    2.45
     80.00   11.17   -6.66   43.86   47.10
  L20KX     206.12   62.48    5.43    3.51    2.50    2.56   75.93   75.24    2.92    2.68  3
    111.00    0.00   -5.50    1.96   77.06    2.84
     48.00 -999.00 -999.00 -999.00 -999.00
  RHRA2     214.27   61.13    6.73    8.17    2.20    2.55   49.91   47.05    2.41    2.62  3
     78.00    0.00   19.27    2.12   35.65    3.00
     77.00   20.25   26.23   44.81   12.72
  SUM       246.98   43.40   16.69    8.49    2.50    2.88   61.14   58.39    2.47    2.52  3
    567.00    0.00    7.85    3.10   55.04    3.19
     81.00    9.93   10.12   50.30   89.71
  TEXA2     214.09   63.84  -13.03   -8.65    1.46    1.71   66.02   67.41    2.32    2.54  3
    532.00    0.00   -7.38    3.42   45.13    4.24
     76.00   -8.26   -4.31   48.49   40.97
  WHLA2     211.27   60.78   -0.80   -3.79    1.01    1.18   81.19   77.16    2.35    2.45  3
     79.00    0.00  -39.56    0.18   43.84    2.01
     79.00  -37.30  -42.56   31.72   81.52
  XLOP      239.54   35.20  -27.66  -20.81    2.02    2.54   57.33   53.76    2.39    2.58  3
    486.00    0.00  -35.08    2.12   33.44    3.60
     81.00  -37.39  -39.14   36.30   39.23
  XVIE      238.33   45.70    1.26    4.07    4.53    5.42   39.87   39.52    2.43    2.65  3
    490.00    0.00   -0.77    4.43   28.04    2.67
     81.00   -5.57   -4.32   21.38   25.48
  SMCA2     210.26   61.02    2.95    6.29    5.04    5.08   59.37   59.40    4.12    4.42  3
     77.00    2.00    0.01    4.15   34.14    4.97
     74.00  -11.89    1.56   36.60   28.12
  A1386     250.09   40.48  -13.25   -8.40    1.38    1.80   66.38   67.01    1.50    1.44  3
     56.00    0.00   -1.77    1.40   57.52    1.21
     55.00 -999.00 -999.00 -999.00 -999.00
  APPLE  a  242.82   34.51   40.27   43.09   -1.13   -0.22   71.23   74.66    1.66    1.57  3
    454.00    0.00   11.92   -1.06   53.43    1.98
     77.00    2.85   15.71   91.15   72.02
  AR160     235.95   44.76   19.94   23.44    0.83    1.37   47.90   53.60    2.18    2.22  3
    452.00    0.00    5.22    1.08   19.35    2.08
     80.00    6.10    0.48   42.89   18.36
  AS539  a  254.00   41.15    4.09    4.15   -0.71   -0.05   56.95   50.18    1.29    1.20  3
    169.00    0.00   -4.78   -0.64   35.90    1.31
     74.00    6.66   -0.53   53.46   25.23
  C2235       8.02   58.09   32.05   32.48   -2.75   -2.53   50.23   48.69    2.13    2.06  3
    552.00    7.00   24.16   -2.70   33.43    2.03
     79.00   25.94   23.80   44.66   34.04
  C2463     255.12   39.62   55.90   67.65    0.35    0.66   51.61   54.68    2.54    2.39  3
    406.00    2.00   43.81    0.04   49.94    2.18
     69.00   42.62   57.47   51.24   68.11
  C6076     356.18   51.64   27.82   26.09   -3.06   -2.95   61.77   60.75    1.55    1.58  3
    165.00    0.00   15.12   -2.95   64.49    1.35
     80.00   56.90    2.76   93.94   39.36
  C9988       5.75   58.82   22.33   20.64   -2.16   -2.23   69.68   69.26    1.55    1.56  3
    203.00    0.00   19.33   -2.07   76.40    1.51
     80.00   18.64   19.84   95.06   81.25
  D3400      11.76   54.70   12.87   14.70   -3.98   -3.65   65.26   65.28    1.94    1.73  3
    422.00    9.00    7.12   -3.87   53.29    2.16
     79.00    4.92    8.71   61.88   45.06
  D4786     255.45   39.40   -7.89   -2.73   -1.71   -1.29   59.62   60.35    1.60    1.70  3
    552.00    0.00  -16.29   -1.55   52.89    1.46
     80.00  -20.03    0.59   35.40  101.11
  D4844       5.87   58.77   20.65   20.53   -2.86   -2.88   74.27   73.80    1.44    1.51  3
    247.00    0.00    7.76   -2.72   71.10    1.41
     80.00   10.57   -7.49   68.01   57.78
  D5911  a  282.87   43.29   29.47   25.17   -1.82   -1.28   58.56   60.18    1.61    1.52  3
    144.00    0.00   23.20   -1.89   46.13    1.43
     75.00   14.73   25.59   56.64   36.01
  D6095       5.74   58.85   31.84   31.67   -2.68   -2.70   73.62   72.40    1.35    1.38  3
    162.00    0.00   30.73   -2.52   79.48    1.51
     81.00   58.07   23.38  117.64   76.25
  D6509     248.50   35.28   57.09   64.56   -1.10   -0.77   76.47   70.49    1.47    1.46  3
    138.00    0.00   73.88   -1.22   70.63    1.26
     78.00   66.96  102.06   81.26   47.82
  DPG06     247.05   40.12   -9.08    0.33    1.51    1.92   62.07   51.92    1.68    1.64  3
    552.00    0.00    1.06    1.43   36.11    1.71
     79.00   -2.12    4.94   41.70   34.23
  E1884       9.89   64.02   -0.14    1.04   -2.38   -2.23   54.62   53.19    1.83    1.77  3
    265.00    0.00   -7.60   -2.17   33.23    2.10
     80.00   -1.96   -8.66   51.35   30.27
  E2332     239.51   34.60  -14.85  -18.54    1.44    1.69   39.47   44.25    2.40    2.62  3
    443.00    0.00  -13.02    0.49   28.38    2.07
     78.00  -20.04  -12.07   30.39   27.79
  E4294     299.49   46.88   17.73   15.82   -3.75   -3.17   52.36   51.00    1.81    1.62  3
    163.00    0.00   21.19   -3.69   43.09    1.66
     76.00   24.32   -0.33   39.74   35.95
  E5413     355.03   58.15   -5.50   -5.88   -3.02   -2.82   46.22   45.96    1.75    1.74  3
    285.00    0.00   -8.92   -2.69   33.58    1.63
     81.00    2.58  -12.06   39.66   27.81
  E5887     338.94   64.12   14.88   14.20   -0.43   -0.19   48.51   49.03    1.83    1.90  3
    164.00    0.00    3.63   -0.44   37.03    1.74
     80.00   12.77   29.59   43.11   52.65
  E8655  a  282.31   43.30   23.47   28.06   -1.45   -1.02   54.33   54.98    1.52    1.40  3
    552.00    0.00   15.20   -1.45   28.77    1.43
     80.00   28.84   12.20   86.27   14.45
  E9939     237.41   37.92   -4.62   -8.82   -0.31    0.25   57.12   57.73    2.47    2.56  3
    189.00    0.00   -3.13   -0.92   30.69    2.54
     81.00    0.87    5.96   14.39   48.95
  F1362  a  248.27   35.26   50.88   51.06   -1.00   -0.68   71.29   70.96    1.05    0.91  3
    512.00    0.00   49.34   -0.73   84.01    0.83
     80.00   45.76  106.45   63.38   41.10
  F2780     299.19   46.82   -1.35   -3.00   -3.49   -2.85   46.96   48.50    1.87    1.66  3
    199.00    0.00   -3.24   -3.64   35.57    1.64
     81.00    7.22  -13.15   29.00   41.07
  HNLLB     202.15   21.33  -17.84  -20.04   -0.90   -0.29   28.17   31.21    1.86    1.61  3
    542.00    0.00  -22.47   -1.42   25.57    1.78
     79.00  -22.13  -17.74   27.50   35.41
  HP001     243.58   32.89  -58.45  -49.25    3.01    4.00   63.49   61.31    2.70    3.05  3
    240.00    4.00  -34.09    2.82   46.96    2.70
     80.00  -17.85  -38.47   40.02   41.76
  MC019     274.82   45.36   22.98   15.20   -0.71   -0.26   47.85   46.83    2.03    1.87  3
    152.00    0.00   17.04   -0.91   29.05    2.28
     77.00   15.50   12.14   31.26   37.21
  MOLOK     255.98   30.67   -9.18  -12.01    0.60    1.15   51.37   47.06    2.02    1.92  3
    550.00    0.00  -11.21    0.43   29.22    1.79
     79.00   -2.81  -10.65   25.32   33.47
  RCGLH     282.39   43.25   19.08   17.76   -1.99   -1.43   60.19   56.12    1.53    1.28  3
    370.00    0.00   11.97   -2.02   42.34    1.30
     64.00   16.68    8.31   55.12   36.05
  SVB       245.60   43.66    7.04  -10.29    0.14    0.80   64.40   61.29    2.02    2.03  3
    141.00    0.00    2.39   -0.01   60.48    2.21
     71.00   -8.25    1.10   57.30   84.10
  SVB1H     245.60   43.66    2.20  -12.56    1.00    1.57   78.75   71.35    2.08    2.03  3
     69.00    0.00   -2.22    1.09   62.27    1.95
     69.00   15.63  -23.32   98.03   51.90
  UBWHR     250.09   40.48   -5.62   -3.62    1.13    1.67   48.09   45.08    1.29    1.25  3
    565.00    0.00    2.80    1.18   30.86    1.30
     81.00    6.30   10.80   57.22   24.56
  WBSTR     282.50   43.25   37.59   39.93   -2.34   -1.84   68.00   64.39    1.67    1.53  3
    412.00    0.00   43.55   -2.32   55.38    1.77
     73.00   13.24   61.94   78.56   59.66
  XKAN      203.54   20.90  -16.01  -11.91    2.40    2.99   32.27   30.00    2.15    1.94  3
    486.00    0.00  -24.15    2.58   16.74    1.99
     81.00  -26.54  -18.86    9.95   25.45
  XMRH      239.20   45.68  -21.46  -14.75    2.14    2.98   34.80   46.59    2.27    2.43  3
    480.00    0.00  -27.10    1.73   23.95    2.56
     80.00  -27.22  -24.90   24.33   26.91
  XMRY      239.16   45.67  -26.48  -21.31    2.56    3.38   43.54   55.67    2.37    2.61  3
    240.00    0.00  -29.64    2.58   18.08    2.88
     80.00  -37.14  -24.02   11.74   22.90
  XSWL      238.43   45.72  -10.69   -8.47    2.77    3.64   44.04   44.56    2.39    2.62  3
    483.00    0.00  -12.32    2.95   20.53    2.83
     81.00   -8.10  -17.14   22.52   18.65
  KU76      244.27   43.13   25.69   24.43   -0.73   -0.34   58.32   58.74    2.03    2.01  3
     77.00    0.00   25.70   -0.82   60.31    2.41
     71.00   15.48   27.32   66.47   70.46
  P013C     201.95   21.48   31.79   30.18   -0.14    0.51   57.22   55.37    2.18    2.08  3
     90.00    0.00   12.39   -0.28   48.65    2.48
     60.00   -3.67   16.57   33.87   62.61
  WSM10     253.63   33.75   15.35   18.41    0.69    0.93   69.11   65.02    2.23    2.09  3
    454.00    0.00   -1.43    0.34   69.33    2.45
     65.00   -1.74   15.40   67.73   57.92
