  01203       4.98   62.03    2.47    2.19    2.67    2.73   29.82   29.18    2.83    2.69  3
  07560       3.58   44.12    1.64    4.40    3.62    3.62   70.44   69.55    2.34    2.27  3
  70316     197.28   55.20   -7.92   -8.76    1.84    2.37   28.94   32.31    2.36    2.71  3
  71468     271.69   49.69    4.68    8.18   -0.30    0.51   36.54   29.62    2.24    1.96  3
  71472     227.24   53.31   12.38   11.61    1.64    1.74   50.30   47.90    3.06    2.78  3
  71479     232.07   50.11  -15.33  -13.63    2.83    2.71   57.27   52.99    2.64    2.33  3
  71568     230.07   50.45   -4.74   -5.99    0.94    0.88   57.30   56.16    3.59    3.41  3
  71641     284.33   62.17   24.92   24.49   -0.10   -0.27   56.95   55.90    3.95    3.66  3
  71778     236.48   48.28   18.84   -8.60    4.61    4.46   83.67   57.78    2.65    2.18  3
  CWQK      236.47   48.30   18.04   -8.02    4.57    4.41   82.69   58.59    2.65    2.20  3
  03305     356.07   53.10   10.01    8.43    2.53    2.57   50.78   49.79    2.49    2.27  3
  78962     299.17   11.15   20.41   20.48   -2.69   -2.38   43.60   42.42    2.35    2.13  3
  03062     356.03   57.82    5.95    4.70    1.02    1.03   37.62   37.22    1.47    1.33  3
  04260     310.34   62.01    9.77    9.04   -0.17    0.03   59.81   56.09    2.05    1.55  3
  04285     314.80   59.98   -5.40   -5.47    1.47    1.50   37.67   37.82    2.34    2.09  3
  04382     317.93   61.93  -21.36  -20.56    0.40    0.58   61.43   58.34    2.43    2.14  3
  04390     316.83   60.05  -16.92  -16.96   -1.43   -1.02   59.49   57.65    2.26    1.99  3
  06605       7.07   47.13   20.55   18.24    3.82    3.89   45.87   51.60    2.23    2.21  3
  32121     142.19   47.98  -15.32   -9.24    0.34    0.67   66.17   61.89    1.40    1.38  3
  47406     141.63   43.95   -9.13   -4.73    1.22    1.38   58.71   53.50    1.80    1.77  3
  70454     183.35   51.88    4.08    2.02    0.00    0.34   47.30   44.40    2.09    1.85  3
  71417     303.89   50.71  -15.66  -13.73    0.46    0.59   56.07   51.93    2.41    2.14  3
  71808     302.82   51.45    4.08    2.89   -0.71   -0.69   47.43   44.23    1.97    1.91  3
  72268     255.47   33.29    1.42    5.27    1.02    1.27   70.45   65.03    1.61    1.58  3
  78388     282.08   18.50   35.11   33.93    0.07    0.04   50.34   49.62    2.17    1.98  3
  91190     203.57   20.90  -12.42   -8.12    1.67    2.25   36.33   33.09    2.29    2.05  3
