  AFA09     255.08   38.99    3.97    1.48    3.03    3.50   63.56   60.01    2.80    2.85  3
  AS895  a  241.73   34.85  -32.19  -36.25   -0.58    0.20   67.57   64.98    2.63    2.56  3
  ATKA2     185.83   52.23   17.95   15.68   -1.05   -0.63   49.21   44.57    2.82    2.33  3
  BHRI3     272.85   41.65   44.34   44.81   -1.09   -0.47   61.73   60.15    2.38    2.34  3
  C3540      12.40   55.73   28.79   30.32   -1.84   -1.05   63.17   64.39    2.42    2.27  3
  CMP26     243.58   38.19   29.19   30.70    2.42    3.30   52.20   48.29    2.41    2.48  3
  D4338       4.90   60.51   23.83   23.84    0.71    0.96   23.41   24.11    3.17    3.13  3
  E4395  a  241.82   45.99  -21.73   -6.80    1.22    2.50   44.99   50.98    1.91    2.24  3
  E5793  a  254.41   36.34  -17.99  -11.58    2.13    2.40   61.66   66.24    2.57    2.39  3
  F0218  a  278.28   36.30   39.08   33.83    2.58    2.97   61.39   61.34    2.96    3.00  3
  FREUT     247.67   41.15    1.53   16.71    2.49    2.81   50.58   47.37    2.69    2.40  3
  GHG39     242.71   34.61   -8.04   -3.90    2.88    3.80   43.50   49.14    2.44    2.58  3
  HYRMC     248.18   41.63   -4.23   -2.24    1.12    2.67   58.12   58.44    3.75    3.81  3
  OLSA2     191.13   52.94   -8.01   -3.36   -0.62    0.06   38.28   33.55    2.51    1.58  3
  TCOA2     214.12   63.82   -5.89  -10.42    2.36    2.63   65.74   63.08    3.13    3.39  3
  UB7ST     250.65   39.98    5.62   21.53    3.37    3.98   63.04   54.94    2.85    2.57  3
  UBCSP     249.98   40.05  -13.21   -8.28    5.22    5.60   66.69   60.44    2.90    2.82  3
  VCVA2     189.71   57.13   10.52    8.99   -2.26   -1.52   26.71   23.53    2.78    2.02  3
  X3RD      237.73   37.59   20.17   10.69    2.64    3.22   31.02   34.47    2.23    2.16  3
  XBLT      237.58   37.85   -4.60  -13.29    5.20    5.77   31.17   32.46    2.68    2.73  3
  XCPT      239.53   34.45  -26.87  -30.01    1.41    1.90   50.38   45.96    2.98    3.03  3
  XJNB      236.70   46.15  -10.51  -20.89    2.55    3.00   67.50   68.97    2.54    2.49  3
  XMRK      260.01   32.32    1.94    6.22    2.49    3.93   33.66   34.02    2.16    2.60  3
  XSQU      236.83   49.68   37.38   42.60    2.39    2.44   63.88   61.96    3.49    3.53  3
  XWIN      280.82   33.19   17.75   14.81    0.97    1.14   54.80   54.48    2.73    2.57  3
  N20KX     207.79   61.20   21.40   17.00    3.28    3.39   51.79   46.37    2.14    2.32  3
  P19KX     206.77   59.65   -3.12    1.96    1.81    2.30   55.00   57.39    2.39    2.51  3
  GSLM4     276.46   44.02  -22.23  -19.39    0.85    2.25   43.96   45.21    2.26    2.20  3
  E1486  a  253.24   32.40   30.68   26.28    1.90    2.34   61.85   56.99    2.07    2.01  3
  E1487  a  253.08   32.46   -7.74  -18.31    1.78    3.01   70.78   55.89    2.63    2.43  3
  E1872     304.54   51.52   16.36   16.02   -2.78   -2.73   49.30   49.93    2.22    2.29  3
  E3528  a  254.67   33.92   23.87   22.37   -0.89    0.31   67.30   66.26    2.29    2.11  3
  KGCA2     197.67   55.06    3.92    1.95    0.90    1.15   44.27   34.88    2.40    1.71  3
  L20KX     206.12   62.48    5.43    3.51    2.50    2.56   75.93   75.24    2.92    2.68  3
  RHRA2     214.27   61.13    6.73    8.17    2.20    2.55   49.91   47.05    2.41    2.62  3
  SUM       246.98   43.40   16.69    8.49    2.50    2.88   61.14   58.39    2.47    2.52  3
  TEXA2     214.09   63.84  -13.03   -8.65    1.46    1.71   66.02   67.41    2.32    2.54  3
  WHLA2     211.27   60.78   -0.80   -3.79    1.01    1.18   81.19   77.16    2.35    2.45  3
  XLOP      239.54   35.20  -27.66  -20.81    2.02    2.54   57.33   53.76    2.39    2.58  3
  XVIE      238.33   45.70    1.26    4.07    4.53    5.42   39.87   39.52    2.43    2.65  3
  SMCA2     210.26   61.02    2.95    6.29    5.04    5.08   59.37   59.40    4.12    4.42  3
  A1386     250.09   40.48  -13.25   -8.40    1.38    1.80   66.38   67.01    1.50    1.44  3
  APPLE  a  242.82   34.51   40.27   43.09   -1.13   -0.22   71.23   74.66    1.66    1.57  3
  AR160     235.95   44.76   19.94   23.44    0.83    1.37   47.90   53.60    2.18    2.22  3
  AS539  a  254.00   41.15    4.09    4.15   -0.71   -0.05   56.95   50.18    1.29    1.20  3
  C2235       8.02   58.09   32.05   32.48   -2.75   -2.53   50.23   48.69    2.13    2.06  3
  C2463     255.12   39.62   55.90   67.65    0.35    0.66   51.61   54.68    2.54    2.39  3
  C6076     356.18   51.64   27.82   26.09   -3.06   -2.95   61.77   60.75    1.55    1.58  3
  C9988       5.75   58.82   22.33   20.64   -2.16   -2.23   69.68   69.26    1.55    1.56  3
  D3400      11.76   54.70   12.87   14.70   -3.98   -3.65   65.26   65.28    1.94    1.73  3
  D4786     255.45   39.40   -7.89   -2.73   -1.71   -1.29   59.62   60.35    1.60    1.70  3
  D4844       5.87   58.77   20.65   20.53   -2.86   -2.88   74.27   73.80    1.44    1.51  3
  D5911  a  282.87   43.29   29.47   25.17   -1.82   -1.28   58.56   60.18    1.61    1.52  3
  D6095       5.74   58.85   31.84   31.67   -2.68   -2.70   73.62   72.40    1.35    1.38  3
  D6509     248.50   35.28   57.09   64.56   -1.10   -0.77   76.47   70.49    1.47    1.46  3
  DPG06     247.05   40.12   -9.08    0.33    1.51    1.92   62.07   51.92    1.68    1.64  3
  E1884       9.89   64.02   -0.14    1.04   -2.38   -2.23   54.62   53.19    1.83    1.77  3
  E2332     239.51   34.60  -14.85  -18.54    1.44    1.69   39.47   44.25    2.40    2.62  3
  E4294     299.49   46.88   17.73   15.82   -3.75   -3.17   52.36   51.00    1.81    1.62  3
  E5413     355.03   58.15   -5.50   -5.88   -3.02   -2.82   46.22   45.96    1.75    1.74  3
  E5887     338.94   64.12   14.88   14.20   -0.43   -0.19   48.51   49.03    1.83    1.90  3
  E8655  a  282.31   43.30   23.47   28.06   -1.45   -1.02   54.33   54.98    1.52    1.40  3
  E9939     237.41   37.92   -4.62   -8.82   -0.31    0.25   57.12   57.73    2.47    2.56  3
  F1362  a  248.27   35.26   50.88   51.06   -1.00   -0.68   71.29   70.96    1.05    0.91  3
  F2780     299.19   46.82   -1.35   -3.00   -3.49   -2.85   46.96   48.50    1.87    1.66  3
  HNLLB     202.15   21.33  -17.84  -20.04   -0.90   -0.29   28.17   31.21    1.86    1.61  3
  HP001     243.58   32.89  -58.45  -49.25    3.01    4.00   63.49   61.31    2.70    3.05  3
  MC019     274.82   45.36   22.98   15.20   -0.71   -0.26   47.85   46.83    2.03    1.87  3
  MOLOK     255.98   30.67   -9.18  -12.01    0.60    1.15   51.37   47.06    2.02    1.92  3
  RCGLH     282.39   43.25   19.08   17.76   -1.99   -1.43   60.19   56.12    1.53    1.28  3
  SVB       245.60   43.66    7.04  -10.29    0.14    0.80   64.40   61.29    2.02    2.03  3
  SVB1H     245.60   43.66    2.20  -12.56    1.00    1.57   78.75   71.35    2.08    2.03  3
  UBWHR     250.09   40.48   -5.62   -3.62    1.13    1.67   48.09   45.08    1.29    1.25  3
  WBSTR     282.50   43.25   37.59   39.93   -2.34   -1.84   68.00   64.39    1.67    1.53  3
  XKAN      203.54   20.90  -16.01  -11.91    2.40    2.99   32.27   30.00    2.15    1.94  3
  XMRH      239.20   45.68  -21.46  -14.75    2.14    2.98   34.80   46.59    2.27    2.43  3
  XMRY      239.16   45.67  -26.48  -21.31    2.56    3.38   43.54   55.67    2.37    2.61  3
  XSWL      238.43   45.72  -10.69   -8.47    2.77    3.64   44.04   44.56    2.39    2.62  3
  KU76      244.27   43.13   25.69   24.43   -0.73   -0.34   58.32   58.74    2.03    2.01  3
  P013C     201.95   21.48   31.79   30.18   -0.14    0.51   57.22   55.37    2.18    2.08  3
  WSM10     253.63   33.75   15.35   18.41    0.69    0.93   69.11   65.02    2.23    2.09  3
