  46027     235.60   41.90  -30.25  -36.75   -0.28    0.43   79.31   73.55    2.41    2.44  3
  ATKA2     185.83   52.23    7.33    4.16   -0.88   -0.39   44.72   40.44    2.63    2.07  3
  MRKA2     213.34   61.08  -31.59  -33.14    2.18    2.22   59.88   53.18    2.08    1.99  3
  POTA2     213.30   61.06    9.49   14.13    1.41    1.60   51.34   53.53    2.28    2.25  3
  WDC6698   202.10   21.30    7.81    8.92   -0.22    0.36   27.16   26.44    2.63    2.38  3
  LGWS        3.50   58.10    0.21   -0.01   -0.53   -0.36   54.61   54.11    2.48    2.26  3
  VCVA2     189.71   57.13   11.09   10.14   -2.28   -1.68   25.44   22.51    2.46    1.81  3
  CGCB      294.20   44.90   -3.06   -4.92    0.31    0.73   45.63   43.65    1.67    1.52  3
  CGJV      304.80   47.60   -9.74  -10.75   -0.86   -0.71   41.75   39.01    2.08    1.96  3
  DBKV        4.00   57.60    4.83    1.83    0.01    0.15   28.96   23.80    1.72    1.45  3
  KGCA2     197.67   55.06    8.94    6.64    0.82    1.08   38.52   29.95    2.39    1.69  3
  VAAP      297.30   48.70   -1.61   -0.44    1.04    1.35   44.90   41.48    2.22    1.96  3
  VCBW      290.80   61.60   -1.81    0.44    2.38    1.98   22.87   17.17    1.78    1.53  3
  VOCJ      300.90   47.60    0.53    0.70    0.58    1.03   37.93   31.98    1.91    1.56  3
  VOFG      298.60   45.60   -9.25   -9.40    0.10    0.28   54.43   52.89    1.81    1.55  3
  VOLG      304.30   46.00   17.33   17.44   -1.44   -1.07   57.93   57.82    2.38    2.13  3
  VXKF      300.40   46.80   -6.63   -6.26    0.50    0.97   26.38   23.79    1.97    1.65  3
  WTEG      235.00   45.20   -9.61   -9.16    0.75    1.15   35.64   33.32    1.92    1.74  3
