  ACXS1     279.55   32.56   51.39   49.08   -1.97   -1.72   69.44   66.23    1.08    0.87  3
    228.00    0.00   40.52   -1.96   84.76    0.96
     76.00   99.68   26.84   94.78   58.90
  CECC1     235.82   41.74  -48.78  -48.67    0.02    0.77   73.50   63.38    2.02    1.90  3
    150.00    0.00  -53.94    0.28   79.95    1.33
     80.00  -72.38  -14.48   79.76   61.67
  CGBY      234.00   49.20  -17.24  -13.91    0.39    0.54   70.59   69.81    1.62    1.48  3
    156.00    0.00   -4.12    0.23   71.87    1.31
     81.00  -40.11   13.56   73.37   55.62
  DBLN6     280.65   42.49  105.24  105.24    4.06    4.06   49.05   49.05    2.30    2.30  3
    148.00    0.00  111.14    3.34   60.68    2.05
     80.00  110.95  109.93   51.36   64.15
  HMRA2     208.58   59.60   18.47   11.76    0.61    1.07   69.91   65.49    1.71    1.44  3
    400.00    0.00   30.85    0.53   69.08    1.92
     80.00   38.83   15.51   60.80   69.47
  MRNA2     225.74   58.20   -1.06    7.82    0.54    0.98   76.97   71.95    1.81    1.64  3
    469.00    0.00    1.44    0.13   98.20    1.15
     80.00   -2.61   66.97   60.19   55.45
  PBPA2     225.85   58.20   51.46   51.42   -1.01   -0.47   74.97   77.46    2.09    2.06  3
     76.00    0.00   42.39   -1.56   77.75    1.16
     76.00   53.38   31.48   84.30   31.55
  PILM4     271.63   48.22  102.00  102.00    5.59    5.59   49.91   49.91    2.76    2.76  3
    150.00    1.00  109.40    5.65   56.86    3.09
     80.00  115.06  100.05   60.00   59.37
  PTLA2     225.25   58.35  -20.88   -8.27    0.37    0.81   74.37   72.46    1.61    1.49  3
    844.00    0.00  -15.88    0.23   79.27    1.35
     81.00  -42.17   11.13  125.43   38.16
  ROAM4     270.69   47.87   99.32   99.32    6.07    6.07   47.07   47.07    3.14    3.14  3
    153.00    3.00  109.50    5.43   56.82    3.43
     79.00  109.64   82.53   48.93   47.30
  TKEA2     224.78   57.78  -52.06  -46.57    1.10    1.53   74.34   68.09    1.61    1.53  3
    477.00    0.00  -66.50    0.80   85.86    1.27
     80.00  -49.93    0.90   90.57   96.47
  VDZA2     213.64   61.13   58.68   59.99   -1.40   -1.11   67.00   68.86    1.99    1.62  3
    145.00    0.00   56.69   -1.08   64.03    1.54
     78.00   73.00   28.92   69.94   50.60
  DISW3     269.27   47.08   99.33   99.33    4.91    4.91   46.42   46.42    2.55    2.55  3
     80.00    1.00  100.22    4.61   44.90    2.43
     79.00  119.31   90.00   38.18   37.32
  PSLC1     239.25   35.17  -57.48  -52.82   -0.92   -0.35   65.71   62.27    2.01    1.82  3
    216.00    0.00  -56.37   -1.01   76.59    1.99
     79.00 -107.92  -44.76   77.12   67.93
  RCMC1     237.59   37.92  -58.57  -54.59    0.29    1.07   40.20   47.31    1.24    1.36  3
    216.00    0.00  -66.34    0.31   30.95    1.21
     79.00  -79.24  -70.95   10.44   47.03
  46125     237.40   47.90   85.68  100.07   -0.90   -0.77   69.56   69.12    0.56    0.25  2
     19.00    0.00   78.88   -0.88  108.49    0.82
      8.00 -999.00 -999.00 -999.00 -999.00
  CPXC1     239.26   35.17  -65.06  -64.39   -1.50   -0.86   59.08   59.98    1.73    1.51  3
   2194.00    0.00  -56.53   -1.29   55.83    1.31
     80.00  -90.36  -43.94   63.76   40.17
  ILOH1     204.94   19.73   72.77   64.73   -0.87    0.10   64.07   66.56    1.63    1.61  3
   1037.00    0.00   78.67   -0.81   88.61    1.54
     80.00  101.94   57.99   52.53   91.43
  KWHH1     204.17   20.04   90.26   81.13   -1.72   -0.42   66.79   64.33    1.85    1.59  3
    228.00    3.00  115.17   -1.63   65.79    1.57
     80.00  124.87   76.82   45.72   75.75
  SBIO1     277.16   41.63   96.86   96.86    4.64    4.64   45.35   45.35    2.46    2.46  3
     81.00    0.00   90.00    4.10   44.34    2.18
     81.00  104.76   70.17   52.26   36.41
  SGNW3     272.31   43.75   94.87   94.87    4.85    4.85   58.09   58.09    2.71    2.71  3
     81.00    0.00  100.12    4.59   88.62    2.95
     81.00  104.53   90.63   74.17  102.87
  STDM4     272.78   47.18  103.19  103.19    7.08    7.08   57.31   57.31    3.47    3.47  3
     81.00    1.00  109.94    6.95   74.27    4.94
     80.00   99.92  119.94   74.43   73.89
