dtype=   uv220 mean,std,direction,speed
     8     5     4     3     5     3     4     4     3     3     3     3
     3     3     3     4     3     2     3     3     2     3     3     2
     2     2     3     2     2     2     2     2     2     2     2     2
     3     3     3     3     3     3     4
    14    14    12    11    11    11    10    10    10    10    10     9
     8     9     9     8     8     9     8     7     7     7     8     7
     7     7     7     7     7     8     7     7     7     7     7     7
     8     7     7     7     8     8    11
    12    11     8     7     9     8     6     7     7     7     7     7
     6     7     6     7     8     7     7     9     5     7     9     7
     5     7     8     7     6     9     7    11     7    10     8     8
     7     8     9     9    10    11    14
    11    15    15    14    15    14    13    14    14    14    14    14
    13    15    14    16    14    15    15    16    14    14    16    17
    14    17    19    18    16    22    16    19    17    19    15    14
    13    10     9    10    12    17    21
 40.00 25.00 20.00 15.00 25.00 15.00 20.00 20.00 15.00 15.00 15.00 15.00
 15.00 15.00 15.00 20.00 15.00 10.00 15.00 15.00 10.00 15.00 15.00 10.00
 10.00 10.00 15.00 10.00 10.00 10.00 10.00 10.00 10.00 10.00 10.00 10.00
 15.00 15.00 15.00 15.00 15.00 15.00 20.00
 70.00 70.00 60.00 55.00 55.00 55.00 50.00 50.00 50.00 50.00 50.00 45.00
 40.00 45.00 45.00 40.00 40.00 45.00 40.00 35.00 35.00 35.00 40.00 35.00
 35.00 35.00 35.00 35.00 35.00 40.00 35.00 35.00 35.00 35.00 35.00 35.00
 40.00 35.00 35.00 35.00 40.00 40.00 55.00
  2.40  2.20  1.60  1.40  1.80  1.60  1.20  1.40  1.40  1.40  1.40  1.40
  1.20  1.40  1.20  1.40  1.60  1.40  1.40  1.80  1.00  1.40  1.80  1.40
  1.00  1.40  1.60  1.40  1.20  1.80  1.40  2.20  1.40  2.00  1.60  1.60
  1.40  1.60  1.80  1.80  2.00  2.20  2.80
  2.20  3.00  3.00  2.80  3.00  2.80  2.60  2.80  2.80  2.80  2.80  2.80
  2.60  3.00  2.80  3.20  2.80  3.00  3.00  3.20  2.80  2.80  3.20  3.40
  2.80  3.40  3.80  3.60  3.20  4.40  3.20  3.80  3.40  3.80  3.00  2.80
  2.60  2.00  1.80  2.00  2.40  3.40  4.20
dtype=   uv221 mean,std,direction,speed
    30     0     0     0     0     0     0     0     0     0     0     0
     0     0     0     0     0     0     0     0     0     0     0     0
     0     0     0     0     0     0     0     0     0     0     0     0
     0     0     0     0     0     0     0
     1     0     0     0     0     0     0     0     0     0     0     0
     0     0     0     0     0     0     0     0     0     0     0     0
     0     0     0     0     0     0     0     0     0     0     0     0
     0     0     0     0     0     0     0
    10     0     0     0    37    37    37     0    37    37    37     0
    37     0     0     0     0     0     0     0     0     0     0     0
     0     0     0     0     0     0     0     0     0     0    37     0
     0     0    37     0    37    37     0
     1    11    11    34     0    36     0     0     0    40     0     0
    35    40     0     0    35    40     0     0    35     0     0     0
     0     9     9    11    11     0     0     0     0     0     0     0
     0     0    33    15    35     0    10
150.00  0.00  0.00  0.00  0.00  0.00  0.00  0.00  0.00  0.00  0.00  0.00
  0.00  0.00  0.00  0.00  0.00  0.00  0.00  0.00  0.00  0.00  0.00  0.00
  0.00  0.00  0.00  0.00  0.00  0.00  0.00  0.00  0.00  0.00  0.00  0.00
  0.00  0.00  0.00  0.00  0.00  0.00  0.00
  5.00  0.00  0.00  0.00  0.00  0.00  0.00  0.00  0.00  0.00  0.00  0.00
  0.00  0.00  0.00  0.00  0.00  0.00  0.00  0.00  0.00  0.00  0.00  0.00
  0.00  0.00  0.00  0.00  0.00  0.00  0.00  0.00  0.00  0.00  0.00  0.00
  0.00  0.00  0.00  0.00  0.00  0.00  0.00
  2.00  0.00  0.00  0.00  7.40  7.40  7.40  0.00  7.40  7.40  7.40  0.00
  7.40  0.00  0.00  0.00  0.00  0.00  0.00  0.00  0.00  0.00  0.00  0.00
  0.00  0.00  0.00  0.00  0.00  0.00  0.00  0.00  0.00  0.00  7.40  0.00
  0.00  0.00  7.40  0.00  7.40  7.40  0.00
  0.20  2.20  2.20  6.80  0.00  7.20  0.00  0.00  0.00  8.00  0.00  0.00
  7.00  8.00  0.00  0.00  7.00  8.00  0.00  0.00  7.00  0.00  0.00  0.00
  0.00  1.80  1.80  2.20  2.20  0.00  0.00  0.00  0.00  0.00  0.00  0.00
  0.00  0.00  6.60  3.00  7.00  0.00  2.00
dtype=   uv224 mean,std,direction,speed
     1     3     4     6     6     5     6     6     6     7     6     7
     5     6     5     5     5     6     6     6     4     5     5     3
     1     1     1     1     1     1     1     1     1     1     1     1
     1     1     1     1     1     1     1
     1     9    12    17    16    14    14    14    15    17    16    18
    15    16    16    15    13    15    14    16    17    15    13     7
     1     1     1     1     1     1     1     1     1     1     1     1
     1     1     1     1     1     1     1
     1     5     9    13    15    16    17    14    14    15    16    16
    14    15    12    13    11    13    13    15    12    17    17     9
     1     1     1     1     1     1     1     1     1     1     1     1
     1     1     1     1     1     1     1
     1    16    26    33    31    30    34    33    31    32    35    34
    36    33    32    36    36    36    39    43    43    43    46    24
     1     1     1     1     1     1     1     1     1     1     1     1
     1     1     1     1     1     1     1
  5.00 15.00 20.00 30.00 30.00 25.00 30.00 30.00 30.00 35.00 30.00 35.00
 25.00 30.00 25.00 25.00 25.00 30.00 30.00 30.00 20.00 25.00 25.00 15.00
  5.00  5.00  5.00  5.00  5.00  5.00  5.00  5.00  5.00  5.00  5.00  5.00
  5.00  5.00  5.00  5.00  5.00  5.00  5.00
  5.00 45.00 60.00 85.00 80.00 70.00 70.00 70.00 75.00 85.00 80.00 90.00
 75.00 80.00 80.00 75.00 65.00 75.00 70.00 80.00 85.00 75.00 65.00 35.00
  5.00  5.00  5.00  5.00  5.00  5.00  5.00  5.00  5.00  5.00  5.00  5.00
  5.00  5.00  5.00  5.00  5.00  5.00  5.00
  0.20  1.00  1.80  2.60  3.00  3.20  3.40  2.80  2.80  3.00  3.20  3.20
  2.80  3.00  2.40  2.60  2.20  2.60  2.60  3.00  2.40  3.40  3.40  1.80
  0.20  0.20  0.20  0.20  0.20  0.20  0.20  0.20  0.20  0.20  0.20  0.20
  0.20  0.20  0.20  0.20  0.20  0.20  0.20
  0.20  3.20  5.20  6.60  6.20  6.00  6.80  6.60  6.20  6.40  7.00  6.80
  7.20  6.60  6.40  7.20  7.20  7.20  7.80  8.60  8.60  8.60  9.20  4.80
  0.20  0.20  0.20  0.20  0.20  0.20  0.20  0.20  0.20  0.20  0.20  0.20
  0.20  0.20  0.20  0.20  0.20  0.20  0.20
dtype=   uv280  mean,std,direction,speed
     7    12    14    13
 35.00 60.00  2.80  2.60
dtype=   uv281  mean,std,direction,speed
     7    17    11    11
 35.00 85.00  2.20  2.20
dtype=   uv287  mean,std,direction,speed
    10    16     9    11
 50.00 80.00  1.80  2.20
dtype=   uv288  mean,std,direction,speed
    19    16    18    10
 95.00 80.00  3.60  2.00
