03953         17  349.75   51.93  114.00    1.65    1.61    0.46    0.36  114.00    0.00  0
                    1.70    1.60    0.37    0.44
                       1    1.60    1.95    0.44    0.59
04018         18  337.40   63.97  202.00    1.84    1.77    0.65    0.53  202.00    0.00  0
                    1.90    1.90    0.59    0.44
                       0    1.90    2.30    0.30    0.96
07145         31    2.00   48.77  108.00    1.95    1.76    0.45    0.35  109.00    0.00  0
                    1.95    1.80    0.44    0.30
                       1    1.85    2.15    0.59    0.52
07510         32  359.32   44.83  110.00    2.00    1.73    0.42    0.35  110.00    0.00  0
                    2.00    1.70    0.44    0.30
                       1    1.90    2.25    0.44    0.59
08001         35  351.58   43.37  111.00    1.66    1.47    0.50    0.40  111.00    0.00  0
                    1.70    1.40    0.59    0.44
                       1    1.45    1.70    0.59    0.82
15420         67   26.21   44.50  111.00    3.04    2.70    0.55    0.40  111.00    0.00  0
                    3.00    2.70    0.59    0.44
                       1    3.05    3.25    0.37    0.52
32389        182  160.83   56.32  114.00   -1.66   -1.74    0.95    0.92  115.00    1.00  0
                   -1.80   -1.75    0.89    0.89
                       1   -1.80   -1.95    1.70    0.59
33041        186   30.96   52.40   57.00    1.73    1.74    0.51    0.44   57.00    0.00  0
                    1.70    1.70    0.59    0.44
                       3    1.70    2.10    0.59    0.59
37259        209   47.48   43.01  112.00    2.33    2.13    0.66    0.59  113.00    1.00  0
                    2.30    2.20    0.44    0.44
                       1    2.10    2.35    0.44    0.52
38341        211   71.23   42.51   40.00   -3.59   -3.49    0.32    0.32  115.00   75.00  0
                   -3.55   -3.45    0.52    0.37
                       1   -3.30   -3.75    0.22    0.37
40265        213   36.25   32.37   53.00    1.55    1.63    0.39    0.35   55.00    0.00  0
                    1.50    1.60    0.44    0.44
                       3    1.50    1.70    0.30    0.30
42101        225   76.47   30.33   57.00   -1.84   -1.45    0.48    0.44   57.00    0.00  0
                   -1.90   -1.40    0.44    0.59
                       3   -1.95   -1.80    0.67    0.44
43353        255   76.27    9.95   87.00   -1.81   -1.56    0.67    0.58   87.00    0.00  0
                   -1.80   -1.60    0.59    0.59
                       5   -2.25   -1.60    0.52    0.37
44231        258  100.17   49.63   57.00   -2.14   -2.03    0.48    0.48   57.00    0.00  0
                   -2.10   -2.00    0.59    0.59
                       3   -2.00   -2.00    0.44    0.52
44292        259  106.98   47.93  115.00   -1.99   -1.86    0.61    0.47  115.00    0.00  0
                   -2.00   -1.90    0.59    0.44
                       1   -2.15   -2.40    0.37    0.52
48565        290   98.30    8.10   50.00   -2.48   -2.41    0.71    0.68   50.00    0.00  0
                   -2.50   -2.45    0.74    0.67
                      15   -2.50   -2.30    0.74    0.74
60018        396  343.62   28.32   37.00   -4.01   -4.11    0.53    0.41  108.00   71.00  0
                   -4.10   -4.20    0.15    0.30
                       1   -4.35   -3.95    0.22    0.22
60390        398    3.22   36.69   57.00    1.83    1.44    0.95    0.42   57.00    0.00  0
                    1.80    1.50    0.59    0.30
                       3    1.40    1.80    0.59    0.37
64458        403   16.05    1.62  109.00    2.71    2.03    0.86    0.52  111.00    2.00  0
                    2.70    2.10    0.89    0.59
                       1    2.40    2.95    0.44    1.11
78897        536  298.47   16.27  112.00    2.22    2.03    0.44    0.37  112.00    0.00  0
                    2.20    2.00    0.44    0.37
                       1    2.05    2.30    0.37    0.30
82026        542  304.02    2.48  114.00   -1.66   -1.63    0.51    0.43  114.00    0.00  0
                   -1.60   -1.60    0.59    0.44
                       1   -2.25   -1.60    0.37    0.59
82244        546  305.22   -2.42  103.00    1.95    1.81    0.64    0.52  107.00    4.00  0
                    1.90    1.80    0.74    0.59
                       1    1.75    2.25    0.59    0.37
91285        589  204.95   19.72  133.00   -2.02   -1.96    0.50    0.44  134.00    0.00  0
                   -2.00   -2.00    0.44    0.44
                       1   -1.85   -2.30    0.52    0.44
91408        594  134.48    7.34  176.00   -1.71   -1.61    0.83    0.76  176.00    0.00  0
                   -1.85   -1.75    0.67    0.52
                       1   -0.20   -1.60    0.74    0.52
91592        596  166.45  -22.27  115.00    2.24    2.12    0.47    0.43  118.00    0.00  0
                    2.30    2.20    0.44    0.44
                       1    2.20    2.28    0.44    0.48
91680        598  177.45  -17.75  113.00    3.41    3.32    0.53    0.46  114.00    1.00  0
                    3.40    3.30    0.59    0.59
                       1    3.45    3.10    0.52    0.59
96147        633  108.38    3.95  113.00    2.48    2.53    0.45    0.40  113.00    0.00  0
                    2.50    2.50    0.44    0.44
                       1    2.30    2.45    0.37    0.52
96441        639  113.03    3.20  112.00   -2.21   -2.29    0.69    0.58  112.00    0.00  0
                   -2.30   -2.30    0.44    0.44
                       1   -2.25   -2.25    0.37    0.59
96685        645  114.75   -3.45  114.00    1.78    1.67    0.82    0.78  115.00    1.00  0
                    1.90    1.80    0.59    0.44
                       1    1.70    1.85    0.52    0.37
98618        663  118.73    9.75  109.00    2.28    2.16    0.46    0.41  109.00    0.00  0
                    2.30    2.10    0.44    0.44
                       1    2.20    2.40    0.15    0.37
SHIP         669    3.20   56.50   70.00    1.56    1.62    0.78    0.73   71.00    1.00  0
                    1.60    1.70    0.89    0.82
                       1    1.75    1.00    0.74    0.67
44212        690   92.08   49.97   55.00   -2.74   -2.42    0.75    0.52   56.00    0.00  0
                   -2.80   -2.40    0.74    0.44
                       1   -2.95   -2.95    0.82    0.82
61980        694   55.53  -20.88   54.00   -2.29   -2.25    0.62    0.61   55.00    0.00  0
                   -2.20   -2.10    0.59    0.44
                       1   -2.45   -1.95    0.52    0.37
64870        699   13.57    7.35   52.00    2.31    2.06    0.57    0.52   53.00    0.00  0
                    2.55    2.05    0.67    0.37
                       1    2.05    2.50    0.44    0.59
61052        779    2.17   13.48   99.00    2.12    1.53    0.87    0.78  100.00    0.00  0
                    2.10    1.60    0.89    0.74
                       1    2.00    2.70    0.74    0.30
40394        783   41.68   27.43   88.00    2.12    1.92    0.58    0.55   91.00    2.00  0
                    2.15    1.90    0.37    0.44
                       5    2.30    2.10    0.44    0.30
