  16144      11.62   44.65   -0.26   -0.29    1.30    1.23  3
  48453     100.62   13.67   -0.47   -0.28    1.33    1.25  3
  58847     119.28   26.08   -1.38   -1.44    1.33    1.40  3
  59293     114.73   23.80   -0.64   -0.78    1.38    1.40  3
  59431     108.22   22.63   -1.06   -1.16    1.35    1.42  3
  74004     245.60   32.85   -1.33   -1.58    1.32    1.33  3
  74626     248.05   33.45   -0.40   -0.69    1.50    1.36  3
  98646     123.97   10.30    0.70    0.51    1.35    1.31  3
  96011      95.42    5.52   -1.52   -1.47    0.56    0.47  2
  76903     267.70   14.88   -0.94   -1.02    1.36    1.31  3
