16144         71   11.62   44.65   54.00   -0.26   -0.29    1.30    1.23   55.00    1.00  3
                    0.40    0.30    1.33    1.33
                       3    0.40    0.45    0.67    0.74
48453        289  100.62   13.67   32.00   -0.47   -0.28    1.33    1.25   32.00    0.00  3
                   -0.10    0.10    1.78    1.56
                      32   -0.10    0.10    1.26    2.15
58847        382  119.28   26.08  115.00   -1.38   -1.44    1.33    1.40  115.00    0.00  3
                   -2.00   -2.20    1.19    1.33
                       1   -1.20   -2.25    1.78    1.11
59293        389  114.73   23.80  115.00   -0.64   -0.78    1.38    1.40  115.00    0.00  3
                   -0.10   -0.20    1.33    1.19
                       1   -1.85   -0.55    1.33    1.04
59431        391  108.22   22.63  113.00   -1.06   -1.16    1.35    1.42  115.00    2.00  3
                   -1.10   -0.90    1.93    2.08
                       1   -2.40   -0.40    1.78    1.26
74004        518  245.60   32.85   73.00   -1.33   -1.58    1.32    1.33  174.00   22.00  3
                   -1.40   -1.73    1.63    1.68
                      22   -1.70   -0.10    1.11    1.17
74626        525  248.05   33.45   93.00   -0.40   -0.69    1.50    1.36   95.00    0.00  3
                   -0.60   -0.90    1.63    1.33
                       7    1.60   -1.20    1.04    1.26
98646        664  123.97   10.30  110.00    0.70    0.51    1.35    1.31  110.00    0.00  3
                    0.25    0.00    1.11    0.74
                       1    0.05    0.90    0.67    1.56
96011        730   95.42    5.52   68.00   -1.52   -1.47    0.56    0.47   69.00    0.00  2
                   -1.50   -1.50    0.52    0.44
                       5   -1.60   -1.15    0.44    0.59
76903        768  267.70   14.88   24.00   -0.94   -1.02    1.36    1.31   28.00    0.00  3
                   -0.85   -1.05    1.19    0.82
                      21 -999.00 -999.00 -999.00 -999.00
