  03953     349.75   51.93    1.65    1.61    0.46    0.36  0
  04018     337.40   63.97    1.84    1.77    0.65    0.53  0
  07145       2.00   48.77    1.95    1.76    0.45    0.35  0
  07510     359.32   44.83    2.00    1.73    0.42    0.35  0
  08001     351.58   43.37    1.66    1.47    0.50    0.40  0
  15420      26.21   44.50    3.04    2.70    0.55    0.40  0
  32389     160.83   56.32   -1.66   -1.74    0.95    0.92  0
  33041      30.96   52.40    1.73    1.74    0.51    0.44  0
  37259      47.48   43.01    2.33    2.13    0.66    0.59  0
  38341      71.23   42.51   -3.59   -3.49    0.32    0.32  0
  40265      36.25   32.37    1.55    1.63    0.39    0.35  0
  42101      76.47   30.33   -1.84   -1.45    0.48    0.44  0
  43353      76.27    9.95   -1.81   -1.56    0.67    0.58  0
  44231     100.17   49.63   -2.14   -2.03    0.48    0.48  0
  44292     106.98   47.93   -1.99   -1.86    0.61    0.47  0
  48565      98.30    8.10   -2.48   -2.41    0.71    0.68  0
  60018     343.62   28.32   -4.01   -4.11    0.53    0.41  0
  60390       3.22   36.69    1.83    1.44    0.95    0.42  0
  64458      16.05    1.62    2.71    2.03    0.86    0.52  0
  78897     298.47   16.27    2.22    2.03    0.44    0.37  0
  82026     304.02    2.48   -1.66   -1.63    0.51    0.43  0
  82244     305.22   -2.42    1.95    1.81    0.64    0.52  0
  91285     204.95   19.72   -2.02   -1.96    0.50    0.44  0
  91408     134.48    7.34   -1.71   -1.61    0.83    0.76  0
  91592     166.45  -22.27    2.24    2.12    0.47    0.43  0
  91680     177.45  -17.75    3.41    3.32    0.53    0.46  0
  96147     108.38    3.95    2.48    2.53    0.45    0.40  0
  96441     113.03    3.20   -2.21   -2.29    0.69    0.58  0
  96685     114.75   -3.45    1.78    1.67    0.82    0.78  0
  98618     118.73    9.75    2.28    2.16    0.46    0.41  0
  SHIP        3.20   56.50    1.56    1.62    0.78    0.73  0
  44212      92.08   49.97   -2.74   -2.42    0.75    0.52  0
  61980      55.53  -20.88   -2.29   -2.25    0.62    0.61  0
  64870      13.57    7.35    2.31    2.06    0.57    0.52  0
  61052       2.17   13.48    2.12    1.53    0.87    0.78  0
  40394      41.68   27.43    2.12    1.92    0.58    0.55  0
