  13610      20.42   42.03   -0.41   -0.38    1.57    1.39  3
  13625      20.14   40.08    0.23    0.36    1.43    1.33  3
  36806      82.48   45.30    1.70    1.57    1.42    1.25  3
  37785      44.40   40.34   -1.66   -1.55    1.45    1.26  3
  37897      46.03   39.50    0.71    0.80    1.35    1.26  3
  38705      67.63   39.47   -0.39   -0.35    1.34    1.28  3
  38836      68.78   38.54   -0.75   -0.55    1.80    1.75  3
  41515      71.78   35.57   -1.30   -1.16    1.71    1.66  3
  41560      70.08   33.86   -0.87   -0.81    1.59    1.56  3
  41739      64.09   26.97   -0.93   -0.95    1.30    1.19  3
  41744      66.63   27.83   -0.36   -0.50    1.58    1.50  3
  42044      75.08   33.58    1.56    1.64    1.51    1.30  3
  48952     106.43   15.68    1.21    1.00    1.58    1.41  3
  68823      22.02  -33.18    0.24    0.30    1.62    1.60  3
  70260     210.92   64.55   -0.34   -0.40    2.10    2.12  3
  71568     230.07   50.45   -1.46   -1.34    1.84    1.84  3
  71680     246.15   63.60   -0.63   -0.50    1.48    1.33  3
  71776     242.71   49.49   -0.32   -0.46    1.30    0.94  3
  76855     263.52   15.65    0.86    0.62    1.38    1.29  3
  80428     290.27    9.02   -0.01   -0.33    1.36    1.24  3
  84063     283.12    0.10   -0.48   -0.69    1.42    0.91  3
  84099     283.02   -0.46   -0.15   -0.36    1.35    0.81  3
  84163     281.94   -1.50   -1.55   -1.78    1.38    1.03  3
  84564     283.80   -9.86   -0.32   -0.53    1.40    1.24  3
  85114     295.85  -13.33    0.42    0.01    1.47    1.12  3
  85766     287.92  -39.65   -0.63   -0.56    1.36    1.24  3
  86033     301.84  -20.21    1.33    0.93    1.42    1.15  3
  86128     301.22  -23.50   -0.85   -1.04    1.78    1.33  3
  86192     303.55  -24.66   -0.19   -0.26    1.40    1.15  3
  86221     302.87  -25.63    0.33    0.29    1.44    1.23  3
  86285     304.67  -26.83    0.14    0.11    1.50    1.35  3
  87852     288.98  -46.52    0.50    0.36    1.35    1.24  3
  88903     323.50  -54.27   -0.60   -0.56    1.32    1.08  3
  89055     303.28  -64.23    0.18    0.30    1.34    0.93  3
  91324     149.19    7.35   -0.89   -0.92    1.36    1.24  3
  ANT        83.00   17.70    1.03    0.86    2.33    2.33  3
  ASW        79.10   11.10    0.30    0.33    2.10    1.82  3
  ATN        75.20   33.70   -1.84   -1.74    1.56    1.39  3
  GPR        75.20   33.20   -2.02   -1.97    1.34    1.09  3
  KRD        85.80   20.20    0.75    0.51    2.08    2.06  3
  NND        73.20   19.00   -1.26   -1.34    1.52    1.36  3
  PAT        86.00   25.00    1.55    1.19    1.42    1.20  3
  PTL        76.30   20.30    0.03   -0.19    2.04    1.99  3
  SBG        77.10   31.60   -1.02   -1.10    1.33    1.22  3
  SEN        94.00   25.30    1.40    1.23    2.67    2.73  3
  40988      64.37   31.55    0.85    0.68    1.56    1.38  3
  42078      76.97   31.72    1.20    0.82    2.27    2.24  3
  42527      94.16   25.63    1.99    1.59    1.48    1.57  3
  42767      78.43   22.46   -0.73   -1.01    2.11    2.06  3
  42805      87.95   22.50    1.96    1.54    1.53    1.48  3
  43125      77.53   17.91    1.15    0.89    1.31    1.34  3
  43133      79.25   17.00    1.40    0.80    1.40    1.40  3
  43263      76.33   12.96   -1.19   -1.37    1.50    1.52  3
  43302      78.56   12.48    0.10    0.15    1.86    2.11  3
  43341      77.00   10.28   -1.67   -1.68    1.31    1.28  3
  82246     305.05   -2.63    1.79    1.52    1.36    1.11  3
  83970     309.10  -31.25   -0.22   -0.25    1.35    1.26  3
  80427     290.77    9.55    0.61    0.29    1.81    1.69  3
  43356      77.13   10.00    0.55    0.49    2.09    1.88  3
  RCW        78.50   30.20   -0.06   -0.63    2.40    2.37  3
  80214     284.85    4.43   -0.68   -0.73    1.43    1.19  3
  AHM        72.60   23.00   -2.40   -2.56    0.77    0.85  2
  41516      74.33   35.92   -0.21    0.01    1.90    1.76  3
  41565      71.88   33.82    1.70    1.57    1.50    1.64  3
  13611      19.45   41.30   -3.25   -3.09    0.69    0.50  1
  13615      19.78   41.33    5.40    4.50    0.00    0.00  1
  35927      55.08   45.25   -2.15   -2.30    1.35    1.40  1
  36126      75.70   50.80    3.52    3.26    0.36    0.23  1
  36871      76.75   43.18   -5.45   -4.45    0.54    0.05  1
  38719      68.88   39.07    3.39    3.45    1.31    1.29  1
  38944      69.38   37.47   -1.73   -1.57    2.44    2.25  1
  40732      50.66   36.90   -3.20   -3.90    0.00    0.00  1
  40741      61.17   36.54   -3.21   -3.21    0.51    0.45  1
  40942      65.26   33.53   -3.64   -3.58    1.02    1.09  1
  42056      74.83   32.66   -3.45   -3.10    0.35    0.50  1
  43226      74.45   14.28    3.20    3.27    0.64    0.58  1
  43418      81.25    8.58    3.57    3.52    0.37    0.20  1
  44266      93.90   46.32   -1.80   -1.70    0.00    0.00  1
  44338     102.17   44.65   -3.10   -3.10    0.00    0.00  1
  44406      80.95   29.25    3.50    3.83    0.08    0.40  1
  44424      82.17   29.28   -2.60   -2.73    1.49    1.72  1
  47776     134.90   34.33    3.30    3.36    0.33    0.38  1
  48926     100.43   20.25    2.47    2.17    0.77    0.52  1
  60710       8.75   36.95   -2.85   -3.30    0.25    0.30  1
  61297     354.32   11.35   -3.04   -3.17    0.49    0.42  1
  63801      29.63   -4.88    2.80    2.60    0.00    0.00  1
  65101       4.58    8.48   -3.20   -3.37    0.30    0.22  1
  65522     356.82   10.33    3.50    3.49    0.17    0.13  1
  68188      30.07  -23.77    4.50    4.20    0.00    0.00  1
  68478      29.88  -29.00   -3.41   -3.44    0.38    0.24  1
  72214     275.71   30.44    3.50    3.50    0.00    0.00  1
  73005     292.76   48.36    3.40    3.62    0.34    0.13  1
  76220     252.19   28.95    3.60    3.80    0.00    0.00  1
  76856     263.50   15.67   -3.11   -3.48    0.41    0.36  1
  78714     274.07   14.90    4.35    4.00    0.45    0.40  1
  80036     286.75   10.43    2.50    2.10    0.00    0.00  1
  80099     289.27    7.07   -1.58   -1.85    1.45    1.20  1
  82181     305.93   -2.00    4.10    3.70    0.00    0.00  1
  82917     292.20  -10.00   -2.70   -3.37    0.57    0.12  1
  83309     303.55  -14.40   -2.21   -2.31    0.95    0.77  1
  83470     309.08  -17.92   -3.22   -3.19    0.32    0.37  1
  83676     311.03  -21.13   -3.19   -2.96    0.44    0.39  1
  84140     280.52   -1.10    4.20    3.90    0.00    0.00  1
  84474     283.28   -7.22    6.50    3.70    0.00    0.00  1
  91329     151.90    8.55    2.90    2.83    0.90    0.87  1
  96009      97.20    5.23    3.90    3.30    0.60    0.40  1
  96987     114.38   -8.22   -2.99   -3.01    0.90    0.97  1
  97072     119.73   -0.68    2.50    2.55    0.20    0.05  1
  GYL        88.20   27.30    4.43    4.28    0.34    0.20  1
  KIT        76.40   29.80    3.41    2.70    0.41    0.31  1
  LEH        77.70   34.00   -4.21   -4.23    0.35    0.25  1
  MGP        77.00   28.80    0.82    0.45    1.23    1.17  1
  MLD        73.70   16.00   -3.23   -3.41    0.44    0.21  1
  NSK        73.70   20.00    3.57    3.47    0.53    0.27  1
  SCD        77.30   28.60    0.98    0.90    1.85    2.05  1
  TUR        90.20   25.50    3.78    3.01    0.47    0.45  1
  14443      16.27   42.40    3.71    3.55    0.40    0.23  1
  42062      76.38   32.27   -2.11   -2.26    0.98    0.96  1
  43113      74.05   17.51   -2.00   -2.12    1.51    1.62  1
  43230      75.91   14.50    3.80    3.50    0.00    0.00  1
  43291      76.70   12.30    3.03    3.21    0.79    0.71  1
  43322      76.93   11.93    3.45    3.15    0.35    0.35  1
  68380      30.12  -26.07    3.65    3.47    0.31    0.26  1
  68396      31.30  -26.53    3.39    3.26    0.31    0.30  1
  USP70     238.60   38.70    3.61    3.52    0.38    0.13  1
  BOP        84.00   25.00   -1.70   -2.30    0.00    0.00  1
  SHR        80.20   13.70   -1.01   -1.21    2.90    2.85  1
  HAT        77.90   27.50    1.59    1.01    0.45    0.39  1
  PNB        89.30   26.30   -2.90   -3.20    0.00    0.00  1
  RPG        78.90   30.30   -3.26   -4.06    0.25    0.33  1
  TLK        87.90   22.20    2.72    2.45    0.39    0.27  1
  35907      50.03   45.02    3.37    3.23    0.26    0.25  1
  38002      51.97   44.73    0.79    0.38    1.31    1.23  1
  68328      22.45  -26.05    3.50    3.20    0.00    0.00  1
  GBG        76.80   17.30    3.83    3.62    0.32    0.14  1
