  AYNZ      146.72   -6.57   -1.70   -1.77    0.86    0.75  0
  CWSW      245.12   49.75    2.58    2.35    0.82    0.62  0
  DAAY      359.75   33.53    1.81    1.69    0.59    0.47  0
  DNKN        8.52   12.05    1.85    1.47    0.63    0.48  0
  DNMN        6.43    9.65   -3.86   -3.99    0.91    0.79  0
  DTTF        8.82   34.42   -1.95   -2.12    0.79    0.72  0
  DXNG        1.10    9.77    1.71    1.54    0.53    0.41  0
  FMEE       55.52  -20.89   -1.93   -1.91    0.39    0.36  0
  FMEP       55.42  -21.32   -1.52   -1.51    0.44    0.42  0
  GANR      350.65   15.23    1.61    1.25    0.77    0.60  0
  GCTS      343.43   28.05   -2.90   -2.93    0.39    0.35  0
  HESC       34.07   28.68    1.60    1.64    0.50    0.47  0
  HTAR       36.63   -3.37   -2.29   -2.41    0.51    0.40  0
  HTKA       29.63   -4.88    1.79    1.67    0.49    0.42  0
  HTSU       31.63   -7.97   -2.91   -3.00    0.33    0.39  0
  KACJ      275.80   32.11    1.56    1.07    0.33    0.20  0
  KAIK      278.31   33.65    1.61    1.13    0.30    0.20  0
  KANK      253.95   38.53    1.75    1.76    0.56    0.47  0
  KAVC      281.95   36.69    2.28    1.85    0.37    0.19  0
  KBDG      250.52   37.58    1.90    1.92    0.51    0.39  0
  KCBE      281.23   39.61    1.58    1.24    0.39    0.26  0
  KCLM      236.50   48.12   -1.51   -1.63    0.56    0.31  0
  KCTJ      274.85   33.63    1.53    1.08    0.30    0.15  0
  KCWN      255.15   38.75   -2.57   -2.61    0.54    0.50  0
  KESN      283.94   38.79    1.60    1.22    0.29    0.22  0
  KEZM      276.87   32.21    1.51    1.01    0.30    0.20  0
  KHQU      277.48   33.53    2.25    1.75    0.34    0.22  0
  KI16      278.44   37.60    1.99    1.64    0.41    0.30  0
  KL35      243.14   34.26   -1.56   -1.51    0.40    0.40  0
  KLKU      282.03   38.01    1.83    1.42    0.42    0.23  0
  KMYP      253.68   38.47    2.42    2.44    0.37    0.34  0
  KNOW      236.60   48.13   -1.61   -1.74    0.56    0.31  0
  KNXP      243.86   34.28    2.18    2.18    0.40    0.33  0
  KPKB      278.57   39.35    1.54    1.18    0.42    0.26  0
  KRMN      282.55   38.40    1.77    1.36    0.39    0.20  0
  KSOA      259.35   30.59    1.51    1.23    0.39    0.26  0
  KTBX      251.77   43.47    2.09    1.96    0.41    0.37  0
  KTRM      243.83   33.63   -1.51   -1.55    0.67    0.55  0
  KUKF      278.91   36.22    1.88    1.51    0.43    0.26  0
  KVUJ      279.85   35.42    1.86    1.44    0.37    0.20  0
  LGSA       24.13   35.53   -1.67   -1.50    0.38    0.31  0
  LIBQ       16.39   39.33   -2.41   -2.34    0.78    0.79  0
  LIVR       11.78   46.30   -1.55   -1.56    0.86    0.80  0
  LQMO       17.82   43.28   -1.88   -1.91    0.51    0.41  0
  LSGS        7.33   46.22   -1.62   -1.62    0.87    0.68  0
  LSZL        8.88   46.16   -1.94   -1.97    0.78    0.68  0
  LTAJ       37.47   36.95   -1.66   -1.62    0.46    0.45  0
  LTBZ       27.35   38.61    4.44    4.34    1.30    1.26  0
  LTFG       32.29   36.29   -2.91   -2.89    0.44    0.35  0
  MBPV      287.75   21.77   -1.57   -1.87    0.41    0.38  0
  MGGT      269.48   14.58    3.40    3.16    0.36    0.28  0
  MMAS      257.68   21.70    1.59    1.21    0.48    0.41  0
  MMIO      259.07   25.55   -1.57   -1.83    0.69    0.69  0
  MMLO      258.52   21.00    2.45    2.10    0.48    0.38  0
  MMOX      263.27   16.97    1.68    1.48    0.48    0.42  0
  MMPA      262.53   20.50    1.67    1.37    0.47    0.40  0
  MMPN      257.97   19.39   -1.60   -1.92    0.43    0.33  0
  MMPQ      268.02   17.53   -3.16   -3.46    0.53    0.44  0
  MMPS      262.92   15.87    2.78    2.52    0.50    0.39  0
  MMQT      259.82   20.62    2.26    1.96    0.40    0.34  0
  MMSL      250.07   22.95    1.65    1.34    0.37    0.29  0
  MNJG      274.02   13.08   -4.94   -5.20    0.60    0.56  0
  MPBO      277.75    9.35    1.96    1.70    0.56    0.48  0
  MPDA      277.58    8.40   -2.03   -2.23    0.54    0.45  0
  MSAC      270.17   13.57   -2.67   -3.00    0.82    0.77  0
  NCMK      202.62  -20.14   -2.91   -2.81    0.53    0.52  0
  OEDM       44.12   24.45    6.35    6.27    0.87    0.80  0
  OEDR       50.15   26.27   -1.90   -1.88    0.35    0.27  0
  OEKJ       47.58   24.07    1.94    1.85    0.29    0.30  0
  OESK       40.10   29.78    1.65    1.58    0.31    0.28  0
  OIAH       50.83   30.33   -2.50   -2.56    0.88    0.84  0
  OIIE       51.15   35.40    5.18    5.16    0.85    0.97  0
  OIIK       50.00   36.25   -1.73   -1.64    0.68    0.52  0
  OIMD       58.68   34.35   -3.82   -3.53    0.52    0.47  0
  OIMQ       58.46   35.22   -1.55   -1.32    0.34    0.27  0
  OINE       55.45   37.38   -1.66   -1.83    0.72    0.58  0
  OING       54.40   36.90   -2.40   -2.55    0.58    0.42  0
  OINN       51.45   36.65   -2.94   -2.91    0.56    0.41  0
  OINR       50.67   36.90   -6.21   -6.18    0.59    0.45  0
  OISF       53.72   28.90   -3.39   -3.24    0.43    0.33  0
  OISL       54.37   27.67   -1.53   -1.39    0.40    0.35  0
  OIZB       61.55   31.10   -1.67   -1.50    0.74    0.58  0
  PAJZ      202.74   59.73    1.82    1.80    0.55    0.41  0
  PHOG      203.57   20.90   -1.57   -1.55    0.44    0.38  0
  PHTO      204.93   19.72   -2.54   -2.47    0.37    0.31  0
  RJNW      136.94   37.28   -3.19   -3.20    0.88    0.82  0
  SBBT      311.40  -20.58   -4.29   -4.22    1.10    1.08  0
  SBJU      320.73   -7.22    1.53    1.55    0.48    0.42  0
  SBMG      307.98  -23.48   -1.60   -1.51    0.56    0.44  0
  SBSY      309.33  -11.57    5.00    4.66    1.22    1.22  0
  SBTU      310.28   -3.78    2.39    2.20    0.69    0.52  0
  SCDA      289.82  -20.53   -2.13   -2.15    0.41    0.34  0
  SEAM      281.44   -1.20    2.42    2.35    0.79    0.71  0
  SELT      281.38   -0.92    1.67    1.63    0.68    0.62  0
  SETU      282.30    0.82    1.77    1.68    0.51    0.47  0
  SKAR      284.28    4.50   -1.54   -1.69    0.98    0.81  0
  SKMD      284.41    6.22    1.80    1.58    0.83    0.69  0
  SKMZ      284.53    5.03   -2.50   -2.66    0.65    0.51  0
  SKRG      284.57    6.18    2.06    1.88    0.42    0.33  0
  SKVP      286.75   10.43    1.53    1.17    0.80    0.58  0
  SKVV      286.38    4.17   -1.52   -1.66    0.99    0.80  0
  SLCA      296.47  -20.00    1.56    1.25    0.83    0.51  0
  SLJE      299.25  -17.82    2.88    2.38    0.86    0.55  0
  SLTJ      295.28  -21.53   -1.66   -1.70    0.91    0.77  0
  SVVG      288.33    8.63   -1.82   -2.19    0.93    0.72  0
  UAAA       77.03   43.35   -2.22   -2.01    0.64    0.42  0
  URMN       43.63   43.50   -1.66   -1.73    0.43    0.31  0
  UTDK       69.80   37.97   -1.62   -1.32    0.66    0.46  0
  UTSK       65.77   38.83   -4.80   -4.85    1.26    1.34  0
  VOHS       78.43   17.23    3.60    3.42    0.81    0.59  0
  YCCY      140.50  -20.66   -2.36   -2.36    0.88    0.74  0
  YCIN      123.82  -17.57   -2.26   -2.30    0.53    0.47  0
  ZPPP      102.75   25.00    1.89    1.61    0.47    0.27  0
  FEFT       15.80    4.25   -3.33   -3.48    1.07    0.90  0
  FNSU       13.85  -11.17    2.69    2.35    0.65    0.62  0
  FOOB       11.48    2.08   -3.83   -3.90    1.00    1.00  0
  GMAG      349.95   29.01   -2.20   -2.35    1.01    0.92  0
  HKWJ       40.07    1.75   -1.83   -1.72    0.47    0.46  0
  LECV      356.27   40.63    2.42    2.23    0.91    0.90  0
  LIRX       10.40   42.73   -1.80   -1.88    0.49    0.43  0
  OITZ       48.37   36.77   -1.62   -1.55    0.91    0.74  0
  GQPA      346.94   20.51    2.14    1.85    0.86    0.76  0
  NVSG      167.96  -15.30    1.60    1.62    0.52    0.42  0
  SLPO      294.28  -19.53    1.80    1.69    0.63    0.64  0
  SUCA      302.23  -34.45   -2.24   -2.00    0.50    0.33  0
  K1FN      258.33   47.90   -2.90   -3.00    0.43    0.25  0
  FDPP       31.25  -25.96    2.05    1.93    0.86    0.86  0
  PADM      197.97   61.86    1.58    1.48    0.55    0.44  0
  KFWZ      251.22   42.51   -1.82   -1.79    0.35    0.36  0
  FYWB       14.65  -22.98    1.96    1.64    0.65    0.58  0
  FYGB       18.96  -22.50    1.91    1.63    0.37    0.28  0
  FYML       17.93  -24.60    1.86    1.59    0.42    0.31  0
