  CXWT      304.67   47.14    1.22    1.44    3.80    3.75  3
  CYBD      233.41   52.38   -0.17   -0.20    1.42    1.17  3
  CYMU       56.00    6.00   -0.43   -0.35    3.92    3.91  3
  CZMD      265.24   53.44    0.03    0.01    1.72    1.66  3
  ENLA        2.84   59.11    1.23    1.30    2.04    2.03  3
  LTCB       43.03   39.71   -3.51   -3.45    2.71    2.71  3
  MSSA      270.43   13.98    1.56    1.24    1.41    1.32  3
  OIBP       52.73   27.38   -0.16   -0.10    1.50    1.49  3
  RPMR      122.26   12.56    2.32    2.19    1.44    1.45  3
  SGES      305.15  -25.45   -2.85   -2.84    1.47    1.44  3
  SLMG      295.94  -13.27    0.03   -0.38    1.52    1.15  3
  SLRY      292.63  -14.30   -0.57   -0.64    1.42    1.17  3
  SVAC      290.77    9.55    0.51    0.13    1.60    1.42  3
  SVBI      289.78    8.61    0.28   -0.12    1.34    1.16  3
  SVGU      290.27    9.02   -0.45   -0.80    1.43    1.31  3
  SVMI      293.02   10.60   -1.22   -1.45    1.60    1.54  3
  SVMT      296.82    9.75    0.32    0.09    1.72    1.60  3
  YPBO      117.75  -23.20   -4.51   -4.49    1.57    1.53  3
  FNMA       16.30   -9.55   -0.87   -1.17    1.31    1.28  3
  FNSA       20.43   -9.69    1.96    1.45    1.57    1.48  3
  LIMY        7.80   44.25   -5.53   -5.57    1.50    1.52  3
  FNMO       12.15  -15.26   -0.06   -0.36    1.31    1.22  3
  SBPG      311.48  -25.52    1.58    1.59    1.56    1.47  3
  SPJI      283.28   -7.22    5.79    5.12    2.31    2.12  3
  SVSA      287.55    7.85   -0.72   -1.05    1.36    1.08  3
  PAOO      194.89   60.53   -0.89   -0.93    1.38    1.28  3
  MHNO      270.82   14.43    1.77    1.36    1.60    1.37  3
  FYRN       13.85  -20.01    1.71    1.47    1.78    1.69  3
  FDMY       31.51  -25.86    6.62    6.20    0.45    0.23  1
