  14567      39.53  -32.17    0.47    0.50    1.30    1.22  3
  23091      89.24   17.83    0.40    0.22    1.31    1.26  3
  2FRK8     207.90   45.80   -1.00   -0.97    1.46    1.37  3
  33907     147.23  -53.44    0.11    0.16    1.43    1.15  3
  3ELP9     197.90   34.10    1.91    1.91    1.94    1.89  3
  41064     283.10   34.20    0.24   -0.11    1.58    1.58  3
  73651     132.19  -61.43    0.45    0.40    1.38    1.06  3
  9HA3553   150.00   44.00    1.91    1.77    3.61    3.49  3
  9HA3851   190.70   44.90   -1.75   -1.72    1.59    1.52  3
  9HA4638   286.50   24.00    3.22    2.86    2.49    2.42  3
  9HJD9     225.60   58.20   -3.47   -3.55    1.68    1.68  3
  9HJF9     219.30   59.50   -1.53   -1.48    2.53    2.41  3
  9HRJ9     236.10   48.20   -0.27   -0.27    1.37    1.26  3
  9HSJ7      60.50   24.50   -2.59   -2.59    1.60    1.60  3
  9V8739    123.10   30.40   -1.44   -1.41    1.33    1.32  3
  9V8838    350.40  -10.50   -0.21   -0.24    1.35    1.22  3
  9V9040    347.70  -24.20    1.21    1.19    2.97    2.76  3
  9V9376    178.50   54.00   -2.11   -2.01    1.88    1.83  3
  9V9725     38.40   20.30    1.35    1.31    1.68    1.62  3
  9V9920    306.30   43.10   -0.13   -0.14    2.86    2.87  3
  A8PQ7     269.60   24.80    1.42    1.14    1.80    1.79  3
  A8PQ8     285.10   38.50   -2.39   -2.69    2.27    2.30  3
  A8SI8     280.70    8.60    0.28    0.22    1.37    1.16  3
  A8SI9     146.50   46.60   -1.05   -1.13    2.32    2.25  3
  BKIZ      128.90   29.90    0.84    0.71    1.32    1.25  3
  C6AB6     305.30    8.60    0.65    0.61    1.51    1.48  3
  C6BC9     125.50   -5.60    1.75    1.72    1.84    1.82  3
  C6DL4     228.50   52.10   -1.12   -0.97    2.37    2.24  3
  C6FZ7     280.60   26.90   -0.43   -0.85    1.32    1.27  3
  C6LG6     122.50   25.00   -1.63   -1.59    1.49    1.42  3
  C6SE8      13.20   40.70   -0.92   -0.90    1.91    1.84  3
  C6SJ5      12.20   56.20   -0.36   -0.44    1.65    1.62  3
  C6SY3       3.70   41.70    0.34    0.36    1.50    1.44  3
  C6TQ6      10.00   42.90    0.18    0.17    1.43    1.34  3
  C6UK7     145.30   24.20    2.57    2.55    1.81    1.74  3
  C6WW4     355.90   45.40    5.00    4.81    1.71    1.71  3
  C6XQ2     115.30   18.00    1.76    1.56    1.63    1.62  3
  CQIT6     230.10  -10.00    1.57    1.56    1.51    1.47  3
  D5KF6     163.50  -21.70   -1.02   -0.90    1.98    1.89  3
  H3GR      283.10   25.70    3.40    3.07    1.44    1.44  3
  H3VS      274.80   16.90   -1.37   -1.69    2.11    2.06  3
  IBNY      123.00   37.70    0.45    0.50    1.32    1.27  3
  KPES      143.70   34.80    1.85    1.83    1.55    1.48  3
  MAZS3       9.10   37.60   -0.02   -0.05    2.22    2.18  3
  ONGA      120.20   35.80   -0.44   -0.42    1.51    1.43  3
  ONHA      319.90   -1.90    0.15    0.17    1.65    1.55  3
  PFRO      294.60   43.30    0.31    0.26    1.75    1.72  3
  S6LT6      22.90   33.90    0.65    0.61    1.37    1.37  3
  TBWUK51   105.30    3.30   -0.01    0.08    1.32    1.23  3
  TBWUK69    52.50    1.60   -0.45   -0.47    1.40    1.37  3
  UBSI9     130.20   37.60   -0.35   -0.24    1.60    1.57  3
  V7IK7     242.70   20.30    0.46    0.40    1.33    1.24  3
  V7QK9      21.30   58.20   -3.21   -3.18    2.07    2.07  3
  V7ZZ5     293.50   50.20   -0.58   -0.44    1.74    1.65  3
  VNVZ      125.30   -8.20    1.69    1.53    2.13    2.05  3
  VRBX7     314.90   45.50    1.80    1.78    1.93    1.92  3
  VRCR9       3.20    6.30    0.28    0.18    1.62    1.57  3
  VRDU8     106.10    4.30   -2.72   -2.75    1.72    1.64  3
  VRET5     344.70   27.50    1.75    1.78    1.38    1.41  3
  VRJT8      26.90   33.20    3.65    3.62    1.85    1.91  3
  VRLJ2     285.50   37.50    2.59    2.55    1.33    1.33  3
  VRLN5      96.30    5.90    2.15    2.05    1.32    1.26  3
  VRMV3     347.10   28.80    1.69    1.77    2.46    2.38  3
  VRMX8     174.30   45.70   -0.85   -0.91    1.87    1.85  3
  VRNL9     161.10   47.60    1.83    1.94    1.48    1.45  3
  VRPY5      53.90  -30.90   -1.28   -1.23    1.69    1.63  3
  VRPY6     120.20    7.80   -0.15   -0.17    1.55    1.55  3
  VRPY7      96.70    5.80   -0.45   -0.39    1.58    1.48  3
  VRQZ7      63.50   22.70    1.43    1.39    1.64    1.56  3
  VRRB6     319.80  -20.30    0.10    0.17    1.61    1.52  3
  VRRI4      58.90  -22.00    1.05    0.95    1.65    1.56  3
  VRRI5     332.10   -9.00    1.65    1.61    2.19    2.10  3
  VRWC8      77.70    7.40   -2.37   -2.27    2.63    2.55  3
  VRZU4     152.80   46.70    2.02    1.97    2.54    2.37  3
  VTXB       83.00   12.70    1.05    0.97    1.72    1.70  3
  WAZV      238.50   34.30    3.10    3.16    2.26    2.11  3
  WBP3210   289.10  -53.10   -0.06    0.09    2.32    2.26  3
  WCEU      206.40   45.30   -1.33   -1.23    1.80    1.68  3
  WDDI      148.20   15.80    1.30    1.27    1.42    1.38  3
  WDF4764   161.70   34.20    0.89    0.91    1.73    1.71  3
  WDJ9413   212.50   60.60   -0.63   -0.70    1.94    1.90  3
  WNTL      319.30   41.60    1.77    1.64    1.93    1.94  3
  WPKW      193.50   49.70    2.92    2.93    2.18    2.06  3
  WTAA      334.40   49.30    2.02    1.94    1.99    1.98  3
  WYT8569   174.30   52.80    1.06    0.97    2.29    2.19  3
  ZCDS3       2.40   51.80    0.56    0.55    2.26    2.19  3
  2ICI7      67.40   19.60    0.39    0.38    1.59    1.53  3
  3ETA7     276.30   19.80   -0.26   -0.60    1.35    1.24  3
  3FZO8     272.90   19.10    2.09    1.72    2.47    2.45  3
  9HA3667   225.60   58.10   -0.20   -0.05    1.76    1.73  3
  9V2779    125.40   -6.70   -0.58   -0.57    2.03    1.93  3
  9V5542     73.70   15.40    1.26    1.16    2.13    2.05  3
  9V9925    227.60   41.70   -1.05   -1.06    2.35    2.33  3
  C6CG4      13.60   40.50    0.71    0.63    2.69    2.64  3
  C6FN2     242.10   32.90    1.30    1.10    2.05    1.98  3
  C6YM5      25.00  -34.70   -0.30   -0.37    1.67    1.63  3
  D5QV7     114.30   14.00   -0.10   -0.12    1.39    1.43  3
  HPYE      281.20   26.20   -1.98   -2.37    1.50    1.48  3
  KIYI      229.00   51.60   -0.73   -0.59    1.59    1.54  3
  PBAD      226.20   56.10   -0.34   -0.19    1.67    1.57  3
  S6LT4     199.80   48.60   -0.95   -0.84    1.60    1.55  3
  TBWUK64   119.60  -17.40    0.81    0.84    1.49    1.50  3
  VRFT7     116.10  -12.30   -3.66   -3.66    1.84    1.79  3
  VRIV3     140.00   41.20   -0.49   -0.59    1.74    1.64  3
  VRKF2     124.60   31.40   -0.49   -0.52    1.46    1.36  3
  VRKK2     121.70   22.70   -1.33   -1.29    1.55    1.50  3
  VROJ8     145.20  -38.90    0.61    0.56    2.06    1.86  3
  VRYO4     345.20   37.60    1.05    1.07    1.32    1.25  3
  VTFG       92.80   11.00   -2.74   -2.77    1.64    1.60  3
  WMKA      325.30   40.00    3.47    3.26    2.17    2.12  3
  ZCDD6     219.50   58.80   -0.39   -0.33    1.42    1.38  3
  ZCDI4     232.80   27.80    0.84    0.86    2.93    2.91  3
  2HFZ7     129.50   34.90    0.36    0.31    1.66    1.66  3
  9V2911    277.70   18.40    1.98    1.96    1.39    1.33  3
  9V8843    338.90   26.70    0.50    0.46    1.53    1.52  3
  C6TH9     210.20  -17.50    1.43    1.52    1.44    1.43  3
  H3VU      281.40   26.30    2.39    2.08    1.32    1.27  3
  V7SD8     316.10  -23.90    0.31    0.25    1.30    1.32  3
  V7UT8     353.70   36.00    1.96    1.69    2.70    2.64  3
  VRFX6     315.50   47.50   -1.41   -1.42    2.31    2.24  3
  VRPT5      19.70   35.90   -0.48   -0.56    1.33    1.27  3
  VRYO7      18.80   40.00    3.20    3.13    1.43    1.42  3
  WAIU      330.60   48.80   -0.49   -0.46    1.51    1.43  3
  3FPS9     284.60   21.20   -0.21   -0.59    1.40    1.41  3
  9HA2583    18.90   59.60    0.48    0.42    1.64    1.63  3
  9V9144    221.60   34.00   -2.19   -2.15    1.65    1.51  3
  9V9401    130.80   35.80   -3.44   -3.31    1.85    1.80  3
  9V9924    132.30   31.40    2.17    2.10    2.46    2.43  3
  A8CH2     344.00   24.60   -1.16   -1.17    2.08    2.08  3
  A8VG7     194.50   64.40    1.87    1.76    1.58    1.54  3
  AUFI       54.90   26.10   -1.03   -0.94    1.36    1.40  3
  C6BQ4      35.90   25.10    2.92    2.78    3.08    3.07  3
  C6SW3      13.40   40.60    0.33    0.35    1.33    1.35  3
  S6NQ      234.70   36.30    2.89    2.98    1.30    1.24  3
  V7XA6     267.20   28.10   -1.16   -1.25    1.37    1.29  3
  VRIR7     299.20   37.90   -1.15   -1.20    2.86    2.82  3
  VRKJ7     337.60   13.60    1.79    1.69    1.53    1.46  3
  WCY9686   216.50   53.90   -0.41   -0.55    2.25    2.25  3
  ZCEK6      20.10   58.00   -0.76   -0.77    1.57    1.52  3
  V7UU3      36.50   24.30    0.79    0.80    1.45    1.43  3
  2HDG2     137.70   42.90    2.02    1.94    1.97    1.82  3
  3FAR9     280.80   26.20    1.21    1.20    1.44    1.36  3
  9V7645    243.30   29.90   -0.62   -0.72    1.83    1.70  3
  C6FM9     296.60   17.80    4.34    4.15    1.38    1.43  3
  PDGS      352.90   56.90    1.34    1.38    1.42    1.27  3
  UBMO9     138.10   44.80    2.64    2.74    2.21    2.13  3
  V7QN4      60.10   -2.20   -1.32   -1.25    1.30    1.25  3
  C6SE4     232.00   49.50    3.02    3.11    1.33    1.31  3
  TCZF2      22.00   36.30   -1.14   -1.21    2.87    2.71  3
  VRUR7     310.10   11.70   -2.64   -2.56    2.31    2.28  3
  ZCBU5     228.30   52.00   -0.18   -0.03    1.33    1.26  3
  9V9791    192.50   54.30    1.42    1.33    1.46    1.40  3
  OWLC2     285.50   21.70    0.55    0.51    1.48    1.46  3
  VRBI8     107.10   -5.60    1.21    1.13    1.32    1.32  3
  VRFI2     145.50  -38.90    0.28    0.32    1.87    2.03  3
  VRNR5     198.90   44.10    0.50    0.47    2.69    2.68  3
  WTDF      288.70   41.50   -1.01   -1.25    1.37    1.28  3
  ZCBU3     300.20   46.60   -0.63   -0.55    1.78    1.67  3
  ZCDN2       9.90   63.40    0.79    0.74    1.42    1.42  3
  VRLA6     120.00   35.00   -1.97   -2.01    1.31    1.30  3
  9V9289    156.00   45.40    0.80    0.77    1.60    1.40  3
  SMGW      277.20    7.50   -0.48   -0.39    1.41    1.30  3
  VRCT4     134.60  -35.10    0.98    0.98    1.37    1.32  3
  VREZ3      52.50   27.10    1.08    0.93    3.27    3.15  3
  3EFD9     223.90   49.30    1.88    1.82    1.95    1.91  3
  C6SE7     228.50   54.60    2.67    2.67    1.61    1.58  3
  3EFI      206.70   53.60   -0.49   -0.42    1.48    1.44  3
  3FKS5     231.40   46.10   -0.74   -0.72    1.58    1.53  3
  C6YM6      10.60  -15.30    3.82    3.67    1.76    1.73  3
  WNFQ      265.00   27.10    3.58    3.25    2.53    2.38  3
  C6DF6       2.20   39.80   -0.55   -0.62    2.23    2.19  3
  C6KD6     350.80   48.40    1.90    1.79    1.48    1.39  3
  TBWUK73    70.50   18.70    0.06    0.03    1.62    1.53  3
  S6LT5     123.60   28.20    2.43    2.45    2.18    2.01  3
  V7UT9      68.40  -13.80   -0.26   -0.30    1.59    1.56  3
  ZCEF6       6.90   54.70    0.02    0.05    1.69    1.65  3
  3FAE4     350.10   49.80    1.22    1.25    1.54    1.39  3
  WCDP      306.30   42.30   -0.50   -0.64    1.35    1.26  3
  LAMG7     125.00   35.80   -1.75   -1.69    1.96    1.98  3
  VRGH3     239.50   30.60    0.24    0.17    3.49    3.42  3
  CCES      289.80   17.80   -1.32   -1.58    1.39    1.33  3
  WCW7550   213.40   60.30    0.69    0.54    1.74    1.80  3
  9HOB8      30.20   59.90    0.15    0.04    1.51    1.43  3
  9V3867    315.30  -32.30    1.12    1.17    1.56    1.50  3
  C6QM8     235.20   49.70    0.11    0.12    1.58    1.58  3
  WCZ5535   352.30   49.20   -1.62   -1.57    1.53    1.52  3
  WPTC      186.70   50.00    1.98    1.96    1.43    1.38  3
  SLKQ      356.20   49.90   -1.36   -1.33    1.75    1.57  3
  VRGO8     132.20    8.00   -1.03   -0.89    1.84    1.77  3
  VRJL6     127.50   33.30    0.02   -0.11    1.67    1.53  3
  V7YL7     231.60   28.20    2.77    2.73    2.01    2.03  3
  VROV6     281.00   -8.20    1.44    1.16    1.49    1.35  3
  9V2732    275.40   20.60   -0.02   -0.04    1.59    1.55  3
  9V9915    102.30   10.00   -0.53   -0.44    1.89    1.84  3
  C6AB8      61.30   23.50   -0.26   -0.28    3.61    3.51  3
  VROG7     230.50   40.20   -0.98   -0.91    1.49    1.39  3
  VRRD7     242.30   32.70   -1.15   -1.19    1.64    1.56  3
  2ICH9     105.90    4.30    0.70    0.58    1.38    1.32  3
  ICJA       30.10   59.90   -2.47   -2.56    2.24    2.24  3
  WDG9588   201.40   58.60   -1.21   -1.14    1.96    1.89  3
  2IYN3     105.60    0.70    1.24    1.24    1.51    1.44  3
  BKIE      219.10   46.00    1.44    1.54    1.44    1.40  3
  9V9926    283.70   33.80    0.24    0.24    2.04    2.01  3
  WDD2451   207.90   58.60   -2.12   -2.06    2.03    1.90  3
  D5DY4     272.00   28.40   -2.86   -3.15    1.46    1.42  3
  TBWUK90     4.10   52.40    0.90    1.02    1.91    1.76  3
  VRLL2      10.20   43.50    0.11    0.08    1.34    1.35  3
  C6YM7       9.40  -11.60    4.63    4.53    1.82    1.72  3
  VRDW2     113.60   -6.10   -2.10   -2.16    2.17    2.19  3
  H9LA      250.00   21.00   -0.47   -0.49    1.83    1.83  3
  A8TG2     131.40   36.20   -0.87   -0.80    1.42    1.38  3
  WROT      133.80   37.60   -1.28   -1.14    2.04    2.00  3
  A8SG8     153.80   40.10   -1.95   -1.84    1.70    1.69  3
  OVZV2     127.40   -8.20    0.07    0.09    1.71    1.65  3
  C6AV5     114.70   21.90   -2.08   -2.13    1.67    1.71  3
  9HA4800   336.60   64.50   -0.28   -0.33    1.78    1.72  3
  ONFI      153.70  -24.60   -1.43   -1.35    1.43    1.35  3
  VRLX6     345.90   44.30   -0.55   -0.41    2.96    3.00  3
  MAPY4     128.80   27.20    1.20    1.24    1.46    1.47  3
  LAIG7     227.40   54.70    2.07    2.04    1.61    1.53  3
  UCUD      343.00   23.20    0.47    0.36    2.44    2.45  3
  UFLT      137.70   45.00   -0.57   -0.44    1.95    1.94  3
  VRMW7     259.30   16.50    3.40    3.24    2.13    2.03  3
  WDB9918   226.20   47.80    0.27    0.40    2.77    2.72  3
  V7UT7     113.90   12.60   -0.11   -0.10    1.77    1.71  3
  V7EQ4      35.10   26.30    0.25    0.16    1.55    1.56  3
  SVCS2     153.00  -32.30   -1.18   -1.11    1.67    1.56  3
  V7UU4     278.50   -2.70   -1.89   -1.79    1.48    1.33  3
  7JGE      104.40    4.60    0.20    0.17    1.35    1.33  3
  OWHH2     157.00   48.20    0.35    0.38    2.10    2.02  3
  WDD7294   235.60   37.70   -0.40   -0.38    1.70    1.56  3
  4XIM      130.90   35.90    1.78    1.87    1.39    1.33  3
  C6AP3     241.90   33.70    1.52    1.36    2.68    2.58  3
  A8PQ5     304.50   21.50   -0.04   -0.14    2.00    1.95  3
  9HA3739   286.20   38.80   -0.91   -1.02    2.00    1.86  3
  VRKC8     278.40    5.70    0.43    0.44    1.91    1.94  3
  WBA4557   287.80   40.30   -1.80   -2.00    1.81    1.83  3
  V7RF9     289.80  -20.70    2.99    2.87    1.83    1.70  3
  VRCQ2     112.60   12.10    3.42    3.16    1.52    1.46  3
  C6ZJ5       7.80  -37.40   -0.96   -0.93    1.70    1.67  3
  DFDD2     358.10   36.50    0.66    0.56    1.48    1.47  3
  C6UC3     199.60   34.80    5.52    5.42    0.93    0.92  1
  VRNM9      18.80   56.40    3.90    3.87    3.25    3.23  1
  UCTS      328.20   64.40    6.20    6.10    0.00    0.00  1
  C6AB7      90.30    6.10    6.10    6.30    0.00    0.00  1
  WDJ7294   219.70   39.00   -6.55   -6.35    0.05    0.05  1
