CXWT          32  304.67   47.14   85.00    1.22    1.44    3.80    3.75 1060.00  609.00  3
                    1.63    1.83    4.22    4.20
                       0    2.25    0.96    4.74    3.88
CYBD          42  233.41   52.38  170.00   -0.17   -0.20    1.42    1.17  842.00    0.00  3
                   -0.11   -0.08    1.40    1.15
                       0    0.97   -0.56    1.35    1.76
CYMU         130   56.00    6.00   88.00   -0.43   -0.35    3.92    3.91  791.00  366.00  3
                   -1.34   -1.21    5.04    4.80
                       0   -1.02   -0.41    4.08    4.64
CZMD         269  265.24   53.44  227.00    0.03    0.01    1.72    1.66 1358.00    0.00  3
                   -0.17   -0.10    1.58    1.56
                       0    0.28   -0.55    2.13    1.11
ENLA         527    2.84   59.11  230.00    1.23    1.30    2.04    2.03 2766.00   44.00  3
                    1.17    1.33    2.03    1.98
                       0   -0.11    2.75    1.69    1.77
LTCB        3214   43.03   39.71  216.00   -3.51   -3.45    2.71    2.71 1491.00  153.00  3
                   -3.87   -3.89    2.39    2.43
                       0   -2.68   -3.51    2.41    3.79
MSSA        3351  270.43   13.98  105.00    1.56    1.24    1.41    1.32  400.00    0.00  3
                    1.55    1.37    0.91    0.65
                       1    1.79    1.46    0.99    0.58
OIBP        3436   52.73   27.38  230.00   -0.16   -0.10    1.50    1.49 1733.00    0.00  3
                   -0.67   -0.68    0.55    0.52
                       0   -0.54   -1.04    0.37    0.51
RPMR        3778  122.26   12.56  164.00    2.32    2.19    1.44    1.45  549.00   13.00  3
                    2.32    2.18    1.36    1.36
                       2    3.24    1.65    1.22    1.41
SGES        3949  305.15  -25.45  231.00   -2.85   -2.84    1.47    1.44 1548.00    1.00  3
                   -2.93   -2.93    1.44    1.31
                       0   -2.08   -3.42    1.07    0.68
SLMG        3986  295.94  -13.27  173.00    0.03   -0.38    1.52    1.15  782.00    0.00  3
                    0.04   -0.18    1.57    1.06
                       0   -1.22   -0.04    1.10    1.32
SLRY        3991  292.63  -14.30  171.00   -0.57   -0.64    1.42    1.17  721.00    2.00  3
                   -0.40   -0.48    1.53    1.33
                       0   -0.62   -1.22    1.31    1.58
SVAC        4017  290.77    9.55   68.00    0.51    0.13    1.60    1.42  183.00    0.00  3
                    0.65    0.35    1.48    1.24
                       5   -0.64    1.27    1.52    1.38
SVBI        4019  289.78    8.61  115.00    0.28   -0.12    1.34    1.16  220.00    0.00  3
                    0.20   -0.15    1.48    1.11
                       0   -0.22    0.90    1.15    1.37
SVGU        4023  290.27    9.02  177.00   -0.45   -0.80    1.43    1.31  515.00    4.00  3
                   -0.67   -0.95    1.38    1.11
                       0   -1.70    0.19    1.09    1.94
SVMI        4027  293.02   10.60  214.00   -1.22   -1.45    1.60    1.54 1139.00    9.00  3
                   -0.92   -1.23    1.46    1.42
                       0   -3.46   -0.58    1.15    1.36
SVMT        4028  296.82    9.75  143.00    0.32    0.09    1.72    1.60  322.00    0.00  3
                    0.00   -0.10    1.48    1.56
                       0   -1.20    0.45    1.26    1.24
YPBO        4399  117.75  -23.20  231.00   -4.51   -4.49    1.57    1.53 1430.00  125.00  3
                   -4.58   -4.52    1.73    1.71
                       0   -2.81   -5.93    1.78    1.19
FNMA        4575   16.30   -9.55   85.00   -0.87   -1.17    1.31    1.28  256.00    2.00  3
                   -0.87   -1.23    0.94    0.90
                       3   -0.88   -1.01    0.70    1.25
FNSA        4576   20.43   -9.69  157.00    1.96    1.45    1.57    1.48  456.00    1.00  3
                    2.10    1.44    1.48    1.54
                       0    0.82    2.34    1.74    1.58
LIMY        4650    7.80   44.25  125.00   -5.53   -5.57    1.50    1.52  619.00  146.00  3
                   -5.93   -6.17    5.66    1.19
                       0   -6.66   -3.37    0.39    1.14
FNMO        4734   12.15  -15.26  146.00   -0.06   -0.36    1.31    1.22  420.00    2.00  3
                   -0.30   -0.56    1.48    1.48
                       0   -0.67   -0.48    1.16    0.73
SBPG        4769  311.48  -25.52   68.00    1.58    1.59    1.56    1.47  158.00    0.00  3
                    1.30    1.32    1.61    1.50
                       0    1.15    2.31    1.31    2.19
SPJI        4807  283.28   -7.22   70.00    5.79    5.12    2.31    2.12  402.00  270.00  3
                    6.40    5.79    0.86    0.61
                       0    6.40    7.11    0.86    1.05
SVSA        4813  287.55    7.85  122.00   -0.72   -1.05    1.36    1.08  327.00    0.00  3
                   -1.20   -1.30    1.04    1.01
                       0   -0.70   -1.71    1.49    0.96
PAOO        4879  194.89   60.53  208.00   -0.89   -0.93    1.38    1.28 2167.00    0.00  3
                   -0.78   -0.72    1.76    1.49
                       0   -2.73    0.63    1.56    0.36
MHNO        4911  270.82   14.43   78.00    1.77    1.36    1.60    1.37  292.00    0.00  3
                    1.94    1.51    1.74    1.38
                       0    2.33    1.25    1.88    2.06
FYRN        4967   13.85  -20.01   77.00    1.71    1.47    1.78    1.69  342.00    0.00  3
                    2.12    1.90    1.71    1.78
                       0    1.04    2.55    2.30    1.10
FDMY         659   31.51  -25.86   16.00    6.62    6.20    0.45    0.23  841.00  815.00  1
                    6.60    6.22    0.63    0.30
                       0 -999.00 -999.00 -999.00 -999.00
