  01282      11.23   64.84    1.52    1.52    0.40    0.27  0
  01317       5.33   60.38   -2.70   -2.53    0.40    0.26  0
  01400       3.22   56.53   -1.50   -1.42    0.44    0.30  0
  02226      14.50   63.20   -2.04   -2.00    0.35    0.21  0
  02460      17.95   59.62   -1.75   -1.68    0.33    0.14  0
  02462      17.63   59.87   -1.88   -1.81    0.30    0.13  0
  02607      12.84   56.29    2.20    2.15    0.27    0.16  0
  06456       4.65   50.23    2.02    1.90    0.25    0.15  0
  06458       4.76   50.75    2.06    1.93    0.27    0.14  0
  06654       8.05   46.19   -1.67   -1.68    0.48    0.38  0
  06655       8.42   46.82   -1.82   -1.83    0.54    0.45  0
  06727       7.85   46.30   -1.53   -1.53    1.00    0.86  0
  06762       8.88   46.17   -1.55   -1.57    0.98    0.77  0
  06799      10.26   46.81    2.11    2.09    0.28    0.22  0
  07053       2.02   49.08    1.50    1.40    0.35    0.24  0
  07230     359.43   47.50    1.54    1.41    0.27    0.15  0
  07678       6.47   43.03   -2.27   -2.37    0.30    0.21  0
  08231     357.87   40.07    1.65    1.48    0.29    0.21  0
  08233     358.70   40.86    2.15    2.00    0.31    0.22  0
  08561     352.08   38.07    1.57    1.31    0.37    0.24  0
  10500       6.05   50.97    2.79    2.69    0.33    0.16  0
  10827       8.99   48.18    3.63    3.60    0.30    0.23  0
  11933      20.08   49.11    3.37    3.31    0.27    0.25  0
  11955      21.32   49.03    2.04    1.94    0.36    0.22  0
  12142      18.52   54.57    2.94    2.82    0.25    0.18  0
  12226      16.07   53.38   -3.08   -3.09    0.22    0.14  0
  12310      14.60   52.35   -3.33   -3.30    0.30    0.16  0
  12336      17.85   52.37   -1.99   -2.06    0.26    0.16  0
  12452      19.14   52.00    3.14    3.01    0.35    0.26  0
  12812      16.63   47.27    2.50    2.29    0.39    0.19  0
  13601      19.80   41.33   -2.10   -2.02    0.64    0.51  0
  13629      20.77   40.60   -1.83   -1.74    0.57    0.47  0
  14652      18.27   43.72    1.57    1.54    0.86    0.84  0
  14654      18.43   43.87    1.54    1.42    0.98    0.88  0
  15023      26.25   47.65   -1.64   -1.68    0.33    0.18  0
  15162      23.05   46.37   -3.00   -3.10    0.40    0.24  0
  15199      20.63   46.08   -1.74   -1.87    0.34    0.20  0
  15261      26.02   45.68    1.79    1.67    0.39    0.25  0
  16059       7.65   45.22   -2.04   -2.15    0.52    0.28  0
  16066       8.73   45.62   -2.48   -2.57    0.38    0.21  0
  16111       8.19   44.24    3.03    2.99    0.37    0.43  0
  16129       9.81   44.06    2.98    2.87    0.35    0.25  0
  16239      12.55   41.80   -3.02   -3.11    0.39    0.23  0
  16314      16.64   40.67    2.01    2.03    0.27    0.23  0
  16318      17.20   40.64   -3.26   -3.21    0.33    0.24  0
  16344      16.39   39.33   -1.67   -1.61    0.72    0.72  0
  16405      13.10   38.18    1.68    1.66    0.33    0.25  0
  16520       8.28   40.63    1.73    1.69    0.31    0.23  0
  16613      21.40   40.78    4.08    4.18    0.36    0.23  0
  17038      39.72   41.00   -1.90   -1.85    0.44    0.31  0
  17193      34.70   38.61    1.55    1.48    0.36    0.21  0
  17202      39.28   38.60   -2.00   -1.98    0.56    0.42  0
  17203      40.50   38.86    3.63    3.59    0.40    0.28  0
  17310      32.00   36.54   -1.73   -1.73    0.50    0.36  0
  23891      96.37   61.67    1.70    1.52    0.41    0.32  0
  26544      26.62   55.87    2.94    2.82    0.31    0.20  0
  28886      72.37   53.63    1.56    1.51    0.47    0.36  0
  28952      63.61   53.21    2.25    2.26    0.49    0.33  0
  29405      76.63   56.57   -2.72   -2.53    0.37    0.28  0
  30385     121.48   56.58   -1.61   -1.58    0.53    0.38  0
  32027     141.63   52.22   -3.27   -2.93    0.54    0.43  0
  33135      31.28   51.48    2.21    2.17    0.32    0.21  0
  34560      44.36   48.78   -2.28   -2.29    0.31    0.19  0
  34727      38.27   46.73   -2.20   -2.10    0.29    0.22  0
  35157      62.70   51.08   -3.12   -2.79    0.45    0.38  0
  35345      61.48   49.98   -3.03   -2.68    0.85    0.80  0
  35363      66.83   50.22   -1.64   -1.61    0.43    0.27  0
  35368      66.15   49.75    2.30    2.31    0.53    0.40  0
  35437      58.22   48.82   -2.43   -2.32    0.43    0.29  0
  35522      56.03   48.73   -1.70   -1.68    0.41    0.31  0
  35715      53.92   46.80    3.44    3.19    0.47    0.33  0
  35816      54.48   46.23    2.51    2.27    0.59    0.50  0
  35969      67.06   45.25    1.66    1.55    0.45    0.35  0
  36001      75.37   51.70    2.67    2.58    0.50    0.44  0
  36015      77.77   51.48   -2.56   -2.57    0.81    0.69  0
  36090      93.68   51.12    4.07    3.99    0.51    0.34  0
  36278      90.43   50.38    2.57    2.51    0.67    0.55  0
  36335      75.52   49.38   -3.18   -3.09    0.32    0.25  0
  36418      83.38   49.03    3.51    3.19    0.49    0.38  0
  36421      84.28   49.72    3.48    3.12    0.53    0.48  0
  36439      85.62   49.18    2.06    1.84    0.77    0.62  0
  36870      76.93   43.23   -2.04   -1.85    0.51    0.33  0
  36905      79.48   43.32   -2.58   -2.50    0.69    0.51  0
  37054      43.06   44.23    2.04    1.98    0.40    0.24  0
  37801      45.13   40.35   -1.59   -1.50    1.00    0.93  0
  38262      59.80   42.95    2.78    2.62    0.59    0.49  0
  38318      68.13   42.10   -3.03   -2.90    0.39    0.23  0
  38343      72.75   42.95   -1.76   -1.55    0.36    0.26  0
  38353      74.53   42.85   -2.48   -2.25    0.72    0.59  0
  38413      64.62   41.73    1.81    1.73    0.74    0.63  0
  38611      71.58   40.98    1.57    1.62    0.60    0.40  0
  38715      68.63   39.58   -1.79   -1.76    0.68    0.70  0
  38750      53.96   37.46    1.62    1.42    0.59    0.47  0
  38763      56.28   38.97    1.69    1.44    0.58    0.42  0
  38846      69.97   38.33   -1.74   -1.50    0.75    0.65  0
  38856      70.88   38.46   -1.61   -1.32    0.80    0.81  0
  38947      69.08   37.23   -2.77   -2.26    0.90    0.82  0
  38954      71.50   37.50   -1.53   -1.38    1.03    1.01  0
  40361      40.10   29.78    1.78    1.71    0.31    0.26  0
  40674      45.27   31.30    1.73    1.40    0.31    0.23  0
  40691      48.50   29.98    2.78    2.56    0.45    0.38  0
  40723      57.33   37.46    1.57    1.53    0.56    0.48  0
  40734      51.50   36.65   -2.16   -2.13    0.57    0.39  0
  40785      51.45   33.97    2.03    1.99    0.65    0.49  0
  40827      60.03   31.53    2.29    2.45    0.45    0.47  0
  40835      50.76   30.43   -3.69   -3.77    0.75    0.71  0
  40836      51.68   30.83    1.67    1.66    0.75    0.71  0
  40859      53.68   28.96   -2.19   -2.04    0.33    0.30  0
  40877      57.70   27.96   -3.06   -2.98    0.29    0.30  0
  40878      62.33   27.33    2.07    2.04    0.35    0.32  0
  41198      56.33   25.10   -1.58   -1.56    0.43    0.33  0
  41257      57.93   23.30   -2.38   -2.33    0.36    0.27  0
  41594      72.67   32.04    1.67    1.36    0.58    0.36  0
  41710      62.75   28.82   -1.76   -1.70    0.79    0.67  0
  41764      68.41   25.38   -1.67   -1.72    0.61    0.48  0
  42111      78.03   30.32    4.19    3.87    0.50    0.29  0
  43083      78.27   18.05   -1.76   -2.18    0.44    0.35  0
  43201      75.63   15.41    2.35    2.20    0.48    0.34  0
  43237      77.63   14.58    2.53    2.38    0.59    0.37  0
  44217      90.30   48.42   -3.87   -3.86    0.52    0.46  0
  44272      96.85   47.75   -2.26   -2.22    0.48    0.39  0
  47022     128.15   40.82    2.69    2.68    0.62    0.55  0
  47037     125.25   39.97   -1.78   -1.65    0.87    0.83  0
  47068     124.88   38.20   -2.54   -2.42    0.65    0.58  0
  47075     127.28   38.41    2.51    2.44    0.58    0.51  0
  47157     127.91   35.67   -1.63   -1.66    0.48    0.34  0
  47171     126.86   35.56   -2.81   -2.85    0.41    0.29  0
  48375      98.55   16.67   -1.58   -1.76    0.62    0.40  0
  48437     103.25   15.23    1.58    1.39    0.68    0.44  0
  48458     101.45   13.56    2.06    1.91    0.52    0.33  0
  48555      99.63    9.14    1.83    1.71    0.49    0.33  0
  48866     108.00   13.98    2.61    2.46    0.45    0.34  0
  48921     101.88   21.63   -3.22   -3.44    0.69    0.66  0
  48925     102.00   20.68   -2.34   -2.61    0.84    0.51  0
  48927     104.23   20.42    2.08    1.80    0.61    0.43  0
  48928     104.07   20.42    3.61    3.32    0.60    0.39  0
  48947     104.75   16.55    2.05    1.84    0.72    0.55  0
  50756     126.97   47.43    2.08    2.12    0.48    0.35  0
  51156      85.74   46.80   -2.35   -2.43    0.58    0.46  0
  51467      86.33   42.66   -3.67   -3.73    0.75    0.74  0
  56144      98.56   31.73   -2.95   -3.22    0.81    0.69  0
  56167     101.12   30.98   -3.43   -3.67    0.64    0.54  0
  56385     103.33   29.52   -2.39   -2.51    0.60    0.66  0
  58968     121.53   25.03   -2.69   -2.70    0.44    0.29  0
  59158     120.70   24.15   -2.07   -2.07    0.58    0.47  0
  60025     343.43   28.05   -2.96   -3.00    0.37    0.33  0
  60550       1.00   33.67   -2.30   -2.33    0.48    0.41  0
  60729      10.08   36.43    1.60    1.45    0.42    0.29  0
  61045      10.30   13.98    2.37    1.93    0.56    0.41  0
  61291     352.05   12.53    2.24    1.99    0.65    0.51  0
  61697     343.25   12.03    3.31    3.25    0.49    0.38  0
  63450      38.75    9.02    3.44    3.39    0.22    0.18  0
  64459      18.07    1.62    1.58    1.22    0.76    0.48  0
  64810       8.77    3.75    2.42    2.39    0.68    0.58  0
  65319       1.38   10.32    3.19    3.00    0.45    0.34  0
  65507       0.35   12.06   -1.58   -1.78    0.60    0.44  0
  65510     355.70   11.16   -2.62   -2.68    0.58    0.44  0
  65536     354.38    9.42    1.70    1.55    0.64    0.48  0
  67137      47.10  -21.45   -1.96   -1.97    0.37    0.34  0
  67217      35.25  -13.28    3.19    2.95    0.36    0.32  0
  67335      33.63  -25.05   -1.50   -1.49    0.44    0.35  0
  68268      28.32  -24.89    1.58    1.32    0.36    0.27  0
  68394      31.70  -26.73    2.22    2.07    0.63    0.51  0
  68549      26.86  -29.90    1.79    1.61    0.43    0.34  0
  68674      29.55  -31.63    1.60    1.68    0.53    0.44  0
  68828      22.38  -34.02   -1.74   -1.55    0.43    0.31  0
  68833      23.87  -33.83   -3.02   -2.83    0.43    0.35  0
  68925      19.02  -34.13    1.58    1.65    0.64    0.56  0
  70381     225.42   58.37   -1.64   -1.61    0.79    0.61  0
  71020     236.25   61.25   -1.58   -1.41    0.81    0.58  0
  71113     238.24   49.24   -1.55   -1.56    0.92    0.60  0
  71181     304.68   47.13   -2.13   -1.90    0.37    0.28  0
  71243     247.24   49.69    1.59    1.35    0.50    0.23  0
  71321     291.45   63.75    1.91    1.69    0.66    0.49  0
  71387     288.97   48.88   -1.53   -1.47    0.56    0.33  0
  71421     296.72   51.86    1.71    1.76    0.47    0.37  0
  71750     273.71   48.58    1.83    1.71    0.40    0.26  0
  71769     235.84   49.35   -1.77   -1.66    0.53    0.26  0
  71914     236.87   48.77   -1.69   -1.65    0.38    0.18  0
  72235     269.92   32.32    1.71    1.30    0.40    0.26  0
  72274     249.05   32.22   -3.24   -3.60    0.34    0.28  0
  72312     277.78   34.90    1.66    1.23    0.39    0.29  0
  72314     279.07   35.22    2.16    1.73    0.37    0.24  0
  72327     273.45   36.23   -3.31   -3.96    0.27    0.24  0
  72356     264.12   36.20   -1.71   -1.95    0.54    0.36  0
  72386     244.83   36.08    2.74    2.90    0.44    0.28  0
  72407     285.44   39.45   -1.58   -1.90    0.39    0.28  0
  72464     255.48   38.28    1.84    1.83    0.53    0.43  0
  72476     251.47   39.11    1.59    1.74    0.72    0.52  0
  72494     237.62   37.61   -2.97   -3.09    0.35    0.27  0
  72506     286.04   40.77    2.59    2.35    0.79    0.81  0
  72524     278.13   41.42    1.90    1.64    0.41    0.23  0
  72570     252.47   40.50    2.55    2.60    0.50    0.44  0
  72672     251.52   43.07    3.22    3.52    0.36    0.36  0
  76061     246.45   31.30    1.59    1.42    0.41    0.29  0
  76243     259.48   28.70    2.81    2.36    0.80    0.72  0
  76323     254.34   26.91    3.54    3.16    0.35    0.30  0
  76342     258.58   26.88    2.74    2.26    0.81    0.60  0
  76412     252.57   24.63    2.68    2.14    0.70    0.61  0
  76491     260.83   23.73    1.56    1.13    0.56    0.44  0
  76548     262.15   22.22    3.52    3.12    0.62    0.54  0
  76634     261.65   20.07    2.29    2.08    0.31    0.32  0
  76640     262.59   20.95    1.94    1.63    0.79    0.72  0
  76658     256.29   19.23    1.57    1.14    0.55    0.47  0
  76683     261.77   19.32    2.94    2.72    0.31    0.27  0
  76775     263.30   17.07    2.36    2.14    0.47    0.43  0
  76903     267.73   14.92   -1.76   -1.98    0.66    0.59  0
  78073     282.53   25.05    1.68    1.31    0.29    0.26  0
  78224     277.60   22.98    2.17    1.80    0.51    0.46  0
  78482     288.91   18.20    1.99    1.65    0.59    0.51  0
  78526     294.01   18.43   -1.61   -1.79    0.41    0.33  0
  78700     272.33   13.28    2.91    2.40    0.85    0.66  0
  78704     274.07   15.93    1.75    1.34    0.70    0.64  0
  78705     273.14   15.73    1.71    1.31    0.55    0.44  0
  78720     272.79   14.05    1.59    1.27    0.49    0.41  0
  78858     297.29   17.30    2.67    2.48    0.35    0.27  0
  80063     284.16    8.82    1.85    1.55    0.55    0.43  0
  80091     286.20    7.02    1.56    1.22    0.83    0.63  0
  80342     282.73    1.42    3.08    2.94    0.57    0.48  0
  80437     288.35    8.63    1.62    1.26    0.88    0.63  0
  80440     289.78    8.61    2.47    2.09    1.03    0.84  0
  82353     307.80   -3.20   -2.78   -2.83    0.56    0.46  0
  82361     310.28   -3.72    2.01    1.83    0.90    0.70  0
  82392     319.65   -3.70   -1.70   -1.50    0.52    0.45  0
  82445     304.03   -4.26    2.26    2.00    0.71    0.53  0
  82562     310.85   -5.35    2.29    2.08    0.75    0.59  0
  82824     296.09   -8.76    1.65    1.32    0.69    0.48  0
  83270     307.50  -13.50    2.19    1.67    0.93    0.85  0
  83368     307.77  -15.90    1.96    1.47    0.83    0.65  0
  83442     318.02  -16.85   -2.82   -2.59    0.66    0.61  0
  83836     309.37  -25.47   -2.65   -2.53    0.77    0.61  0
  83927     302.92  -29.75   -1.88   -1.64    0.92    0.61  0
  83948     310.28  -29.33    2.42    2.27    0.79    0.51  0
  84001     269.74   -0.45    1.88    1.86    0.53    0.49  0
  84123     281.39   -0.90    1.51    1.46    0.80    0.73  0
  84135     279.55   -1.03    3.85    3.47    0.50    0.34  0
  84179     282.10   -1.50   -1.64   -1.85    0.95    0.61  0
  84265     280.63   -3.98    3.58    3.44    0.89    0.76  0
  84377     286.75   -3.75    3.23    3.00    0.61    0.48  0
  84401     279.41   -5.18    2.82    2.58    0.60    0.48  0
  84455     283.62   -6.45    3.49    3.14    0.93    0.72  0
  84472     281.53   -7.13   -3.48   -3.58    0.66    0.60  0
  84531     281.49   -9.13    1.58    1.48    0.71    0.58  0
  84686     288.02  -13.55   -2.58   -2.64    0.57    0.51  0
  84773     288.67  -17.68   -1.63   -1.73    0.77    0.64  0
  85140     292.62  -14.31   -2.63   -2.81    0.85    0.52  0
  85175     296.90  -15.72    1.79    1.31    1.02    0.65  0
  85268     300.25  -18.32    3.26    2.94    0.89    0.74  0
  85406     289.67  -18.35    2.25    2.08    0.48    0.36  0
  85418     289.82  -20.53   -1.74   -1.76    0.60    0.54  0
  85432     291.10  -22.49   -3.31   -3.18    0.36    0.37  0
  85442     289.56  -23.45   -3.94   -3.77    0.43    0.41  0
  86134     302.59  -23.43    2.71    2.52    0.68    0.41  0
  87148     299.52  -26.73   -2.37   -2.18    0.66    0.47  0
  87222     294.23  -28.60   -1.66   -1.59    0.82    0.66  0
  87344     295.78  -31.32   -2.32   -2.03    0.55    0.35  0
  87349     296.12  -31.67   -1.86   -1.52    0.59    0.37  0
  87393     302.35  -30.25   -2.16   -1.87    0.74    0.52  0
  87416     291.58  -33.08   -2.44   -2.24    0.71    0.49  0
  87467     297.85  -32.70   -1.85   -1.47    0.54    0.32  0
  87640     298.90  -36.25   -1.88   -1.41    0.74    0.45  0
  87648     302.27  -36.35   -1.83   -1.48    0.49    0.31  0
  87688     299.75  -38.33   -1.90   -1.49    0.68    0.44  0
  87800     288.48  -41.97    2.54    2.39    0.88    0.73  0
  89061     295.92  -64.77   -2.04   -1.75    0.94    0.69  0
  91285     204.93   19.72   -2.72   -2.66    0.45    0.40  0
  91408     134.47    7.33   -1.97   -1.87    0.77    0.67  0
  91425     155.02    3.85    1.58    1.52    0.50    0.44  0
  91676     181.05  -17.23    3.27    3.26    0.34    0.28  0
  91735     187.61  -13.45   -3.81   -3.70    0.26    0.22  0
  94972     147.47  -41.17   -1.71   -1.44    0.48    0.31  0
  96035      98.87    3.64    2.07    1.88    0.51    0.34  0
  96073      98.88    1.55   -1.56   -1.65    0.58    0.45  0
  96171     102.31   -0.33    2.88    2.63    0.52    0.38  0
  96441     113.03    3.20   -2.04   -2.17    0.42    0.29  0
  96529     117.45    2.12    2.58    2.39    0.45    0.32  0
  96565     112.93    0.88    2.96    2.56    0.58    0.42  0
  96595     114.90   -0.95    3.21    2.86    0.45    0.33  0
  96655     113.94   -2.22    1.92    1.65    0.50    0.39  0
  97008     125.47    3.58    2.11    2.06    0.36    0.32  0
  97028     120.80    1.02   -1.86   -1.89    0.61    0.56  0
  97048     123.07    0.52   -3.28   -3.27    0.37    0.37  0
  97120     119.00   -2.50   -1.88   -1.91    0.43    0.40  0
  97146     122.43   -4.09    1.68    1.65    0.45    0.46  0
  97192     122.62   -5.47   -3.55   -3.56    0.28    0.23  0
  97284     120.45   -8.63    2.85    2.79    0.40    0.37  0
  97300     122.25   -8.63   -2.38   -2.39    0.26    0.20  0
  97380     121.83  -10.50    1.50    1.46    0.38    0.30  0
  97406     127.83    1.82   -3.50   -3.48    0.37    0.33  0
  97460     127.50   -0.63   -1.55   -1.51    0.36    0.31  0
  97796     137.44   -5.00   -2.81   -2.67    0.48    0.39  0
  97810     132.75   -5.68   -1.64   -1.61    0.40    0.32  0
  98558     125.73   11.03    1.87    1.75    0.88    0.79  0
  98644     123.85    9.60   -1.58   -1.70    0.45    0.38  0
  98653     125.50    9.80    2.80    2.67    0.37    0.33  0
  98751     125.08    8.15    3.05    2.95    0.48    0.45  0
  ADL        78.50   19.60    2.62    2.36    0.73    0.51  0
  AHW        73.70   20.80    1.86    1.74    0.38    0.20  0
  ALG        94.80   28.20    2.81    2.63    0.93    0.72  0
  ALI        78.10   27.90    2.06    1.62    0.55    0.26  0
  BGG        90.60   26.40    1.89    1.48    0.61    0.26  0
  BIL        74.60   25.40    2.23    1.99    0.47    0.26  0
  BKN        73.30   28.10    2.29    1.87    0.53    0.36  0
  BLH        76.40   31.10    2.10    1.86    0.57    0.43  0
  BPR        77.30   27.10   -1.89   -2.20    0.55    0.27  0
  CHO        75.70   21.20    1.55    1.33    0.50    0.26  0
  CMG        76.90   11.90    2.43    2.42    0.49    0.29  0
  CNW        74.10   34.10    4.14    4.10    0.37    0.29  0
  COI        76.90   11.00   -2.36   -2.35    0.60    0.34  0
  COO        76.80   11.40    2.64    2.61    0.37    0.31  0
  DSL        76.30   32.20   -3.91   -4.05    0.55    0.31  0
  DUG        73.80   23.80    3.28    3.09    0.67    0.54  0
  DUL        74.80   20.90    2.38    2.19    0.47    0.22  0
  ERO        77.70   11.30   -2.12   -1.92    0.55    0.37  0
  FRG        81.40   26.20    2.89    2.44    0.49    0.29  0
  GBP68     347.70  -37.10    1.61    1.67    0.68    0.59  0
  GCR        80.00   20.20    3.03    2.68    0.68    0.49  0
  GLT        93.90   26.50    1.95    1.72    0.78    0.52  0
  GND        80.10   21.50    3.40    3.05    0.56    0.32  0
  GRI        86.30   24.20    1.60    1.18    0.52    0.35  0
  JAR        72.50   25.40    2.08    1.85    0.58    0.41  0
  JLD        75.30   31.00   -2.04   -2.29    0.55    0.21  0
  JPR        75.80   26.80   -1.98   -2.24    0.50    0.25  0
  KAJ        90.50   26.50    2.77    2.34    0.74    0.55  0
  KEJ        85.60   21.60    3.32    2.95    0.68    0.51  0
  KMG        88.40   27.10   -2.40   -2.67    0.51    0.34  0
  KOV        77.90    9.20   -1.65   -1.55    0.73    0.47  0
  KPG        74.50   19.90    1.56    1.39    0.45    0.23  0
  KWA        75.20   32.90   -2.82   -2.81    0.97    0.74  0
  KWP40      47.90   29.30   -3.27   -3.40    0.53    0.49  0
  MMG        88.50   27.50   -3.46   -3.74    0.74    0.54  0
  MNS        75.40   30.10    1.95    1.61    0.50    0.27  0
  MNY        73.20    8.30    1.88    1.94    0.44    0.24  0
  NEY        79.50   11.60    2.04    2.03    0.62    0.27  0
  NNB        74.20   21.40   -2.68   -2.83    0.44    0.19  0
  NYR        77.30    8.20    3.32    3.31    0.41    0.19  0
  OSD        76.00   18.10    2.06    1.85    0.48    0.34  0
  PAP50     280.50    9.00    1.82    1.58    0.41    0.27  0
  PCY        79.80   12.00   -1.61   -1.52    0.97    0.78  0
  PGP51     150.80   -2.60    3.44    3.37    0.33    0.27  0
  PLE        78.20   16.50    2.10    1.93    0.58    0.35  0
  PNK        77.00   30.70    1.58    1.27    0.65    0.36  0
  PTM        77.10   28.70    2.94    2.49    0.51    0.26  0
  RAS        77.80   23.30   -2.68   -2.82    0.50    0.29  0
  RGJ        88.10   25.60    2.62    2.27    0.49    0.27  0
  RJG        81.00   21.10    2.15    1.74    0.72    0.45  0
  SLN        76.00   31.60   -3.05   -3.21    0.52    0.18  0
  SLP        75.90   17.20    3.37    3.15    0.50    0.30  0
  SNG        91.80   25.60   -3.41   -3.63    0.35    0.29  0
  TIU        77.70    8.70   -1.56   -1.55    0.64    0.38  0
  TRV        77.00    8.50    3.08    3.06    0.58    0.49  0
  UNA        76.20   31.40    1.85    1.67    0.54    0.38  0
  UPR        76.00   32.40   -2.22   -2.26    0.99    0.96  0
  USP76     212.90   64.70   -2.08   -2.01    0.41    0.22  0
  WKH        94.20   26.10   -2.24   -2.44    0.72    0.68  0
  11212      13.67   46.60   -1.52   -1.51    0.45    0.47  0
  14544      17.47   44.07    1.65    1.52    0.60    0.46  0
  14549      17.89   44.22    1.93    1.63    0.86    0.64  0
  14650      18.03   43.77    3.32    3.23    0.49    0.36  0
  16204      11.76   42.89    3.58    3.44    0.37    0.33  0
  16450      14.27   37.56   -2.48   -2.48    0.58    0.55  0
  16480      15.13   36.68   -1.69   -1.66    0.45    0.36  0
  16759      24.75   35.00   -2.08   -1.98    0.51    0.44  0
  17046      42.71   41.11    1.97    1.93    0.56    0.46  0
  17088      39.47   40.47    1.51    1.48    0.67    0.62  0
  17380      29.65   36.20   -1.81   -1.82    0.35    0.28  0
  40401      38.11   26.48    2.56    2.52    0.44    0.36  0
  40930      69.02   35.32   -2.45   -2.35    0.66    0.63  0
  40954      70.47   34.43   -2.74   -2.69    0.87    0.76  0
  42147      79.65   29.47    4.42    4.09    0.34    0.26  0
  43012      75.80   19.82    1.88    1.55    0.72    0.67  0
  43097      82.71   18.81   -2.75   -2.92    0.68    0.63  0
  43160      75.75   16.70    2.14    1.93    0.81    0.65  0
  60423       7.95   36.25   -1.72   -1.76    0.37    0.26  0
  60437       2.73   36.28   -2.30   -2.41    0.54    0.47  0
  60514       2.31   35.17    1.65    1.54    0.52    0.36  0
  60549     359.72   33.53    2.17    2.05    0.51    0.37  0
  60560     359.40   32.77   -1.54   -1.68    0.56    0.44  0
  60742      11.07   35.50    1.54    1.40    0.40    0.33  0
  62271      23.30   24.22    3.26    2.99    0.32    0.31  0
  63332      37.42   11.60   -2.45   -2.48    0.72    0.69  0
  63333      39.72   11.12    3.86    3.81    0.40    0.40  0
  63453      39.90    8.86   -2.31   -2.33    0.94    0.85  0
  67067      48.50  -17.63   -1.72   -1.65    0.83    0.83  0
  67775      31.13  -17.91   -1.63   -1.76    0.38    0.30  0
  67991      30.00  -22.22   -1.98   -2.06    0.78    0.70  0
  BMR        71.40   25.80    3.63    3.19    0.47    0.30  0
  CTH        74.80   32.60   -1.54   -1.50    0.54    0.35  0
  KKI        77.50   31.10    2.65    2.39    0.52    0.50  0
  SGG        73.90   29.90    2.60    1.74    0.47    0.29  0
  TRU        79.40   13.60    1.80    1.74    0.69    0.47  0
  63602      30.92    3.05    1.55    1.38    0.61    0.47  0
  64040      25.18    0.52   -2.85   -2.73    0.63    0.50  0
  64247      23.62   -6.17    1.65    1.13    0.64    0.44  0
  76253     247.70   27.32    1.81    1.48    0.48    0.38  0
  76571     257.70   21.88    2.96    2.51    0.46    0.38  0
  78859     297.42   17.20    1.95    1.77    0.55    0.53  0
  82287     318.22   -3.08   -3.39   -3.10    0.31    0.30  0
  82979     317.90   -9.63    1.71    1.58    0.59    0.53  0
  83550     320.15  -18.70   -1.54   -1.52    0.58    0.53  0
  83718     317.63  -22.03   -1.82   -1.79    0.54    0.50  0
  64390      29.32   -3.32   -2.26   -2.31    0.80    0.66  0
  JAS        84.60   22.90   -1.59   -1.87    0.50    0.37  0
  SVP        77.60   25.40    3.46    3.20    0.55    0.23  0
  CNG        76.90   30.70    1.80    1.53    0.62    0.26  0
  60540       0.07   34.15   -2.04   -2.04    0.58    0.43  0
  63331      37.42   12.55    2.69    2.62    0.79    0.78  0
  63451      38.95    8.73    2.55    2.41    0.94    0.91  0
  GRG        77.00   28.40    2.02    1.54    0.52    0.22  0
  76161     248.95   29.10   -2.07   -2.26    0.48    0.38  0
  67231      36.53  -14.82    3.23    2.81    0.88    0.73  0
  62751      33.47   14.40    1.88    1.44    0.89    0.65  0
  16060       7.61   45.13    1.92    1.84    0.49    0.27  0
  RJM        73.90   25.00   -1.62   -1.82    0.42    0.26  0
  DRJ        88.20   27.00   -1.84   -1.99    0.41    0.32  0
  GUL        74.30   34.00   -2.05   -1.94    0.45    0.40  0
  MTL        79.60   29.60    1.95    1.61    0.48    0.32  0
  PBR        78.80   11.20    2.04    1.71    0.56    0.27  0
  KCP        79.70   12.80   -1.92   -2.28    0.60    0.43  0
  68098      14.65  -22.98    1.99    1.69    0.59    0.51  0
  68110      17.10  -22.56   -1.78   -1.95    0.34    0.28  0
  68116      18.97  -22.47    2.06    1.76    0.37    0.32  0
  MSB        77.20   31.10   -1.86   -2.09    0.32    0.33  0
  16058       6.82   44.93   -2.57   -2.67    0.65    0.61  0
