  14932     334.00  -23.73   -2.57   -2.43    0.48    0.43  0
  44029     289.40   42.50   -1.53   -1.74    0.36    0.22  0
  54553     206.13  -28.94   -1.60   -1.45    0.36    0.32  0
  9HA3289    24.90   35.60    1.86    1.82    0.76    0.70  0
  9V2782    125.40   -7.10    4.55    4.37    1.28    1.25  0
  9V5639    136.30   32.70   -1.75   -1.78    0.98    0.99  0
  APXF1     275.12   29.79    1.59    1.12    0.31    0.24  0
  AROP4     293.30   18.48    2.31    2.09    0.29    0.20  0
  BLIF1     278.48   30.39    1.78    1.25    0.34    0.25  0
  D5OY6     216.50   39.40   -1.92   -1.88    0.76    0.71  0
  DISW3     269.27   47.08   -2.00   -2.06    0.44    0.26  0
  FBIS1     280.11   32.68    1.63    1.20    0.33    0.20  0
  FCGT2     264.70   28.93    1.55    1.22    0.28    0.17  0
  FRDF1     278.53   30.67    1.53    1.04    0.36    0.26  0
  GDXM6     271.58   30.36    1.64    1.23    0.35    0.23  0
  GTXF1     278.78   29.66    2.17    1.68    0.66    0.55  0
  HPUO      120.50   36.00   -3.60   -3.56    0.78    0.59  0
  ILOH1     204.94   19.73   -3.03   -2.97    0.32    0.27  0
  K2L7      242.73   32.98    1.93    1.70    0.54    0.49  0
  K6L9      242.00   33.65    3.65    3.46    0.95    0.92  0
  KWHH1     204.17   20.04   -1.59   -1.59    0.49    0.51  0
  LAMV3     295.28   18.32    1.66    1.47    0.27    0.17  0
  LKWF1     279.97   26.61    1.60    1.12    0.24    0.14  0
  MLBD9     148.40   32.30    2.42    2.49    0.74    0.80  0
  MROS1     281.08   33.65    4.06    3.68    0.57    0.39  0
  ONIK      298.50   10.30    4.77    4.62    0.91    0.87  0
  PACF1     274.33   30.15    1.51    1.02    0.33    0.17  0
  PTAW1     236.56   48.12   -2.01   -2.14    0.55    0.32  0
  ROAM4     270.69   47.87   -3.17   -3.19    0.51    0.38  0
  SBPT2     266.13   29.73    1.88    1.57    0.31    0.16  0
  SDHN4     285.99   40.47    1.63    1.33    0.44    0.33  0
  SGNW3     272.31   43.75   -1.68   -1.87    0.43    0.26  0
  STDM4     272.78   47.18   -3.49   -3.54    0.43    0.27  0
  TRDF1     279.41   28.42    2.12    1.67    0.35    0.30  0
  VDZA2     213.64   61.13   -1.82   -1.86    0.69    0.55  0
  VREM6     124.70    2.90    2.16    2.09    0.60    0.53  0
  VRFI7     125.60    1.50    2.36    2.33    0.88    0.89  0
  VRID2     122.70   25.30    5.71    5.57    0.99    0.88  0
  WFLH      228.30   30.80    2.53    2.57    0.78    0.76  0
  WTEF      235.30   44.80   -2.00   -2.09    0.51    0.51  0
  WTEY      197.60    6.40   -1.62   -1.57    0.38    0.25  0
  2FRE8      91.30    6.00    1.63    1.50    0.76    0.77  0
  3FRT8     121.70   38.90   -2.57   -2.47    0.64    0.54  0
  95392      20.10   35.50   -3.10   -3.13    0.58    0.50  0
  D5LJ2     325.30   32.30    4.24    4.11    0.87    0.83  0
  LAQL7     314.50    1.90    4.74    4.66    1.07    1.03  0
  UBSH5     148.60   47.80   -3.82   -3.72    0.94    0.81  0
  VRQE9     119.70   35.00   -3.25   -3.27    1.06    0.97  0
  VRXL8     325.60   -9.10    1.62    1.65    0.80    0.80  0
  WDH6745   220.30   27.90    2.12    2.15    0.63    0.63  0
  WPAJ      264.80   29.70    1.67    1.29    0.82    0.84  0
  WRJP      222.00   28.60    1.66    1.67    0.67    0.60  0
  J8QB8     294.20   18.50    3.32    3.11    0.77    0.70  0
  VRLQ4      95.80    6.00   -1.63   -1.64    1.00    0.94  0
  WTDL      278.20   24.60   -2.49   -2.78    0.96    0.98  0
  WTER      279.80   32.20   -2.95   -3.18    0.67    0.56  0
  V7QJ5     351.40    2.90    2.63    2.63    0.91    0.85  0
  WCAJ      232.10   48.90    4.69    4.73    0.55    0.49  0
  C6YA7      52.90   25.10    5.41    5.24    0.75    0.67  0
  VRIZ5     283.10   33.40    2.24    2.18    0.91    0.84  0
  H8SX      285.10   11.10    2.40    2.29    0.66    0.58  0
  WLPI       50.60   13.50   -3.43   -3.47    0.70    0.68  0
  PBGH        2.30   53.80   -1.73   -1.74    0.55    0.46  0
  VNSZ      144.90  -37.80   -2.87   -2.61    0.63    0.48  0
  CQHW      176.10  -41.20   -3.53   -3.48    1.07    1.04  0
  15673     350.42  -25.48   -1.70   -1.60    0.35    0.31  0
  VREO2     280.90  -11.10    4.07    3.94    1.14    1.05  0
  VRFN8     107.60    6.60    4.21    4.16    1.07    1.03  0
  D5HE9     231.50  -12.10    3.44    3.44    1.14    1.19  0
  9HA4871   224.20   43.40    3.71    3.79    1.14    1.17  0
  VTZJ       80.30   13.10    3.17    2.87    0.39    0.38  0
