14932         14  334.00  -23.73  231.00   -2.57   -2.43    0.48    0.43 1227.00    0.00  0
                   -2.58   -2.47    0.41    0.34
                       0   -2.70   -2.88    0.47    0.57
44029        183  289.40   42.50  185.00   -1.53   -1.74    0.36    0.22 1109.00    6.00  0
                   -1.48   -1.70    0.32    0.17
                       0   -1.42   -1.67    0.25    0.38
54553        315  206.13  -28.94  227.00   -1.60   -1.45    0.36    0.32 1345.00    0.00  0
                   -1.57   -1.42    0.30    0.25
                       0   -1.48   -1.53    0.33    0.19
9HA3289      427   24.90   35.60   61.00    1.86    1.82    0.76    0.70   71.00    0.00  0
                    2.10    2.00    0.59    0.59
                       7    2.10    1.80    0.44    0.89
9V2782       445  125.40   -7.10   60.00    4.55    4.37    1.28    1.25   75.00    9.00  0
                    4.70    4.60    0.74    0.89
                       2    4.55    4.95    1.19    0.74
9V5639       449  136.30   32.70  139.00   -1.75   -1.78    0.98    0.99  507.00    2.00  0
                   -1.76   -1.72    0.95    0.93
                       0   -1.79   -0.84    0.47    0.70
APXF1        497  275.12   29.79  179.00    1.59    1.12    0.31    0.24 4028.00    0.00  0
                    1.79    1.08    0.40    0.19
                       2    1.60    1.45    0.26    0.30
AROP4        498  293.30   18.48  230.00    2.31    2.09    0.29    0.20 2694.00    0.00  0
                    2.32    2.11    0.28    0.20
                       0    2.42    1.97    0.27    0.28
BLIF1        547  278.48   30.39  148.00    1.78    1.25    0.34    0.25  366.00    0.00  0
                    1.82    1.25    0.32    0.22
                       0    1.85    1.60    0.37    0.30
D5OY6        625  216.50   39.40   64.00   -1.92   -1.88    0.76    0.71   72.00    2.00  0
                   -1.75   -1.75    0.59    0.70
                       5   -1.75   -1.60    0.67    0.74
DISW3        659  269.27   47.08  231.00   -2.00   -2.06    0.44    0.26 1385.00    0.00  0
                   -1.98   -2.07    0.44    0.25
                       0   -2.01   -2.28    0.26    0.74
FBIS1        672  280.11   32.68  231.00    1.63    1.20    0.33    0.20 1385.00    0.00  0
                    1.67    1.22    0.27    0.17
                       0    1.64    1.42    0.21    0.28
FCGT2        673  264.70   28.93  230.00    1.55    1.22    0.28    0.1713344.00    0.00  0
                    1.55    1.26    0.27    0.14
                       0    1.55    1.40    0.15    0.26
FRDF1        681  278.53   30.67  115.00    1.53    1.04    0.36    0.26  259.00    0.00  0
                    1.50    1.00    0.30    0.30
                       0    1.75    1.40    0.37    0.30
GDXM6        690  271.58   30.36  231.00    1.64    1.23    0.35    0.23 5420.00    0.00  0
                    1.62    1.24    0.28    0.20
                       0    1.70    1.42    0.26    0.33
GTXF1        697  278.78   29.66  231.00    2.17    1.68    0.66    0.55 5524.00    0.00  0
                    2.33    1.85    0.89    0.77
                       0    2.70    1.40    0.33    0.28
HPUO         707  120.50   36.00  201.00   -3.60   -3.56    0.78    0.59  202.00    1.00  0
                   -3.60   -3.50    0.59    0.59
                       0   -3.40   -3.70    0.59    1.11
ILOH1        710  204.94   19.73  230.00   -3.03   -2.97    0.32    0.2713538.00    0.00  0
                   -3.01   -2.96    0.30    0.24
                       0   -2.85   -2.97    0.26    0.31
K2L7         727  242.73   32.98  116.00    1.93    1.70    0.54    0.49  184.00    0.00  0
                    1.92    1.65    0.54    0.44
                       1    1.73    1.62    0.41    0.56
K6L9         728  242.00   33.65  116.00    3.65    3.46    0.95    0.92  183.00    0.00  0
                    3.72    3.50    1.11    1.11
                       1    3.45    3.97    1.11    0.82
KWHH1        745  204.17   20.04  230.00   -1.59   -1.59    0.49    0.51 2566.00    1.00  0
                   -1.55   -1.52    0.39    0.34
                       0   -1.41   -1.43    0.36    0.25
LAMV3        748  295.28   18.32  230.00    1.66    1.47    0.27    0.17 2732.00    0.00  0
                    1.64    1.48    0.24    0.16
                       0    1.62    1.40    0.14    0.27
LKWF1        765  279.97   26.61  231.00    1.60    1.12    0.24    0.1413675.00    0.00  0
                    1.61    1.12    0.22    0.14
                       0    1.65    1.28    0.17    0.24
MLBD9        787  148.40   32.30   69.00    2.42    2.49    0.74    0.80   83.00    4.00  0
                    2.40    2.40    0.89    0.89
                      11    2.20    2.50    0.85    0.96
MROS1        796  281.08   33.65  104.00    4.06    3.68    0.57    0.39  237.00    0.00  0
                    4.10    3.70    0.46    0.30
                       0    4.10    4.05    0.44    0.49
ONIK         827  298.50   10.30  102.00    4.77    4.62    0.91    0.87  142.00   15.00  0
                    4.80    4.65    0.74    0.67
                       0    4.30    5.34    0.89    0.82
PACF1        837  274.33   30.15  230.00    1.51    1.02    0.33    0.1716238.00   19.00  0
                    1.49    1.01    0.29    0.18
                       0    1.59    1.35    0.44    0.32
PTAW1        875  236.56   48.12  230.00   -2.01   -2.14    0.55    0.32 2565.00    0.00  0
                   -2.05   -2.18    0.55    0.34
                       0   -1.96   -2.19    0.47    0.84
ROAM4        889  270.69   47.87  230.00   -3.17   -3.19    0.51    0.38 1371.00    0.00  0
                   -3.10   -2.88    0.48    0.37
                       0   -3.01   -3.44    0.38    0.77
SBPT2        903  266.13   29.73  230.00    1.88    1.57    0.31    0.16 2562.00    0.00  0
                    1.87    1.57    0.27    0.14
                       0    1.88    1.76    0.24    0.35
SDHN4        905  285.99   40.47   97.00    1.63    1.33    0.44    0.33  208.00   21.00  0
                    1.66    1.40    0.36    0.30
                       0    1.52    1.50    0.56    0.34
SGNW3        910  272.31   43.75  231.00   -1.68   -1.87    0.43    0.26 1382.00    0.00  0
                   -1.63   -1.80    0.42    0.25
                       0   -1.51   -2.19    0.23    0.44
STDM4        928  272.78   47.18  231.00   -3.49   -3.54    0.43    0.27 1385.00    0.00  0
                   -3.47   -3.55    0.35    0.27
                       0   -3.45   -3.81    0.32    0.54
TRDF1        953  279.41   28.42  119.00    2.12    1.67    0.35    0.30  269.00    0.00  0
                    2.13    1.70    0.35    0.30
                       0    2.32    1.99    0.26    0.38
VDZA2        985  213.64   61.13  221.00   -1.82   -1.86    0.69    0.55 2467.00    0.00  0
                   -1.78   -1.77    0.60    0.46
                       0   -1.34   -1.62    0.52    0.47
VREM6       1003  124.70    2.90  142.00    2.16    2.09    0.60    0.53  144.00    2.00  0
                    2.20    2.10    0.59    0.44
                       0    2.30    2.10    0.52    0.52
VRFI7       1005  125.60    1.50  120.00    2.36    2.33    0.88    0.89  125.00    0.00  0
                    2.40    2.65    0.89    0.82
                       5    2.50    2.00    0.82    0.67
VRID2       1011  122.70   25.30   68.00    5.71    5.57    0.99    0.88  128.00   60.00  0
                    6.00    5.80    0.44    0.59
                       0    5.75    6.05    1.11    0.22
WFLH        1082  228.30   30.80   89.00    2.53    2.57    0.78    0.76   91.00    0.00  0
                    2.60    2.60    0.74    0.74
                       5    2.90    2.45    0.44    0.52
WTEF        1107  235.30   44.80  213.00   -2.00   -2.09    0.51    0.51 1237.00    0.00  0
                   -2.08   -2.20    0.46    0.49
                       0   -1.79   -2.29    0.44    0.33
WTEY        1110  197.60    6.40  102.00   -1.62   -1.57    0.38    0.25  547.00    0.00  0
                   -1.66   -1.56    0.33    0.23
                       9   -1.69   -1.65    0.35    0.30
2FRE8       1142   91.30    6.00   68.00    1.63    1.50    0.76    0.77  108.00    3.00  0
                    1.58    1.50    0.56    0.63
                      39    1.62    1.52    0.70    0.52
3FRT8       1161  121.70   38.90  187.00   -2.57   -2.47    0.64    0.54  188.00    0.00  0
                   -2.50   -2.40    0.59    0.59
                       0   -2.15   -2.40    0.37    0.59
95392       1168   20.10   35.50   75.00   -3.10   -3.13    0.58    0.50   95.00    0.00  0
                   -3.00   -3.05    0.59    0.52
                       7   -2.82   -3.30    0.37    0.82
D5LJ2       1214  325.30   32.30   86.00    4.24    4.11    0.87    0.83   87.00    0.00  0
                    4.20    4.10    0.89    0.74
                       1    3.80    4.20    0.59    0.59
LAQL7       1232  314.50    1.90   25.00    4.74    4.66    1.07    1.03   33.00    6.00  0
                    4.90    4.80    1.33    1.04
                      31 -999.00 -999.00 -999.00 -999.00
UBSH5       1263  148.60   47.80   96.00   -3.82   -3.72    0.94    0.81   98.00    1.00  0
                   -4.00   -3.80    0.89    0.74
                       1   -3.85   -4.20    0.89    0.44
VRQE9       1284  119.70   35.00   29.00   -3.25   -3.27    1.06    0.97   30.00    0.00  0
                   -3.30   -3.10    1.48    1.48
                       2 -999.00 -999.00 -999.00 -999.00
VRXL8       1285  325.60   -9.10   82.00    1.62    1.65    0.80    0.80  208.00    0.00  0
                    1.67    1.69    0.85    0.89
                      30    1.20    1.60    0.84    1.01
WDH6745     1293  220.30   27.90   62.00    2.12    2.15    0.63    0.63   63.00    0.00  0
                    2.00    2.10    0.74    0.59
                       3    2.00    1.95    0.59    0.74
WPAJ        1378  264.80   29.70  139.00    1.67    1.29    0.82    0.84  208.00    0.00  0
                    1.50    1.00    0.59    0.52
                       0    1.40    2.20    0.30    0.44
WRJP        1463  222.00   28.60   61.00    1.66    1.67    0.67    0.60   65.00    2.00  0
                    1.60    1.70    0.44    0.74
                       1    1.55    1.75    0.82    0.37
J8QB8       1534  294.20   18.50   63.00    3.32    3.11    0.77    0.70   68.00    2.00  0
                    3.30    3.20    0.74    0.74
                       4    3.35    3.40    1.11    0.82
VRLQ4       1566   95.80    6.00   65.00   -1.63   -1.64    1.00    0.94   66.00    0.00  0
                   -1.50   -1.50    0.74    0.59
                       7   -2.10   -1.45    1.11    0.44
WTDL        1608  278.20   24.60  194.00   -2.49   -2.78    0.96    0.98 1092.00    0.00  0
                   -2.80   -3.30    0.75    0.42
                       9   -3.06   -1.15    0.31    0.33
WTER        1609  279.80   32.20  185.00   -2.95   -3.18    0.67    0.56 1741.00   22.00  0
                   -2.92   -3.25    0.64    0.52
                       0   -2.38   -3.68    0.49    0.51
V7QJ5       1663  351.40    2.90   70.00    2.63    2.63    0.91    0.85   71.00    0.00  0
                    2.70    2.80    0.59    0.59
                       7    2.40    3.00    0.74    0.59
WCAJ        1690  232.10   48.90   83.00    4.69    4.73    0.55    0.49  108.00    0.00  0
                    4.70    4.70    0.59    0.37
                       0    4.75    4.60    0.48    0.44
C6YA7       1742   52.90   25.10   59.00    5.41    5.24    0.75    0.67  105.00   20.00  0
                    5.40    5.30    0.74    0.59
                       7    5.07    5.65    0.52    0.52
VRIZ5       1809  283.10   33.40   60.00    2.24    2.18    0.91    0.84   76.00    0.00  0
                    2.25    2.28    0.82    0.67
                       0    2.40    2.10    1.26    0.93
H8SX        2028  285.10   11.10   59.00    2.40    2.29    0.66    0.58   91.00    2.00  0
                    2.45    2.40    0.67    0.59
                      12    2.47    2.55    0.52    0.78
WLPI        2046   50.60   13.50   58.00   -3.43   -3.47    0.70    0.68   61.00    0.00  0
                   -3.10   -2.80    0.96    1.04
                       0   -3.40   -3.60    0.44    0.89
PBGH        2052    2.30   53.80   59.00   -1.73   -1.74    0.55    0.46  100.00    0.00  0
                   -1.70   -1.75    0.52    0.37
                       5   -1.95   -1.50    0.89    0.30
VNSZ        2214  144.90  -37.80  157.00   -2.87   -2.61    0.63    0.48  822.00    1.00  0
                   -2.82   -2.62    0.62    0.42
                       0   -2.90   -2.84    0.43    0.53
CQHW        2257  176.10  -41.20   48.00   -3.53   -3.48    1.07    1.04   51.00    0.00  0
                   -3.60   -3.35    1.33    1.19
                      25 -999.00 -999.00 -999.00 -999.00
15673       2264  350.42  -25.48   89.00   -1.70   -1.60    0.35    0.31  223.00    0.00  0
                   -1.70   -1.60    0.39    0.30
                       0   -1.87   -1.58    0.40    0.25
VREO2       2310  280.90  -11.10   37.00    4.07    3.94    1.14    1.05   58.00    3.00  0
                    3.90    3.85    1.19    0.96
                       0 -999.00 -999.00 -999.00 -999.00
VRFN8       2313  107.60    6.60   44.00    4.21    4.16    1.07    1.03   48.00    1.00  0
                    4.20    4.10    0.82    0.89
                       1 -999.00 -999.00 -999.00 -999.00
D5HE9       2436  231.50  -12.10   28.00    3.44    3.44    1.14    1.19   29.00    0.00  0
                    3.80    3.70    0.74    0.96
                       1 -999.00 -999.00 -999.00 -999.00
9HA4871     2453  224.20   43.40   21.00    3.71    3.79    1.14    1.17   24.00    2.00  0
                    3.70    3.60    2.08    1.93
                       0 -999.00 -999.00 -999.00 -999.00
VTZJ        2488   80.30   13.10   74.00    3.17    2.87    0.39    0.38  149.00    0.00  0
                    3.15    2.85    0.37    0.37
                       4    3.07    3.22    0.33    0.44
