13610       1362   20.42   42.03  231.00   -0.41   -0.38    1.57    1.39  451.00    4.00  3
                   -0.40   -0.35    1.56    1.26
                       0   -0.35   -0.50    1.52    2.19
13625       1368   20.14   40.08  232.00    0.23    0.36    1.43    1.33  449.00    1.00  3
                    0.10    0.68    1.78    1.74
                       0    0.15    0.52    1.59    2.08
36806       2838   82.48   45.30  230.00    1.70    1.57    1.42    1.25  232.00    2.00  3
                    1.80    1.60    1.33    1.19
                       0    1.55    1.10    1.11    1.70
37785       2892   44.40   40.34  183.00   -1.66   -1.55    1.45    1.26  231.00    9.00  3
                   -1.60   -1.50    1.48    1.33
                       0   -1.75   -1.40    1.11    0.82
37897       2899   46.03   39.50  187.00    0.71    0.80    1.35    1.26  230.00    3.00  3
                    0.80    0.90    1.19    1.19
                       0    0.95    0.45    1.11    0.82
38705       2955   67.63   39.47  232.00   -0.39   -0.35    1.34    1.28  459.00    1.00  3
                   -0.35   -0.30    1.04    0.96
                       0   -0.47   -0.15    0.63    0.85
38836       2968   68.78   38.54  219.00   -0.75   -0.55    1.80    1.75  463.00   37.00  3
                   -0.45   -0.70    1.93    1.78
                       0    2.05   -1.17    1.15    1.41
41515       3153   71.78   35.57  211.00   -1.30   -1.16    1.71    1.66  228.00   17.00  3
                   -1.20   -1.10    2.22    1.93
                       0   -0.70   -0.75    2.30    1.85
41560       3155   70.08   33.86  227.00   -0.87   -0.81    1.59    1.56  436.00    9.00  3
                   -0.95   -0.90    1.56    1.56
                       0   -0.30   -0.35    2.11    1.19
41739       3174   64.09   26.97  222.00   -0.93   -0.95    1.30    1.19  277.00    6.00  3
                   -1.00   -1.10    1.30    1.11
                       0   -1.02   -1.35    1.70    1.04
41744       3175   66.63   27.83  222.00   -0.36   -0.50    1.58    1.50  287.00   13.00  3
                   -0.18   -0.30    1.67    1.48
                       0    0.30   -0.90    2.08    1.70
42044       3225   75.08   33.58  171.00    1.56    1.64    1.51    1.30  278.00    7.00  3
                    1.90    1.90    1.41    1.19
                       1    1.85    1.80    1.37    1.00
48952       3797  106.43   15.68  171.00    1.21    1.00    1.58    1.41  278.00    8.00  3
                    0.90    0.70    1.63    1.41
                       1    0.32    2.35    0.78    1.19
68823       4404   22.02  -33.18  192.00    0.24    0.30    1.62    1.60  451.00   82.00  3
                    0.75    0.80    1.26    1.04
                       0    1.05    1.02    0.59    0.78
70260       4442  210.92   64.55   43.00   -0.34   -0.40    2.10    2.12  182.00  139.00  3
                   -0.20   -0.10    2.08    1.93
                       0 -999.00 -999.00 -999.00 -999.00
71568       4793  230.07   50.45  169.00   -1.46   -1.34    1.84    1.84  441.00  129.00  3
                   -1.95   -1.90    1.63    1.71
                       0   -3.00   -1.10    0.59    2.59
71680       4871  246.15   63.60  182.00   -0.63   -0.50    1.48    1.33  231.00   17.00  3
                   -0.58   -0.50    1.08    0.93
                       1   -0.10   -0.60    2.97    0.30
71776       4937  242.71   49.49  228.00   -0.32   -0.46    1.30    0.94  456.00    1.00  3
                   -0.10   -0.30    1.59    0.96
                       0   -0.03   -0.35    1.93    1.07
76855       5331  263.52   15.65  187.00    0.86    0.62    1.38    1.29  330.00    2.00  3
                    1.25    0.95    1.78    1.71
                       0    2.25    2.03    0.63    0.44
80428       5407  290.27    9.02  141.00   -0.01   -0.33    1.36    1.24  194.00    5.00  3
                   -0.20   -0.50    1.19    1.19
                       0   -0.92    0.25    0.93    1.56
84063       5508  283.12    0.10  121.00   -0.48   -0.69    1.42    0.91  143.00    3.00  3
                   -0.50   -0.70    1.41    0.74
                       0   -1.05    0.52    1.41    1.63
84099       5511  283.02   -0.46  119.00   -0.15   -0.36    1.35    0.81  141.00    0.00  3
                   -0.10   -0.30    1.48    0.74
                       0   -0.50    0.50    1.33    1.19
84163       5517  281.94   -1.50  120.00   -1.55   -1.78    1.38    1.03  142.00    0.00  3
                   -1.58   -1.67    1.82    1.37
                       0   -1.35   -2.10    1.85    1.93
84564       5540  283.80   -9.86  117.00   -0.32   -0.53    1.40    1.24  168.00    0.00  3
                    0.05   -0.35    1.71    1.41
                       0    0.70    0.15    1.70    2.00
85114       5554  295.85  -13.33  167.00    0.42    0.01    1.47    1.12  224.00    3.00  3
                    0.60    0.30    1.48    1.04
                       0   -0.88    0.50    1.22    0.96
85766       5588  287.92  -39.65  231.00   -0.63   -0.56    1.36    1.24  280.00    0.00  3
                   -0.80   -0.65    1.33    1.11
                       0   -1.35    0.85    1.33    1.85
86033       5592  301.84  -20.21  125.00    1.33    0.93    1.42    1.15  216.00   21.00  3
                    1.45    1.15    1.26    0.74
                       0    1.65    0.95    1.00    2.22
86128       5596  301.22  -23.50   55.00   -0.85   -1.04    1.78    1.33  135.00   69.00  3
                   -0.90   -1.00    2.08    1.78
                      45 -999.00 -999.00 -999.00 -999.00
86192       5600  303.55  -24.66  213.00   -0.19   -0.26    1.40    1.15  381.00    4.00  3
                   -0.40   -0.40    1.33    1.19
                       0   -1.22   -0.45    1.07    0.93
86221       5603  302.87  -25.63  220.00    0.33    0.29    1.44    1.23  417.00   20.00  3
                    0.35    0.30    1.63    1.33
                       0   -0.40   -0.32    1.15    2.37
86285       5609  304.67  -26.83  163.00    0.14    0.11    1.50    1.35  224.00   14.00  3
                    0.30    0.25    1.41    1.26
                       0    0.30   -0.50    0.67    3.48
87852       5685  288.98  -46.52  157.00    0.50    0.36    1.35    1.24  157.00    0.00  3
                    0.50    0.40    1.33    1.33
                       0    0.40    0.45    1.63    1.04
88903       5698  323.50  -54.27  230.00   -0.60   -0.56    1.32    1.08 1159.00    0.00  3
                   -0.65   -0.56    1.39    0.96
                       0   -0.65    0.08    1.41    1.21
89055       5709  303.28  -64.23  231.00    0.18    0.30    1.34    0.93  451.00    0.00  3
                    0.15    0.40    1.26    0.82
                       0   -0.05    1.08    1.00    0.89
91324       5750  149.19    7.35  107.00   -0.89   -0.92    1.36    1.24  110.00    3.00  3
                   -1.00   -1.00    1.63    1.48
                       1   -2.05    0.25    0.74    1.04
ANT         6484   83.00   17.70  213.00    1.03    0.86    2.33    2.33 1309.00  141.00  3
                    1.30    1.17    3.02    2.90
                       0    3.79   -1.53    0.82    1.51
ASW         6487   79.10   11.10  230.00    0.30    0.33    2.10    1.82 1292.00   14.00  3
                    0.12    0.20    2.45    2.22
                       0   -2.99    3.16    0.96    1.21
ATN         6488   75.20   33.70  230.00   -1.84   -1.74    1.56    1.39 1267.00   26.00  3
                   -1.88   -1.74    1.88    1.41
                       0   -2.09   -0.28    1.62    1.49
GPR         6579   75.20   33.20  231.00   -2.02   -1.97    1.34    1.09 1288.00    4.00  3
                   -2.43   -2.30    1.16    0.89
                       0   -2.45   -2.28    1.27    1.30
KRD         6621   85.80   20.20   77.00    0.75    0.51    2.08    2.06  543.00  395.00  3
                    1.10    0.70    2.37    2.63
                       0    2.82    0.32    1.28    2.37
NND         6662   73.20   19.00  211.00   -1.26   -1.34    1.52    1.36 1227.00    9.00  3
                   -1.50   -1.52    1.41    1.25
                       0   -2.59    1.08    1.21    1.15
PAT         6670   86.00   25.00  224.00    1.55    1.19    1.42    1.20 1312.00   97.00  3
                    1.22    0.85    1.58    1.27
                       0    1.86    0.22    1.21    0.53
PTL         6684   76.30   20.30  151.00    0.03   -0.19    2.04    1.99  606.00   27.00  3
                    0.13   -0.05    2.22    2.15
                       1   -0.35    2.20    1.84    1.01
SBG         6697   77.10   31.60   30.00   -1.02   -1.10    1.33    1.22  605.00  456.00  3
                   -1.20   -1.33    0.79    0.53
                       0 -999.00 -999.00 -999.00 -999.00
SEN         6702   94.00   25.30  173.00    1.40    1.23    2.67    2.73 1163.00  450.00  3
                    2.47    2.50    0.89    0.59
                       0    2.98   -4.12    0.49    0.43
40988       6911   64.37   31.55   66.00    0.85    0.68    1.56    1.38   93.00    6.00  3
                    0.80    0.67    1.37    1.22
                      27    0.70    1.20    1.52    1.37
42078       6915   76.97   31.72   27.00    1.20    0.82    2.27    2.24   57.00   30.00  3
                    1.30    0.70    3.71    2.08
                       2 -999.00 -999.00 -999.00 -999.00
42527       6921   94.16   25.63   59.00    1.99    1.59    1.48    1.57  108.00   49.00  3
                    2.20    1.70    1.63    1.78
                       2    2.15    2.15    1.56    1.48
42767       6926   78.43   22.46   85.00   -0.73   -1.01    2.11    2.06  111.00   25.00  3
                   -0.80   -1.30    2.22    2.37
                       2   -1.50   -1.65    2.08    2.37
42805       6927   87.95   22.50   69.00    1.96    1.54    1.53    1.48   97.00   27.00  3
                    2.30    2.00    1.04    0.89
                       2    2.55    2.10    0.67    1.11
43125       6941   77.53   17.91   58.00    1.15    0.89    1.31    1.34   64.00    5.00  3
                    1.40    1.20    0.74    0.37
                       2    1.30    1.80    0.30    0.82
43133       6942   79.25   17.00   22.00    1.40    0.80    1.40    1.40   56.00   34.00  3
                    1.45    0.90    1.71    1.41
                       2 -999.00 -999.00 -999.00 -999.00
43263       6964   76.33   12.96   40.00   -1.19   -1.37    1.50    1.52   60.00   18.00  3
                   -1.50   -1.70    1.33    1.19
                       2 -999.00 -999.00 -999.00 -999.00
43302       6974   78.56   12.48   91.00    0.10    0.15    1.86    2.11  109.00   17.00  3
                    0.30    0.50    2.08    2.37
                       2    0.90   -0.25    1.85    1.85
43341       6981   77.00   10.28   91.00   -1.67   -1.68    1.31    1.28  114.00   23.00  3
                   -1.60   -1.80    1.48    1.33
                       2   -3.15   -1.45    0.67    0.52
82246       7195  305.05   -2.63  149.00    1.79    1.52    1.36    1.11  159.00    9.00  3
                    1.80    1.50    1.48    1.19
                       0    0.40    2.20    1.41    1.63
83970       7219  309.10  -31.25   95.00   -0.22   -0.25    1.35    1.26  130.00   35.00  3
                    0.00    0.10    0.74    0.59
                       0   -0.10    0.10    0.59    1.04
80427       7332  290.77    9.55   46.00    0.61    0.29    1.81    1.69   65.00    5.00  3
                    0.77    0.50    2.04    2.04
                       0 -999.00 -999.00 -999.00 -999.00
43356       7343   77.13   10.00   48.00    0.55    0.49    2.09    1.88   57.00    8.00  3
                    0.55    0.45    2.52    2.15
                       3 -999.00 -999.00 -999.00 -999.00
RCW         7385   78.50   30.20   24.00   -0.06   -0.63    2.40    2.37   34.00    0.00  3
                   -1.58   -2.15    0.44    0.33
                       2 -999.00 -999.00 -999.00 -999.00
80214       7547  284.85    4.43   34.00   -0.68   -0.73    1.43    1.19   55.00    4.00  3
                   -0.98   -0.85    1.59    1.19
                      33 -999.00 -999.00 -999.00 -999.00
AHM         7590   72.60   23.00   53.00   -2.40   -2.56    0.77    0.85  352.00  118.00  2
                   -2.50   -2.86    0.74    0.71
                      18 -999.00 -999.00 -999.00 -999.00
41516       7726   74.33   35.92   21.00   -0.21    0.01    1.90    1.76   35.00   13.00  3
                   -0.20    0.20    3.26    2.37
                      36 -999.00 -999.00 -999.00 -999.00
41565       7729   71.88   33.82   33.00    1.70    1.57    1.50    1.64   35.00    1.00  3
                    2.10    1.90    1.93    1.48
                      36 -999.00 -999.00 -999.00 -999.00
13611       1363   19.45   41.30   11.00   -3.25   -3.09    0.69    0.50  339.00  325.00  1
                   -3.60   -3.20    0.30    0.59
                       0 -999.00 -999.00 -999.00 -999.00
13615       1364   19.78   41.33    1.00    5.40    4.50    0.00    0.00 1188.00 1187.00  1
                 -999.00 -999.00 -999.00 -999.00
                       0 -999.00 -999.00 -999.00 -999.00
35927       2779   55.08   45.25    2.00   -2.15   -2.30    1.35    1.40  232.00  230.00  1
                 -999.00 -999.00 -999.00 -999.00
                       0 -999.00 -999.00 -999.00 -999.00
36126       2802   75.70   50.80   22.00    3.52    3.26    0.36    0.23  232.00  210.00  1
                    3.50    3.25    0.30    0.22
                       0 -999.00 -999.00 -999.00 -999.00
36871       2844   76.75   43.18    4.00   -5.45   -4.45    0.54    0.05  343.00  339.00  1
                 -999.00 -999.00 -999.00 -999.00
                       0 -999.00 -999.00 -999.00 -999.00
38719       2959   68.88   39.07   13.00    3.39    3.45    1.31    1.29  118.00  105.00  1
                    3.90    4.10    0.30    0.44
                       1 -999.00 -999.00 -999.00 -999.00
38944       2979   69.38   37.47    3.00   -1.73   -1.57    2.44    2.25  463.00  460.00  1
                 -999.00 -999.00 -999.00 -999.00
                       0 -999.00 -999.00 -999.00 -999.00
40732       3038   50.66   36.90    1.00   -3.20   -3.90    0.00    0.00  464.00  463.00  1
                 -999.00 -999.00 -999.00 -999.00
                       0 -999.00 -999.00 -999.00 -999.00
40741       3045   61.17   36.54   68.00   -3.21   -3.21    0.51    0.45  445.00  356.00  1
                   -3.30   -3.32    0.44    0.26
                       0   -3.30   -3.30    0.44    0.44
40942       3095   65.26   33.53    7.00   -3.64   -3.58    1.02    1.09  301.00  292.00  1
                   -4.00   -3.90    0.15    0.44
                       0 -999.00 -999.00 -999.00 -999.00
42056       3227   74.83   32.66    2.00   -3.45   -3.10    0.35    0.50  454.00  452.00  1
                 -999.00 -999.00 -999.00 -999.00
                       0 -999.00 -999.00 -999.00 -999.00
43226       3266   74.45   14.28   65.00    3.20    3.27    0.64    0.58  456.00  371.00  1
                    3.30    3.40    0.30    0.22
                       0    3.12    3.47    0.37    0.44
43418       3296   81.25    8.58   11.00    3.57    3.52    0.37    0.20  346.00  335.00  1
                    3.60    3.60    0.30    0.00
                       0 -999.00 -999.00 -999.00 -999.00
44266       3338   93.90   46.32    1.00   -1.80   -1.70    0.00    0.00  420.00  419.00  1
                 -999.00 -999.00 -999.00 -999.00
                       0 -999.00 -999.00 -999.00 -999.00
44338       3357  102.17   44.65    1.00   -3.10   -3.10    0.00    0.00  420.00  419.00  1
                 -999.00 -999.00 -999.00 -999.00
                       0 -999.00 -999.00 -999.00 -999.00
44406       3365   80.95   29.25    3.00    3.50    3.83    0.08    0.40   45.00   42.00  1
                 -999.00 -999.00 -999.00 -999.00
                      79 -999.00 -999.00 -999.00 -999.00
44424       3369   82.17   29.28    3.00   -2.60   -2.73    1.49    1.72   44.00   41.00  1
                 -999.00 -999.00 -999.00 -999.00
                      79 -999.00 -999.00 -999.00 -999.00
47776       3562  134.90   34.33    7.00    3.30    3.36    0.33    0.38 1327.00 1319.00  1
                    3.20    3.60    0.59    0.15
                       0 -999.00 -999.00 -999.00 -999.00
48926       3789  100.43   20.25    3.00    2.47    2.17    0.77    0.52  260.00  257.00  1
                 -999.00 -999.00 -999.00 -999.00
                       1 -999.00 -999.00 -999.00 -999.00
60710       4114    8.75   36.95    2.00   -2.85   -3.30    0.25    0.30  457.00  455.00  1
                 -999.00 -999.00 -999.00 -999.00
                       0 -999.00 -999.00 -999.00 -999.00
61297       4161  354.32   11.35   46.00   -3.04   -3.17    0.49    0.42  325.00  272.00  1
                   -3.15   -3.30    0.52    0.30
                       1 -999.00 -999.00 -999.00 -999.00
63801       4197   29.63   -4.88    1.00    2.80    2.60    0.00    0.00  444.00  443.00  1
                 -999.00 -999.00 -999.00 -999.00
                       0 -999.00 -999.00 -999.00 -999.00
65101       4228    4.58    8.48   14.00   -3.20   -3.37    0.30    0.22   80.00   66.00  1
                   -3.20   -3.40    0.30    0.15
                       7 -999.00 -999.00 -999.00 -999.00
65522       4249  356.82   10.33    8.00    3.50    3.49    0.17    0.13  358.00  350.00  1
                    3.50    3.50    0.22    0.15
                       0 -999.00 -999.00 -999.00 -999.00
68188       4286   30.07  -23.77    1.00    4.50    4.20    0.00    0.00  461.00  460.00  1
                 -999.00 -999.00 -999.00 -999.00
                       0 -999.00 -999.00 -999.00 -999.00
68478       4338   29.88  -29.00   32.00   -3.41   -3.44    0.38    0.24  425.00  386.00  1
                   -3.50   -3.50    0.44    0.15
                       0 -999.00 -999.00 -999.00 -999.00
72214       5072  275.71   30.44    1.00    3.50    3.50    0.00    0.00  231.00  230.00  1
                 -999.00 -999.00 -999.00 -999.00
                       0 -999.00 -999.00 -999.00 -999.00
73005       5271  292.76   48.36    8.00    3.40    3.62    0.34    0.13  448.00  440.00  1
                    3.40    3.70    0.52    0.00
                       0 -999.00 -999.00 -999.00 -999.00
76220       5278  252.19   28.95    1.00    3.60    3.80    0.00    0.00  266.00  265.00  1
                 -999.00 -999.00 -999.00 -999.00
                       0 -999.00 -999.00 -999.00 -999.00
76856       5332  263.50   15.67   19.00   -3.11   -3.48    0.41    0.36  248.00  225.00  1
                   -3.25   -3.60    0.22    0.30
                      79 -999.00 -999.00 -999.00 -999.00
78714       5354  274.07   14.90    2.00    4.35    4.00    0.45    0.40  186.00  184.00  1
                 -999.00 -999.00 -999.00 -999.00
                       7 -999.00 -999.00 -999.00 -999.00
80036       5385  286.75   10.43    1.00    2.50    2.10    0.00    0.00  270.00  269.00  1
                 -999.00 -999.00 -999.00 -999.00
                       0 -999.00 -999.00 -999.00 -999.00
80099       5390  289.27    7.07    6.00   -1.58   -1.85    1.45    1.20  262.00  256.00  1
                   -1.55   -1.80    1.63    1.41
                       0 -999.00 -999.00 -999.00 -999.00
82181       5421  305.93   -2.00    1.00    4.10    3.70    0.00    0.00  152.00  151.00  1
                 -999.00 -999.00 -999.00 -999.00
                       0 -999.00 -999.00 -999.00 -999.00
82917       5449  292.20  -10.00    3.00   -2.70   -3.37    0.57    0.12  220.00  217.00  1
                 -999.00 -999.00 -999.00 -999.00
                       0 -999.00 -999.00 -999.00 -999.00
83309       5456  303.55  -14.40   15.00   -2.21   -2.31    0.95    0.77   92.00   77.00  1
                   -2.10   -2.40    1.33    0.89
                      79 -999.00 -999.00 -999.00 -999.00
83470       5470  309.08  -17.92    9.00   -3.22   -3.19    0.32    0.37  173.00  164.00  1
                   -3.20   -3.20    0.44    0.44
                       0 -999.00 -999.00 -999.00 -999.00
83676       5481  311.03  -21.13    7.00   -3.19   -2.96    0.44    0.39   99.00   92.00  1
                   -3.00   -2.90    0.59    0.44
                       1 -999.00 -999.00 -999.00 -999.00
84140       5516  280.52   -1.10    1.00    4.20    3.90    0.00    0.00  185.00  184.00  1
                 -999.00 -999.00 -999.00 -999.00
                       0 -999.00 -999.00 -999.00 -999.00
84474       5535  283.28   -7.22    1.00    6.50    3.70    0.00    0.00  139.00  138.00  1
                 -999.00 -999.00 -999.00 -999.00
                       0 -999.00 -999.00 -999.00 -999.00
91329       5751  151.90    8.55    6.00    2.90    2.83    0.90    0.87   87.00   81.00  1
                    3.30    3.20    0.37    0.37
                       1 -999.00 -999.00 -999.00 -999.00
96009       6317   97.20    5.23    2.00    3.90    3.30    0.60    0.40  462.00  460.00  1
                 -999.00 -999.00 -999.00 -999.00
                       0 -999.00 -999.00 -999.00 -999.00
96987       6376  114.38   -8.22    4.00   -2.99   -3.01    0.90    0.97  459.00  454.00  1
                 -999.00 -999.00 -999.00 -999.00
                       0 -999.00 -999.00 -999.00 -999.00
97072       6384  119.73   -0.68    2.00    2.50    2.55    0.20    0.05  460.00  458.00  1
                 -999.00 -999.00 -999.00 -999.00
                       0 -999.00 -999.00 -999.00 -999.00
GYL         6583   88.20   27.30   90.00    4.43    4.28    0.34    0.20 1322.00 1112.00  1
                    4.42    4.35    0.27    0.15
                       0    4.50    4.27    0.30    0.41
KIT         6608   76.40   29.80   10.00    3.41    2.70    0.41    0.31  811.00  796.00  1
                    3.31    2.68    0.17    0.19
                       2 -999.00 -999.00 -999.00 -999.00
LEH         6632   77.70   34.00   39.00   -4.21   -4.23    0.35    0.25  636.00  535.00  1
                   -4.25   -4.32    0.22    0.26
                       1 -999.00 -999.00 -999.00 -999.00
MGP         6640   77.00   28.80   41.00    0.82    0.45    1.23    1.17  797.00  735.00  1
                    0.85    0.60    0.52    0.30
                       0 -999.00 -999.00 -999.00 -999.00
MLD         6642   73.70   16.00    9.00   -3.23   -3.41    0.44    0.21 1315.00 1303.00  1
                   -3.10   -3.40    0.30    0.30
                       0 -999.00 -999.00 -999.00 -999.00
NSK         6665   73.70   20.00   27.00    3.57    3.47    0.53    0.27 1243.00 1204.00  1
                    3.60    3.55    0.44    0.22
                       0 -999.00 -999.00 -999.00 -999.00
SCD         6698   77.30   28.60    4.00    0.98    0.90    1.85    2.05  721.00  717.00  1
                 -999.00 -999.00 -999.00 -999.00
                       0 -999.00 -999.00 -999.00 -999.00
TUR         6724   90.20   25.50    9.00    3.78    3.01    0.47    0.45 1331.00 1305.00  1
                    4.20    3.05    0.44    0.62
                       0 -999.00 -999.00 -999.00 -999.00
14443       6788   16.27   42.40   22.00    3.71    3.55    0.40    0.23  339.00  313.00  1
                    3.75    3.50    0.48    0.19
                       0 -999.00 -999.00 -999.00 -999.00
42062       6914   76.38   32.27   11.00   -2.11   -2.26    0.98    0.96  107.00   96.00  1
                   -2.10   -2.50    0.59    0.44
                       2 -999.00 -999.00 -999.00 -999.00
43113       6939   74.05   17.51    4.00   -2.00   -2.12    1.51    1.62  115.00  111.00  1
                 -999.00 -999.00 -999.00 -999.00
                       2 -999.00 -999.00 -999.00 -999.00
43230       6961   75.91   14.50    1.00    3.80    3.50    0.00    0.00   21.00   20.00  1
                 -999.00 -999.00 -999.00 -999.00
                       2 -999.00 -999.00 -999.00 -999.00
43291       6972   76.70   12.30   12.00    3.03    3.21    0.79    0.71  113.00  101.00  1
                    3.20    3.45    0.30    0.22
                       2 -999.00 -999.00 -999.00 -999.00
43322       6978   76.93   11.93    2.00    3.45    3.15    0.35    0.35   13.00   11.00  1
                 -999.00 -999.00 -999.00 -999.00
                       2 -999.00 -999.00 -999.00 -999.00
68380       7081   30.12  -26.07   73.00    3.65    3.47    0.31    0.26  432.00  355.00  1
                    3.70    3.50    0.30    0.15
                       0    3.65    3.70    0.22    0.30
68396       7083   31.30  -26.53   13.00    3.39    3.26    0.31    0.30   77.00   62.00  1
                    3.30    3.20    0.30    0.59
                       2 -999.00 -999.00 -999.00 -999.00
USP70       7126  238.60   38.70   17.00    3.61    3.52    0.38    0.13 1027.00  916.00  1
                    3.56    3.57    0.32    0.04
                      20 -999.00 -999.00 -999.00 -999.00
BOP         7260   84.00   25.00    1.00   -1.70   -2.30    0.00    0.00   13.00   12.00  1
                 -999.00 -999.00 -999.00 -999.00
                      24 -999.00 -999.00 -999.00 -999.00
SHR         7458   80.20   13.70    3.00   -1.01   -1.21    2.90    2.85  376.00  369.00  1
                 -999.00 -999.00 -999.00 -999.00
                       6 -999.00 -999.00 -999.00 -999.00
HAT         7483   77.90   27.50   16.00    1.59    1.01    0.45    0.39  395.00  334.00  1
                    1.65    1.12    0.44    0.30
                      18 -999.00 -999.00 -999.00 -999.00
PNB         7500   89.30   26.30    1.00   -2.90   -3.20    0.00    0.00  287.00  286.00  1
                 -999.00 -999.00 -999.00 -999.00
                      18 -999.00 -999.00 -999.00 -999.00
RPG         7504   78.90   30.30    9.00   -3.26   -4.06    0.25    0.33  180.00  163.00  1
                   -3.27   -4.10    0.25    0.30
                      22 -999.00 -999.00 -999.00 -999.00
TLK         7507   87.90   22.20    6.00    2.72    2.45    0.39    0.27  358.00  346.00  1
                    2.73    2.35    0.48    0.23
                      18 -999.00 -999.00 -999.00 -999.00
35907       7542   50.03   45.02    3.00    3.37    3.23    0.26    0.25  129.00  126.00  1
                 -999.00 -999.00 -999.00 -999.00
                       0 -999.00 -999.00 -999.00 -999.00
38002       7544   51.97   44.73    9.00    0.79    0.38    1.31    1.23  128.00  119.00  1
                    0.10   -0.30    3.26    0.89
                       0 -999.00 -999.00 -999.00 -999.00
68328       7585   22.45  -26.05    1.00    3.50    3.20    0.00    0.00   18.00   17.00  1
                 -999.00 -999.00 -999.00 -999.00
                       6 -999.00 -999.00 -999.00 -999.00
GBG         7595   76.80   17.30    9.00    3.83    3.62    0.32    0.14  184.00  166.00  1
                    3.65    3.65    0.89    0.07
                      18 -999.00 -999.00 -999.00 -999.00
