14567          7   39.53  -32.17  226.00    0.47    0.50    1.30    1.22 1276.00   63.00  3
                    0.10    0.12    0.51    0.43
                       0    0.93    0.50    1.42    0.53
23091         47   89.24   17.83  222.00    0.40    0.22    1.31    1.26  440.00   21.00  3
                    0.03   -0.10    0.63    0.37
                       0    0.40    0.18    1.63    0.59
2FRK8         67  207.90   45.80  111.00   -1.00   -0.97    1.46    1.37  131.00    0.00  3
                   -1.00   -1.10    1.63    1.48
                       1   -1.65    0.20    1.78    1.41
33907         97  147.23  -53.44  230.00    0.11    0.16    1.43    1.15 1360.00   40.00  3
                    0.50    0.48    0.77    0.49
                       0    0.73    0.06    0.53    0.73
3ELP9        116  197.90   34.10   72.00    1.91    1.91    1.94    1.89   83.00    3.00  3
                    3.35    2.45    1.56    2.52
                       5    1.85    3.10    2.37    1.04
41064        150  283.10   34.20  194.00    0.24   -0.11    1.58    1.58 1150.00   25.00  3
                    0.61    0.27    0.52    0.38
                      34    0.48    1.19    0.47    0.22
73651        421  132.19  -61.43  183.00    0.45    0.40    1.38    1.06 1224.00  169.00  3
                    2.30    0.23    3.09    0.54
                       0    0.24    0.78    0.77    2.45
9HA3553      428  150.00   44.00   42.00    1.91    1.77    3.61    3.49   55.00    8.00  3
                    3.50    3.30    3.97    3.56
                       5 -999.00 -999.00 -999.00 -999.00
9HA3851      429  190.70   44.90   48.00   -1.75   -1.72    1.59    1.52   63.00    5.00  3
                   -1.80   -1.85    2.30    1.56
                      48 -999.00 -999.00 -999.00 -999.00
9HA4638      433  286.50   24.00  131.00    3.22    2.86    2.49    2.42  182.00    2.00  3
                    4.33    4.00    1.29    1.04
                       0    4.70   -0.20    0.67    1.00
9HJD9        434  225.60   58.20  156.00   -3.47   -3.55    1.68    1.68  271.00    7.00  3
                   -1.58   -3.90    3.56    0.78
                       2   -3.65   -4.30    0.82    0.89
9HJF9        435  219.30   59.50  118.00   -1.53   -1.48    2.53    2.41  137.00    0.00  3
                   -2.50   -2.45    2.67    2.45
                       0    0.90   -3.30    1.59    0.70
9HRJ9        438  236.10   48.20  215.00   -0.27   -0.27    1.37    1.26  575.00    7.00  3
                   -0.25   -0.22    1.11    1.00
                       0    0.77   -0.58    0.89    0.80
9HSJ7        439   60.50   24.50   47.00   -2.59   -2.59    1.60    1.60   48.00    1.00  3
                   -2.60   -2.60    1.48    1.48
                       3 -999.00 -999.00 -999.00 -999.00
9V8739       452  123.10   30.40   64.00   -1.44   -1.41    1.33    1.32   67.00    3.00  3
                   -1.25   -1.25    1.04    1.11
                      16   -1.05   -1.05    1.11    1.33
9V8838       453  350.40  -10.50  103.00   -0.21   -0.24    1.35    1.22  103.00    0.00  3
                    0.20   -0.20    0.89    0.89
                       0   -0.10   -0.25    0.52    1.48
9V9040       455  347.70  -24.20  166.00    1.21    1.19    2.97    2.76 1362.00  168.00  3
                    1.39    1.28    3.40    3.16
                       0    0.09    1.38    2.96    1.41
9V9376       458  178.50   54.00   65.00   -2.11   -2.01    1.88    1.83   87.00    6.00  3
                   -2.10   -2.10    1.93    1.78
                      10   -2.25   -1.50    2.00    2.59
9V9725       460   38.40   20.30  171.00    1.35    1.31    1.68    1.62  181.00    0.00  3
                    1.40    1.80    1.78    1.63
                       8    1.35   -0.10    0.93    0.74
9V9920       461  306.30   43.10   75.00   -0.13   -0.14    2.86    2.87  104.00    8.00  3
                    0.20    0.30    3.26    3.26
                      54   -1.75    1.90    2.52    2.45
A8PQ7        472  269.60   24.80  133.00    1.42    1.14    1.80    1.79  452.00   21.00  3
                    0.90    0.57    0.84    0.79
                       0    0.70    4.45    0.49    0.79
A8PQ8        473  285.10   38.50  181.00   -2.39   -2.69    2.27    2.30  973.00  111.00  3
                   -2.48   -2.92    1.98    2.03
                       0   -2.42   -1.60    1.06    2.57
A8SI8        476  280.70    8.60  111.00    0.28    0.22    1.37    1.16  111.00    0.00  3
                    0.20    0.20    1.63    1.19
                       0    1.55   -0.30    0.44    0.67
A8SI9        477  146.50   46.60   47.00   -1.05   -1.13    2.32    2.25   48.00    1.00  3
                   -1.30   -1.40    2.08    2.08
                       1 -999.00 -999.00 -999.00 -999.00
BKIZ         545  128.90   29.90  121.00    0.84    0.71    1.32    1.25  123.00    2.00  3
                    0.60    0.40    0.89    0.74
                       0    0.50    1.30    0.89    0.74
C6AB6        558  305.30    8.60  120.00    0.65    0.61    1.51    1.48  146.00    1.00  3
                    0.73    0.60    1.22    1.26
                       1    0.12    0.68    1.59    1.26
C6BC9        564  125.50   -5.60   61.00    1.75    1.72    1.84    1.82   76.00    2.00  3
                    1.50    1.40    2.22    2.22
                      19    3.00    0.20    1.19    0.59
C6DL4        568  228.50   52.10   80.00   -1.12   -0.97    2.37    2.24   83.00    0.00  3
                   -0.10    0.00    1.19    0.82
                       6   -0.15    0.05    1.85    0.67
C6FZ7        571  280.60   26.90   96.00   -0.43   -0.85    1.32    1.27  102.00    0.00  3
                   -1.00   -1.50    1.48    2.00
                       0    1.00   -1.55    0.59    0.37
C6LG6        574  122.50   25.00  204.00   -1.63   -1.59    1.49    1.42  322.00    0.00  3
                   -2.10   -2.10    0.59    0.52
                       0    1.17   -2.30    0.89    0.30
C6SE8        578   13.20   40.70   53.00   -0.92   -0.90    1.91    1.84   63.00    0.00  3
                   -0.10   -0.05    1.19    0.96
                      10 -999.00 -999.00 -999.00 -999.00
C6SJ5        580   12.20   56.20   44.00   -0.36   -0.44    1.65    1.62   47.00    0.00  3
                   -0.60   -0.80    2.00    2.15
                       0 -999.00 -999.00 -999.00 -999.00
C6SY3        581    3.70   41.70  145.00    0.34    0.36    1.50    1.44  204.00    1.00  3
                    4.90    1.40    6.90    1.93
                       0    0.10   -0.10    0.48    1.30
C6TQ6        582   10.00   42.90   82.00    0.18    0.17    1.43    1.34  176.00   51.00  3
                    0.00    0.00    0.59    0.52
                       0   -0.10    0.10    0.63    1.19
C6UK7        584  145.30   24.20   48.00    2.57    2.55    1.81    1.74   54.00    4.00  3
                    3.12    3.15    1.93    1.85
                       1 -999.00 -999.00 -999.00 -999.00
C6WW4        587  355.90   45.40   37.00    5.00    4.81    1.71    1.71   42.00    5.00  3
                    5.40    5.30    0.59    0.59
                       8 -999.00 -999.00 -999.00 -999.00
C6XQ2        588  115.30   18.00   23.00    1.76    1.56    1.63    1.62   24.00    0.00  3
                    1.30    0.90    1.48    1.33
                       1 -999.00 -999.00 -999.00 -999.00
CQIT6        618  230.10  -10.00  107.00    1.57    1.56    1.51    1.47  108.00    1.00  3
                    1.60    1.60    1.48    1.33
                       0    2.00    1.60    1.11    1.56
D5KF6        624  163.50  -21.70  133.00   -1.02   -0.90    1.98    1.89  158.00    0.00  3
                   -0.60   -0.40    1.78    1.78
                       0   -3.65   -0.08    1.48    0.96
H3GR         698  283.10   25.70   91.00    3.40    3.07    1.44    1.44  122.00   14.00  3
                    3.20    2.90    1.33    1.19
                       6    3.05    3.50    1.41    1.33
H3VS         699  274.80   16.90   89.00   -1.37   -1.69    2.11    2.06  101.00    0.00  3
                   -0.30   -0.60    1.19    0.89
                       3   -3.85   -0.25    2.30    1.26
IBNY         708  123.00   37.70  122.00    0.45    0.50    1.32    1.27  146.00    5.00  3
                    0.47    0.55    1.08    0.96
                       1    1.35   -0.25    1.11    0.96
KPES         742  143.70   34.80  131.00    1.85    1.83    1.55    1.48  273.00    5.00  3
                    1.60    1.50    1.48    1.26
                       0    3.95    0.85    1.30    0.52
MAZS3        775    9.10   37.60  156.00   -0.02   -0.05    2.22    2.18  156.00    0.00  3
                   -0.20   -0.25    1.33    1.26
                       0    3.95    0.40    1.41    0.44
ONGA         823  120.20   35.80   21.00   -0.44   -0.42    1.51    1.43   26.00    0.00  3
                   -0.10   -0.10    1.19    0.89
                      33 -999.00 -999.00 -999.00 -999.00
ONHA         825  319.90   -1.90  140.00    0.15    0.17    1.65    1.55  598.00    6.00  3
                   -0.10    0.00    2.03    1.91
                       0   -1.09   -0.88    0.61    2.10
PFRO         854  294.60   43.30   91.00    0.31    0.26    1.75    1.72  170.00    0.00  3
                   -0.30   -0.45    1.48    1.38
                       0    2.75   -1.00    1.11    0.93
S6LT6        895   22.90   33.90  147.00    0.65    0.61    1.37    1.37  203.00    0.00  3
                    0.50    0.40    1.04    1.11
                       0    1.00   -0.48    1.67    1.30
TBWUK51      936  105.30    3.30   51.00   -0.01    0.08    1.32    1.23   53.00    0.00  3
                    0.30    0.30    1.04    1.04
                      59 -999.00 -999.00 -999.00 -999.00
TBWUK69      938   52.50    1.60   47.00   -0.45   -0.47    1.40    1.37   55.00    1.00  3
                   -0.60   -0.70    0.74    0.89
                       1 -999.00 -999.00 -999.00 -999.00
UBSI9        958  130.20   37.60   45.00   -0.35   -0.24    1.60    1.57   45.00    0.00  3
                   -0.10   -0.10    1.19    1.19
                       6 -999.00 -999.00 -999.00 -999.00
V7IK7        968  242.70   20.30  149.00    0.46    0.40    1.33    1.24  207.00    1.00  3
                    0.55    0.40    1.19    1.19
                       0    0.70    0.58    0.59    0.78
V7QK9        972   21.30   58.20   75.00   -3.21   -3.18    2.07    2.07   93.00    5.00  3
                   -3.60   -3.70    0.89    0.89
                       2   -3.85   -3.45    0.96    0.52
V7ZZ5        973  293.50   50.20  138.00   -0.58   -0.44    1.74    1.65  552.00    5.00  3
                   -0.52   -0.43    1.56    1.26
                       0   -0.89    0.65    1.79    1.00
VNVZ         987  125.30   -8.20   54.00    1.69    1.53    2.13    2.05   57.00    3.00  3
                    0.70    0.60    0.74    0.59
                      10 -999.00 -999.00 -999.00 -999.00
VRBX7        994  314.90   45.50   43.00    1.80    1.78    1.93    1.92   44.00    1.00  3
                    1.70    1.70    1.63    1.63
                      24 -999.00 -999.00 -999.00 -999.00
VRCR9        999    3.20    6.30  167.00    0.28    0.18    1.62    1.57  560.00    7.00  3
                    0.30    0.20    1.33    1.48
                       0   -0.56    1.00    0.88    0.59
VRDU8       1001  106.10    4.30   43.00   -2.72   -2.75    1.72    1.64   43.00    0.00  3
                   -2.50   -2.60    1.63    1.93
                       0 -999.00 -999.00 -999.00 -999.00
VRET5       1004  344.70   27.50   65.00    1.75    1.78    1.38    1.41   76.00    0.00  3
                    1.50    1.55    1.04    0.96
                       0    1.65    1.50    1.70    0.74
VRJT8       1014   26.90   33.20   63.00    3.65    3.62    1.85    1.91  120.00   57.00  3
                    3.70    3.80    1.63    1.78
                       0    4.65    2.85    1.56    1.19
VRLJ2       1017  285.50   37.50   94.00    2.59    2.55    1.33    1.33   99.00    0.00  3
                    2.60    2.55    1.33    1.30
                       0    1.60    3.05    0.59    1.11
VRLN5       1018   96.30    5.90   41.00    2.15    2.05    1.32    1.26   41.00    0.00  3
                    2.30    2.30    1.04    0.89
                       4 -999.00 -999.00 -999.00 -999.00
VRMV3       1022  347.10   28.80  112.00    1.69    1.77    2.46    2.38  113.00    1.00  3
                    2.80    2.80    2.52    2.60
                      51    3.40   -1.05    0.44    0.82
VRMX8       1024  174.30   45.70   22.00   -0.85   -0.91    1.87    1.85   23.00    0.00  3
                   -0.80   -1.00    0.89    1.04
                      20 -999.00 -999.00 -999.00 -999.00
VRNL9       1026  161.10   47.60   27.00    1.83    1.94    1.48    1.45   27.00    0.00  3
                    2.00    2.00    0.89    0.59
                       0 -999.00 -999.00 -999.00 -999.00
VRPY5       1028   53.90  -30.90  112.00   -1.28   -1.23    1.69    1.63  143.00    2.00  3
                   -1.10   -1.20    1.63    1.48
                       2   -2.35   -2.18    1.85    0.99
VRPY6       1029  120.20    7.80   46.00   -0.15   -0.17    1.55    1.55   48.00    0.00  3
                    0.00   -0.25    1.78    1.93
                       2 -999.00 -999.00 -999.00 -999.00
VRPY7       1030   96.70    5.80  217.00   -0.45   -0.39    1.58    1.48  865.00    4.00  3
                    1.04   -0.68    2.43    1.34
                       0   -0.61    0.22    0.72    0.83
VRQZ7       1031   63.50   22.70   61.00    1.43    1.39    1.64    1.56   89.00    2.00  3
                    1.80    1.60    1.63    1.48
                       1    1.25    2.20    1.78    1.82
VRRB6       1033  319.80  -20.30  160.00    0.10    0.17    1.61    1.52  684.00   11.00  3
                   -0.03    0.09    1.58    1.53
                       5   -1.15   -0.53    1.28    1.83
VRRI4       1034   58.90  -22.00  223.00    1.05    0.95    1.65    1.56 1302.00   38.00  3
                    0.88    1.00    1.42    1.29
                       0    0.39    1.51    0.89    1.06
VRRI5       1035  332.10   -9.00  228.00    1.65    1.61    2.19    2.10 1352.00   45.00  3
                    1.81    1.77    1.47    1.39
                       0    1.58   -2.28    0.73    4.53
VRWC8       1036   77.70    7.40   23.00   -2.37   -2.27    2.63    2.55   23.00    0.00  3
                   -3.90   -3.60    1.63    1.63
                      34 -999.00 -999.00 -999.00 -999.00
VRZU4       1039  152.80   46.70   25.00    2.02    1.97    2.54    2.37   25.00    0.00  3
                    1.70    1.90    2.37    2.97
                       2 -999.00 -999.00 -999.00 -999.00
VTXB        1044   83.00   12.70  230.00    1.05    0.97    1.72    1.70  461.00    5.00  3
                    0.60    0.38    0.89    0.58
                       0    0.10    0.62    0.70    0.52
WAZV        1054  238.50   34.30   63.00    3.10    3.16    2.26    2.11   70.00    1.00  3
                    2.70    2.70    2.97    2.97
                      12    4.95    1.45    1.04    1.33
WBP3210     1055  289.10  -53.10  168.00   -0.06    0.09    2.32    2.26 1268.00  329.00  3
                    0.00    0.12    1.08    0.75
                       0   -1.58   -0.03    5.18    0.87
WCEU        1057  206.40   45.30   93.00   -1.33   -1.23    1.80    1.68   94.00    1.00  3
                   -1.40   -1.30    2.22    2.08
                      21   -1.55   -0.35    1.26    1.41
WDDI        1067  148.20   15.80   30.00    1.30    1.27    1.42    1.38   32.00    0.00  3
                    1.60    1.60    0.67    0.59
                       2 -999.00 -999.00 -999.00 -999.00
WDF4764     1070  161.70   34.20   48.00    0.89    0.91    1.73    1.71   49.00    1.00  3
                    1.30    1.35    1.71    1.78
                      31 -999.00 -999.00 -999.00 -999.00
WDJ9413     1079  212.50   60.60   31.00   -0.63   -0.70    1.94    1.90   33.00    2.00  3
                   -0.80   -0.10    2.22    2.22
                       0 -999.00 -999.00 -999.00 -999.00
WNTL        1093  319.30   41.60  105.00    1.77    1.64    1.93    1.94  112.00    1.00  3
                    2.50    2.60    2.67    2.37
                       2    0.20    3.47    0.52    0.96
WPKW        1094  193.50   49.70   87.00    2.92    2.93    2.18    2.06  100.00   13.00  3
                    3.50    3.40    2.08    1.93
                       1    3.00    1.85    2.08    2.74
WTAA        1100  334.40   49.30   82.00    2.02    1.94    1.99    1.98   85.00    0.00  3
                    1.45    1.00    2.85    2.67
                      17   -0.15    4.25    0.56    0.37
WYT8569     1115  174.30   52.80   92.00    1.06    0.97    2.29    2.19  118.00    0.00  3
                    1.30    1.45    2.37    2.19
                       0    2.95    0.95    1.63    2.22
ZCDS3       1129    2.40   51.80   49.00    0.56    0.55    2.26    2.19   55.00    1.00  3
                    0.70    0.80    1.56    1.48
                       6 -999.00 -999.00 -999.00 -999.00
2ICI7       1148   67.40   19.60   96.00    0.39    0.38    1.59    1.53  108.00    0.00  3
                    0.00   -0.10    0.89    0.74
                       0   -0.30    0.10    0.89    0.67
3ETA7       1157  276.30   19.80   95.00   -0.26   -0.60    1.35    1.24  136.00    1.00  3
                    0.20   -0.20    0.59    0.67
                       0    0.38   -2.38    0.54    0.82
3FZO8       1162  272.90   19.10   97.00    2.09    1.72    2.47    2.45  115.00    6.00  3
                    1.80    1.30    2.67    2.67
                       3    3.50    0.40    1.96    1.04
9HA3667     1171  225.60   58.10   96.00   -0.20   -0.05    1.76    1.73  166.00    4.00  3
                   -0.01    0.17    1.20    1.09
                       5    0.20   -0.43    1.41    0.96
9V2779      1176  125.40   -6.70   21.00   -0.58   -0.57    2.03    1.93   26.00    0.00  3
                   -0.50   -0.60    2.08    1.63
                       4 -999.00 -999.00 -999.00 -999.00
9V5542      1177   73.70   15.40   28.00    1.26    1.16    2.13    2.05   29.00    0.00  3
                    1.75    1.50    2.15    2.37
                      36 -999.00 -999.00 -999.00 -999.00
9V9925      1178  227.60   41.70   82.00   -1.05   -1.06    2.35    2.33   88.00    2.00  3
                    1.15    1.35    3.71    4.08
                       0   -1.90   -1.12    2.22    1.48
C6CG4       1194   13.60   40.50  187.00    0.71    0.63    2.69    2.64  288.00    4.00  3
                    0.20    0.10    2.97    2.67
                       1   -0.60    2.55    0.70    2.22
C6FN2       1198  242.10   32.90   89.00    1.30    1.10    2.05    1.98   99.00    1.00  3
                    1.80    1.50    2.67    2.37
                       0    3.00   -1.00    0.89    0.59
C6YM5       1204   25.00  -34.70   97.00   -0.30   -0.37    1.67    1.63   99.00    1.00  3
                   -0.40   -0.50    1.93    2.08
                       0   -1.00   -0.40    2.52    1.78
D5QV7       1217  114.30   14.00   20.00   -0.10   -0.12    1.39    1.43   22.00    1.00  3
                   -0.20   -0.20    1.33    1.11
                       3 -999.00 -999.00 -999.00 -999.00
HPYE        1227  281.20   26.20  124.00   -1.98   -2.37    1.50    1.48  212.00    0.00  3
                   -2.50   -2.90    0.81    0.74
                       2   -2.53   -2.60    0.37    0.74
KIYI        1231  229.00   51.60  113.00   -0.73   -0.59    1.59    1.54  146.00    1.00  3
                   -1.10   -0.95    0.89    0.67
                       5    0.23   -1.08    3.00    0.67
PBAD        1244  226.20   56.10  135.00   -0.34   -0.19    1.67    1.57  205.00    1.00  3
                    0.10    0.20    0.59    0.56
                       1    0.00   -0.60    0.64    2.38
S6LT4       1249  199.80   48.60   68.00   -0.95   -0.84    1.60    1.55   71.00    2.00  3
                   -1.15   -1.10    1.78    1.48
                       0    0.10   -2.20    1.63    1.04
TBWUK64     1255  119.60  -17.40  127.00    0.81    0.84    1.49    1.50  130.00    2.00  3
                    0.40    0.40    1.04    1.19
                       0    0.20    0.95    0.44    2.37
VRFT7       1269  116.10  -12.30   95.00   -3.66   -3.66    1.84    1.79  101.00    5.00  3
                   -4.40   -4.40    0.59    0.59
                       1   -1.30   -4.70    2.30    0.44
VRIV3       1274  140.00   41.20   69.00   -0.49   -0.59    1.74    1.64   77.00    0.00  3
                   -0.70   -0.70    1.63    1.48
                       0   -1.50    0.85    1.26    0.96
VRKF2       1275  124.60   31.40  105.00   -0.49   -0.52    1.46    1.36  119.00    0.00  3
                   -0.30    0.00    1.26    1.33
                       0   -1.40   -0.40    1.59    1.93
VRKK2       1276  121.70   22.70   38.00   -1.33   -1.29    1.55    1.50   41.00    0.00  3
                   -1.65   -1.65    0.74    0.74
                       1 -999.00 -999.00 -999.00 -999.00
VROJ8       1282  145.20  -38.90   23.00    0.61    0.56    2.06    1.86   28.00    1.00  3
                   -0.10   -0.20    1.19    0.89
                      19 -999.00 -999.00 -999.00 -999.00
VRYO4       1286  345.20   37.60   83.00    1.05    1.07    1.32    1.25   91.00    0.00  3
                    0.90    1.00    1.04    0.89
                       1    0.80    1.60    1.04    1.48
VTFG        1287   92.80   11.00  123.00   -2.74   -2.77    1.64    1.60  298.00  100.00  3
                   -2.85   -2.95    0.96    0.89
                       2   -3.80   -3.00    2.30    0.48
WMKA        1295  325.30   40.00   20.00    3.47    3.26    2.17    2.12   21.00    0.00  3
                    4.55    4.15    1.19    1.26
                       4 -999.00 -999.00 -999.00 -999.00
ZCDD6       1300  219.50   58.80   53.00   -0.39   -0.33    1.42    1.38   59.00    0.00  3
                   -0.50   -0.40    0.89    0.74
                       5 -999.00 -999.00 -999.00 -999.00
ZCDI4       1301  232.80   27.80   24.00    0.84    0.86    2.93    2.91   29.00    3.00  3
                    1.10    1.10    2.89    3.04
                      76 -999.00 -999.00 -999.00 -999.00
2HFZ7       1303  129.50   34.90   69.00    0.36    0.31    1.66    1.66   80.00    0.00  3
                    0.40    0.40    0.89    0.74
                       0    0.75    0.20    1.04    0.74
9V2911      1315  277.70   18.40   97.00    1.98    1.96    1.39    1.33  120.00    1.00  3
                    2.10    2.00    1.04    0.96
                       0    2.45    2.38    0.89    0.78
9V8843      1318  338.90   26.70   29.00    0.50    0.46    1.53    1.52   30.00    0.00  3
                    0.90    0.50    1.48    1.19
                      37 -999.00 -999.00 -999.00 -999.00
C6TH9       1326  210.20  -17.50  144.00    1.43    1.52    1.44    1.43  329.00    0.00  3
                    1.48    1.57    1.56    1.63
                       0    1.78    1.28    1.96    1.07
H3VU        1340  281.40   26.30   20.00    2.39    2.08    1.32    1.27   21.00    0.00  3
                    2.10    1.80    2.60    1.41
                      69 -999.00 -999.00 -999.00 -999.00
V7SD8       1353  316.10  -23.90   57.00    0.31    0.25    1.30    1.32   59.00    1.00  3
                    0.30    0.40    1.19    1.19
                       0    0.65    0.10    1.04    1.19
V7UT8       1354  353.70   36.00   39.00    1.96    1.69    2.70    2.64   44.00    4.00  3
                    2.70    2.20    3.26    3.11
                       1 -999.00 -999.00 -999.00 -999.00
VRFX6       1366  315.50   47.50   23.00   -1.41   -1.42    2.31    2.24   24.00    0.00  3
                   -1.20   -0.90    2.52    2.97
                      13 -999.00 -999.00 -999.00 -999.00
VRPT5       1369   19.70   35.90   52.00   -0.48   -0.56    1.33    1.27   63.00    1.00  3
                   -0.60   -0.98    1.04    1.22
                      25 -999.00 -999.00 -999.00 -999.00
VRYO7       1372   18.80   40.00   39.00    3.20    3.13    1.43    1.42   40.00    0.00  3
                    3.40    3.40    1.33    1.19
                       0 -999.00 -999.00 -999.00 -999.00
WAIU        1374  330.60   48.80   42.00   -0.49   -0.46    1.51    1.43   43.00    0.00  3
                   -0.55   -0.40    1.48    1.33
                       3 -999.00 -999.00 -999.00 -999.00
3FPS9       1383  284.60   21.20   49.00   -0.21   -0.59    1.40    1.41   59.00    1.00  3
                    0.70   -0.15    1.48    0.96
                       4 -999.00 -999.00 -999.00 -999.00
9HA2583     1385   18.90   59.60   47.00    0.48    0.42    1.64    1.63   52.00    3.00  3
                    0.60    0.40    1.33    1.48
                      10 -999.00 -999.00 -999.00 -999.00
9V9144      1389  221.60   34.00   29.00   -2.19   -2.15    1.65    1.51   31.00    0.00  3
                   -2.10   -2.10    1.78    1.78
                       9 -999.00 -999.00 -999.00 -999.00
9V9401      1391  130.80   35.80   69.00   -3.44   -3.31    1.85    1.80   74.00    3.00  3
                   -3.70   -3.70    1.78    1.48
                      25   -4.20   -3.10    1.33    2.22
9V9924      1392  132.30   31.40  106.00    2.17    2.10    2.46    2.43  138.00   12.00  3
                    2.00    2.15    2.89    2.74
                       4    2.65   -0.25    2.52    2.37
A8CH2       1393  344.00   24.60   35.00   -1.16   -1.17    2.08    2.08   39.00    3.00  3
                   -0.60   -0.30    1.63    1.48
                       1 -999.00 -999.00 -999.00 -999.00
A8VG7       1399  194.50   64.40   39.00    1.87    1.76    1.58    1.54   41.00    1.00  3
                    1.90    1.90    1.63    1.63
                       2 -999.00 -999.00 -999.00 -999.00
AUFI        1402   54.90   26.10   25.00   -1.03   -0.94    1.36    1.40   29.00    3.00  3
                   -0.90   -0.70    1.04    3.26
                      61 -999.00 -999.00 -999.00 -999.00
C6BQ4       1406   35.90   25.10   24.00    2.92    2.78    3.08    3.07   32.00    7.00  3
                    4.40    4.45    2.52    2.00
                       0 -999.00 -999.00 -999.00 -999.00
C6SW3       1409   13.40   40.60   45.00    0.33    0.35    1.33    1.35  178.00    0.00  3
                    0.30    0.32    1.19    1.16
                       5 -999.00 -999.00 -999.00 -999.00
S6NQ        1429  234.70   36.30   31.00    2.89    2.98    1.30    1.24   32.00    0.00  3
                    2.90    2.90    1.33    1.33
                       5 -999.00 -999.00 -999.00 -999.00
V7XA6       1435  267.20   28.10   25.00   -1.16   -1.25    1.37    1.29   26.00    0.00  3
                   -1.00   -1.00    0.59    0.74
                       6 -999.00 -999.00 -999.00 -999.00
VRIR7       1439  299.20   37.90   61.00   -1.15   -1.20    2.86    2.82   99.00   29.00  3
                    1.40    1.40    3.26    3.56
                       6    0.90   -0.80    1.33    3.74
VRKJ7       1441  337.60   13.60   24.00    1.79    1.69    1.53    1.46   31.00    2.00  3
                    1.80    1.58    0.96    1.11
                       1 -999.00 -999.00 -999.00 -999.00
WCY9686     1452  216.50   53.90   20.00   -0.41   -0.55    2.25    2.25   22.00    1.00  3
                   -0.75   -0.90    3.04    2.97
                      21 -999.00 -999.00 -999.00 -999.00
ZCEK6       1466   20.10   58.00   40.00   -0.76   -0.77    1.57    1.52   44.00    1.00  3
                   -0.45   -0.28    0.67    0.74
                       0 -999.00 -999.00 -999.00 -999.00
V7UU3       1500   36.50   24.30  115.00    0.79    0.80    1.45    1.43  140.00    1.00  3
                    0.70    0.70    1.19    1.33
                       0    1.70    1.30    1.11    0.67
2HDG2       1519  137.70   42.90   21.00    2.02    1.94    1.97    1.82   28.00    6.00  3
                    1.30    1.30    1.48    1.33
                      34 -999.00 -999.00 -999.00 -999.00
3FAR9       1520  280.80   26.20   27.00    1.21    1.20    1.44    1.36   30.00    1.00  3
                    1.00    1.00    1.48    1.33
                       0 -999.00 -999.00 -999.00 -999.00
9V7645      1524  243.30   29.90  118.00   -0.62   -0.72    1.83    1.70  167.00    0.00  3
                   -0.10   -0.22    1.33    1.45
                       0   -0.90    0.75    0.48    0.41
C6FM9       1527  296.60   17.80   74.00    4.34    4.15    1.38    1.43  156.00   65.00  3
                    4.43    4.30    1.45    1.48
                       0    4.80    4.00    1.26    1.45
PDGS        1539  352.90   56.90   26.00    1.34    1.38    1.42    1.27   42.00    0.00  3
                    1.47    1.40    0.99    0.88
                      54 -999.00 -999.00 -999.00 -999.00
UBMO9       1541  138.10   44.80   47.00    2.64    2.74    2.21    2.13   50.00    2.00  3
                    3.40    3.60    1.78    1.63
                       2 -999.00 -999.00 -999.00 -999.00
V7QN4       1546   60.10   -2.20   37.00   -1.32   -1.25    1.30    1.25   38.00    0.00  3
                   -1.40   -1.40    1.19    1.19
                       2 -999.00 -999.00 -999.00 -999.00
C6SE4       1561  232.00   49.50   71.00    3.02    3.11    1.33    1.31   94.00    0.00  3
                    3.40    3.50    0.74    0.59
                       4    3.97    2.80    0.63    1.07
TCZF2       1563   22.00   36.30   62.00   -1.14   -1.21    2.87    2.71   68.00    5.00  3
                   -0.75   -1.10    3.34    2.97
                      30   -1.60   -0.95    2.82    4.30
VRUR7       1569  310.10   11.70   97.00   -2.64   -2.56    2.31    2.28  300.00   18.00  3
                   -3.20   -3.10    1.43    1.48
                       3   -3.22   -1.62    1.26    1.67
ZCBU5       1574  228.30   52.00   30.00   -0.18   -0.03    1.33    1.26   33.00    0.00  3
                   -0.35   -0.22    0.82    0.67
                       1 -999.00 -999.00 -999.00 -999.00
9V9791      1578  192.50   54.30   20.00    1.42    1.33    1.46    1.40   21.00    0.00  3
                    1.60    1.50    0.96    0.59
                       2 -999.00 -999.00 -999.00 -999.00
OWLC2       1590  285.50   21.70   79.00    0.55    0.51    1.48    1.46   90.00    0.00  3
                    0.80    0.80    0.59    0.59
                       3    0.73    1.00    0.74    0.41
VRBI8       1595  107.10   -5.60   42.00    1.21    1.13    1.32    1.32   43.00    0.00  3
                    1.50    1.55    1.19    0.96
                       5 -999.00 -999.00 -999.00 -999.00
VRFI2       1598  145.50  -38.90   24.00    0.28    0.32    1.87    2.03   26.00    1.00  3
                    0.15    0.20    1.63    1.85
                       0 -999.00 -999.00 -999.00 -999.00
VRNR5       1601  198.90   44.10   29.00    0.50    0.47    2.69    2.68   32.00    2.00  3
                   -0.60   -0.70    2.67    1.04
                       9 -999.00 -999.00 -999.00 -999.00
WTDF        1607  288.70   41.50  143.00   -1.01   -1.25    1.37    1.28  854.00   24.00  3
                   -1.14   -1.33    0.44    0.30
                       0   -1.27   -1.23    0.25    0.32
ZCBU3       1610  300.20   46.60   49.00   -0.63   -0.55    1.78    1.67   57.00    0.00  3
                   -0.60   -0.60    1.04    0.74
                       0 -999.00 -999.00 -999.00 -999.00
ZCDN2       1611    9.90   63.40   47.00    0.79    0.74    1.42    1.42   51.00    0.00  3
                    0.40    0.40    1.48    1.63
                       0 -999.00 -999.00 -999.00 -999.00
VRLA6       1634  120.00   35.00   56.00   -1.97   -2.01    1.31    1.30   57.00    0.00  3
                   -1.80   -1.80    1.33    1.41
                      16   -2.90   -1.30    1.04    0.82
9V9289      1648  156.00   45.40   25.00    0.80    0.77    1.60    1.40   26.00    0.00  3
                    1.00    0.90    1.93    1.78
                      25 -999.00 -999.00 -999.00 -999.00
SMGW        1659  277.20    7.50   30.00   -0.48   -0.39    1.41    1.30   33.00    2.00  3
                   -0.45   -0.40    1.19    1.33
                       1 -999.00 -999.00 -999.00 -999.00
VRCT4       1664  134.60  -35.10   23.00    0.98    0.98    1.37    1.32   25.00    1.00  3
                    1.30    1.00    0.89    0.74
                       3 -999.00 -999.00 -999.00 -999.00
VREZ3       1666   52.50   27.10   22.00    1.08    0.93    3.27    3.15   29.00    6.00  3
                    1.30    1.30    2.67    2.97
                      15 -999.00 -999.00 -999.00 -999.00
3EFD9       1673  223.90   49.30   39.00    1.88    1.82    1.95    1.91   48.00    0.00  3
                    1.75    1.90    2.60    2.82
                       0 -999.00 -999.00 -999.00 -999.00
C6SE7       1681  228.50   54.60   49.00    2.67    2.67    1.61    1.58   52.00    2.00  3
                    2.80    2.80    1.04    0.89
                       0 -999.00 -999.00 -999.00 -999.00
3EFI        1694  206.70   53.60   34.00   -0.49   -0.42    1.48    1.44   42.00    3.00  3
                   -0.85   -0.85    1.33    1.26
                       2 -999.00 -999.00 -999.00 -999.00
3FKS5       1695  231.40   46.10   25.00   -0.74   -0.72    1.58    1.53   28.00    2.00  3
                   -0.60   -0.60    1.63    1.33
                      15 -999.00 -999.00 -999.00 -999.00
C6YM6       1703   10.60  -15.30  140.00    3.82    3.67    1.76    1.73  158.00   12.00  3
                    4.22    4.25    2.04    2.00
                       0    4.00    2.50    1.41    2.37
WNFQ        1713  265.00   27.10   44.00    3.58    3.25    2.53    2.38   57.00   11.00  3
                    5.00    4.55    1.19    1.33
                      17 -999.00 -999.00 -999.00 -999.00
C6DF6       1718    2.20   39.80   79.00   -0.55   -0.62    2.23    2.19  172.00    3.00  3
                    0.40    0.30    1.11    1.19
                       2   -0.65    0.62    1.93    0.67
C6KD6       1719  350.80   48.40   62.00    1.90    1.79    1.48    1.39   67.00    0.00  3
                    2.10    1.85    1.93    2.00
                      34    2.80    1.95    0.96    2.08
TBWUK73     1725   70.50   18.70   55.00    0.06    0.03    1.62    1.53   63.00    0.00  3
                   -0.10   -0.10    0.74    0.59
                       3 -999.00 -999.00 -999.00 -999.00
S6LT5       1752  123.60   28.20   43.00    2.43    2.45    2.18    2.01   50.00    5.00  3
                    2.15    2.50    2.60    2.82
                      46 -999.00 -999.00 -999.00 -999.00
V7UT9       1754   68.40  -13.80   32.00   -0.26   -0.30    1.59    1.56   59.00   25.00  3
                    0.05   -0.30    0.89    0.89
                       0 -999.00 -999.00 -999.00 -999.00
ZCEF6       1760    6.90   54.70   87.00    0.02    0.05    1.69    1.65   98.00    0.00  3
                   -0.35   -0.30    0.96    1.04
                       0   -0.65    0.30    0.56    2.08
3FAE4       1761  350.10   49.80   31.00    1.22    1.25    1.54    1.39   32.00    0.00  3
                    1.10    1.00    1.33    1.04
                       4 -999.00 -999.00 -999.00 -999.00
WCDP        1774  306.30   42.30   78.00   -0.50   -0.64    1.35    1.26   89.00    2.00  3
                   -0.70   -0.70    0.96    0.85
                       1   -0.25   -0.75    1.52    0.52
LAMG7       1781  125.00   35.80   68.00   -1.75   -1.69    1.96    1.98   92.00    1.00  3
                   -2.25   -2.05    2.60    2.67
                       0   -3.42   -0.15    0.48    0.41
VRGH3       1783  239.50   30.60   55.00    0.24    0.17    3.49    3.42   71.00   10.00  3
                    1.10    1.10    3.71    3.56
                       1 -999.00 -999.00 -999.00 -999.00
CCES        1791  289.80   17.80  121.00   -1.32   -1.58    1.39    1.33  123.00    1.00  3
                   -1.40   -1.60    0.89    0.89
                       0   -1.20   -1.80    1.04    0.67
WCW7550     1795  213.40   60.30   20.00    0.69    0.54    1.74    1.80   26.00    4.00  3
                    0.60    0.45    2.08    2.60
                       0 -999.00 -999.00 -999.00 -999.00
9HOB8       1801   30.20   59.90  128.00    0.15    0.04    1.51    1.43  150.00    1.00  3
                    0.05   -0.15    1.37    1.26
                       1   -1.15    1.90    0.59    1.07
9V3867      1802  315.30  -32.30   42.00    1.12    1.17    1.56    1.50   47.00    2.00  3
                    0.95    1.00    1.56    1.63
                      52 -999.00 -999.00 -999.00 -999.00
C6QM8       1803  235.20   49.70   49.00    0.11    0.12    1.58    1.58   55.00    2.00  3
                    0.00   -0.20    1.19    1.19
                       2 -999.00 -999.00 -999.00 -999.00
WCZ5535     1812  352.30   49.20   65.00   -1.62   -1.57    1.53    1.52   67.00    1.00  3
                   -1.00   -0.90    1.48    1.33
                       0   -0.30   -2.35    0.37    2.00
WPTC        1836  186.70   50.00   50.00    1.98    1.96    1.43    1.38   73.00    0.00  3
                    1.90    1.90    1.26    1.11
                      15 -999.00 -999.00 -999.00 -999.00
SLKQ        1845  356.20   49.90   96.00   -1.36   -1.33    1.75    1.57  101.00    4.00  3
                   -0.70   -0.80    1.04    0.89
                       0   -0.50   -1.80    0.89    2.37
VRGO8       1848  132.20    8.00   42.00   -1.03   -0.89    1.84    1.77   43.00    0.00  3
                   -0.60   -0.35    1.04    0.96
                       9 -999.00 -999.00 -999.00 -999.00
VRJL6       1849  127.50   33.30   61.00    0.02   -0.11    1.67    1.53   65.00    0.00  3
                    0.20    0.00    1.48    1.63
                      17   -0.45    0.55    1.78    1.33
V7YL7       1859  231.60   28.20   25.00    2.77    2.73    2.01    2.03   26.00    0.00  3
                    3.00    2.90    1.78    1.78
                       2 -999.00 -999.00 -999.00 -999.00
VROV6       1861  281.00   -8.20   28.00    1.44    1.16    1.49    1.35   29.00    0.00  3
                    1.55    1.25    0.96    0.82
                      21 -999.00 -999.00 -999.00 -999.00
9V2732      1866  275.40   20.60   73.00   -0.02   -0.04    1.59    1.55   87.00    1.00  3
                    0.10    0.00    1.78    1.78
                      25    0.60   -0.05    1.19    2.00
9V9915      1867  102.30   10.00   34.00   -0.53   -0.44    1.89    1.84   36.00    1.00  3
                   -0.60   -0.50    1.85    1.85
                       5 -999.00 -999.00 -999.00 -999.00
C6AB8       1869   61.30   23.50   39.00   -0.26   -0.28    3.61    3.51   74.00   25.00  3
                   -1.70   -1.70    3.26    2.82
                      15 -999.00 -999.00 -999.00 -999.00
VROG7       1872  230.50   40.20   80.00   -0.98   -0.91    1.49    1.39  103.00    3.00  3
                   -0.75   -0.50    1.30    1.33
                       0   -0.40   -0.98    1.63    1.26
VRRD7       1874  242.30   32.70   93.00   -1.15   -1.19    1.64    1.56  165.00    7.00  3
                   -1.30   -1.20    1.85    1.78
                      22   -0.45   -1.83    1.26    1.70
2ICH9       1877  105.90    4.30   64.00    0.70    0.58    1.38    1.32   74.00    1.00  3
                    0.25    0.08    0.89    0.74
                       3    0.30    0.10    0.63    0.89
ICJA        1886   30.10   59.90   93.00   -2.47   -2.56    2.24    2.24  290.00  169.00  3
                   -2.60   -2.50    2.08    2.30
                       0   -2.25   -0.90    1.41    2.71
WDG9588     1898  201.40   58.60   28.00   -1.21   -1.14    1.96    1.89   31.00    2.00  3
                   -0.20    0.20    1.63    1.71
                      59 -999.00 -999.00 -999.00 -999.00
2IYN3       1901  105.60    0.70  101.00    1.24    1.24    1.51    1.44  124.00    0.00  3
                    1.40    1.20    2.08    1.93
                       0    1.17    0.05    2.15    1.56
BKIE        1906  219.10   46.00   60.00    1.44    1.54    1.44    1.40  104.00    4.00  3
                    1.48    1.55    1.52    1.21
                      12    0.90    1.85    1.00    1.19
9V9926      1917  283.70   33.80  100.00    0.24    0.24    2.04    2.01  108.00    2.00  3
                    0.10    0.05    1.63    1.56
                      28   -0.25    0.55    1.11    2.82
WDD2451     1926  207.90   58.60   33.00   -2.12   -2.06    2.03    1.90   61.00    0.00  3
                   -1.90   -1.90    2.60    3.34
                       5 -999.00 -999.00 -999.00 -999.00
D5DY4       1934  272.00   28.40   28.00   -2.86   -3.15    1.46    1.42   33.00    4.00  3
                   -2.95   -3.30    1.63    1.63
                      13 -999.00 -999.00 -999.00 -999.00
TBWUK90     1936    4.10   52.40   45.00    0.90    1.02    1.91    1.76   47.00    0.00  3
                    2.10    1.60    1.33    0.89
                       4 -999.00 -999.00 -999.00 -999.00
VRLL2       1952   10.20   43.50   50.00    0.11    0.08    1.34    1.35   64.00    1.00  3
                    0.12    0.05    0.96    0.96
                       2 -999.00 -999.00 -999.00 -999.00
C6YM7       1957    9.40  -11.60   44.00    4.63    4.53    1.82    1.72   61.00   14.00  3
                    5.20    5.05    0.74    0.67
                       3 -999.00 -999.00 -999.00 -999.00
VRDW2       1964  113.60   -6.10   91.00   -2.10   -2.16    2.17    2.19   95.00    3.00  3
                   -1.00   -1.00    1.63    1.48
                       4   -0.65   -1.15    1.11    1.63
H9LA        1976  250.00   21.00   27.00   -0.47   -0.49    1.83    1.83   28.00    0.00  3
                   -0.70   -0.60    0.89    1.04
                      17 -999.00 -999.00 -999.00 -999.00
A8TG2       1984  131.40   36.20   37.00   -0.87   -0.80    1.42    1.38   38.00    0.00  3
                   -1.10   -1.10    0.59    0.74
                      39 -999.00 -999.00 -999.00 -999.00
WROT        2001  133.80   37.60  118.00   -1.28   -1.14    2.04    2.00  188.00    1.00  3
                   -1.20   -1.02    1.19    1.11
                       1   -1.31   -1.55    0.90    1.04
A8SG8       2021  153.80   40.10   37.00   -1.95   -1.84    1.70    1.69   38.00    0.00  3
                   -2.50   -2.30    1.78    1.93
                      70 -999.00 -999.00 -999.00 -999.00
OVZV2       2024  127.40   -8.20   56.00    0.07    0.09    1.71    1.65   60.00    2.00  3
                   -0.15   -0.30    0.96    0.89
                       0    0.05   -0.10    0.78    1.26
C6AV5       2034  114.70   21.90   35.00   -2.08   -2.13    1.67    1.71   36.00    0.00  3
                   -2.00   -2.30    1.33    1.33
                       1 -999.00 -999.00 -999.00 -999.00
9HA4800     2038  336.60   64.50  113.00   -0.28   -0.33    1.78    1.72  137.00    2.00  3
                   -0.40   -0.40    1.93    1.78
                       0   -0.10   -0.50    2.97    1.26
ONFI        2054  153.70  -24.60   66.00   -1.43   -1.35    1.43    1.35   72.00    0.00  3
                   -1.35   -1.15    1.41    1.30
                       4   -2.35   -0.75    0.82    0.96
VRLX6       2077  345.90   44.30   28.00   -0.55   -0.41    2.96    3.00   33.00    4.00  3
                   -1.15   -1.40    2.45    2.52
                      71 -999.00 -999.00 -999.00 -999.00
MAPY4       2123  128.80   27.20   47.00    1.20    1.24    1.46    1.47   50.00    2.00  3
                    1.50    0.90    1.33    1.19
                       1 -999.00 -999.00 -999.00 -999.00
LAIG7       2130  227.40   54.70   49.00    2.07    2.04    1.61    1.53   50.00    0.00  3
                    2.00    2.20    1.78    1.63
                      53 -999.00 -999.00 -999.00 -999.00
UCUD        2136  343.00   23.20   90.00    0.47    0.36    2.44    2.45   91.00    0.00  3
                    0.35    0.30    2.74    2.82
                       0    0.85    0.40    2.22    2.67
UFLT        2151  137.70   45.00   65.00   -0.57   -0.44    1.95    1.94   68.00    3.00  3
                   -0.70   -0.60    1.48    1.48
                       1   -0.45   -0.95    1.11    2.45
VRMW7       2161  259.30   16.50   65.00    3.40    3.24    2.13    2.03   72.00    4.00  3
                    3.80    3.50    2.08    1.93
                      30    3.65    3.90    2.00    2.15
WDB9918     2172  226.20   47.80   62.00    0.27    0.40    2.77    2.72  153.00    0.00  3
                   -1.15   -1.10    2.00    3.28
                       0    3.60   -1.40    3.34    0.96
V7UT7       2195  113.90   12.60   47.00   -0.11   -0.10    1.77    1.71   56.00    0.00  3
                   -0.20   -0.10    2.37    2.15
                       1 -999.00 -999.00 -999.00 -999.00
V7EQ4       2198   35.10   26.30   38.00    0.25    0.16    1.55    1.56   41.00    2.00  3
                    0.30    0.25    1.19    1.41
                       0 -999.00 -999.00 -999.00 -999.00
SVCS2       2208  153.00  -32.30   25.00   -1.18   -1.11    1.67    1.56   27.00    1.00  3
                   -1.40   -1.40    1.48    1.04
                      15 -999.00 -999.00 -999.00 -999.00
V7UU4       2252  278.50   -2.70   43.00   -1.89   -1.79    1.48    1.33   71.00    1.00  3
                   -2.00   -2.00    1.33    1.19
                       4 -999.00 -999.00 -999.00 -999.00
7JGE        2270  104.40    4.60   63.00    0.20    0.17    1.35    1.33   78.00    1.00  3
                   -0.05   -0.10    0.96    0.89
                       0    0.20   -0.60    0.70    0.44
OWHH2       2275  157.00   48.20   40.00    0.35    0.38    2.10    2.02   45.00    1.00  3
                    0.35    0.45    1.71    1.26
                       0 -999.00 -999.00 -999.00 -999.00
WDD7294     2278  235.60   37.70   48.00   -0.40   -0.38    1.70    1.56   50.00    1.00  3
                   -0.75   -0.65    2.00    1.85
                       0 -999.00 -999.00 -999.00 -999.00
4XIM        2302  130.90   35.90   89.00    1.78    1.87    1.39    1.33   91.00    1.00  3
                    2.00    2.00    1.48    1.33
                       0    2.55    1.55    1.04    1.41
C6AP3       2304  241.90   33.70   21.00    1.52    1.36    2.68    2.58   24.00    2.00  3
                    1.10    1.20    1.78    2.08
                       9 -999.00 -999.00 -999.00 -999.00
A8PQ5       2341  304.50   21.50   32.00   -0.04   -0.14    2.00    1.95   42.00    0.00  3
                   -0.35   -0.45    2.11    2.11
                      23 -999.00 -999.00 -999.00 -999.00
9HA3739     2377  286.20   38.80   55.00   -0.91   -1.02    2.00    1.86   69.00    2.00  3
                   -1.30   -1.35    1.19    1.11
                       4 -999.00 -999.00 -999.00 -999.00
VRKC8       2409  278.40    5.70   21.00    0.43    0.44    1.91    1.94   22.00    0.00  3
                    0.70    0.80    2.08    2.37
                      12 -999.00 -999.00 -999.00 -999.00
WBA4557     2423  287.80   40.30   41.00   -1.80   -2.00    1.81    1.83  107.00    6.00  3
                   -2.50   -2.93    2.37    2.57
                       0 -999.00 -999.00 -999.00 -999.00
V7RF9       2429  289.80  -20.70   47.00    2.99    2.87    1.83    1.70   75.00    8.00  3
                    3.15    2.70    2.15    2.22
                       0 -999.00 -999.00 -999.00 -999.00
VRCQ2       2455  112.60   12.10   22.00    3.42    3.16    1.52    1.46   23.00    0.00  3
                    3.70    3.50    0.96    1.04
                       2 -999.00 -999.00 -999.00 -999.00
C6ZJ5       2482    7.80  -37.40   31.00   -0.96   -0.93    1.70    1.67   34.00    0.00  3
                   -0.20   -0.20    1.93    1.93
                       0 -999.00 -999.00 -999.00 -999.00
DFDD2       2520  358.10   36.50   23.00    0.66    0.56    1.48    1.47   26.00    0.00  3
                    0.35    0.30    0.96    0.89
                      20 -999.00 -999.00 -999.00 -999.00
C6UC3        583  199.60   34.80   13.00    5.52    5.42    0.93    0.92  107.00   94.00  1
                    5.70    5.80    0.59    0.30
                       0 -999.00 -999.00 -999.00 -999.00
VRNM9       1281   18.80   56.40    3.00    3.90    3.87    3.25    3.23   16.00   13.00  1
                 -999.00 -999.00 -999.00 -999.00
                      79 -999.00 -999.00 -999.00 -999.00
UCTS        1662  328.20   64.40    1.00    6.20    6.10    0.00    0.00   35.00   33.00  1
                 -999.00 -999.00 -999.00 -999.00
                      79 -999.00 -999.00 -999.00 -999.00
C6AB7       2212   90.30    6.10    1.00    6.10    6.30    0.00    0.00   40.00   39.00  1
                 -999.00 -999.00 -999.00 -999.00
                       7 -999.00 -999.00 -999.00 -999.00
WDJ7294     2225  219.70   39.00    2.00   -6.55   -6.35    0.05    0.05   18.00   16.00  1
                 -999.00 -999.00 -999.00 -999.00
                      38 -999.00 -999.00 -999.00 -999.00
