01282         87   11.23   64.84  226.00    1.52    1.52    0.40    0.27 1190.00    0.00  0
                    1.53    1.52    0.36    0.25
                       0    1.54    1.55    0.59    0.33
01317         96    5.33   60.38  232.00   -2.70   -2.53    0.40    0.26 1237.00    1.00  0
                   -2.67   -2.55    0.33    0.22
                       0   -2.90   -2.49    0.26    0.47
01400        127    3.22   56.53  195.00   -1.50   -1.42    0.44    0.30  768.00    0.00  0
                   -1.45   -1.25    0.37    0.26
                       0   -1.48   -1.34    0.30    0.32
02226        183   14.50   63.20  228.00   -2.04   -2.00    0.35    0.21 1354.00    0.00  0
                   -2.02   -1.98    0.30    0.17
                       0   -1.93   -1.99    0.35    0.31
02460        221   17.95   59.62  193.00   -1.75   -1.68    0.33    0.14 1132.00    0.00  0
                   -1.30   -1.55    0.67    0.20
                       0   -1.78   -1.71    0.33    0.57
02462        222   17.63   59.87  193.00   -1.88   -1.81    0.30    0.13 1107.00    0.00  0
                   -1.58   -1.82    0.47    0.12
                       0   -1.91   -1.81    0.31    0.31
02607        252   12.84   56.29  193.00    2.20    2.15    0.27    0.16 1122.00    0.00  0
                    2.22    2.17    0.27    0.15
                       0    2.13    2.26    0.17    0.32
06456        695    4.65   50.23  232.00    2.02    1.90    0.25    0.15 1383.00    0.00  0
                    1.99    1.92    0.23    0.12
                       0    1.98    2.13    0.17    0.35
06458        696    4.76   50.75  232.00    2.06    1.93    0.27    0.14 1374.00    1.00  0
                    2.03    1.93    0.27    0.12
                       0    2.03    2.16    0.28    0.36
06654        749    8.05   46.19  226.00   -1.67   -1.68    0.48    0.38 1326.00    0.00  0
                   -1.64   -1.46    0.46    0.41
                       0   -1.62   -1.54    0.49    0.33
06655        750    8.42   46.82  226.00   -1.82   -1.83    0.54    0.45 1326.00    0.00  0
                   -1.80   -1.77    0.54    0.48
                       0   -1.77   -2.07    0.59    0.83
06727        798    7.85   46.30  226.00   -1.53   -1.53    1.00    0.86 1322.00   59.00  0
                   -1.61   -1.42    1.10    0.90
                       0   -1.71   -1.69    1.14    1.48
06762        820    8.88   46.17  226.00   -1.55   -1.57    0.98    0.77 1322.00    0.00  0
                   -1.70   -1.56    0.89    0.78
                       0   -1.67   -1.73    1.03    0.74
06799        843   10.26   46.81  226.00    2.11    2.09    0.28    0.22 1324.00    0.00  0
                    2.12    2.10    0.27    0.20
                       0    1.98    2.30    0.21    0.24
07053        859    2.02   49.08  184.00    1.50    1.40    0.35    0.24  184.00    0.00  0
                    1.50    1.40    0.30    0.15
                       0    1.45    1.75    0.22    0.44
07230        899  359.43   47.50  225.00    1.54    1.41    0.27    0.15 1214.00    0.00  0
                    1.52    1.40    0.30    0.15
                       0    1.46    1.65    0.31    0.25
07678        981    6.47   43.03  194.00   -2.27   -2.37    0.30    0.21 1138.00    2.00  0
                   -2.27   -2.35    0.27    0.20
                       0   -2.17   -2.39    0.27    0.28
08231       1028  357.87   40.07  226.00    1.65    1.48    0.29    0.21 1329.00    0.00  0
                    1.65    1.50    0.25    0.17
                       0    1.51    1.72    0.51    0.31
08233       1030  358.70   40.86  221.00    2.15    2.00    0.31    0.22 1263.00    1.00  0
                    2.13    1.98    0.30    0.19
                       0    2.04    2.18    0.31    0.31
08561       1074  352.08   38.07  232.00    1.57    1.31    0.37    0.24  461.00    0.00  0
                    1.60    1.30    0.37    0.22
                       0    1.38    1.73    0.30    0.44
10500       1113    6.05   50.97  140.00    2.79    2.69    0.33    0.16  512.00    0.00  0
                    2.80    2.70    0.30    0.15
                       0    2.74    3.00    0.35    0.24
10827       1129    8.99   48.18  225.00    3.63    3.60    0.30    0.23  877.00   43.00  0
                    3.62    3.62    0.26    0.21
                       0    3.58    3.84    0.22    0.35
11933       1205   20.08   49.11  231.00    3.37    3.31    0.27    0.25 1392.00   41.00  0
                    3.40    3.32    0.22    0.27
                       0    3.42    3.52    0.21    0.32
11955       1209   21.32   49.03  194.00    2.04    1.94    0.36    0.22 1134.00    1.00  0
                    2.07    1.93    0.37    0.25
                       0    1.93    2.43    0.61    0.41
12142       1222   18.52   54.57  189.00    2.94    2.82    0.25    0.18 1095.00    1.00  0
                    2.95    2.85    0.27    0.15
                       0    2.98    2.99    0.22    0.34
12226       1231   16.07   53.38  188.00   -3.08   -3.09    0.22    0.14 1085.00   35.00  0
                   -3.08   -3.10    0.24    0.15
                       0   -3.11   -2.97    0.26    0.19
12310       1241   14.60   52.35  214.00   -3.33   -3.30    0.30    0.16 1175.00  160.00  0
                   -3.33   -3.32    0.25    0.15
                       0   -3.43   -3.24    0.31    0.21
12336       1244   17.85   52.37  189.00   -1.99   -2.06    0.26    0.16 1093.00    1.00  0
                   -2.02   -2.05    0.22    0.15
                       0   -2.01   -2.07    0.26    0.22
12452       1256   19.14   52.00  183.00    3.14    3.01    0.35    0.26 1094.00  155.00  0
                    3.10    2.97    0.32    0.23
                       0    3.27    3.21    0.29    0.36
12812       1291   16.63   47.27  196.00    2.50    2.29    0.39    0.19 1138.00    0.00  0
                    2.52    2.30    0.35    0.17
                       0    2.33    2.60    0.28    0.31
13601       1361   19.80   41.33  229.00   -2.10   -2.02    0.64    0.51  444.00    6.00  0
                   -2.15   -2.10    0.67    0.52
                       0   -2.03   -2.35    0.67    0.82
13629       1369   20.77   40.60  232.00   -1.83   -1.74    0.57    0.47  449.00    1.00  0
                   -1.85   -1.83    0.59    0.44
                       0   -1.85   -1.95    0.52    0.96
14652       1399   18.27   43.72  220.00    1.57    1.54    0.86    0.84  905.00    2.00  0
                    1.71    1.88    0.75    0.79
                       0    1.71    1.57    0.80    0.53
14654       1400   18.43   43.87  225.00    1.54    1.42    0.98    0.88  924.00    8.00  0
                    1.63    1.38    0.94    0.70
                       0    2.07    1.50    1.15    0.72
15023       1408   26.25   47.65  194.00   -1.64   -1.68    0.33    0.18 1134.00    0.00  0
                   -1.60   -1.67    0.32    0.15
                       0   -1.66   -1.52    0.31    0.31
15162       1446   23.05   46.37  194.00   -3.00   -3.10    0.40    0.24 1135.00    0.00  0
                   -3.00   -3.10    0.42    0.27
                       0   -2.93   -3.08    0.36    0.74
15199       1457   20.63   46.08  194.00   -1.74   -1.87    0.34    0.20 1136.00    0.00  0
                   -1.72   -1.84    0.35    0.21
                       0   -1.77   -1.61    0.30    0.32
15261       1474   26.02   45.68  194.00    1.79    1.67    0.39    0.25 1110.00    0.00  0
                    1.82    1.75    0.37    0.25
                       0    1.75    1.86    0.30    0.48
16059       1576    7.65   45.22  192.00   -2.04   -2.15    0.52    0.28  371.00    0.00  0
                   -2.10   -2.15    0.52    0.30
                       0   -2.07   -2.10    0.74    0.33
16066       1578    8.73   45.62  192.00   -2.48   -2.57    0.38    0.21  374.00    2.00  0
                   -2.50   -2.55    0.37    0.15
                       0   -2.47   -2.40    0.44    0.22
16111       1590    8.19   44.24  209.00    3.03    2.99    0.37    0.43 1392.00  421.00  0
                    3.07    3.08    0.37    0.47
                       0    3.01    3.24    0.28    0.28
16129       1593    9.81   44.06  107.00    2.98    2.87    0.35    0.25  569.00    0.00  0
                    3.02    2.90    0.30    0.24
                      20    3.13    2.97    0.32    0.34
16239       1610   12.55   41.80  228.00   -3.02   -3.11    0.39    0.23  452.00   30.00  0
                   -3.00   -3.10    0.37    0.22
                       0   -2.88   -3.10    0.33    0.30
16314       1627   16.64   40.67  232.00    2.01    2.03    0.27    0.23 1391.00    0.00  0
                    2.00    2.05    0.25    0.22
                       0    2.09    2.07    0.25    0.23
16318       1628   17.20   40.64  211.00   -3.26   -3.21    0.33    0.24 1277.00   58.00  0
                   -2.93   -3.18    0.54    0.25
                       3   -3.12   -3.23    0.31    0.28
16344       1634   16.39   39.33  232.00   -1.67   -1.61    0.72    0.72 1374.00    1.00  0
                   -1.67   -1.58    0.67    0.74
                       0   -2.16   -1.64    0.73    0.40
16405       1639   13.10   38.18  192.00    1.68    1.66    0.33    0.25  373.00    0.00  0
                    1.65    1.70    0.30    0.22
                       0    1.70    1.65    0.33    0.30
16520       1646    8.28   40.63  181.00    1.73    1.69    0.31    0.23  321.00    0.00  0
                    1.75    1.70    0.30    0.22
                       0    1.70    1.88    0.22    0.22
16613       1655   21.40   40.78  129.00    4.08    4.18    0.36    0.23  375.00  197.00  0
                    4.05    4.20    0.30    0.22
                       0    4.00    4.18    0.30    0.19
17038       1684   39.72   41.00  232.00   -1.90   -1.85    0.44    0.31  465.00    0.00  0
                   -1.95   -1.85    0.37    0.22
                       0   -2.07   -1.90    0.19    0.56
17193       1721   34.70   38.61  225.00    1.55    1.48    0.36    0.21  823.00    0.00  0
                    1.53    1.45    0.36    0.19
                       0    1.38    1.80    0.32    0.32
17202       1725   39.28   38.60  232.00   -2.00   -1.98    0.56    0.42  467.00    0.00  0
                   -1.70   -1.62    0.67    0.63
                       0   -1.90   -1.90    0.48    0.52
17203       1726   40.50   38.86  210.00    3.63    3.59    0.40    0.28  806.00   86.00  0
                    3.65    3.62    0.44    0.29
                       0    3.53    3.66    0.39    0.43
17310       1751   32.00   36.54  228.00   -1.73   -1.73    0.50    0.36 1055.00    0.00  0
                   -1.79   -1.73    0.54    0.40
                       0   -1.83   -2.01    0.49    0.53
23891       1938   96.37   61.67  232.00    1.70    1.52    0.41    0.32  464.00    0.00  0
                    1.70    1.50    0.37    0.30
                       0    1.70    1.75    0.48    0.30
26544       2141   26.62   55.87  207.00    2.94    2.82    0.31    0.20  401.00    3.00  0
                    2.95    2.80    0.30    0.22
                       0    2.82    3.03    0.33    0.26
28886       2317   72.37   53.63  230.00    1.56    1.51    0.47    0.36  232.00    2.00  0
                    1.60    1.60    0.44    0.30
                       0    1.55    1.50    0.44    0.52
28952       2321   63.61   53.21  232.00    2.25    2.26    0.49    0.33  463.00    2.00  0
                    2.25    2.30    0.44    0.30
                       0    2.03    2.30    0.37    0.82
29405       2351   76.63   56.57  232.00   -2.72   -2.53    0.37    0.28  464.00    2.00  0
                   -2.70   -2.50    0.37    0.30
                       0   -2.65   -2.72    0.44    0.48
30385       2433  121.48   56.58  232.00   -1.61   -1.58    0.53    0.38  464.00    0.00  0
                   -1.60   -1.55    0.59    0.37
                       0   -1.05   -1.83    0.48    0.41
32027       2559  141.63   52.22  148.00   -3.27   -2.93    0.54    0.43  464.00  219.00  0
                   -3.35   -2.95    0.52    0.44
                       0   -3.40   -3.40    0.33    0.89
33135       2589   31.28   51.48  232.00    2.21    2.17    0.32    0.21  464.00    0.00  0
                    2.20    2.20    0.30    0.22
                       0    2.25    2.12    0.33    0.44
34560       2680   44.36   48.78  232.00   -2.28   -2.29    0.31    0.19  463.00    0.00  0
                   -2.30   -2.22    0.30    0.26
                       0   -2.30   -2.35    0.22    0.30
34727       2692   38.27   46.73  232.00   -2.20   -2.10    0.29    0.22  464.00    1.00  0
                   -2.20   -2.07    0.30    0.19
                       0   -2.15   -2.15    0.26    0.33
35157       2729   62.70   51.08  219.00   -3.12   -2.79    0.45    0.38  232.00   13.00  0
                   -3.10   -2.80    0.44    0.30
                       0   -3.10   -3.30    0.59    0.44
35345       2742   61.48   49.98  190.00   -3.03   -2.68    0.85    0.80  232.00   42.00  0
                   -3.20   -2.90    0.44    0.44
                       0   -3.00   -3.40    0.30    0.30
35363       2746   66.83   50.22  232.00   -1.64   -1.61    0.43    0.27  232.00    0.00  0
                   -1.60   -1.60    0.44    0.30
                       0   -1.60   -1.50    0.59    0.44
35368       2747   66.15   49.75  227.00    2.30    2.31    0.53    0.40  228.00    1.00  0
                    2.30    2.30    0.44    0.44
                       0    2.40    2.45    0.44    0.59
35437       2754   58.22   48.82  225.00   -2.43   -2.32    0.43    0.29  232.00    7.00  0
                   -2.40   -2.30    0.44    0.30
                       0   -2.30   -2.55    0.44    0.52
35522       2757   56.03   48.73  232.00   -1.70   -1.68    0.41    0.31  232.00    0.00  0
                   -1.70   -1.65    0.44    0.22
                       0   -1.50   -1.75    0.44    0.30
35715       2769   53.92   46.80  137.00    3.44    3.19    0.47    0.33  232.00   95.00  0
                    3.50    3.30    0.44    0.15
                       0    3.25    3.50    0.67    0.30
35816       2775   54.48   46.23  229.00    2.51    2.27    0.59    0.50  231.00    2.00  0
                    2.60    2.30    0.44    0.44
                       0    2.50    2.70    0.67    0.59
35969       2781   67.06   45.25  231.00    1.66    1.55    0.45    0.35  462.00    0.00  0
                    1.65    1.55    0.37    0.30
                       0    1.85    1.42    0.52    0.48
36001       2783   75.37   51.70  228.00    2.67    2.58    0.50    0.44  232.00    4.00  0
                    2.70    2.60    0.44    0.44
                       0    2.70    2.80    0.30    0.30
36015       2786   77.77   51.48  197.00   -2.56   -2.57    0.81    0.69  232.00   35.00  0
                   -2.70   -2.80    0.89    0.74
                       0   -2.30   -2.40    0.89    0.74
36090       2796   93.68   51.12  206.00    4.07    3.99    0.51    0.34  451.00   99.00  0
                    4.07    4.05    0.52    0.37
                       0    4.12    3.80    0.52    0.63
36278       2810   90.43   50.38  155.00    2.57    2.51    0.67    0.55  280.00    5.00  0
                    2.55    2.55    0.52    0.37
                       0    2.60    2.55    0.48    0.93
36335       2812   75.52   49.38  213.00   -3.18   -3.09    0.32    0.25  231.00   18.00  0
                   -3.20   -3.10    0.30    0.30
                       0   -3.10   -3.25    0.15    0.07
36418       2818   83.38   49.03  222.00    3.51    3.19    0.49    0.38  231.00    9.00  0
                    3.50    3.20    0.44    0.30
                       0    3.55    3.50    0.52    0.44
36421       2819   84.28   49.72  187.00    3.48    3.12    0.53    0.48  231.00   44.00  0
                    3.50    3.10    0.44    0.44
                       0    3.40    3.80    0.67    0.59
36439       2821   85.62   49.18  232.00    2.06    1.84    0.77    0.62  232.00    0.00  0
                    2.00    1.80    0.74    0.59
                       0    2.00    1.85    0.82    0.52
36870       2843   76.93   43.23  232.00   -2.04   -1.85    0.51    0.33  464.00    0.00  0
                   -1.98   -1.80    0.48    0.30
                       0   -2.03   -2.03    0.41    0.41
36905       2846   79.48   43.32  232.00   -2.58   -2.50    0.69    0.51  232.00    0.00  0
                   -2.60   -2.50    0.74    0.44
                       0   -2.20   -2.70    0.74    0.52
37054       2855   43.06   44.23  232.00    2.04    1.98    0.40    0.24  463.00    0.00  0
                    2.28    2.00    0.41    0.22
                       0    2.07    2.05    0.33    0.37
37801       2896   45.13   40.35  189.00   -1.59   -1.50    1.00    0.93  228.00    1.00  0
                   -1.70   -1.50    1.04    1.04
                       0   -1.92   -1.65    0.96    0.96
38262       2921   59.80   42.95  216.00    2.78    2.62    0.59    0.49  464.00   55.00  0
                    2.85    2.70    0.59    0.44
                       0    3.05    2.88    0.52    0.44
38318       2925   68.13   42.10  218.00   -3.03   -2.90    0.39    0.23  440.00   10.00  0
                   -3.05   -2.90    0.37    0.22
                       0   -2.72   -3.07    0.52    0.37
38343       2929   72.75   42.95  232.00   -1.76   -1.55    0.36    0.26  464.00    0.00  0
                   -1.80   -1.33    0.37    0.33
                       0   -1.85   -1.85    0.37    0.30
38353       2931   74.53   42.85  232.00   -2.48   -2.25    0.72    0.59  464.00    3.00  0
                   -2.53   -2.30    0.85    0.67
                       0   -2.65   -2.70    1.04    0.74
38413       2936   64.62   41.73  228.00    1.81    1.73    0.74    0.63  464.00   11.00  0
                    1.75    1.70    0.67    0.52
                       0    2.20    1.55    1.15    0.59
38611       2946   71.58   40.98  232.00    1.57    1.62    0.60    0.40  462.00    2.00  0
                    2.10    1.80    0.96    0.44
                       0    1.58    1.08    0.52    0.56
38715       2957   68.63   39.58  116.00   -1.79   -1.76    0.68    0.70  116.00    0.00  0
                   -1.85   -1.90    0.67    0.59
                       1   -1.30   -2.20    0.74    0.52
38750       2962   53.96   37.46  231.00    1.62    1.42    0.59    0.47  464.00    4.00  0
                    1.60    1.45    0.52    0.44
                       0    1.50    1.50    0.67    0.44
38763       2963   56.28   38.97  232.00    1.69    1.44    0.58    0.42  463.00    1.00  0
                    1.67    1.40    0.56    0.37
                       0    1.80    1.62    0.33    0.59
38846       2970   69.97   38.33  232.00   -1.74   -1.50    0.75    0.65  461.00    3.00  0
                   -1.70   -1.52    0.82    0.63
                       0   -1.42   -1.88    0.85    0.70
38856       2971   70.88   38.46  115.00   -1.61   -1.32    0.80    0.81  116.00    1.00  0
                   -1.60   -1.30    0.89    0.89
                       1   -1.40   -1.65    0.59    0.82
38947       2980   69.08   37.23   99.00   -2.77   -2.26    0.90    0.82  114.00   15.00  0
                   -2.60   -2.10    0.74    0.74
                       1   -2.30   -3.15    0.59    0.82
38954       2981   71.50   37.50  225.00   -1.53   -1.38    1.03    1.01  450.00   37.00  0
                   -1.55   -1.35    1.19    1.19
                       0   -0.93   -2.25    0.93    0.82
40361       3002   40.10   29.78  232.00    1.78    1.71    0.31    0.26  463.00    0.00  0
                    1.80    1.70    0.30    0.30
                       0    1.80    1.88    0.19    0.15
40674       3016   45.27   31.30  127.00    1.73    1.40    0.31    0.23  366.00  142.00  0
                    1.75    1.40    0.30    0.22
                       0    1.80    1.65    0.37    0.33
40691       3021   48.50   29.98  220.00    2.78    2.56    0.45    0.38  387.00   15.00  0
                    2.80    2.60    0.44    0.37
                       0    2.65    2.90    0.44    0.52
40723       3033   57.33   37.46  232.00    1.57    1.53    0.56    0.48  455.00    1.00  0
                    1.55    1.58    0.52    0.48
                       0    1.88    1.20    0.48    0.48
40734       3039   51.50   36.65  232.00   -2.16   -2.13    0.57    0.39  457.00    1.00  0
                   -2.18   -2.03    0.48    0.33
                       0   -2.45   -2.03    0.37    0.52
40785       3059   51.45   33.97  232.00    2.03    1.99    0.65    0.49  461.00    3.00  0
                    2.05    2.03    0.67    0.48
                       0    1.55    2.50    0.44    0.63
40827       3071   60.03   31.53  232.00    2.29    2.45    0.45    0.47  461.00    1.00  0
                    2.30    2.45    0.44    0.44
                       0    2.25    2.40    0.63    0.41
40835       3075   50.76   30.43  110.00   -3.69   -3.77    0.75    0.71  455.00  298.00  0
                   -4.00   -4.12    0.59    0.52
                       0   -4.28   -2.75    0.22    0.30
40836       3076   51.68   30.83  232.00    1.67    1.66    0.75    0.71  462.00    1.00  0
                    1.60    1.58    0.74    0.63
                       0    1.25    2.28    1.07    0.78
40859       3083   53.68   28.96  232.00   -2.19   -2.04    0.33    0.30  464.00    0.00  0
                   -2.20   -2.05    0.30    0.30
                       0   -2.12   -2.10    0.30    0.37
40877       3086   57.70   27.96  225.00   -3.06   -2.98    0.29    0.30  460.00   66.00  0
                   -3.10   -3.00    0.30    0.30
                       0   -3.12   -3.05    0.22    0.56
40878       3087   62.33   27.33  232.00    2.07    2.04    0.35    0.32  463.00    0.00  0
                    2.00    2.03    0.37    0.33
                       0    2.30    2.22    0.52    0.37
41198       3116   56.33   25.10  165.00   -1.58   -1.56    0.43    0.33  238.00    1.00  0
                   -1.60   -1.55    0.44    0.30
                       0   -1.77   -1.60    0.41    0.44
41257       3131   57.93   23.30  222.00   -2.38   -2.33    0.36    0.27  435.00    0.00  0
                   -2.45   -2.35    0.37    0.30
                       0   -2.50   -2.12    0.33    0.33
41594       3157   72.67   32.04  227.00    1.67    1.36    0.58    0.36  420.00    4.00  0
                    1.70    1.35    0.44    0.30
                       0    1.67    1.77    0.67    0.67
41710       3169   62.75   28.82  227.00   -1.76   -1.70    0.79    0.67  279.00    1.00  0
                   -1.85   -1.80    0.82    0.59
                       0   -1.70   -1.95    1.19    0.89
41764       3180   68.41   25.38  229.00   -1.67   -1.72    0.61    0.48  428.00    2.00  0
                   -1.75   -1.75    0.52    0.37
                       0   -1.67   -1.27    0.52    0.59
42111       3229   78.03   30.32  225.00    4.19    3.87    0.50    0.29  447.00   63.00  0
                    4.25    3.90    0.44    0.30
                       0    4.20    4.15    0.37    0.44
43083       3250   78.27   18.05   57.00   -1.76   -2.18    0.44    0.35   58.00    1.00  0
                   -1.80   -2.20    0.44    0.30
                       2   -1.90   -1.60    0.37    0.30
43201       3262   75.63   15.41  232.00    2.35    2.20    0.48    0.34  464.00    0.00  0
                    2.30    2.20    0.44    0.37
                       0    1.98    2.70    0.33    0.41
43237       3268   77.63   14.58  232.00    2.53    2.38    0.59    0.37  464.00    9.00  0
                    2.50    2.40    0.59    0.37
                       0    2.25    2.88    0.52    0.74
44217       3321   90.30   48.42  187.00   -3.87   -3.86    0.52    0.46  421.00  122.00  0
                   -3.95   -3.95    0.52    0.44
                       0   -3.70   -4.18    0.37    0.33
44272       3339   96.85   47.75  232.00   -2.26   -2.22    0.48    0.39  464.00    3.00  0
                   -2.30   -2.25    0.52    0.44
                       0   -1.88   -2.55    0.63    0.56
47022       3388  128.15   40.82  217.00    2.69    2.68    0.62    0.55  462.00   56.00  0
                    3.05    2.70    0.59    0.52
                       0    2.85    2.75    0.48    0.89
47037       3393  125.25   39.97  230.00   -1.78   -1.65    0.87    0.83  464.00    9.00  0
                   -1.85   -1.70    0.82    0.74
                       0   -1.88   -1.95    0.78    1.00
47068       3404  124.88   38.20  226.00   -2.54   -2.42    0.65    0.58  464.00   26.00  0
                   -2.65   -2.50    0.56    0.52
                       0   -2.30   -3.00    0.70    0.59
47075       3407  127.28   38.41  229.00    2.51    2.44    0.58    0.51  464.00   14.00  0
                    2.55    2.50    0.52    0.44
                       0    2.68    2.35    0.70    0.74
47157       3440  127.91   35.67  230.00   -1.63   -1.66    0.48    0.34  461.00    2.00  0
                   -1.65   -1.70    0.37    0.30
                       0   -1.30   -1.85    0.41    0.37
47171       3447  126.86   35.56  228.00   -2.81   -2.85    0.41    0.29  464.00   23.00  0
                   -2.85   -2.85    0.30    0.22
                       0   -2.60   -2.75    0.26    0.33
48375       3644   98.55   16.67  232.00   -1.58   -1.76    0.62    0.40  463.00    1.00  0
                   -1.70   -1.80    0.59    0.37
                       0   -1.55   -1.35    0.59    0.56
48437       3686  103.25   15.23  232.00    1.58    1.39    0.68    0.44  464.00    0.00  0
                    1.60    1.45    0.70    0.37
                       0    1.30    1.77    0.89    0.63
48458       3696  101.45   13.56  232.00    2.06    1.91    0.52    0.33  464.00    4.00  0
                    2.00    1.85    0.52    0.30
                       0    1.73    2.28    0.26    0.41
48555       3720   99.63    9.14  232.00    1.83    1.71    0.49    0.33  464.00    0.00  0
                    1.80    1.70    0.52    0.37
                       0    1.73    2.18    0.41    0.41
48866       3773  108.00   13.98  230.00    2.61    2.46    0.45    0.34  444.00    1.00  0
                    2.60    2.45    0.44    0.37
                       0    2.10    2.88    0.30    0.41
48921       3786  101.88   21.63   74.00   -3.22   -3.44    0.69    0.66  256.00  153.00  0
                   -3.30   -3.62    0.67    0.44
                       1   -3.47   -3.60    0.63    0.70
48925       3788  102.00   20.68  170.00   -2.34   -2.61    0.84    0.51  273.00    5.00  0
                   -2.35   -2.60    0.96    0.44
                       1   -2.22   -2.42    1.30    1.04
48927       3790  104.23   20.42  167.00    2.08    1.80    0.61    0.43  274.00    5.00  0
                    2.10    1.90    0.59    0.37
                       1    2.05    1.88    0.85    0.52
48928       3791  104.07   20.42  123.00    3.61    3.32    0.60    0.39  253.00   86.00  0
                    3.70    3.40    0.59    0.30
                       1    3.72    3.70    0.63    0.59
48947       3796  104.75   16.55  224.00    2.05    1.84    0.72    0.55  407.00    7.00  0
                    2.05    1.90    0.82    0.48
                       0    2.05    2.40    0.67    0.67
50756       3813  126.97   47.43  232.00    2.08    2.12    0.48    0.35  232.00    0.00  0
                    2.10    2.10    0.44    0.30
                       0    2.30    2.10    0.30    0.37
51156       3825   85.74   46.80  232.00   -2.35   -2.43    0.58    0.46  232.00    0.00  0
                   -2.05   -2.15    0.52    0.52
                       0   -2.10   -2.95    0.37    0.67
51467       3830   86.33   42.66  109.00   -3.67   -3.73    0.75    0.74  405.00  249.00  0
                   -3.80   -4.00    0.67    0.59
                       0   -3.65   -4.05    0.70    0.52
56144       3951   98.56   31.73  208.00   -2.95   -3.22    0.81    0.69  404.00   60.00  0
                   -3.00   -3.30    0.89    0.74
                       0   -3.05   -2.85    1.19    0.70
56167       3954  101.12   30.98  162.00   -3.43   -3.67    0.64    0.54  405.00  144.00  0
                   -3.45   -3.75    0.74    0.52
                       0   -3.32   -3.45    1.04    0.67
56385       3962  103.33   29.52  231.00   -2.39   -2.51    0.60    0.66  403.00   18.00  0
                   -2.50   -2.60    0.59    0.59
                       0   -2.45   -2.40    0.52    0.63
58968       4054  121.53   25.03  231.00   -2.69   -2.70    0.44    0.29  455.00    0.00  0
                   -2.65   -2.70    0.44    0.30
                       0   -2.43   -2.85    0.33    0.30
59158       4061  120.70   24.15  227.00   -2.07   -2.07    0.58    0.47  397.00    0.00  0
                   -2.05   -2.10    0.44    0.37
                       0   -2.00   -2.03    0.44    0.48
60025       4091  343.43   28.05  232.00   -2.96   -3.00    0.37    0.33 1392.00    4.00  0
                   -3.00   -3.05    0.35    0.31
                       0   -3.22   -2.80    0.52    0.42
60550       4109    1.00   33.67  231.00   -2.30   -2.33    0.48    0.41  463.00    8.00  0
                   -2.35   -2.40    0.37    0.30
                       0   -2.28   -2.25    0.41    0.26
60729       4120   10.08   36.43  169.00    1.60    1.45    0.42    0.29  233.00    0.00  0
                    1.55    1.50    0.37    0.37
                       3    1.52    1.60    0.41    0.37
61045       4140   10.30   13.98  230.00    2.37    1.93    0.56    0.41  455.00   15.00  0
                    2.35    1.95    0.59    0.44
                       0    2.22    2.45    0.32    0.44
61291       4158  352.05   12.53  203.00    2.24    1.99    0.65    0.51  325.00    3.00  0
                    2.20    1.95    0.59    0.44
                       1    2.12    2.70    0.48    0.48
61697       4170  343.25   12.03   66.00    3.31    3.25    0.49    0.38  363.00  285.00  0
                    3.40    3.30    0.30    0.30
                       0    3.47    3.50    0.33    0.30
63450       4192   38.75    9.02   92.00    3.44    3.39    0.22    0.18  291.00  186.00  0
                    3.45    3.40    0.07    0.15
                       7    3.50    3.50    0.15    0.15
64459       4215   18.07    1.62  230.00    1.58    1.22    0.76    0.48  440.00    1.00  0
                    1.50    1.20    0.74    0.44
                       0    1.50    1.52    0.78    0.70
64810       4224    8.77    3.75  229.00    2.42    2.39    0.68    0.58  428.00    3.00  0
                    2.40    2.40    0.67    0.59
                       0    2.05    2.28    0.78    0.41
65319       4234    1.38   10.32  222.00    3.19    3.00    0.45    0.34  420.00   62.00  0
                    3.20    3.00    0.44    0.30
                       0    3.10    3.47    0.41    0.37
65507       4245    0.35   12.06  221.00   -1.58   -1.78    0.60    0.44  361.00    0.00  0
                   -1.60   -1.80    0.59    0.44
                       0   -1.85   -1.25    0.59    0.37
65510       4246  355.70   11.16  206.00   -2.62   -2.68    0.58    0.44  335.00   23.00  0
                   -2.70   -2.70    0.59    0.44
                       0   -2.82   -2.35    0.33    0.70
65536       4251  354.38    9.42  182.00    1.70    1.55    0.64    0.48  272.00    1.00  0
                    1.73    1.50    0.70    0.52
                       7    1.50    2.00    0.52    0.52
67137       4274   47.10  -21.45  200.00   -1.96   -1.97    0.37    0.34  302.00    5.00  0
                   -1.98   -2.00    0.33    0.30
                       0   -2.10   -1.75    0.26    0.37
67217       4278   35.25  -13.28  164.00    3.19    2.95    0.36    0.32  246.00    4.00  0
                    3.20    2.90    0.37    0.30
                       0    3.12    3.00    0.30    0.48
67335       4279   33.63  -25.05  211.00   -1.50   -1.49    0.44    0.35  388.00    0.00  0
                   -1.55   -1.50    0.44    0.30
                       0   -1.65   -1.23    0.37    0.48
68268       4295   28.32  -24.89  214.00    1.58    1.32    0.36    0.27  412.00    0.00  0
                    1.58    1.30    0.33    0.22
                       4    1.45    1.65    0.30    0.33
68394       4321   31.70  -26.73  127.00    2.22    2.07    0.63    0.51  168.00    1.00  0
                    2.20    2.10    0.59    0.44
                       0    2.20    2.50    0.59    0.41
68549       4358   26.86  -29.90   94.00    1.79    1.61    0.43    0.34  442.00  257.00  0
                    1.77    1.62    0.41    0.26
                       0    1.92    1.60    0.44    0.30
68674       4384   29.55  -31.63  226.00    1.60    1.68    0.53    0.44  431.00    0.00  0
                    1.58    1.70    0.48    0.44
                       0    2.18    1.85    0.41    0.56
68828       4406   22.38  -34.02  232.00   -1.74   -1.55    0.43    0.31  388.00    0.00  0
                   -1.70   -1.50    0.44    0.30
                       0   -1.70   -1.85    0.30    0.44
68833       4408   23.87  -33.83  229.00   -3.02   -2.83    0.43    0.35  453.00    5.00  0
                   -3.10   -2.65    0.44    0.37
                       1   -3.20   -2.90    0.48    0.30
68925       4426   19.02  -34.13  231.00    1.58    1.65    0.64    0.56  457.00    0.00  0
                    1.70    1.75    0.52    0.44
                       0    1.52    1.98    0.37    0.70
70381       4455  225.42   58.37  231.00   -1.64   -1.61    0.79    0.61  232.00    1.00  0
                   -1.60   -1.50    0.74    0.59
                       0   -1.15   -1.75    0.67    0.89
71020       4462  236.25   61.25  225.00   -1.58   -1.41    0.81    0.58  443.00    0.00  0
                   -1.55   -1.40    0.82    0.52
                       0   -1.47   -1.27    1.19    0.48
71113       4518  238.24   49.24  228.00   -1.55   -1.56    0.92    0.60  455.00    0.00  0
                   -1.73   -1.65    0.93    0.67
                       0   -1.65   -1.75    1.33    0.82
71181       4565  304.68   47.13  178.00   -2.13   -1.90    0.37    0.28  355.00    0.00  0
                   -2.10   -1.85    0.30    0.30
                       0   -2.07   -2.10    0.19    0.33
71243       4591  247.24   49.69  194.00    1.59    1.35    0.50    0.23  387.00    0.00  0
                    1.58    1.40    0.48    0.22
                       0    1.45    1.50    0.30    0.63
71321       4642  291.45   63.75  221.00    1.91    1.69    0.66    0.49  436.00    0.00  0
                    2.15    1.90    0.67    0.52
                       0    2.00    2.12    0.41    1.19
71387       4678  288.97   48.88  228.00   -1.53   -1.47    0.56    0.33  452.00    0.00  0
                   -1.55   -1.48    0.52    0.33
                       0   -1.52   -1.75    0.74    0.67
71421       4697  296.72   51.86  227.00    1.71    1.76    0.47    0.37  450.00    0.00  0
                    1.75    1.80    0.44    0.37
                       0    1.50    1.80    0.59    0.26
71750       4921  273.71   48.58  228.00    1.83    1.71    0.40    0.26  456.00    1.00  0
                    1.85    1.73    0.37    0.26
                       0    1.98    1.62    0.33    0.41
71769       4931  235.84   49.35  228.00   -1.77   -1.66    0.53    0.26  456.00    0.00  0
                   -1.62   -1.50    0.56    0.30
                       0   -1.73   -1.73    0.70    0.44
71914       5011  236.87   48.77  228.00   -1.69   -1.65    0.38    0.18  454.00    0.00  0
                   -1.70   -1.65    0.37    0.22
                       0   -1.75   -1.65    0.37    0.30
72235       5082  269.92   32.32  231.00    1.71    1.30    0.40    0.26  461.00    1.00  0
                    1.70    1.30    0.37    0.22
                       0    1.75    1.45    0.37    0.33
72274       5101  249.05   32.22  126.00   -3.24   -3.60    0.34    0.28  231.00  105.00  0
                   -3.30   -3.60    0.30    0.22
                       0   -3.30   -3.40    0.37    0.15
72312       5110  277.78   34.90  232.00    1.66    1.23    0.39    0.29  463.00    0.00  0
                    1.65    1.25    0.37    0.30
                       0    1.80    1.50    0.26    0.22
72314       5111  279.07   35.22  232.00    2.16    1.73    0.37    0.24  463.00    1.00  0
                    2.15    1.75    0.30    0.22
                       0    2.15    2.05    0.26    0.37
72327       5117  273.45   36.23   79.00   -3.31   -3.96    0.27    0.24  463.00  357.00  0
                   -3.40   -3.80    0.30    0.30
                       0   -3.28   -3.40    0.33    0.30
72356       5123  264.12   36.20  230.00   -1.71   -1.95    0.54    0.36  231.00    1.00  0
                   -1.70   -2.00    0.44    0.30
                       0   -1.30   -2.00    0.44    0.74
72386       5133  244.83   36.08  215.00    2.74    2.90    0.44    0.28  231.00   16.00  0
                    2.80    2.90    0.44    0.30
                       0    2.75    2.85    0.59    0.37
72407       5142  285.44   39.45  230.00   -1.58   -1.90    0.39    0.28  230.00    0.00  0
                   -1.50   -1.90    0.30    0.30
                       0   -1.55   -1.75    0.37    0.37
72464       5167  255.48   38.28  229.00    1.84    1.83    0.53    0.43  231.00    2.00  0
                    1.90    1.80    0.59    0.44
                       0    2.05    2.00    0.37    0.59
72476       5169  251.47   39.11  218.00    1.59    1.74    0.72    0.52  222.00    4.00  0
                    1.50    1.70    0.74    0.44
                       0    1.20    2.00    0.96    0.59
72494       5174  237.62   37.61  215.00   -2.97   -3.09    0.35    0.27  231.00   16.00  0
                   -3.00   -3.10    0.44    0.30
                       0   -3.00   -3.10    0.44    0.37
72506       5178  286.04   40.77   63.00    2.59    2.35    0.79    0.81  232.00  169.00  0
                    2.80    2.60    0.89    0.89
                       0    2.60    2.90    1.19    0.52
72524       5190  278.13   41.42  232.00    1.90    1.64    0.41    0.23  463.00    0.00  0
                    1.90    1.72    0.37    0.26
                       0    2.03    1.52    0.22    0.37
72570       5219  252.47   40.50  229.00    2.55    2.60    0.50    0.44  462.00   24.00  0
                    2.60    2.65    0.52    0.37
                       0    2.38    3.00    0.56    0.41
72672       5244  251.52   43.07   80.00    3.22    3.52    0.36    0.36  231.00  151.00  0
                    3.30    3.50    0.44    0.30
                       0    3.30    3.40    0.30    0.30
76061       5275  246.45   31.30  141.00    1.59    1.42    0.41    0.29  252.00    0.00  0
                    1.55    1.45    0.37    0.22
                       0    1.67    1.67    0.63    0.48
76243       5279  259.48   28.70  185.00    2.81    2.36    0.80    0.72  343.00   40.00  0
                    3.00    2.55    0.74    0.67
                       0    3.10    1.98    0.70    0.96
76323       5284  254.34   26.91   77.00    3.54    3.16    0.35    0.30  356.00  239.00  0
                    3.55    3.20    0.37    0.30
                       0    3.50    3.65    0.30    0.37
76342       5285  258.58   26.88  200.00    2.74    2.26    0.81    0.60  402.00    8.00  0
                    2.75    2.25    0.89    0.56
                       0    3.55    3.00    0.82    0.85
76412       5290  252.57   24.63  193.00    2.68    2.14    0.70    0.61  365.00   33.00  0
                    2.70    2.20    0.52    0.44
                       0    2.85    2.65    0.67    0.52
76491       5294  260.83   23.73  196.00    1.56    1.13    0.56    0.44  306.00    0.00  0
                    1.50    1.10    0.59    0.44
                       0    1.38    1.58    0.44    0.78
76548       5297  262.15   22.22  126.00    3.52    3.12    0.62    0.54  392.00  218.00  0
                    3.60    3.20    0.44    0.30
                       0    3.65    3.60    0.44    0.59
76634       5304  261.65   20.07  214.00    2.29    2.08    0.31    0.32  429.00    1.00  0
                    2.30    2.10    0.30    0.32
                       0    2.43    2.32    0.26    0.26
76640       5305  262.59   20.95  217.00    1.94    1.63    0.79    0.72  529.00    4.00  0
                    2.03    1.77    0.69    0.54
                       0    1.92    2.13    1.11    0.49
76658       5308  256.29   19.23  208.00    1.57    1.14    0.55    0.47  436.00    2.00  0
                    1.60    1.18    0.52    0.42
                       0    1.50    1.50    0.37    0.51
76683       5313  261.77   19.32  204.00    2.94    2.72    0.31    0.27  426.00    0.00  0
                    2.95    2.72    0.30    0.27
                       0    3.05    2.80    0.22    0.22
76775       5325  263.30   17.07  211.00    2.36    2.14    0.47    0.43  411.00    1.00  0
                    2.35    2.15    0.52    0.44
                       0    2.57    2.25    0.33    0.40
76903       5333  267.73   14.92  190.00   -1.76   -1.98    0.66    0.59  461.00    8.00  0
                   -1.80   -2.00    0.59    0.52
                       0   -1.87   -1.95    0.67    0.88
78073       5335  282.53   25.05  232.00    1.68    1.31    0.29    0.26  432.00    0.00  0
                    1.70    1.30    0.30    0.22
                       0    1.70    1.50    0.30    0.30
78224       5336  277.60   22.98  214.00    2.17    1.80    0.51    0.46  214.00    0.00  0
                    2.20    1.80    0.44    0.44
                       2    2.20    1.80    0.44    0.59
78482       5343  288.91   18.20  170.00    1.99    1.65    0.59    0.51  258.00    0.00  0
                    2.22    1.60    0.67    0.56
                       0    1.90    1.62    0.59    0.70
78526       5344  294.01   18.43  229.00   -1.61   -1.79    0.41    0.33  229.00    0.00  0
                   -1.60   -1.80    0.30    0.30
                       0   -1.55   -1.95    0.37    0.37
78700       5347  272.33   13.28  152.00    2.91    2.40    0.85    0.66  239.00   25.00  0
                    3.00    2.50    0.78    0.59
                       0    3.25    2.72    0.74    0.78
78704       5349  274.07   15.93  164.00    1.75    1.34    0.70    0.64  267.00    4.00  0
                    1.77    1.30    0.63    0.59
                       0    1.38    1.92    0.33    0.70
78705       5350  273.14   15.73  222.00    1.71    1.31    0.55    0.44  367.00    2.00  0
                    1.70    1.40    0.59    0.37
                       0    1.62    1.62    0.67    0.52
78720       5357  272.79   14.05  227.00    1.59    1.27    0.49    0.41  428.00    2.00  0
                    1.60    1.30    0.44    0.37
                       0    1.83    1.20    0.37    0.52
78858       5366  297.29   17.30  170.00    2.67    2.48    0.35    0.27  270.00    0.00  0
                    2.65    2.45    0.30    0.22
                       0    2.60    2.60    0.30    0.26
80063       5386  284.16    8.82  212.00    1.85    1.55    0.55    0.43  311.00    3.00  0
                    1.80    1.55    0.56    0.44
                       0    1.80    1.62    0.44    0.63
80091       5387  286.20    7.02  159.00    1.56    1.22    0.83    0.63  226.00    4.00  0
                    1.65    1.30    0.74    0.74
                       0    1.62    1.50    0.56    1.15
80342       5400  282.73    1.42  152.00    3.08    2.94    0.57    0.48  217.00   38.00  0
                    3.35    3.10    0.52    0.30
                       0    3.20    2.95    0.52    0.67
80437       5408  288.35    8.63   84.00    1.62    1.26    0.88    0.63  120.00    5.00  0
                    1.40    1.20    0.85    0.67
                       0    1.45    1.30    1.04    0.74
80440       5410  289.78    8.61   60.00    2.47    2.09    1.03    0.84   99.00   21.00  0
                    2.55    2.10    1.08    0.89
                       5    2.70    2.83    1.15    1.11
82353       5428  307.80   -3.20  118.00   -2.78   -2.83    0.56    0.46  150.00   32.00  0
                   -2.80   -2.90    0.44    0.44
                       0   -2.85   -2.75    0.52    0.37
82361       5429  310.28   -3.72  146.00    2.01    1.83    0.90    0.70  153.00    7.00  0
                    1.90    1.80    0.89    0.74
                       0    1.90    2.05    0.82    0.74
82392       5430  319.65   -3.70  174.00   -1.70   -1.50    0.52    0.45  175.00    1.00  0
                   -1.70   -1.45    0.44    0.52
                       0   -1.90   -1.70    0.59    0.59
82445       5432  304.03   -4.26  171.00    2.26    2.00    0.71    0.53  173.00    2.00  0
                    2.40    2.10    0.59    0.44
                       0    1.95    2.25    0.59    0.67
82562       5434  310.85   -5.35  113.00    2.29    2.08    0.75    0.59  116.00    3.00  0
                    2.30    2.10    0.74    0.59
                       0    2.05    2.30    0.67    0.82
82824       5444  296.09   -8.76  230.00    1.65    1.32    0.69    0.48  457.00    1.00  0
                    1.70    1.35    0.67    0.37
                       0    1.75    1.75    0.56    0.89
83270       5455  307.50  -13.50  150.00    2.19    1.67    0.93    0.85  154.00    4.00  0
                    2.10    1.70    0.74    0.82
                       0    1.55    2.40    1.19    1.04
83368       5461  307.77  -15.90  164.00    1.96    1.47    0.83    0.65  171.00    7.00  0
                    1.90    1.40    0.89    0.59
                       0    1.65    2.10    0.82    0.89
83442       5468  318.02  -16.85  175.00   -2.82   -2.59    0.66    0.61  175.00    0.00  0
                   -2.80   -2.60    0.74    0.59
                       0   -3.00   -2.70    0.44    0.44
83836       5489  309.37  -25.47  173.00   -2.65   -2.53    0.77    0.61  175.00    2.00  0
                   -2.80   -2.60    0.59    0.44
                       0   -2.75   -2.70    0.67    0.74
83927       5496  302.92  -29.75   98.00   -1.88   -1.64    0.92    0.61   99.00    1.00  0
                   -1.85   -1.60    0.82    0.59
                       1   -2.00   -1.50    0.59    1.04
83948       5498  310.28  -29.33  170.00    2.42    2.27    0.79    0.51  174.00    4.00  0
                    2.30    2.20    0.59    0.44
                       0    2.55    2.30    0.44    0.59
84001       5503  269.74   -0.45  133.00    1.88    1.86    0.53    0.49  169.00    2.00  0
                    1.90    1.90    0.44    0.44
                       0    1.83    1.77    0.37    0.48
84123       5513  281.39   -0.90  139.00    1.51    1.46    0.80    0.73  181.00    1.00  0
                    1.50    1.50    0.89    0.82
                       0    1.58    1.30    0.89    0.93
84135       5515  279.55   -1.03   81.00    3.85    3.47    0.50    0.34  161.00   75.00  0
                    3.80    3.60    0.44    0.30
                       0    4.00    3.60    0.44    0.44
84179       5518  282.10   -1.50  136.00   -1.64   -1.85    0.95    0.61  160.00    2.00  0
                   -1.70   -1.80    1.19    0.59
                       0   -1.55   -1.55    1.11    1.33
84265       5525  280.63   -3.98   93.00    3.58    3.44    0.89    0.76  140.00   43.00  0
                    3.60    3.60    1.04    0.89
                       0    3.75    3.60    0.82    0.74
84377       5527  286.75   -3.75  146.00    3.23    3.00    0.61    0.48  435.00  218.00  0
                    3.35    3.10    0.52    0.37
                       0    3.38    3.20    0.44    0.59
84401       5529  279.41   -5.18  221.00    2.82    2.58    0.60    0.48  438.00   37.00  0
                    2.80    2.60    0.59    0.52
                       0    2.90    2.80    0.52    1.07
84455       5533  283.62   -6.45  190.00    3.49    3.14    0.93    0.72  312.00   42.00  0
                    3.40    3.10    1.04    0.82
                       0    3.38    3.45    1.00    1.26
84472       5534  281.53   -7.13  121.00   -3.48   -3.58    0.66    0.60  271.00   98.00  0
                   -3.45   -3.60    0.96    0.89
                       0   -3.40   -3.58    0.82    0.93
84531       5538  281.49   -9.13   99.00    1.58    1.48    0.71    0.58  138.00    2.00  0
                    1.60    1.50    0.89    0.59
                       0    1.70    1.42    0.67    1.07
84686       5544  288.02  -13.55  231.00   -2.58   -2.64    0.57    0.51  436.00    3.00  0
                   -2.60   -2.60    0.59    0.59
                       0   -2.75   -2.57    0.56    0.67
84773       5549  288.67  -17.68   99.00   -1.63   -1.73    0.77    0.64  142.00    0.00  0
                   -1.70   -1.75    0.59    0.44
                       0   -1.50   -1.90    0.41    2.37
85140       5556  292.62  -14.31   88.00   -2.63   -2.81    0.85    0.52  225.00  118.00  0
                   -2.60   -2.90    0.89    0.44
                       0   -3.05   -2.78    0.74    1.30
85175       5561  296.90  -15.72  129.00    1.79    1.31    1.02    0.65  144.00    0.00  0
                    1.90    1.40    1.19    0.59
                       0    2.05    1.80    0.96    1.33
85268       5571  300.25  -18.32  124.00    3.26    2.94    0.89    0.74  144.00    9.00  0
                    3.30    3.10    1.04    0.59
                       0    3.50    3.25    0.82    1.45
85406       5577  289.67  -18.35  231.00    2.25    2.08    0.48    0.36  281.00    0.00  0
                    2.30    2.25    0.44    0.37
                       0    2.45    2.00    0.30    0.82
85418       5578  289.82  -20.53  232.00   -1.74   -1.76    0.60    0.54  282.00    0.00  0
                   -1.75   -1.80    0.52    0.44
                       0   -1.50   -2.18    0.44    0.52
85432       5579  291.10  -22.49  232.00   -3.31   -3.18    0.36    0.37  282.00    0.00  0
                   -3.30   -3.20    0.44    0.37
                       0   -3.40   -3.20    0.30    0.52
85442       5580  289.56  -23.45  206.00   -3.94   -3.77    0.43    0.41  282.00   44.00  0
                   -4.00   -3.80    0.44    0.44
                       0   -4.00   -3.93    0.30    0.41
86134       5597  302.59  -23.43  219.00    2.71    2.52    0.68    0.41  444.00   39.00  0
                    2.80    2.55    0.74    0.44
                       0    2.57    3.20    0.59    1.19
87148       5631  299.52  -26.73  232.00   -2.37   -2.18    0.66    0.47  464.00    6.00  0
                   -2.40   -2.20    0.59    0.44
                       0   -2.50   -2.68    0.63    0.41
87222       5637  294.23  -28.60  232.00   -1.66   -1.59    0.82    0.66  462.00    0.00  0
                   -1.70   -1.65    0.82    0.74
                       0   -1.80   -1.75    1.07    0.82
87344       5645  295.78  -31.32  232.00   -2.32   -2.03    0.55    0.35  465.00    1.00  0
                   -2.30   -2.03    0.44    0.26
                       0   -2.30   -2.60    0.52    0.44
87349       5646  296.12  -31.67  232.00   -1.86   -1.52    0.59    0.37  463.00    3.00  0
                   -1.83   -1.50    0.56    0.33
                       0   -1.65   -2.17    0.33    0.44
87393       5649  302.35  -30.25  229.00   -2.16   -1.87    0.74    0.52  230.00    1.00  0
                   -2.20   -1.80    0.59    0.44
                       0   -2.30   -2.30    0.30    0.74
87416       5651  291.58  -33.08  219.00   -2.44   -2.24    0.71    0.49  232.00   13.00  0
                   -2.50   -2.20    0.74    0.44
                       0   -2.70   -2.75    0.52    0.67
87467       5656  297.85  -32.70  232.00   -1.85   -1.47    0.54    0.32  464.00    2.00  0
                   -1.88   -1.45    0.56    0.30
                       0   -1.55   -2.12    0.30    0.41
87640       5670  298.90  -36.25  175.00   -1.88   -1.41    0.74    0.45  175.00    0.00  0
                   -1.90   -1.40    0.74    0.44
                       0   -1.45   -2.10    0.52    0.82
87648       5673  302.27  -36.35  232.00   -1.83   -1.48    0.49    0.31  447.00    0.00  0
                   -1.72   -1.50    0.41    0.30
                       0   -1.62   -2.18    0.30    0.48
87688       5674  299.75  -38.33  166.00   -1.90   -1.49    0.68    0.44  168.00    2.00  0
                   -1.80   -1.50    0.59    0.44
                       0   -1.60   -2.20    0.37    0.82
87800       5682  288.48  -41.97  171.00    2.54    2.39    0.88    0.73  247.00    7.00  0
                    2.55    2.50    0.82    0.74
                       0    2.10    2.55    0.67    0.70
89061       5714  295.92  -64.77  178.00   -2.04   -1.75    0.94    0.69  363.00   23.00  0
                   -2.00   -1.73    1.00    0.63
                       0   -1.88   -1.67    0.78    1.00
91285       5748  204.93   19.72  227.00   -2.72   -2.66    0.45    0.40  227.00    0.00  0
                   -2.70   -2.60    0.44    0.44
                       0   -2.60   -2.70    0.44    0.44
91408       5758  134.47    7.33  226.00   -1.97   -1.87    0.77    0.67  229.00    3.00  0
                   -2.10   -2.00    0.59    0.44
                       0   -0.55   -1.80    1.48    0.74
91425       5760  155.02    3.85  159.00    1.58    1.52    0.50    0.44  159.00    0.00  0
                    1.60    1.50    0.59    0.44
                       3    1.60    1.50    0.44    0.59
91676       5777  181.05  -17.23   92.00    3.27    3.26    0.34    0.28  189.00   53.00  0
                    3.35    3.38    0.33    0.26
                       1    3.35    3.22    0.22    0.37
91735       5783  187.61  -13.45  228.00   -3.81   -3.70    0.26    0.22  886.00  124.00  0
                   -3.70   -3.70    0.29    0.22
                       0   -3.80   -3.82    0.22    0.35
94972       6163  147.47  -41.17  231.00   -1.71   -1.44    0.48    0.31  461.00    0.00  0
                   -1.75   -1.45    0.44    0.30
                       0   -1.88   -1.60    0.59    0.30
96035       6320   98.87    3.64  231.00    2.07    1.88    0.51    0.34  462.00    0.00  0
                    2.05    1.85    0.52    0.37
                       0    1.98    2.22    0.41    0.82
96073       6321   98.88    1.55  231.00   -1.56   -1.65    0.58    0.45  462.00    1.00  0
                   -1.60   -1.65    0.59    0.44
                       0   -1.65   -1.58    0.52    0.56
96171       6329  102.31   -0.33  227.00    2.88    2.63    0.52    0.38  460.00   28.00  0
                    2.85    2.65    0.52    0.37
                       0    3.07    2.80    0.33    0.67
96441       6340  113.03    3.20  231.00   -2.04   -2.17    0.42    0.29  462.00    0.00  0
                   -2.05   -2.20    0.37    0.22
                       0   -2.18   -1.98    0.33    0.44
96529       6347  117.45    2.12  231.00    2.58    2.39    0.45    0.32  459.00    6.00  0
                    2.50    2.35    0.44    0.30
                       0    2.57    2.47    0.67    0.26
96565       6351  112.93    0.88  167.00    2.96    2.56    0.58    0.42  282.00   15.00  0
                    3.00    2.55    0.59    0.37
                       1    2.62    2.92    0.48    0.67
96595       6353  114.90   -0.95  214.00    3.21    2.86    0.45    0.33  345.00   39.00  0
                    3.20    2.88    0.44    0.33
                       0    3.00    3.45    0.44    0.56
96655       6357  113.94   -2.22  231.00    1.92    1.65    0.50    0.39  461.00    5.00  0
                    1.90    1.60    0.52    0.37
                       0    1.98    1.92    0.48    0.67
97008       6379  125.47    3.58  231.00    2.11    2.06    0.36    0.32  454.00    1.00  0
                    2.20    2.10    0.30    0.30
                       0    2.05    2.25    0.33    0.30
97028       6382  120.80    1.02  231.00   -1.86   -1.89    0.61    0.56  453.00    0.00  0
                   -1.95   -1.90    0.52    0.52
                       0   -2.05   -1.85    0.82    0.37
97048       6383  123.07    0.52  231.00   -3.28   -3.27    0.37    0.37  460.00   12.00  0
                   -3.30   -3.30    0.37    0.37
                       0   -3.25   -3.22    0.33    0.26
97120       6387  119.00   -2.50  231.00   -1.88   -1.91    0.43    0.40  462.00    0.00  0
                   -1.85   -1.75    0.44    0.44
                       0   -1.65   -2.12    0.33    0.30
97146       6390  122.43   -4.09  172.00    1.68    1.65    0.45    0.46  284.00    1.00  0
                    1.70    1.70    0.44    0.44
                       1    1.50    1.75    0.44    0.44
97192       6392  122.62   -5.47  118.00   -3.55   -3.56    0.28    0.23  453.00  330.00  0
                   -3.55   -3.53    0.22    0.26
                       0   -3.60   -3.50    0.30    0.37
97284       6397  120.45   -8.63  171.00    2.85    2.79    0.40    0.37  280.00    0.00  0
                    2.90    2.85    0.37    0.30
                       1    2.90    2.93    0.44    0.41
97300       6398  122.25   -8.63  231.00   -2.38   -2.39    0.26    0.20  462.00    0.00  0
                   -2.40   -2.40    0.22    0.22
                       0   -2.30   -2.32    0.37    0.26
97380       6403  121.83  -10.50  230.00    1.50    1.46    0.38    0.30  404.00    3.00  0
                    1.45    1.45    0.37    0.30
                       0    1.48    1.55    0.26    0.37
97406       6404  127.83    1.82  226.00   -3.50   -3.48    0.37    0.33  450.00    7.00  0
                   -3.50   -3.50    0.30    0.22
                       0   -3.60   -3.40    0.44    0.22
97460       6406  127.50   -0.63  231.00   -1.55   -1.51    0.36    0.31  462.00    0.00  0
                   -1.50   -1.50    0.30    0.30
                       0   -1.52   -1.48    0.41    0.33
97796       6425  137.44   -5.00  228.00   -2.81   -2.67    0.48    0.39  456.00   31.00  0
                   -2.85   -2.70    0.52    0.37
                       0   -2.88   -2.88    0.52    0.56
97810       6426  132.75   -5.68  231.00   -1.64   -1.61    0.40    0.32  460.00    4.00  0
                   -1.60   -1.60    0.37    0.30
                       0   -1.42   -1.65    0.41    0.33
98558       6457  125.73   11.03  224.00    1.87    1.75    0.88    0.79  231.00    5.00  0
                    1.90    1.73    0.89    0.78
                       0    0.80    2.10    0.59    0.52
98644       6460  123.85    9.60  231.00   -1.58   -1.70    0.45    0.38  459.00    0.00  0
                   -1.55   -1.70    0.44    0.37
                       0   -1.95   -1.58    0.48    0.26
98653       6463  125.50    9.80  230.00    2.80    2.67    0.37    0.33  457.00   14.00  0
                    2.80    2.65    0.37    0.37
                       0    2.57    2.75    0.33    0.22
98751       6465  125.08    8.15  230.00    3.05    2.95    0.48    0.45  457.00    6.00  0
                    3.00    2.93    0.44    0.44
                       0    2.97    3.25    0.67    0.56
ADL         6472   78.50   19.60  231.00    2.62    2.36    0.73    0.51 1328.00    1.00  0
                    2.70    2.44    0.74    0.53
                       0    2.11    3.19    0.63    0.44
AHW         6475   73.70   20.80  227.00    1.86    1.74    0.38    0.20 1199.00    1.00  0
                    1.85    1.75    0.40    0.22
                       0    1.69    2.01    0.24    0.48
ALG         6478   94.80   28.20  231.00    2.81    2.63    0.93    0.72 1337.00   34.00  0
                    2.72    2.53    0.94    0.74
                       0    2.69    3.44    0.63    0.49
ALI         6479   78.10   27.90  176.00    2.06    1.62    0.55    0.26  884.00    1.00  0
                    2.10    1.64    0.54    0.22
                       5    2.07    2.16    0.61    0.43
BGG         6493   90.60   26.40  231.00    1.89    1.48    0.61    0.26 1314.00    1.00  0
                    1.88    1.45    0.67    0.20
                       0    2.07    1.82    0.52    0.67
BIL         6498   74.60   25.40  198.00    2.23    1.99    0.47    0.26 1001.00    0.00  0
                    2.24    2.00    0.45    0.25
                       0    1.97    2.27    0.40    0.45
BKN         6500   73.30   28.10  230.00    2.29    1.87    0.53    0.36 1112.00    0.00  0
                    2.28    1.90    0.53    0.35
                       0    2.28    1.95    0.59    0.57
BLH         6503   76.40   31.10  231.00    2.10    1.86    0.57    0.43 1336.00    1.00  0
                    2.15    1.83    0.61    0.42
                       0    1.53    2.60    0.53    0.34
BPR         6507   77.30   27.10  231.00   -1.89   -2.20    0.55    0.27 1308.00    1.00  0
                   -1.88   -2.20    0.55    0.27
                       0   -1.89   -1.75    0.53    0.59
CHO         6519   75.70   21.20  231.00    1.55    1.33    0.50    0.26 1326.00    1.00  0
                    1.53    1.46    0.54    0.26
                       0    1.57    1.26    0.46    0.32
CMG         6520   76.90   11.90  222.00    2.43    2.42    0.49    0.29 1159.00    3.00  0
                    2.46    2.68    0.48    0.36
                       1    2.19    2.57    0.38    0.57
CNW         6523   74.10   34.10   80.00    4.14    4.10    0.37    0.29 1100.00  853.00  0
                    4.24    4.14    0.38    0.33
                       0    4.05    4.30    0.40    0.44
COI         6524   76.90   11.00  231.00   -2.36   -2.35    0.60    0.34 1341.00    1.00  0
                   -2.37   -2.30    0.59    0.30
                       0   -2.92   -1.76    0.58    0.80
COO         6525   76.80   11.40  215.00    2.64    2.61    0.37    0.31 1144.00    1.00  0
                    2.65    2.65    0.37    0.31
                       0    2.40    2.46    0.28    0.55
DSL         6560   76.30   32.20  118.00   -3.91   -4.05    0.55    0.31 1275.00  923.00  0
                   -3.80   -4.11    0.59    0.38
                       0   -4.15   -3.60    0.52    0.30
DUG         6562   73.80   23.80  229.00    3.28    3.09    0.67    0.54 1170.00   18.00  0
                    3.23    2.92    0.60    0.42
                       0    2.89    4.11    0.47    0.53
DUL         6563   74.80   20.90  231.00    2.38    2.19    0.47    0.22 1341.00    0.00  0
                    2.38    2.22    0.47    0.20
                       0    2.21    2.43    0.32    0.48
ERO         6566   77.70   11.30  137.00   -2.12   -1.92    0.55    0.37  481.00    1.00  0
                   -2.10   -1.92    0.54    0.30
                       1   -2.28   -2.15    0.51    0.70
FRG         6568   81.40   26.20  180.00    2.89    2.44    0.49    0.29  568.00    5.00  0
                    2.90    2.45    0.52    0.23
                       0    2.95    2.74    0.52    0.63
GBP68       6570  347.70  -37.10  104.00    1.61    1.67    0.68    0.59 3423.00    0.00  0
                    1.59    1.65    0.66    0.55
                      20    1.69    1.65    0.71    0.47
GCR         6571   80.00   20.20  208.00    3.03    2.68    0.68    0.49 1324.00  285.00  0
                    3.02    2.62    0.72    0.59
                       0    2.68    2.72    0.84    0.43
GLT         6576   93.90   26.50  231.00    1.95    1.72    0.78    0.52 1338.00    6.00  0
                    1.83    1.62    0.77    0.44
                       0    1.80    1.43    0.92    0.63
GND         6577   80.10   21.50  227.00    3.40    3.05    0.56    0.32 1342.00  184.00  0
                    3.42    3.10    0.49    0.32
                       0    3.32    3.56    0.54    0.47
GRI         6580   86.30   24.20  131.00    1.60    1.18    0.52    0.35  696.00    0.00  0
                    1.60    1.20    0.54    0.27
                       0    1.64    1.71    0.72    0.54
JAR         6589   72.50   25.40  228.00    2.08    1.85    0.58    0.41 1009.00    0.00  0
                    2.05    1.84    0.57    0.43
                       0    1.68    1.88    0.63    0.59
JLD         6591   75.30   31.00  231.00   -2.04   -2.29    0.55    0.21 1284.00    1.00  0
                   -1.95   -2.30    0.54    0.17
                       0   -2.06   -2.12    0.69    0.54
JPR         6599   75.80   26.80  230.00   -1.98   -2.24    0.50    0.25 1267.00    0.00  0
                   -1.97   -2.25    0.51    0.25
                       0   -2.17   -1.68    0.48    0.70
KAJ         6602   90.50   26.50  207.00    2.77    2.34    0.74    0.55  824.00   18.00  0
                    2.68    2.43    0.72    0.45
                       0    2.97    2.88    0.58    0.54
KEJ         6604   85.60   21.60  195.00    3.32    2.95    0.68    0.51 1108.00  298.00  0
                    3.42    3.13    0.73    0.40
                       0    3.56    2.57    0.54    0.48
KMG         6613   88.40   27.10  215.00   -2.40   -2.67    0.51    0.34 1032.00    9.00  0
                   -2.42   -2.34    0.52    0.51
                       0   -2.44   -2.02    0.47    0.61
KOV         6614   77.90    9.20  182.00   -1.65   -1.55    0.73    0.47  846.00    1.00  0
                   -1.59   -1.53    0.75    0.52
                       0   -2.52   -1.35    0.34    1.36
KPG         6615   74.50   19.90  231.00    1.56    1.39    0.45    0.23 1338.00    0.00  0
                    1.55    1.43    0.44    0.25
                       0    1.46    1.68    0.30    0.61
KWA         6626   75.20   32.90  213.00   -2.82   -2.81    0.97    0.74 1020.00  384.00  0
                   -2.83   -2.88    1.10    0.78
                       0   -2.79   -2.70    0.86    0.99
KWP40       6627   47.90   29.30   65.00   -3.27   -3.40    0.53    0.49  931.00   29.00  0
                   -3.30   -3.37    0.62    0.60
                      20   -3.32   -3.28    0.59    0.65
MMG         6646   88.50   27.50  110.00   -3.46   -3.74    0.74    0.54 1323.00  984.00  0
                   -3.48   -3.82    0.77    0.56
                       0   -3.43   -3.60    0.64    1.33
MNS         6647   75.40   30.10  219.00    1.95    1.61    0.50    0.27 1088.00    2.00  0
                    2.00    1.63    0.47    0.25
                       0    2.08    1.98    0.49    0.48
MNY         6648   73.20    8.30  160.00    1.88    1.94    0.44    0.24  924.00    0.00  0
                    1.87    1.96    0.46    0.23
                       0    1.69    1.98    0.48    0.56
NEY         6658   79.50   11.60  195.00    2.04    2.03    0.62    0.27 1035.00    2.00  0
                    2.05    2.04    0.62    0.24
                      18    1.38    2.41    0.48    0.65
NNB         6661   74.20   21.40  231.00   -2.68   -2.83    0.44    0.19 1344.00   10.00  0
                   -2.70   -2.85    0.49    0.20
                       0   -2.72   -2.66    0.48    0.52
NYR         6667   77.30    8.20  205.00    3.32    3.31    0.41    0.19 1290.00  552.00  0
                    3.30    3.33    0.42    0.14
                       0    3.02    3.32    0.23    0.42
OSD         6668   76.00   18.10  231.00    2.06    1.85    0.48    0.34 1273.00    0.00  0
                    2.08    1.85    0.51    0.32
                       0    1.60    2.41    0.57    0.57
PAP50       6669  280.50    9.00  104.00    1.82    1.58    0.41    0.27 3404.00    5.00  0
                    1.87    1.61    0.35    0.22
                      20    1.89    1.82    0.31    0.47
PCY         6673   79.80   12.00  159.00   -1.61   -1.52    0.97    0.78  914.00   96.00  0
                   -1.58   -1.52    1.01    1.01
                       0   -2.14   -1.17    1.00    0.84
PGP51       6676  150.80   -2.60   93.00    3.44    3.37    0.33    0.27 2772.00 1201.00  0
                    3.49    3.43    0.34    0.28
                      20    3.45    3.60    0.34    0.28
PLE         6679   78.20   16.50  231.00    2.10    1.93    0.58    0.35 1332.00    0.00  0
                    2.10    1.90    0.54    0.37
                       0    1.61    2.49    0.65    0.48
PNK         6680   77.00   30.70  231.00    1.58    1.27    0.65    0.36 1339.00    0.00  0
                    1.60    1.27    0.74    0.37
                       0    1.34    1.78    0.62    0.53
PTM         6685   77.10   28.70   97.00    2.94    2.49    0.51    0.26  501.00    0.00  0
                    2.97    2.47    0.47    0.23
                       8    2.88    3.05    0.61    0.49
RAS         6686   77.80   23.30   98.00   -2.68   -2.82    0.50    0.29  520.00    3.00  0
                   -2.65   -2.80    0.46    0.27
                       0   -2.64   -2.94    0.49    0.65
RGJ         6687   88.10   25.60  155.00    2.62    2.27    0.49    0.27  784.00    2.00  0
                    2.62    2.27    0.53    0.27
                       0    2.60    2.59    0.58    0.44
RJG         6690   81.00   21.10   58.00    2.15    1.74    0.72    0.45 1215.00  908.00  0
                    2.23    1.88    0.80    0.41
                       0    2.12    2.28    0.91    0.67
SLN         6706   76.00   31.60  231.00   -3.05   -3.21    0.52    0.18 1346.00  174.00  0
                   -3.03   -3.22    0.54    0.17
                       0   -3.10   -3.22    0.59    0.48
SLP         6707   75.90   17.20  212.00    3.37    3.15    0.50    0.30 1272.00  308.00  0
                    3.38    3.20    0.57    0.30
                       0    2.79    3.62    0.44    0.65
SNG         6710   91.80   25.60  231.00   -3.41   -3.63    0.35    0.29 1349.00   33.00  0
                   -3.45   -3.65    0.37    0.32
                       0   -3.37   -3.14    0.38    0.32
TIU         6718   77.70    8.70  231.00   -1.56   -1.55    0.64    0.38 1350.00    0.00  0
                   -1.60   -1.53    0.64    0.40
                       0   -2.13   -0.74    0.43    0.86
TRV         6723   77.00    8.50   71.00    3.08    3.06    0.58    0.49  241.00   47.00  0
                    3.16    3.15    0.53    0.32
                       0    3.29    3.12    0.53    0.74
UNA         6730   76.20   31.40  196.00    1.85    1.67    0.54    0.38  858.00  307.00  0
                    1.90    1.75    0.59    0.28
                       0    1.69    1.77    0.63    0.44
UPR         6731   76.00   32.40  203.00   -2.22   -2.26    0.99    0.96  969.00  403.00  0
                   -2.40   -2.47    0.74    0.64
                       0   -2.55   -0.94    0.67    1.64
USP76       6734  212.90   64.70  104.00   -2.08   -2.01    0.41    0.22 3435.00    0.00  0
                   -2.11   -2.00    0.42    0.22
                      20   -2.16   -2.09    0.39    0.38
WKH         6742   94.20   26.10  183.00   -2.24   -2.44    0.72    0.68  826.00  195.00  0
                   -2.26   -2.46    0.59    0.65
                       0   -2.03   -2.62    1.03    0.41
11212       6763   13.67   46.60  150.00   -1.52   -1.51    0.45    0.47  236.00    0.00  0
                   -1.58   -1.25    0.41    0.67
                       0   -1.45   -1.40    0.37    0.52
14544       6796   17.47   44.07  164.00    1.65    1.52    0.60    0.46  549.00    0.00  0
                    1.74    1.57    0.58    0.44
                       0    1.79    1.55    0.53    0.67
14549       6797   17.89   44.22   57.00    1.93    1.63    0.86    0.64  230.00    0.00  0
                    2.00    1.70    0.74    0.59
                       6    2.07    2.12    0.74    0.83
14650       6801   18.03   43.77  133.00    3.32    3.23    0.49    0.36  586.00  202.00  0
                    3.40    3.32    0.44    0.27
                       0    3.30    3.50    0.49    0.43
16204       6815   11.76   42.89   88.00    3.58    3.44    0.37    0.33  142.00    1.00  0
                    3.53    3.40    0.33    0.30
                       0    3.53    3.80    0.33    0.63
16450       6824   14.27   37.56  171.00   -2.48   -2.48    0.58    0.55  289.00    2.00  0
                   -2.20   -2.10    0.82    0.89
                       0   -2.65   -1.65    0.22    0.59
16480       6827   15.13   36.68  173.00   -1.69   -1.66    0.45    0.36  752.00    0.00  0
                   -1.70   -1.63    0.44    0.40
                       0   -1.99   -1.58    0.30    0.51
16759       6836   24.75   35.00   64.00   -2.08   -1.98    0.51    0.44   95.00    0.00  0
                   -2.10   -2.05    0.52    0.44
                       3   -2.20   -1.83    0.33    0.59
17046       6844   42.71   41.11  173.00    1.97    1.93    0.56    0.46  670.00    0.00  0
                    1.92    1.87    0.58    0.51
                       0    1.68    2.25    0.38    0.62
17088       6850   39.47   40.47  173.00    1.51    1.48    0.67    0.62  613.00    0.00  0
                    1.40    1.30    0.74    0.69
                       0    1.42    1.58    0.91    1.07
17380       6876   29.65   36.20  173.00   -1.81   -1.82    0.35    0.28  652.00    0.00  0
                   -1.80   -1.82    0.35    0.22
                       0   -1.71   -1.64    0.42    0.44
40401       6904   38.11   26.48  172.00    2.56    2.52    0.44    0.36  287.00    8.00  0
                    2.50    2.50    0.44    0.37
                       0    2.58    2.60    0.48    0.44
40930       6908   69.02   35.32   81.00   -2.45   -2.35    0.66    0.63  112.00    3.00  0
                   -2.35   -2.20    0.67    0.52
                       3   -2.10   -2.50    0.52    0.96
40954       6910   70.47   34.43   80.00   -2.74   -2.69    0.87    0.76  107.00    4.00  0
                   -2.75   -2.40    0.82    0.96
                       3   -2.70   -2.90    0.78    1.26
42147       6918   79.65   29.47  108.00    4.42    4.09    0.34    0.26  223.00   22.00  0
                    4.47    4.15    0.33    0.22
                       2    4.43    4.60    0.30    0.22
43012       6932   75.80   19.82   57.00    1.88    1.55    0.72    0.67   59.00    1.00  0
                    1.90    1.50    0.59    0.44
                      18    1.70    1.95    0.89    0.44
43097       6937   82.71   18.81   76.00   -2.75   -2.92    0.68    0.63  114.00   38.00  0
                   -2.90   -3.10    0.59    0.44
                       2   -3.00   -2.90    0.52    0.37
43160       6947   75.75   16.70  110.00    2.14    1.93    0.81    0.65  113.00    2.00  0
                    2.20    2.00    0.89    0.44
                       2    2.20    2.10    0.52    1.04
60423       7014    7.95   36.25  173.00   -1.72   -1.76    0.37    0.26  291.00    1.00  0
                   -1.70   -1.80    0.30    0.22
                       0   -1.75   -1.70    0.22    0.44
60437       7015    2.73   36.28  173.00   -2.30   -2.41    0.54    0.47  291.00    0.00  0
                   -2.40   -2.50    0.52    0.44
                       0   -2.50   -2.43    0.41    0.63
60514       7017    2.31   35.17  173.00    1.65    1.54    0.52    0.36  291.00    2.00  0
                    1.60    1.55    0.44    0.37
                       0    1.58    1.75    0.44    0.41
60549       7021  359.72   33.53  173.00    2.17    2.05    0.51    0.37  291.00    3.00  0
                    2.20    2.05    0.44    0.37
                       0    2.30    2.28    0.56    0.22
60560       7023  359.40   32.77  173.00   -1.54   -1.68    0.56    0.44  291.00    1.00  0
                   -1.60   -1.75    0.44    0.37
                       0   -1.23   -1.48    0.52    0.48
60742       7026   11.07   35.50  148.00    1.54    1.40    0.40    0.33  225.00    1.00  0
                    1.50    1.40    0.30    0.30
                       0    1.50    1.67    0.30    0.30
62271       7030   23.30   24.22  187.00    3.26    2.99    0.32    0.31  397.00   84.00  0
                    3.30    3.00    0.30    0.30
                       0    3.35    3.22    0.37    0.19
63332       7032   37.42   11.60  121.00   -2.45   -2.48    0.72    0.69  171.00    5.00  0
                   -2.60   -2.60    0.74    0.59
                       7   -1.95   -2.50    1.00    0.74
63333       7033   39.72   11.12  104.00    3.86    3.81    0.40    0.40  209.00   49.00  0
                    3.90    3.88    0.44    0.41
                       7    3.95    3.95    0.37    0.56
63453       7035   39.90    8.86  118.00   -2.31   -2.33    0.94    0.85  171.00    5.00  0
                   -2.38   -2.40    0.93    0.70
                       7   -2.05   -2.60    0.89    0.74
67067       7051   48.50  -17.63   89.00   -1.72   -1.65    0.83    0.83  176.00    2.00  0
                   -1.75   -1.70    0.82    0.82
                       2   -2.53   -1.80    0.70    0.37
67775       7062   31.13  -17.91  134.00   -1.63   -1.76    0.38    0.30  184.00    2.00  0
                   -1.60   -1.70    0.30    0.30
                       0   -1.60   -1.50    0.33    0.67
67991       7076   30.00  -22.22  105.00   -1.98   -2.06    0.78    0.70  147.00    3.00  0
                   -2.10   -2.10    0.74    0.59
                       0   -1.85   -1.95    1.04    0.56
BMR         7106   71.40   25.80   93.00    3.63    3.19    0.47    0.30  341.00  106.00  0
                    3.70    3.20    0.44    0.30
                       2    3.78    3.50    0.44    0.57
CTH         7110   74.80   32.60   59.00   -1.54   -1.50    0.54    0.35  722.00  504.00  0
                   -1.50   -1.30    0.44    0.44
                      18   -1.49   -1.52    0.47    0.50
KKI         7114   77.50   31.10  134.00    2.65    2.39    0.52    0.50  335.00    0.00  0
                    2.65    2.48    0.52    0.41
                       0    2.56    2.95    0.70    0.46
SGG         7124   73.90   29.90   62.00    2.60    1.74    0.47    0.29  203.00    0.00  0
                    2.61    1.70    0.44    0.30
                       2    2.56    2.56    0.48    0.45
TRU         7125   79.40   13.60  196.00    1.80    1.74    0.69    0.47  912.00    1.00  0
                    1.83    1.72    0.69    0.42
                       1    1.42    2.23    0.56    0.73
63602       7171   30.92    3.05   76.00    1.55    1.38    0.61    0.47   93.00    0.00  0
                    1.60    1.50    0.59    0.44
                       0    1.38    1.75    0.67    0.52
64040       7172   25.18    0.52   58.00   -2.85   -2.73    0.63    0.50  104.00   23.00  0
                   -3.00   -2.80    0.44    0.48
                       2   -3.05   -2.85    1.07    0.37
64247       7175   23.62   -6.17  112.00    1.65    1.13    0.64    0.44  148.00    3.00  0
                    1.70    1.12    0.59    0.37
                       2    1.67    1.40    0.89    0.59
76253       7184  247.70   27.32   99.00    1.81    1.48    0.48    0.38  133.00    0.00  0
                    1.80    1.50    0.52    0.30
                       0    1.98    1.75    0.48    0.67
76571       7186  257.70   21.88  138.00    2.96    2.51    0.46    0.38  277.00    5.00  0
                    2.94    2.55    0.51    0.37
                       0    3.03    2.82    0.25    0.33
78859       7194  297.42   17.20   89.00    1.95    1.77    0.55    0.53  111.00    0.00  0
                    2.00    1.80    0.30    0.22
                       8    1.80    2.00    0.44    0.30
82287       7196  318.22   -3.08   68.00   -3.39   -3.10    0.31    0.30   92.00   24.00  0
                   -3.40   -3.20    0.30    0.30
                       0   -3.55   -3.30    0.22    0.30
82979       7202  317.90   -9.63  116.00    1.71    1.58    0.59    0.53  117.00    0.00  0
                    1.60    1.60    0.52    0.44
                       0    1.45    1.80    0.44    0.59
83550       7214  320.15  -18.70   57.00   -1.54   -1.52    0.58    0.53   58.00    0.00  0
                   -1.60   -1.50    0.59    0.44
                       3   -1.95   -1.40    0.30    0.44
83718       7217  317.63  -22.03   57.00   -1.82   -1.79    0.54    0.50   58.00    0.00  0
                   -1.90   -1.80    0.30    0.30
                       3   -1.90   -1.90    0.30    0.37
64390       7242   29.32   -3.32   70.00   -2.26   -2.31    0.80    0.66   90.00    3.00  0
                   -2.40   -2.28    1.00    0.56
                       0   -2.05   -2.53    0.82    0.85
JAS         7296   84.60   22.90  203.00   -1.59   -1.87    0.50    0.37  959.00   14.00  0
                   -1.52   -1.83    0.44    0.30
                       0   -1.76   -1.48    0.64    0.51
SVP         7298   77.60   25.40  128.00    3.46    3.20    0.55    0.23  727.00  102.00  0
                    3.56    3.23    0.54    0.19
                      23    3.46    3.42    0.58    0.42
CNG         7340   76.90   30.70   96.00    1.80    1.53    0.62    0.26  270.00    0.00  0
                    1.88    1.55    0.66    0.23
                       0    1.91    1.58    0.82    0.52
60540       7353    0.07   34.15   72.00   -2.04   -2.04    0.58    0.43  109.00    0.00  0
                   -2.03   -2.07    0.63    0.52
                       0   -2.30   -2.05    0.70    0.52
63331       7354   37.42   12.55  100.00    2.69    2.62    0.79    0.78  127.00    3.00  0
                    2.75    2.78    0.67    0.70
                       8    2.78    2.38    0.78    1.04
63451       7355   38.95    8.73   56.00    2.55    2.41    0.94    0.91   77.00    1.00  0
                    2.60    2.50    0.44    0.37
                       7    2.80    2.53    0.59    0.33
GRG         7384   77.00   28.40  198.00    2.02    1.54    0.52    0.22 1127.00    0.00  0
                    2.03    1.53    0.51    0.21
                       0    1.96    1.73    0.75    0.58
76161       7408  248.95   29.10  203.00   -2.07   -2.26    0.48    0.38  400.00    0.00  0
                   -2.15   -2.30    0.44    0.37
                       0   -1.77   -2.35    0.52    0.37
67231       7410   36.53  -14.82   61.00    3.23    2.81    0.88    0.73  154.00   69.00  0
                    3.30    2.90    0.59    0.30
                       2    3.07    3.40    0.70    0.44
62751       7426   33.47   14.40   62.00    1.88    1.44    0.89    0.65   87.00    4.00  0
                    1.95    1.40    0.96    0.63
                       1    1.48    2.05    1.15    0.67
16060       7451    7.61   45.13  177.00    1.92    1.84    0.49    0.27 1068.00    0.00  0
                    1.90    1.80    0.47    0.22
                       0    1.72    2.17    0.56    0.49
RJM         7461   73.90   25.00   61.00   -1.62   -1.82    0.42    0.26  264.00    0.00  0
                   -1.65   -1.82    0.52    0.25
                      19   -1.59   -1.86    0.32    0.59
DRJ         7479   88.20   27.00   60.00   -1.84   -1.99    0.41    0.32  319.00    0.00  0
                   -1.84   -1.98    0.37    0.34
                      18   -1.99   -1.66    0.35    0.42
GUL         7482   74.30   34.00   59.00   -2.05   -1.94    0.45    0.40  292.00    0.00  0
                   -2.12   -1.98    0.39    0.41
                      18   -2.13   -1.96    0.39    0.64
MTL         7490   79.60   29.60   70.00    1.95    1.61    0.48    0.32  386.00    0.00  0
                    1.83    1.59    0.43    0.31
                       4    1.90    1.78    0.48    0.40
PBR         7496   78.80   11.20   58.00    2.04    1.71    0.56    0.27  342.00    0.00  0
                    2.03    1.74    0.59    0.27
                      18    2.14    2.02    0.75    0.83
KCP         7546   79.70   12.80   59.00   -1.92   -2.28    0.60    0.43  291.00   92.00  0
                   -1.88   -2.20    0.56    0.44
                       1   -1.98   -1.87    0.45    0.63
68098       7569   14.65  -22.98   84.00    1.99    1.69    0.59    0.51  164.00    0.00  0
                    2.03    1.75    0.56    0.52
                       3    1.90    2.15    0.70    0.67
68110       7570   17.10  -22.56   81.00   -1.78   -1.95    0.34    0.28  160.00    0.00  0
                   -1.80   -1.95    0.37    0.30
                       3   -1.70   -1.58    0.30    0.41
68116       7571   18.97  -22.47   58.00    2.06    1.76    0.37    0.32  130.00   23.00  0
                    2.10    1.75    0.30    0.30
                       8    2.07    2.15    0.56    0.19
MSB         7577   77.20   31.10   59.00   -1.86   -2.09    0.32    0.33  269.00    0.00  0
                   -1.90   -2.10    0.33    0.35
                       2   -1.92   -1.89    0.38    0.31
16058       7578    6.82   44.93   79.00   -2.57   -2.67    0.65    0.61  478.00    0.00  0
                   -2.43   -2.67    0.49    0.62
                       0   -2.33   -2.39    0.80    0.46
