AYNZ           3  146.72   -6.57  171.00   -1.70   -1.77    0.86    0.75  594.00    1.00  0
                   -1.60   -1.74    0.89    0.76
                       0   -1.48   -1.37    0.73    0.94
CWSW          29  245.12   49.75  171.00    2.58    2.35    0.82    0.62  836.00    0.00  0
                    2.68    2.37    0.89    0.64
                       0    2.06    3.08    0.74    0.70
DAAY         283  359.75   33.53  223.00    1.81    1.69    0.59    0.47 1179.00    1.00  0
                    1.80    1.68    0.52    0.42
                       0    2.23    1.90    0.53    0.37
DNKN         317    8.52   12.05  225.00    1.85    1.47    0.63    0.48 1047.00    0.00  0
                    1.83    1.48    0.62    0.46
                       0    1.53    2.12    0.75    0.58
DNMN         319    6.43    9.65  122.00   -3.86   -3.99    0.91    0.79  232.00    0.00  0
                   -3.93   -4.10    0.84    0.67
                       0   -4.36   -3.68    0.67    1.11
DTTF         329    8.82   34.42  231.00   -1.95   -2.12    0.79    0.72 1279.00    0.00  0
                   -1.90   -2.05    0.82    0.79
                       0   -2.28   -1.23    0.74    0.68
DXNG         336    1.10    9.77  218.00    1.71    1.54    0.53    0.41  835.00    0.00  0
                    1.70    1.52    0.58    0.44
                       0    1.67    2.30    0.61    0.37
FMEE         669   55.52  -20.89  231.00   -1.93   -1.91    0.39    0.36 2770.00    0.00  0
                   -1.94   -1.91    0.44    0.41
                       0   -1.99   -1.62    0.41    0.43
FMEP         670   55.42  -21.32  231.00   -1.52   -1.51    0.44    0.42 2770.00    0.00  0
                   -1.53   -1.52    0.42    0.44
                       0   -1.55   -1.35    0.46    0.48
GANR         691  350.65   15.23  221.00    1.61    1.25    0.77    0.60  424.00    0.00  0
                    1.60    1.30    0.67    0.52
                       0    1.42    1.70    0.44    0.74
GCTS         699  343.43   28.05  231.00   -2.90   -2.93    0.39    0.35 2774.00    0.00  0
                   -2.93   -2.97    0.33    0.32
                       0   -3.19   -2.71    0.35    0.36
HESC         747   34.07   28.68  195.00    1.60    1.64    0.50    0.47 1014.00    1.00  0
                    1.62    1.65    0.50    0.49
                       0    1.36    1.67    0.49    0.38
HTAR         762   36.63   -3.37  207.00   -2.29   -2.41    0.51    0.40  982.00    1.00  0
                   -2.37   -2.45    0.49    0.41
                       0   -2.66   -2.31    0.37    0.38
HTKA         767   29.63   -4.88  207.00    1.79    1.67    0.49    0.42  971.00    0.00  0
                    1.78    1.67    0.54    0.37
                       0    1.77    1.59    0.49    0.47
HTSU         774   31.63   -7.97  205.00   -2.91   -3.00    0.33    0.39  957.00    0.00  0
                   -2.92   -2.97    0.27    0.35
                       0   -3.09   -3.01    0.37    0.48
KACJ         914  275.80   32.11  231.00    1.56    1.07    0.33    0.20 4152.00    0.00  0
                    1.55    1.07    0.30    0.17
                       0    1.65    1.29    0.22    0.21
KAIK         947  278.31   33.65  231.00    1.61    1.13    0.30    0.20 4111.00    0.00  0
                    1.63    1.13    0.30    0.16
                       0    1.72    1.49    0.33    0.18
KANK         975  253.95   38.53  231.00    1.75    1.76    0.56    0.47 4111.00    0.00  0
                    1.72    1.74    0.63    0.44
                       0    1.72    1.88    0.47    0.47
KAVC        1022  281.95   36.69  230.00    2.28    1.85    0.37    0.19 4147.00   18.00  0
                    2.28    1.87    0.33    0.18
                       0    2.59    2.07    0.42    0.31
KBDG        1060  250.52   37.58  231.00    1.90    1.92    0.51    0.39 4139.00    0.00  0
                    1.97    1.91    0.41    0.30
                       0    1.74    1.99    0.58    0.28
KCBE        1177  281.23   39.61  180.00    1.58    1.24    0.39    0.26 3048.00   34.00  0
                    1.56    1.24    0.34    0.19
                       0    1.65    1.27    0.26    0.30
KCLM        1234  236.50   48.12  231.00   -1.51   -1.63    0.56    0.31 1939.00    0.00  0
                   -1.56   -1.65    0.63    0.32
                       0   -1.40   -1.74    0.88    0.53
KCTJ        1287  274.85   33.63  231.00    1.53    1.08    0.30    0.15 4157.00    0.00  0
                    1.53    1.09    0.29    0.16
                       0    1.58    1.35    0.23    0.24
KCWN        1307  255.15   38.75  190.00   -2.57   -2.61    0.54    0.50 1407.00    0.00  0
                   -2.56   -2.56    0.54    0.52
                      29   -2.45   -3.05    0.61    0.41
KESN        1481  283.94   38.79  212.00    1.60    1.22    0.29    0.22 1929.00   27.00  0
                    1.59    1.25    0.30    0.18
                       0    1.61    1.40    0.29    0.21
KEZM        1501  276.87   32.21  199.00    1.51    1.01    0.30    0.20 3374.00    0.00  0
                    1.73    0.99    0.42    0.21
                       0    1.66    1.34    0.32    0.18
KHQU        1764  277.48   33.53  231.00    2.25    1.75    0.34    0.22 4152.00    0.00  0
                    2.24    1.76    0.30    0.17
                       0    2.24    2.14    0.26    0.17
KI16        1808  278.44   37.60  228.00    1.99    1.64    0.41    0.30 4080.00   36.00  0
                    1.96    1.61    0.38    0.28
                       0    2.07    1.89    0.20    0.40
KL35        1921  243.14   34.26  231.00   -1.56   -1.51    0.40    0.40 4152.00    0.00  0
                   -1.57   -1.51    0.47    0.41
                       0   -1.29   -1.95    0.43    0.30
KLKU        1966  282.03   38.01  229.00    1.83    1.42    0.42    0.23 4141.00   36.00  0
                    1.82    1.45    0.37    0.21
                       0    1.97    1.62    0.46    0.41
KMYP        2190  253.68   38.47  217.00    2.42    2.44    0.37    0.34 4074.00    0.00  0
                    2.40    2.43    0.40    0.36
                       0    2.38    2.30    0.29    0.32
KNOW        2221  236.60   48.13  231.00   -1.61   -1.74    0.56    0.31 4158.00    0.00  0
                   -1.31   -1.74    0.66    0.34
                       0   -1.58   -1.76    0.59    0.47
KNXP        2237  243.86   34.28  231.00    2.18    2.18    0.40    0.33 1405.00    0.00  0
                    2.22    2.20    0.30    0.32
                       0    2.12    2.12    0.47    0.32
KPKB        2374  278.57   39.35  229.00    1.54    1.18    0.42    0.26 2090.00   28.00  0
                    1.67    1.17    0.44    0.22
                       0    1.99    1.27    0.59    0.39
KRMN        2485  282.55   38.40  229.00    1.77    1.36    0.39    0.20 4154.00   36.00  0
                    1.76    1.44    0.36    0.16
                       0    1.87    1.55    0.50    0.43
KSOA        2628  259.35   30.59  231.00    1.51    1.23    0.39    0.26 4153.00    0.00  0
                    1.48    1.22    0.34    0.22
                       0    1.67    1.38    0.27    0.36
KTBX        2691  251.77   43.47   76.00    2.09    1.96    0.41    0.37 1357.00    0.00  0
                    2.10    1.99    0.43    0.37
                      75    2.12    2.07    0.31    0.36
KTRM        2737  243.83   33.63  230.00   -1.51   -1.55    0.67    0.55 1396.00    0.00  0
                   -1.59   -1.59    0.68    0.61
                       0   -1.24   -1.57    1.10    0.53
KUKF        2770  278.91   36.22  221.00    1.88    1.51    0.43    0.26 3908.00   35.00  0
                    1.87    1.55    0.36    0.19
                       0    1.84    1.67    0.32    0.35
KVUJ        2824  279.85   35.42  223.00    1.86    1.44    0.37    0.20 3962.00    0.00  0
                    1.85    1.47    0.32    0.15
                       0    1.84    1.71    0.33    0.26
LGSA        3047   24.13   35.53  231.00   -1.67   -1.50    0.38    0.31 2756.00    0.00  0
                   -1.69   -1.54    0.37    0.32
                       0   -1.78   -1.30    0.28    0.60
LIBQ        3066   16.39   39.33  194.00   -2.41   -2.34    0.78    0.79 1133.00    0.00  0
                   -2.21   -2.30    0.70    0.74
                       0   -2.92   -2.28    0.68    0.48
LIVR        3116   11.78   46.30  192.00   -1.55   -1.56    0.86    0.80  790.00    0.00  0
                   -1.50   -1.54    0.82    0.80
                       0   -1.83   -0.91    0.53    0.78
LQMO        3155   17.82   43.28  214.00   -1.88   -1.91    0.51    0.41 1717.00    0.00  0
                   -1.94   -1.92    0.56    0.37
                       0   -1.91   -2.07    0.56    0.56
LSGS        3177    7.33   46.22  231.00   -1.62   -1.62    0.87    0.68 2771.00    0.00  0
                   -1.70   -1.72    0.94    0.72
                       0   -1.75   -1.60    1.05    1.35
LSZL        3188    8.88   46.16  215.00   -1.94   -1.97    0.78    0.68 2398.00    0.00  0
                   -1.96   -2.00    0.72    0.63
                       0   -2.25   -1.40    0.78    0.80
LTAJ        3195   37.47   36.95  231.00   -1.66   -1.62    0.46    0.45 2773.00    0.00  0
                   -1.68   -1.66    0.52    0.51
                       0   -2.09   -1.18    0.33    0.44
LTBZ        3212   27.35   38.61  144.00    4.44    4.34    1.30    1.26  620.00    9.00  0
                    4.44    4.44    1.18    1.06
                       1    5.37    3.00    1.03    1.10
LTFG        3231   32.29   36.29  231.00   -2.91   -2.89    0.44    0.35 1426.00    0.00  0
                   -2.88   -2.87    0.47    0.35
                       0   -3.09   -2.89    0.48    0.52
MBPV        3252  287.75   21.77  173.00   -1.57   -1.87    0.41    0.38  629.00    1.00  0
                   -1.56   -1.87    0.39    0.35
                       0   -1.45   -1.62    0.33    0.40
MGGT        3258  269.48   14.58  227.00    3.40    3.16    0.36    0.28 1333.00    0.00  0
                    3.38    3.18    0.37    0.30
                       0    3.49    3.19    0.36    0.46
MMAS        3274  257.68   21.70  223.00    1.59    1.21    0.48    0.41 1145.00    0.00  0
                    1.60    1.22    0.51    0.35
                       0    2.22    1.36    0.67    0.41
MMIO        3292  259.07   25.55  203.00   -1.57   -1.83    0.69    0.69 1025.00    0.00  0
                   -1.60   -1.73    0.59    0.67
                       0   -1.74   -1.39    0.78    0.72
MMLO        3294  258.52   21.00  226.00    2.45    2.10    0.48    0.38 1172.00    0.00  0
                    2.42    2.09    0.53    0.38
                       0    2.77    2.16    0.54    0.49
MMOX        3307  263.27   16.97  177.00    1.68    1.48    0.48    0.42  925.00    0.00  0
                    1.72    1.53    0.53    0.44
                       0    1.76    1.56    0.56    0.35
MMPA        3308  262.53   20.50  174.00    1.67    1.37    0.47    0.40  778.00    0.00  0
                    1.67    1.40    0.41    0.35
                       0    1.90    1.72    0.35    0.33
MMPN        3311  257.97   19.39  170.00   -1.60   -1.92    0.43    0.33  781.00    0.00  0
                   -1.63   -1.93    0.44    0.31
                       0   -1.66   -1.71    0.35    0.37
MMPQ        3312  268.02   17.53  174.00   -3.16   -3.46    0.53    0.44  734.00    1.00  0
                   -3.15   -3.45    0.46    0.37
                       0   -3.03   -3.36    0.44    0.41
MMPS        3314  262.92   15.87  185.00    2.78    2.52    0.50    0.39  881.00    4.00  0
                    2.73    2.47    0.54    0.40
                       0    2.72    2.59    0.41    0.50
MMQT        3315  259.82   20.62  231.00    2.26    1.96    0.40    0.34 1017.00    0.00  0
                    2.28    2.00    0.36    0.30
                       0    2.53    2.24    0.33    0.45
MMSL        3318  250.07   22.95  184.00    1.65    1.34    0.37    0.29  825.00    0.00  0
                    1.61    1.30    0.34    0.22
                       0    1.71    1.73    0.36    0.38
MNJG        3334  274.02   13.08  170.00   -4.94   -5.20    0.60    0.56  668.00   48.00  0
                   -4.85   -5.11    0.61    0.57
                       0   -4.65   -5.32    0.63    0.51
MPBO        3339  277.75    9.35  167.00    1.96    1.70    0.56    0.48  672.00    0.00  0
                    2.03    1.73    0.53    0.38
                       0    2.18    1.86    0.32    0.50
MPDA        3340  277.58    8.40  219.00   -2.03   -2.23    0.54    0.45  932.00    0.00  0
                   -2.00   -2.20    0.59    0.44
                       0   -1.92   -2.41    0.75    0.56
MSAC        3348  270.17   13.57  157.00   -2.67   -3.00    0.82    0.77  601.00    0.00  0
                   -2.60   -2.98    0.74    0.64
                       0   -2.63   -2.74    1.01    1.42
NCMK        3368  202.62  -20.14  229.00   -2.91   -2.81    0.53    0.52 1253.00    5.00  0
                   -2.90   -2.85    0.47    0.44
                       0   -3.03   -2.79    0.28    0.54
OEDM        3405   44.12   24.45  199.00    6.35    6.27    0.87    0.80  985.00  456.00  0
                    6.45    6.43    0.62    0.56
                       0    6.77    5.57    0.64    1.19
OEDR        3406   50.15   26.27  231.00   -1.90   -1.88    0.35    0.27 1336.00    1.00  0
                   -1.90   -1.87    0.35    0.27
                       0   -2.20   -1.73    0.35    0.28
OEKJ        3412   47.58   24.07  224.00    1.94    1.85    0.29    0.30 1233.00    0.00  0
                    1.92    1.87    0.30    0.26
                       0    1.83    2.05    0.28    0.37
OESK        3421   40.10   29.78  231.00    1.65    1.58    0.31    0.28 1385.00    0.00  0
                    1.68    1.57    0.32    0.32
                       0    1.75    1.90    0.21    0.30
OIAH        3430   50.83   30.33  231.00   -2.50   -2.56    0.88    0.84 1369.00    1.00  0
                   -2.73   -2.87    0.47    0.37
                       0   -3.10   -0.70    0.40    0.35
OIIE        3444   51.15   35.40  195.00    5.18    5.16    0.85    0.97 1571.00  540.00  0
                    5.25    5.12    0.82    0.89
                       0    5.72    4.61    0.56    1.09
OIIK        3446   50.00   36.25  231.00   -1.73   -1.64    0.68    0.52 1208.00    0.00  0
                   -1.72   -1.53    0.79    0.54
                       0   -2.24   -1.20    0.66    0.47
OIMD        3452   58.68   34.35  231.00   -3.82   -3.53    0.52    0.47  732.00    2.00  0
                   -3.80   -3.50    0.44    0.44
                       0   -3.38   -3.60    0.40    0.39
OIMQ        3455   58.46   35.22  231.00   -1.55   -1.32    0.34    0.27 1377.00    0.00  0
                   -1.53   -1.32    0.32    0.27
                       0   -1.68   -1.53    0.51    0.36
OINE        3457   55.45   37.38  231.00   -1.66   -1.83    0.72    0.58 1381.00    0.00  0
                   -1.82   -1.90    0.69    0.59
                       0   -1.39   -2.08    0.66    0.70
OING        3458   54.40   36.90  231.00   -2.40   -2.55    0.58    0.42 1517.00    0.00  0
                   -2.57   -2.52    0.55    0.40
                       0   -2.32   -2.46    0.70    0.62
OINN        3459   51.45   36.65  231.00   -2.94   -2.91    0.56    0.41 1383.00    0.00  0
                   -2.93   -2.92    0.54    0.37
                       0   -3.17   -2.86    0.49    0.68
OINR        3460   50.67   36.90  231.00   -6.21   -6.18    0.59    0.45 1269.00   54.00  0
                   -6.17   -6.04    0.62    0.48
                       0   -6.25   -6.36    0.75    0.87
OISF        3462   53.72   28.90  231.00   -3.39   -3.24    0.43    0.33 1371.00    2.00  0
                   -3.38   -3.30    0.44    0.32
                       0   -3.49   -2.95    0.33    0.49
OISL        3463   54.37   27.67  231.00   -1.53   -1.39    0.40    0.35 1266.00    2.00  0
                   -1.55   -1.38    0.35    0.35
                       0   -1.64   -1.58    0.46    0.48
OIZB        3471   61.55   31.10  231.00   -1.67   -1.50    0.74    0.58 1274.00    0.00  0
                   -1.53   -1.48    0.72    0.62
                       0   -1.83   -1.13    0.46    0.77
PAJZ        3562  202.74   59.73  223.00    1.82    1.80    0.55    0.41 2006.00    0.00  0
                    2.07    2.04    0.54    0.47
                       0    1.72    2.17    0.24    0.28
PHOG        3661  203.57   20.90  231.00   -1.57   -1.55    0.44    0.38 1502.00    0.00  0
                   -1.58   -1.52    0.40    0.37
                       0   -1.56   -1.67    0.32    0.37
PHTO        3663  204.93   19.72  228.00   -2.54   -2.47    0.37    0.31 2313.00    0.00  0
                   -2.50   -2.46    0.37    0.30
                       1   -2.38   -2.49    0.30    0.30
RJNW        3721  136.94   37.28  171.00   -3.19   -3.20    0.88    0.82  686.00    2.00  0
                   -3.18   -3.15    0.94    0.96
                       0   -3.43   -2.39    0.61    0.77
SBBT        3817  311.40  -20.58  103.00   -4.29   -4.22    1.10    1.08  424.00   39.00  0
                   -4.17   -4.00    1.29    1.16
                       0   -4.34   -4.41    1.48    1.05
SBJU        3854  320.73   -7.22  229.00    1.53    1.55    0.48    0.42 1205.00    0.00  0
                    1.52    1.53    0.53    0.48
                       0    1.29    1.56    0.54    0.88
SBMG        3863  307.98  -23.48  230.00   -1.60   -1.51    0.56    0.44  998.00    0.00  0
                   -1.64   -1.53    0.46    0.31
                       0   -1.79   -1.63    0.41    0.57
SBSY        3896  309.33  -11.57  194.00    5.00    4.66    1.22    1.22 1253.00  237.00  0
                    5.23    4.92    1.24    1.32
                       0    6.17    4.27    0.78    1.26
SBTU        3902  310.28   -3.78  123.00    2.39    2.20    0.69    0.52  474.00    1.00  0
                    2.50    2.22    0.59    0.42
                       0    2.15    2.71    0.59    0.58
SCDA        3916  289.82  -20.53  231.00   -2.13   -2.15    0.41    0.34 1388.00    3.00  0
                   -2.12   -2.03    0.37    0.37
                       0   -1.95   -2.53    0.28    0.44
SEAM        3933  281.44   -1.20  104.00    2.42    2.35    0.79    0.71  363.00    0.00  0
                    2.32    2.28    0.78    0.62
                       0    2.22    2.61    0.56    0.85
SELT        3938  281.38   -0.92  231.00    1.67    1.63    0.68    0.62 1345.00    4.00  0
                    1.53    1.52    0.64    0.59
                       0    1.62    1.59    0.80    0.61
SETU        3946  282.30    0.82  119.00    1.77    1.68    0.51    0.47  359.00    0.00  0
                    1.80    1.70    0.47    0.47
                       0    1.72    1.63    0.43    0.67
SKAR        3950  284.28    4.50  230.00   -1.54   -1.69    0.98    0.81 1040.00    0.00  0
                   -1.85   -1.88    0.75    0.73
                       0   -1.83   -1.74    0.75    1.14
SKMD        3962  284.41    6.22  172.00    1.80    1.58    0.83    0.69  703.00    0.00  0
                    1.61    1.48    0.70    0.59
                       0    1.80    1.60    0.78    0.85
SKMZ        3964  284.53    5.03  122.00   -2.50   -2.66    0.65    0.51  327.00    1.00  0
                   -2.55   -2.64    0.67    0.53
                       0   -2.30   -2.63    0.86    0.56
SKRG        3970  284.57    6.18  231.00    2.06    1.88    0.42    0.33 1461.00    1.00  0
                    2.03    1.85    0.37    0.32
                       0    2.29    1.90    0.36    0.37
SKVP        3976  286.75   10.43  178.00    1.53    1.17    0.80    0.58  837.00    0.00  0
                    1.40    1.17    0.87    0.62
                       0    1.38    1.48    0.98    1.06
SKVV        3977  286.38    4.17  176.00   -1.52   -1.66    0.99    0.80  758.00    1.00  0
                   -1.73   -1.75    1.10    0.96
                       0   -1.47   -1.78    1.77    1.19
SLCA        3978  296.47  -20.00  174.00    1.56    1.25    0.83    0.51  804.00    0.00  0
                    1.53    1.25    0.85    0.51
                       0    1.18    1.49    0.79    0.68
SLJE        3983  299.25  -17.82  166.00    2.88    2.38    0.86    0.55  564.00    0.00  0
                    2.75    2.31    0.85    0.50
                       0    2.57    2.75    0.61    1.20
SLTJ        3994  295.28  -21.53  208.00   -1.66   -1.70    0.91    0.77 1083.00    2.00  0
                   -1.67   -1.72    0.85    0.74
                       0   -2.06   -2.08    0.98    0.82
SVVG        4030  288.33    8.63   93.00   -1.82   -2.19    0.93    0.72  277.00   14.00  0
                   -1.90   -2.25    1.04    0.67
                       0   -1.90   -1.90    1.09    1.02
UAAA        4060   77.03   43.35  231.00   -2.22   -2.01    0.64    0.42 2765.00    0.00  0
                   -2.27   -2.01    0.70    0.47
                       0   -2.42   -2.16    0.86    0.74
URMN        4134   43.63   43.50  231.00   -1.66   -1.73    0.43    0.31 2143.00    0.00  0
                   -1.67   -1.72    0.48    0.27
                       0   -1.60   -1.73    0.43    0.58
UTDK        4154   69.80   37.97  231.00   -1.62   -1.32    0.66    0.46 2768.00    0.00  0
                   -1.70   -1.34    0.65    0.48
                       0   -1.66   -1.74    0.48    1.16
UTSK        4164   65.77   38.83  189.00   -4.80   -4.85    1.26    1.34 2737.00  939.00  0
                   -5.04   -5.13    1.17    1.24
                       0   -5.92   -4.39    0.51    1.94
VOHS        4234   78.43   17.23  231.00    3.60    3.42    0.81    0.59 2681.00    1.00  0
                    3.63    3.35    0.88    0.73
                       0    3.00    3.88    0.77    0.96
YCCY        4360  140.50  -20.66  231.00   -2.36   -2.36    0.88    0.74 1405.00    0.00  0
                   -2.40   -2.42    0.91    0.74
                       0   -1.41   -2.94    1.01    0.79
YCIN        4363  123.82  -17.57  231.00   -2.26   -2.30    0.53    0.47 2844.00    0.00  0
                   -2.26   -2.29    0.56    0.44
                       0   -1.69   -2.65    0.33    0.45
ZPPP        4446  102.75   25.00  231.00    1.89    1.61    0.47    0.27 1386.00    0.00  0
                    1.82    1.62    0.42    0.22
                       0    1.77    1.79    0.37    0.38
FEFT        4561   15.80    4.25   97.00   -3.33   -3.48    1.07    0.90  181.00    0.00  0
                   -3.40   -3.50    1.04    0.89
                       0   -3.55   -3.25    1.11    1.63
FNSU        4577   13.85  -11.17  142.00    2.69    2.35    0.65    0.62  472.00    3.00  0
                    2.80    2.40    0.59    0.54
                       0    2.50    2.80    0.62    0.43
FOOB        4581   11.48    2.08  157.00   -3.83   -3.90    1.00    1.00  459.00    1.00  0
                   -3.60   -3.65    0.89    0.96
                       0   -3.88   -3.65    0.89    1.15
GMAG        4603  349.95   29.01  173.00   -2.20   -2.35    1.01    0.92  772.00    0.00  0
                   -2.12   -2.33    1.21    1.14
                       0   -1.99   -1.95    1.36    1.10
HKWJ        4613   40.07    1.75  172.00   -1.83   -1.72    0.47    0.46  736.00    3.00  0
                   -1.84   -1.76    0.47    0.42
                       0   -1.90   -1.62    0.43    0.37
LECV        4625  356.27   40.63  173.00    2.42    2.23    0.91    0.90  745.00    0.00  0
                    2.53    2.33    0.94    0.96
                       0    3.12    1.53    0.44    1.29
LIRX        4667   10.40   42.73  143.00   -1.80   -1.88    0.49    0.43  646.00    0.00  0
                   -1.80   -1.88    0.44    0.43
                       0   -1.90   -1.48    0.42    0.58
OITZ        4699   48.37   36.77  176.00   -1.62   -1.55    0.91    0.74  766.00    0.00  0
                   -1.52   -1.47    1.00    0.77
                       0   -2.43   -0.92    0.95    0.70
GQPA        4738  346.94   20.51   70.00    2.14    1.85    0.86    0.76  108.00    0.00  0
                    2.10    1.73    0.67    0.56
                       0    1.92    2.32    0.59    0.52
NVSG        4755  167.96  -15.30   70.00    1.60    1.62    0.52    0.42  141.00    0.00  0
                    1.55    1.55    0.67    0.56
                      71    1.48    1.95    0.41    0.56
SLPO        4775  294.28  -19.53  101.00    1.80    1.69    0.63    0.64  400.00    2.00  0
                    1.78    1.63    0.64    0.69
                       0    2.00    1.50    0.78    0.58
SUCA        4779  302.23  -34.45   70.00   -2.24   -2.00    0.50    0.33  234.00    0.00  0
                   -2.21   -2.02    0.44    0.32
                       0   -2.12   -2.50    0.36    0.57
K1FN        4789  258.33   47.90  155.00   -2.90   -3.00    0.43    0.25  874.00    0.00  0
                   -2.92   -3.00    0.36    0.27
                       0   -2.79   -2.95    0.53    0.40
FDPP        4881   31.25  -25.96  201.00    2.05    1.93    0.86    0.86  771.00    0.00  0
                    1.96    1.84    0.62    0.62
                       0    3.21    2.24    0.79    0.35
PADM        4890  197.97   61.86  203.00    1.58    1.48    0.55    0.44 1965.00    0.00  0
                    1.62    1.45    0.58    0.47
                       0    2.24    1.54    0.40    0.60
KFWZ        4919  251.22   42.51  125.00   -1.82   -1.79    0.35    0.36 2180.00    0.00  0
                   -1.81   -1.75    0.33    0.33
                       0   -1.59   -1.83    0.37    0.42
FYWB        4968   14.65  -22.98   90.00    1.96    1.64    0.65    0.58  503.00    0.00  0
                    2.10    1.73    0.55    0.53
                       0    1.54    2.21    0.82    0.37
FYGB        4971   18.96  -22.50   60.00    1.91    1.63    0.37    0.28  424.00   74.00  0
                    1.95    1.63    0.38    0.31
                       9    1.89    1.95    0.48    0.29
FYML        4979   17.93  -24.60   69.00    1.86    1.59    0.42    0.31  413.00    0.00  0
                    1.84    1.58    0.38    0.27
                       9    1.93    1.75    0.49    0.30
