  60571     357.77   31.62       5
    537.50  512.50    0.43    0.48    2.84    1.82  3
    512.50  487.50    0.91    0.85    2.53    1.99  3
    462.50  437.50    0.99    0.64    2.51    2.06  3
    437.50  412.50    0.63    0.46    2.85    2.09  3
    387.50  362.50    0.26    0.12    2.71    2.06  3
  94998     158.95  -54.50       5
    837.50  812.50   -1.49   -1.33    2.46    2.07  3
    812.50  787.50   -1.12   -0.86    2.35    2.12  3
    787.50  762.50   -2.08   -1.64    2.44    2.11  3
    762.50  737.50   -1.21   -0.75    2.37    1.92  3
    737.50  712.50   -1.44   -0.99    2.37    1.73  3
  04417     321.54   72.58       4
   1200.00  987.50 -999.00 -999.00 -999.00 -999.00  1
    937.50  912.50 -999.00 -999.00 -999.00 -999.00  1
    862.50  837.50 -999.00 -999.00 -999.00 -999.00  1
    712.50  687.50 -999.00 -999.00 -999.00 -999.00  1
  42027      74.83   34.08       5
   1200.00  987.50 -999.00 -999.00 -999.00 -999.00  1
    937.50  912.50 -999.00 -999.00 -999.00 -999.00  1
    837.50  812.50 -999.00 -999.00 -999.00 -999.00  1
    812.50  787.50 -999.00 -999.00 -999.00 -999.00  1
    737.50  712.50    1.27    1.25    0.10    0.08  1
  89532      39.58  -69.00       5
    412.50  387.50 -999.00 -999.00 -999.00 -999.00  1
    387.50  362.50 -999.00 -999.00 -999.00 -999.00  1
    362.50  337.50 -999.00 -999.00 -999.00 -999.00  1
    337.50  312.50 -999.00 -999.00 -999.00 -999.00  1
    312.50  287.50 -999.00 -999.00 -999.00 -999.00  1
  89625     123.40  -75.10       4
   1200.00  987.50 -999.00 -999.00 -999.00 -999.00  1
    937.50  912.50 -999.00 -999.00 -999.00 -999.00  1
    862.50  837.50 -999.00 -999.00 -999.00 -999.00  1
    712.50  687.50 -999.00 -999.00 -999.00 -999.00  1
  MOBIL      43.00  -74.00      13
   1200.00  987.50 -999.00 -999.00 -999.00 -999.00  1
    937.50  912.50 -999.00 -999.00 -999.00 -999.00  1
    862.50  837.50 -999.00 -999.00 -999.00 -999.00  1
    662.50  637.50 -999.00 -999.00 -999.00 -999.00  1
    637.50  612.50 -999.00 -999.00 -999.00 -999.00  1
    562.50  537.50 -999.00 -999.00 -999.00 -999.00  1
    537.50  512.50 -999.00 -999.00 -999.00 -999.00  1
    512.50  487.50 -999.00 -999.00 -999.00 -999.00  1
    462.50  437.50 -999.00 -999.00 -999.00 -999.00  1
    437.50  412.50 -999.00 -999.00 -999.00 -999.00  1
    412.50  387.50 -999.00 -999.00 -999.00 -999.00  1
    337.50  312.50 -999.00 -999.00 -999.00 -999.00  1
    312.50  287.50 -999.00 -999.00 -999.00 -999.00  1
