  35700        203   51.92   47.12   27.00
    115.00    1.97    1.88    0.88    0.80  400.00    0.00  0
               1    1.91    1.87    0.90    0.78
            1.61    2.37    0.78    0.58
     62.00    2.07    1.96    1.40    1.29   83.00    0.00  0
               2    2.10    1.92    1.66    1.61
            2.52    2.26    1.10    1.73
     46.00    1.80    1.62    1.29    1.18   59.00    0.00  0
               3    1.86    1.68    1.34    1.16
            2.11    2.07    1.03    0.92
    114.00    1.91    1.69    1.07    0.97  180.00    0.00  0
               4    2.02    1.78    1.09    1.00
            1.65    2.09    0.66    1.47
     52.00    1.65    1.33    1.14    1.00   71.00    0.00  0
               5    1.94    1.68    1.19    1.16
            1.50    1.96    1.22    1.41
     63.00    1.62    1.24    1.24    0.98   74.00    0.00  0
               6    1.64    1.28    1.13    0.94
            1.50    2.90    0.94    1.70
    115.00    1.62    1.28    1.25    0.99  185.00    0.00  0
               7    1.68    1.29    1.16    0.99
            1.37    2.23    0.77    0.83
     66.00    1.72    1.31    1.41    1.14   81.00    0.00  0
               8    1.75    1.58    1.14    1.25
            1.57    1.99    1.05    1.29
     72.00    1.70    1.22    1.56    1.27   92.00    0.00  0
               9    2.26    2.08    1.47    1.24
            1.23    2.61    1.60    0.65
     70.00    1.79    1.31    1.54    1.17  101.00    0.00  0
              10    1.79    1.46    1.72    1.38
            1.91    2.21    1.44    0.97
    115.00    2.17    1.67    1.49    1.27  202.00    0.00  0
              13    2.35    1.81    1.54    1.30
            2.30    2.62    1.78    0.62
     59.00    2.37    1.79    1.49    1.30   77.00    0.00  0
              14    2.29    1.78    1.70    1.20
            1.93    2.14    1.31    1.28
     52.00    2.10    1.66    1.46    1.30   66.00    0.00  0
              15    2.22    1.82    1.56    1.30
            1.65    2.86    1.23    0.84
     49.00    2.03    1.65    1.45    1.21   61.00    0.00  0
              16    2.40    1.96    1.58    1.31
            2.53    2.10    1.54    1.39
     50.00    1.93    1.55    1.51    1.30   64.00    0.00  0
              17    2.25    1.61    1.36    1.27
            2.42    2.37    1.49    0.93
     52.00    1.98    1.66    1.33    1.23   72.00    1.00  0
              18    2.23    2.20    1.08    1.17
            2.23    1.91    0.86    0.86
     69.00    2.17    1.77    1.33    1.13   90.00    0.00  0
              19    2.34    1.87    1.38    1.28
            2.70    2.68    1.34    0.77
     59.00    1.95    1.59    1.44    1.22   77.00    0.00  0
              20    2.09    1.69    1.34    1.20
            2.33    2.08    1.44    0.82
    113.00    2.31    2.00    1.43    1.23  182.00    0.00  0
              21    2.36    2.14    1.11    0.95
            1.93    2.74    1.27    0.56
     57.00    2.19    1.85    1.39    1.20   74.00    0.00  0
              22    2.31    2.02    0.98    1.12
            2.08    2.61    1.18    0.82
     60.00    2.28    2.07    1.36    1.24   88.00    0.00  0
              23    2.41    2.26    1.24    1.15
            2.36    2.43    1.24    0.83
     61.00    2.19    1.84    1.47    1.27   78.00    0.00  0
              24    2.41    1.90    1.14    1.25
            2.34    2.65    0.59    0.87
    112.00    2.40    2.18    1.37    1.28  202.00    0.00  0
              25    2.47    2.29    0.97    1.00
            2.39    2.92    1.53    0.71
     66.00    2.19    1.94    1.36    1.22   97.00    0.00  0
              26    2.07    1.92    1.20    1.20
            2.30    2.75    1.13    1.28
     64.00    2.22    1.96    1.44    1.24   82.00    0.00  0
              27    2.16    2.00    1.05    1.11
            1.92    2.25    0.95    1.45
     71.00    2.01    1.82    1.53    1.28  102.00    0.00  0
              28    1.98    1.78    1.55    1.18
            2.45    2.02    1.16    2.14
    109.00    1.91    1.81    1.42    1.32  213.00   38.00  0
              29    1.81    1.80    1.22    1.16
            1.89    1.51    1.15    1.54
  42647        236   72.63   23.07    4.00
    102.00    1.63    1.21    1.33    0.97  139.00    1.00  0
              13    1.48    1.16    1.12    0.89
            1.23    1.71    0.98    1.78
     33.00    1.57    1.15    1.70    1.09   40.00    0.00  0
              14    1.49    1.05    0.78    0.75
            1.36    1.75    1.21    0.99
     47.00    1.84    1.26    1.57    1.30   71.00    0.00  0
              16    1.78    1.19    1.79    1.28
            1.25    2.16    1.45    1.30
     46.00    1.85    1.39    1.84    1.43   57.00    0.00  0
              17    1.57    1.27    1.30    1.16
            1.25    2.28    0.84    1.24
  43311        253   72.73   11.12    5.00
    101.00    1.73    1.56    0.86    0.75  120.00    8.00  0
               7    1.56    1.47    0.74    0.65
            1.28    1.41    0.35    0.33
     30.00    1.71    1.54    1.06    0.98   33.00    0.00  0
              11    1.90    1.52    1.19    1.01
            1.29    2.15    1.16    1.51
     38.00    1.60    1.45    1.38    1.28   43.00    1.00  0
              12    1.29    1.14    1.19    1.10
            1.41    1.64    1.15    1.47
    101.00    1.60    1.38    1.34    1.18  150.00    7.00  0
              13    1.44    1.26    1.07    0.81
            1.23    1.02    1.09    0.70
     42.00    1.54    1.22    1.55    1.28   56.00    1.00  0
              14    1.53    1.08    1.20    1.31
            0.94    1.56    1.81    0.81
  43333        254   92.72   11.67   11.00
     31.00    1.51    1.40    0.97    0.93   35.00    0.00  0
               6    1.68    1.50    0.57    0.50
            1.34    1.80    0.40    0.36
    112.00    1.68    1.57    0.72    0.70  133.00    0.00  0
               7    1.73    1.60    0.52    0.50
            1.89    1.38    0.42    0.60
    112.00    1.75    1.51    1.01    0.87  161.00    0.00  0
              13    1.77    1.55    0.90    0.76
            2.06    1.02    0.62    0.57
     36.00    1.75    1.32    1.28    1.13   42.00    0.00  0
              14    1.82    1.17    0.84    1.03
            1.83    1.17    0.56    1.43
     29.00    1.69    1.30    1.13    0.97   32.00    0.00  0
              15    1.62    1.29    1.01    1.08
            1.57    1.65    1.10    0.90
     36.00    1.60    1.24    1.45    1.33   39.00    1.00  0
              16    1.95    1.37    1.07    0.70
            1.41    2.19    0.65    0.73
     34.00    1.57    1.11    1.37    1.29   39.00    0.00  0
              17    1.25    0.99    1.41    1.30
            0.70    1.67    1.64    1.08
     41.00    1.71    1.33    1.42    1.30   47.00    0.00  0
              18    1.69    1.57    0.93    1.14
            1.75    1.68    0.67    1.25
     73.00    1.73    1.36    1.06    0.96   82.00    0.00  0
              19    1.85    1.60    1.25    1.09
            1.31    2.25    0.96    1.18
    108.00    1.55    1.20    1.35    1.11  153.00    0.00  0
              21    1.55    1.08    1.29    1.08
            1.48    1.98    1.12    0.93
     41.00    1.56    1.16    1.38    1.11   47.00    0.00  0
              23    1.77    1.40    1.38    1.06
            0.32    2.08    1.58    1.38
  43353        256   76.27    9.95    5.00
     83.00   -1.60   -1.59    1.14    1.06   99.00    4.00  0
               4   -1.37   -1.49    1.02    0.97
           -0.78   -1.32    0.54    0.70
     83.00   -1.53   -1.07    1.69    1.26  134.00    7.00  0
              25   -1.31   -0.76    1.59    1.21
           -0.07   -1.97    1.24    1.41
     34.00   -1.57   -1.03    1.62    1.35   46.00    5.00  0
              27   -0.28   -0.66    1.73    1.38
           -1.18   -1.10    1.17    2.36
     40.00   -2.29   -1.58    1.81    1.34   49.00    6.00  0
              28   -1.44   -1.58    1.70    1.32
           -1.29   -2.73    1.22    2.09
     80.00   -2.49   -2.05    1.63    1.26  126.00   23.00  0
              29   -2.54   -2.11    1.69    1.28
           -0.88   -2.46    1.33    1.17
