  60571        401  357.77   31.62    5.00
     30.00    0.43    0.48    2.84    1.82   52.00    0.00  3
              20    0.20    0.73    3.30    1.93
           -0.95    3.33    2.32    1.77
     57.00    0.91    0.85    2.53    1.99  109.00    0.00  3
              21    0.57    0.57    2.09    1.45
            1.69    0.46    2.33    2.32
     36.00    0.99    0.64    2.51    2.06   68.00    0.00  3
              23    1.19    0.64    2.00    1.82
            0.98    1.83    1.50    2.77
     36.00    0.63    0.46    2.85    2.09   58.00    0.00  3
              24    0.32    0.17    1.55    1.85
            0.21   -0.14    2.29    1.66
     28.00    0.26    0.12    2.71    2.06   43.00    0.00  3
              26   -0.33   -0.18    2.34    1.79
           -0.89    0.18    3.75    1.22
  94998        632  158.95  -54.50    5.00
     39.00   -1.49   -1.33    2.46    2.07   65.00    0.00  3
               8   -1.52   -0.97    2.32    1.85
           -0.91   -1.53    1.89    2.67
     49.00   -1.12   -0.86    2.35    2.12   71.00    0.00  3
               9   -0.83   -0.60    1.79    1.77
           -1.70   -0.39    1.40    1.67
     49.00   -2.08   -1.64    2.44    2.11   71.00    0.00  3
              10   -1.59   -1.07    2.18    1.78
           -2.33   -1.27    2.65    2.29
     47.00   -1.21   -0.75    2.37    1.92   71.00    0.00  3
              11   -0.97   -0.68    3.10    1.75
           -0.44   -1.22    2.17    2.49
     49.00   -1.44   -0.99    2.37    1.73   71.00    1.00  3
              12   -1.71   -0.80    2.89    2.21
           -0.94   -1.97    2.18    4.15
  04417         25  321.54   72.58    4.00
      0.00 -999.00 -999.00 -999.00 -999.00  114.00  114.00  1
               1 -999.00 -999.00 -999.00 -999.00
         -999.00 -999.00 -999.00 -999.00
      0.00 -999.00 -999.00 -999.00 -999.00  114.00  114.00  1
               4 -999.00 -999.00 -999.00 -999.00
         -999.00 -999.00 -999.00 -999.00
      0.00 -999.00 -999.00 -999.00 -999.00  114.00  114.00  1
               7 -999.00 -999.00 -999.00 -999.00
         -999.00 -999.00 -999.00 -999.00
      0.00 -999.00 -999.00 -999.00 -999.00  114.00  114.00  1
              13 -999.00 -999.00 -999.00 -999.00
         -999.00 -999.00 -999.00 -999.00
  42027        224   74.83   34.08    5.00
      0.00 -999.00 -999.00 -999.00 -999.00   58.00   58.00  1
               1 -999.00 -999.00 -999.00 -999.00
         -999.00 -999.00 -999.00 -999.00
      0.00 -999.00 -999.00 -999.00 -999.00   61.00   61.00  1
               4 -999.00 -999.00 -999.00 -999.00
         -999.00 -999.00 -999.00 -999.00
      0.00 -999.00 -999.00 -999.00 -999.00   59.00   59.00  1
               8 -999.00 -999.00 -999.00 -999.00
         -999.00 -999.00 -999.00 -999.00
      0.00 -999.00 -999.00 -999.00 -999.00   22.00   22.00  1
               9 -999.00 -999.00 -999.00 -999.00
         -999.00 -999.00 -999.00 -999.00
      3.00    1.27    1.25    0.10    0.08   16.00   13.00  1
              12 -999.00 -999.00 -999.00 -999.00
         -999.00 -999.00 -999.00 -999.00
  89532        583   39.58  -69.00    5.00
      0.00 -999.00 -999.00 -999.00 -999.00  138.00  138.00  1
              25 -999.00 -999.00 -999.00 -999.00
         -999.00 -999.00 -999.00 -999.00
      0.00 -999.00 -999.00 -999.00 -999.00   31.00   31.00  1
              26 -999.00 -999.00 -999.00 -999.00
         -999.00 -999.00 -999.00 -999.00
      0.00 -999.00 -999.00 -999.00 -999.00   29.00   29.00  1
              27 -999.00 -999.00 -999.00 -999.00
         -999.00 -999.00 -999.00 -999.00
      0.00 -999.00 -999.00 -999.00 -999.00   45.00   45.00  1
              28 -999.00 -999.00 -999.00 -999.00
         -999.00 -999.00 -999.00 -999.00
      0.00 -999.00 -999.00 -999.00 -999.00  159.00  159.00  1
              29 -999.00 -999.00 -999.00 -999.00
         -999.00 -999.00 -999.00 -999.00
  89625        731  123.40  -75.10    4.00
      0.00 -999.00 -999.00 -999.00 -999.00   52.00   52.00  1
               1 -999.00 -999.00 -999.00 -999.00
         -999.00 -999.00 -999.00 -999.00
      0.00 -999.00 -999.00 -999.00 -999.00   52.00   52.00  1
               4 -999.00 -999.00 -999.00 -999.00
         -999.00 -999.00 -999.00 -999.00
      0.00 -999.00 -999.00 -999.00 -999.00   52.00   52.00  1
               7 -999.00 -999.00 -999.00 -999.00
         -999.00 -999.00 -999.00 -999.00
      0.00 -999.00 -999.00 -999.00 -999.00   52.00   52.00  1
              13 -999.00 -999.00 -999.00 -999.00
         -999.00 -999.00 -999.00 -999.00
  MOBIL       1176   43.00  -74.00   13.00
      0.00 -999.00 -999.00 -999.00 -999.00    6.00    6.00  1
               1 -999.00 -999.00 -999.00 -999.00
         -999.00 -999.00 -999.00 -999.00
      0.00 -999.00 -999.00 -999.00 -999.00    5.00    5.00  1
               4 -999.00 -999.00 -999.00 -999.00
         -999.00 -999.00 -999.00 -999.00
      0.00 -999.00 -999.00 -999.00 -999.00    5.00    5.00  1
               7 -999.00 -999.00 -999.00 -999.00
         -999.00 -999.00 -999.00 -999.00
      0.00 -999.00 -999.00 -999.00 -999.00    2.00    2.00  1
              15 -999.00 -999.00 -999.00 -999.00
         -999.00 -999.00 -999.00 -999.00
      0.00 -999.00 -999.00 -999.00 -999.00    7.00    7.00  1
              16 -999.00 -999.00 -999.00 -999.00
         -999.00 -999.00 -999.00 -999.00
      0.00 -999.00 -999.00 -999.00 -999.00    2.00    2.00  1
              19 -999.00 -999.00 -999.00 -999.00
         -999.00 -999.00 -999.00 -999.00
      0.00 -999.00 -999.00 -999.00 -999.00    1.00    1.00  1
              20 -999.00 -999.00 -999.00 -999.00
         -999.00 -999.00 -999.00 -999.00
      0.00 -999.00 -999.00 -999.00 -999.00    5.00    5.00  1
              21 -999.00 -999.00 -999.00 -999.00
         -999.00 -999.00 -999.00 -999.00
      0.00 -999.00 -999.00 -999.00 -999.00    1.00    1.00  1
              23 -999.00 -999.00 -999.00 -999.00
         -999.00 -999.00 -999.00 -999.00
      0.00 -999.00 -999.00 -999.00 -999.00    3.00    3.00  1
              24 -999.00 -999.00 -999.00 -999.00
         -999.00 -999.00 -999.00 -999.00
      0.00 -999.00 -999.00 -999.00 -999.00    5.00    5.00  1
              25 -999.00 -999.00 -999.00 -999.00
         -999.00 -999.00 -999.00 -999.00
      0.00 -999.00 -999.00 -999.00 -999.00    2.00    2.00  1
              28 -999.00 -999.00 -999.00 -999.00
         -999.00 -999.00 -999.00 -999.00
      0.00 -999.00 -999.00 -999.00 -999.00    6.00    6.00  1
              29 -999.00 -999.00 -999.00 -999.00
         -999.00 -999.00 -999.00 -999.00
