  35700      51.92   47.12      27
   1200.00  987.50    1.97    1.88    0.88    0.80  0
    987.50  962.50    2.07    1.96    1.40    1.29  0
    962.50  937.50    1.80    1.62    1.29    1.18  0
    937.50  912.50    1.91    1.69    1.07    0.97  0
    912.50  887.50    1.65    1.33    1.14    1.00  0
    887.50  862.50    1.62    1.24    1.24    0.98  0
    862.50  837.50    1.62    1.28    1.25    0.99  0
    837.50  812.50    1.72    1.31    1.41    1.14  0
    812.50  787.50    1.70    1.22    1.56    1.27  0
    787.50  762.50    1.79    1.31    1.54    1.17  0
    712.50  687.50    2.17    1.67    1.49    1.27  0
    687.50  662.50    2.37    1.79    1.49    1.30  0
    662.50  637.50    2.10    1.66    1.46    1.30  0
    637.50  612.50    2.03    1.65    1.45    1.21  0
    612.50  587.50    1.93    1.55    1.51    1.30  0
    587.50  562.50    1.98    1.66    1.33    1.23  0
    562.50  537.50    2.17    1.77    1.33    1.13  0
    537.50  512.50    1.95    1.59    1.44    1.22  0
    512.50  487.50    2.31    2.00    1.43    1.23  0
    487.50  462.50    2.19    1.85    1.39    1.20  0
    462.50  437.50    2.28    2.07    1.36    1.24  0
    437.50  412.50    2.19    1.84    1.47    1.27  0
    412.50  387.50    2.40    2.18    1.37    1.28  0
    387.50  362.50    2.19    1.94    1.36    1.22  0
    362.50  337.50    2.22    1.96    1.44    1.24  0
    337.50  312.50    2.01    1.82    1.53    1.28  0
    312.50  287.50    1.91    1.81    1.42    1.32  0
  42647      72.63   23.07       4
    712.50  687.50    1.63    1.21    1.33    0.97  0
    687.50  662.50    1.57    1.15    1.70    1.09  0
    637.50  612.50    1.84    1.26    1.57    1.30  0
    612.50  587.50    1.85    1.39    1.84    1.43  0
  43311      72.73   11.12       5
    862.50  837.50    1.73    1.56    0.86    0.75  0
    762.50  737.50    1.71    1.54    1.06    0.98  0
    737.50  712.50    1.60    1.45    1.38    1.28  0
    712.50  687.50    1.60    1.38    1.34    1.18  0
    687.50  662.50    1.54    1.22    1.55    1.28  0
  43333      92.72   11.67      11
    887.50  862.50    1.51    1.40    0.97    0.93  0
    862.50  837.50    1.68    1.57    0.72    0.70  0
    712.50  687.50    1.75    1.51    1.01    0.87  0
    687.50  662.50    1.75    1.32    1.28    1.13  0
    662.50  637.50    1.69    1.30    1.13    0.97  0
    637.50  612.50    1.60    1.24    1.45    1.33  0
    612.50  587.50    1.57    1.11    1.37    1.29  0
    587.50  562.50    1.71    1.33    1.42    1.30  0
    562.50  537.50    1.73    1.36    1.06    0.96  0
    512.50  487.50    1.55    1.20    1.35    1.11  0
    462.50  437.50    1.56    1.16    1.38    1.11  0
  43353      76.27    9.95       5
    937.50  912.50   -1.60   -1.59    1.14    1.06  0
    412.50  387.50   -1.53   -1.07    1.69    1.26  0
    362.50  337.50   -1.57   -1.03    1.62    1.35  0
    337.50  312.50   -2.29   -1.58    1.81    1.34  0
    312.50  287.50   -2.49   -2.05    1.63    1.26  0
