  3ETA8     288.30   22.10    2.10    2.06    0.65    0.64  0
  46053     240.10   34.30    2.08    1.82    0.75    0.68  0
  46081     211.70   60.80    2.10    2.07    0.98    0.99  0
  66022      14.20   54.10    1.86    1.76    0.51    0.49  0
  J8NY      277.70   19.90    1.73    1.65    0.95    0.91  0
  SDIA2     225.61   58.28    2.07    1.95    0.93    0.84  0
  VOFG      298.60   45.60    1.97    1.77    0.66    0.64  0
  VRED4      29.90  -32.30    1.83    1.77    1.03    1.03  0
  VREM6     124.70    2.90    2.10    2.09    0.91    0.89  0
  WDC7379   181.00    9.60    2.39    2.36    0.79    0.79  0
  C6TH9     210.20  -17.50    1.67    1.65    0.82    0.80  0
  VREK5     122.40   25.40   -4.86   -4.78    1.38    1.36  0
  VVFH       72.00   18.90    2.07    2.00    1.01    1.03  0
