62001         76  355.00   45.20  231.00   -0.12   -0.11    1.67    1.57 1368.00    0.00  3
                    0.27    0.25    0.40    0.41
                       0    0.13    0.37    0.33    0.18
7JWQ         149  192.00   42.10  128.00    0.56    0.57    1.34    1.32  155.00    0.00  3
                    0.20    0.32    1.08    1.08
                       1    0.03    1.01    0.85    1.84
9HJF9        161  219.30   59.50  107.00    1.18    1.18    1.72    1.68  118.00    1.00  3
                    0.80    0.86    1.48    1.45
                       2    0.84    1.37    1.58    2.52
9HYN7        167  312.10   41.60   61.00    1.23    1.22    1.39    1.38   63.00    0.00  3
                    0.75    0.75    1.27    1.30
                       0    1.04    0.58    1.71    1.36
9V8402       175  290.90   33.40   49.00   -5.96   -5.86    2.65    2.60   49.00    0.00  3
                   -4.91   -4.76    3.33    3.36
                       7 -999.00 -999.00 -999.00 -999.00
9V9040       179  347.70  -24.20  186.00    2.57    2.42    2.30    2.16 1361.00    0.00  3
                    2.09    1.99    2.13    2.02
                       0    1.11    4.52    1.83    1.40
9V9325       181  301.30   34.10   27.00   -4.73   -4.68    3.34    3.29   28.00    0.00  3
                   -5.01   -4.94    3.74    3.60
                       6 -999.00 -999.00 -999.00 -999.00
A8HZ4        188  215.10   41.90   28.00    2.23    2.20    2.16    2.13   29.00    0.00  3
                    2.11    2.27    1.70    1.65
                      74 -999.00 -999.00 -999.00 -999.00
BKIZ         231  128.90   29.90  122.00    1.04    1.03    1.41    1.37  123.00    1.00  3
                    1.00    0.98    1.30    1.30
                       0    0.47    1.77    0.60    0.84
LAJF7        336  355.50   36.10   67.00    0.91    0.91    1.53    1.51   67.00    0.00  3
                    0.58    0.64    1.38    1.31
                      30    1.60    0.41    1.41    1.22
ONGA         359  120.20   35.80   21.00    2.32    2.25    1.48    1.49   26.00    0.00  3
                    2.32    2.23    1.51    1.35
                      33 -999.00 -999.00 -999.00 -999.00
TBWUK51      396  105.30    3.30   51.00    2.02    1.88    1.66    1.65   53.00    0.00  3
                    1.49    1.34    1.15    1.05
                      59 -999.00 -999.00 -999.00 -999.00
TBWUK89      402  101.60   11.10  120.00    1.94    1.88    1.72    1.65  149.00    0.00  3
                    1.32    1.27    1.24    1.16
                       0    0.80    4.25    0.35    1.07
V7IK7        409  242.70   20.30  150.00    1.31    1.29    1.36    1.34  207.00    0.00  3
                    0.87    0.88    0.88    0.90
                       0    0.94    2.10    0.70    2.03
V7ZZ5        413  293.50   50.20  135.00    1.87    1.75    1.82    1.72  552.00   10.00  3
                    1.78    1.73    1.47    1.29
                       0    0.34    2.78    1.70    1.91
VRBH9        425    4.70   -2.80  115.00   -0.58   -0.57    1.42    1.39  117.00    0.00  3
                   -0.25   -0.25    1.47    1.48
                       0   -0.56    0.45    2.35    0.66
VRMV3        454  347.10   28.80  112.00    1.85    1.84    1.49    1.47  113.00    1.00  3
                    1.59    1.60    1.28    1.35
                      51    1.77    1.50    1.57    1.60
WTAA         500  334.40   49.30   81.00    1.31    1.27    1.32    1.28   84.00    1.00  3
                    1.40    1.42    1.18    1.15
                      17    1.04    1.14    2.10    1.53
9V9925       566  227.60   41.70   84.00    1.44    1.42    1.51    1.47   88.00    0.00  3
                    1.28    1.23    1.06    1.09
                       0    0.74    1.75    1.09    0.83
CQEG         593  243.60  -18.50   72.00    0.78    0.76    1.35    1.31   73.00    0.00  3
                    0.55    0.48    1.30    1.37
                      23    0.62    0.42    1.16    1.01
CQIK         594  107.70   -1.30  112.00    0.02    0.05    1.42    1.40  113.00    0.00  3
                    0.08    0.14    1.01    1.04
                       0    0.66    0.04    0.51    1.47
J8PE4        610  281.50   26.20   65.00   -0.07   -0.08    1.58    1.57   78.00    0.00  3
                    0.00    0.00    1.11    1.10
                       7    0.08    0.13    0.73    2.32
PHET         628  226.00   57.20   56.00    0.51    0.48    1.40    1.37  106.00    1.00  3
                    1.61    0.76    1.91    1.62
                       6    0.32    1.29    1.77    1.69
TBWUK47      630   51.80   25.80   30.00    1.73    1.67    1.56    1.53   32.00    0.00  3
                    1.29    1.30    1.55    1.37
                       5 -999.00 -999.00 -999.00 -999.00
TBWUK66      635   12.40   36.90   49.00    1.62    1.58    1.52    1.46   52.00    0.00  3
                    1.54    1.44    1.53    1.35
                       0 -999.00 -999.00 -999.00 -999.00
VRDK7        640  236.20   46.90  157.00    1.72    1.65    2.15    2.06  563.00    0.00  3
                    1.34    1.29    2.06    2.02
                       0   -0.18    3.90    1.25    1.67
VRHE3        645  151.30   46.70   71.00   -0.06   -0.10    1.59    1.58   85.00    0.00  3
                   -0.27   -0.33    1.05    0.93
                       0   -0.55   -0.08    1.43    0.90
5BYB4        680  346.10   49.70  111.00    0.08    0.07    1.49    1.48  112.00    0.00  3
                    0.20    0.10    1.07    1.05
                       5    0.07    0.06    0.81    1.40
CQGR         697  330.20   49.40   94.00   -0.02    0.00    1.55    1.53   95.00    0.00  3
                    0.08    0.05    1.23    1.18
                       0   -0.12    0.10    1.71    0.55
VRFX6        727  315.50   47.50   23.00    2.07    2.03    2.25    2.18   24.00    0.00  3
                    1.88    1.85    1.57    1.73
                      13 -999.00 -999.00 -999.00 -999.00
VRIR7        783  299.20   37.90   86.00    0.88    0.86    1.78    1.76   99.00    0.00  3
                    1.20    1.23    1.18    1.18
                       6    0.73    0.92    0.98    1.97
WRJP         790  222.00   28.60   63.00    1.30    1.28    1.41    1.40   65.00    0.00  3
                    1.09    1.13    1.32    1.18
                       1    1.02    1.33    1.46    1.20
C6CX3        807  125.10   31.30   60.00    0.00    0.00    1.31    1.27   64.00    0.00  3
                    0.32   -0.18    1.36    0.93
                       1   -0.29   -0.26    0.66    1.41
TBWUK75      818  357.70   36.10   56.00    2.23    2.18    1.88    1.83   58.00    1.00  3
                    2.40    2.44    1.60    1.81
                      24    0.69    2.63    2.19    1.59
C6BR3        840  293.40   34.40   73.00    1.74    1.74    1.44    1.41   77.00    0.00  3
                    1.75    1.73    1.83    1.58
                       2    2.08    2.32    1.42    1.23
V7DI6        853  287.20   39.20   49.00    1.78    1.76    1.71    1.71   52.00    0.00  3
                    1.66    1.68    1.47    1.47
                      15 -999.00 -999.00 -999.00 -999.00
V7QN4        857   60.10   -2.20   37.00    1.77    1.76    1.54    1.53   38.00    0.00  3
                    1.50    1.58    1.23    1.28
                       2 -999.00 -999.00 -999.00 -999.00
VROB9        861  124.00   30.50  109.00   -0.13   -0.14    1.44    1.41  123.00    0.00  3
                    0.03   -0.03    1.37    1.42
                      20    0.28    0.40    1.79    0.79
PDAN         875  226.30   53.80   92.00    1.48    1.42    1.55    1.51  198.00    6.00  3
                    1.67    1.52    1.42    1.31
                       0    0.62    2.05    1.21    0.99
TBWUK70      876   20.20   35.00   61.00    0.36    0.33    1.50    1.45   66.00    0.00  3
                    0.35    0.42    0.71    0.66
                       0    0.36    0.31    0.75    0.60
VRMV8        882   82.70    5.70   50.00    2.14    2.11    1.40    1.36   52.00    1.00  3
                    1.91    1.93    1.27    1.22
                      27 -999.00 -999.00 -999.00 -999.00
VRUR7        884  310.10   11.70  103.00   -2.03   -1.99    1.50    1.46  300.00    0.00  3
                   -2.16   -2.12    1.07    1.00
                       3   -1.67   -2.23    0.71    0.57
9V9791       892  192.50   54.30   20.00    1.78    1.82    2.04    2.03   21.00    0.00  3
                    1.61    1.87    1.68    2.71
                       2 -999.00 -999.00 -999.00 -999.00
A8XY2        895  285.60   35.50   62.00    0.40    0.37    1.38    1.40   63.00    0.00  3
                    0.27    0.24    1.02    1.13
                      33    0.43    0.32    0.75    1.50
ZCBU3        919  300.20   46.60   49.00    2.30    2.26    1.33    1.31   57.00    0.00  3
                    2.20    2.14    1.21    1.19
                       0 -999.00 -999.00 -999.00 -999.00
PHOS         935  237.60   47.70   76.00    0.26    0.26    1.60    1.61  110.00    0.00  3
                    0.49    0.52    0.82    0.77
                       4    0.32   -0.17    0.69    0.81
VRCT4        961  134.60  -35.10   24.00    2.75    2.71    1.71    1.68   25.00    0.00  3
                    2.82    2.81    1.13    1.09
                       3 -999.00 -999.00 -999.00 -999.00
ELQQ4        980  328.30   -0.90   54.00    2.09    2.06    1.46    1.46   55.00    0.00  3
                    1.71    1.66    1.47    1.49
                      19 -999.00 -999.00 -999.00 -999.00
2IYG2        986   21.40   58.90   61.00    1.38    1.38    1.41    1.40   73.00    0.00  3
                    1.08    1.24    1.04    1.18
                       0    0.95    2.05    1.07    1.69
3FKS5        988  231.40   46.10   27.00    2.03    2.05    1.84    1.81   28.00    0.00  3
                    1.54    1.61    1.92    1.93
                      15 -999.00 -999.00 -999.00 -999.00
A8JE6       1020  135.90    8.50   43.00    1.80    1.81    1.35    1.35   44.00    0.00  3
                    2.19    2.31    1.57    1.74
                       8 -999.00 -999.00 -999.00 -999.00
CQGY        1025  287.80   36.10   29.00    1.99    1.94    1.85    1.82   30.00    0.00  3
                    1.97    1.93    2.36    2.04
                      29 -999.00 -999.00 -999.00 -999.00
TBWUK68     1032  284.60   34.80   30.00    1.72    1.68    1.62    1.60   31.00    0.00  3
                    1.76    1.73    2.26    2.19
                       1 -999.00 -999.00 -999.00 -999.00
VRPN7       1035  129.70   38.10   31.00    1.63    1.61    1.54    1.53   32.00    0.00  3
                    1.27    1.36    1.00    1.10
                      29 -999.00 -999.00 -999.00 -999.00
9HOB8       1072   30.20   59.90  116.00    1.42    1.38    1.34    1.33  148.00   13.00  3
                    1.28    1.28    1.10    1.14
                       1    1.29    1.82    0.71    1.58
TBWUK96     1080  108.00    6.80   80.00    2.62    2.57    1.35    1.31   82.00    0.00  3
                    2.55    2.58    1.49    1.36
                       0    1.98    2.89    1.57    1.57
VROV6       1119  281.00   -8.20   27.00    3.54    3.52    1.72    1.66   29.00    1.00  3
                    3.51    3.47    1.76    1.69
                      21 -999.00 -999.00 -999.00 -999.00
A8YN2       1135  122.10   25.80  131.00    1.09    1.06    1.67    1.64  135.00    0.00  3
                    0.46    0.51    1.09    1.08
                       0    0.10    0.39    0.98    2.95
ICJA        1137   30.10   59.90  191.00    0.71    0.69    1.30    1.27  290.00   10.00  3
                    0.67    0.62    1.11    1.11
                       0    0.42    1.14    0.83    1.14
A8BX6       1155   44.00  -26.30   21.00    2.14    2.13    1.30    1.31   22.00    0.00  3
                    1.73    1.77    0.77    0.82
                       7 -999.00 -999.00 -999.00 -999.00
PINX        1171  225.60   58.10   84.00    0.92    0.85    1.49    1.45  138.00    5.00  3
                    0.78    0.77    1.40    1.33
                       0    0.44    1.30    1.13    1.93
VRDW2       1191  113.60   -6.10   94.00    1.44    1.44    1.34    1.31   95.00    0.00  3
                    1.15    1.17    1.30    1.24
                       4    2.03    0.71    1.67    1.65
VRQO6       1226  302.70  -38.90   33.00    2.66    2.66    1.55    1.53   34.00    0.00  3
                    2.15    2.09    1.59    1.48
                      13 -999.00 -999.00 -999.00 -999.00
PBGH        1255    2.30   53.80   49.00    2.38    2.32    1.33    1.33   85.00    5.00  3
                    2.21    2.14    1.03    0.99
                       5 -999.00 -999.00 -999.00 -999.00
9HJC9       1257  288.20   38.80   49.00    2.11    2.13    1.52    1.43   59.00    0.00  3
                    3.04    2.80    1.59    1.62
                       6 -999.00 -999.00 -999.00 -999.00
AUQV        1267  159.20   42.00   23.00    2.07    2.04    1.84    1.80   24.00    0.00  3
                    2.27    2.16    1.99    1.98
                       9 -999.00 -999.00 -999.00 -999.00
VRKS4       1273  125.10   32.40   21.00    2.14    2.07    2.66    2.60   22.00    0.00  3
                    1.62    1.48    2.81    2.66
                       6 -999.00 -999.00 -999.00 -999.00
A8MH2       1297  348.40  -18.90   39.00    2.46    2.41    1.33    1.28   40.00    0.00  3
                    2.19    2.06    1.16    1.01
                       8 -999.00 -999.00 -999.00 -999.00
9V3122      1326  186.40   54.60   66.00    0.63    0.62    1.36    1.35   67.00    0.00  3
                    0.32    0.33    0.80    0.65
                      10    0.32    0.20    0.98    0.79
VRWN7       1351  279.80   18.50   23.00    3.17    3.19    1.50    1.46   24.00    0.00  3
                    2.95    2.96    1.22    1.32
                       0 -999.00 -999.00 -999.00 -999.00
LADQ4       1434  331.40    0.70   37.00    1.80    1.79    1.51    1.43   38.00    0.00  3
                    1.49    1.48    1.48    1.45
                      70 -999.00 -999.00 -999.00 -999.00
VRMA2       1543  135.30   -9.90   20.00    2.92    2.90    1.96    1.92   21.00    0.00  3
                    2.93    2.96    2.56    2.57
                      11 -999.00 -999.00 -999.00 -999.00
