3ETA8         18  288.30   22.10   84.00    2.10    2.06    0.65    0.64  122.00    0.00  0
                    2.39    2.18    0.88    0.60
                       3    2.36    1.82    0.43    0.58
46053         61  240.10   34.30  229.00    2.08    1.82    0.75    0.68 7957.00    0.00  0
                    2.03    1.80    0.71    0.65
                       0    2.09    2.11    0.46    0.59
46081         69  211.70   60.80  231.00    2.10    2.07    0.98    0.99 1378.00    0.00  0
                    2.09    2.08    0.95    1.02
                       0    1.38    3.03    0.70    1.37
66022        147   14.20   54.10  231.00    1.86    1.76    0.51    0.49 1186.00    0.00  0
                    1.89    1.74    0.52    0.55
                       0    1.91    1.85    0.75    0.42
J8NY         320  277.70   19.90   77.00    1.73    1.65    0.95    0.91  109.00    1.00  0
                    1.68    1.65    1.14    1.11
                       1    1.88    1.61    1.69    0.96
SDIA2        384  225.61   58.28  224.00    2.07    1.95    0.93    0.84 3970.00    0.00  0
                    3.19    2.76    1.87    1.44
                       0    1.71    3.40    0.57    1.34
VOFG         422  298.60   45.60  199.00    1.97    1.77    0.66    0.64 1008.00    0.00  0
                    1.94    1.82    0.63    0.57
                       0    2.38    1.95    0.49    0.53
VRED4        434   29.90  -32.30  117.00    1.83    1.77    1.03    1.03  145.00    1.00  0
                    1.67    1.68    0.98    0.92
                       0    2.08    1.45    0.72    0.70
VREM6        435  124.70    2.90  144.00    2.10    2.09    0.91    0.89  144.00    0.00  0
                    1.99    2.05    0.88    0.82
                       0    2.02    1.84    0.94    1.50
WDC7379      480  181.00    9.60  152.00    2.39    2.36    0.79    0.79  152.00    0.00  0
                    2.36    2.33    0.75    0.81
                       0    2.49    1.71    0.54    1.01
C6TH9        694  210.20  -17.50  144.00    1.67    1.65    0.82    0.80  329.00    0.00  0
                    1.69    1.59    0.82    0.76
                       0    1.78    1.78    0.91    1.03
VREK5        726  122.40   25.40   20.00   -4.86   -4.78    1.38    1.36   21.00    0.00  0
                   -5.18   -4.88    1.92    2.07
                       2 -999.00 -999.00 -999.00 -999.00
VVFH        1152   72.00   18.90   60.00    2.07    2.00    1.01    1.03   62.00    1.00  0
                    2.05    1.98    0.72    0.76
                       2    2.02    2.19    0.83    1.40
