  62001     355.00   45.20   -0.12   -0.11    1.67    1.57  3
  7JWQ      192.00   42.10    0.56    0.57    1.34    1.32  3
  9HJF9     219.30   59.50    1.18    1.18    1.72    1.68  3
  9HYN7     312.10   41.60    1.23    1.22    1.39    1.38  3
  9V8402    290.90   33.40   -5.96   -5.86    2.65    2.60  3
  9V9040    347.70  -24.20    2.57    2.42    2.30    2.16  3
  9V9325    301.30   34.10   -4.73   -4.68    3.34    3.29  3
  A8HZ4     215.10   41.90    2.23    2.20    2.16    2.13  3
  BKIZ      128.90   29.90    1.04    1.03    1.41    1.37  3
  LAJF7     355.50   36.10    0.91    0.91    1.53    1.51  3
  ONGA      120.20   35.80    2.32    2.25    1.48    1.49  3
  TBWUK51   105.30    3.30    2.02    1.88    1.66    1.65  3
  TBWUK89   101.60   11.10    1.94    1.88    1.72    1.65  3
  V7IK7     242.70   20.30    1.31    1.29    1.36    1.34  3
  V7ZZ5     293.50   50.20    1.87    1.75    1.82    1.72  3
  VRBH9       4.70   -2.80   -0.58   -0.57    1.42    1.39  3
  VRMV3     347.10   28.80    1.85    1.84    1.49    1.47  3
  WTAA      334.40   49.30    1.31    1.27    1.32    1.28  3
  9V9925    227.60   41.70    1.44    1.42    1.51    1.47  3
  CQEG      243.60  -18.50    0.78    0.76    1.35    1.31  3
  CQIK      107.70   -1.30    0.02    0.05    1.42    1.40  3
  J8PE4     281.50   26.20   -0.07   -0.08    1.58    1.57  3
  PHET      226.00   57.20    0.51    0.48    1.40    1.37  3
  TBWUK47    51.80   25.80    1.73    1.67    1.56    1.53  3
  TBWUK66    12.40   36.90    1.62    1.58    1.52    1.46  3
  VRDK7     236.20   46.90    1.72    1.65    2.15    2.06  3
  VRHE3     151.30   46.70   -0.06   -0.10    1.59    1.58  3
  5BYB4     346.10   49.70    0.08    0.07    1.49    1.48  3
  CQGR      330.20   49.40   -0.02    0.00    1.55    1.53  3
  VRFX6     315.50   47.50    2.07    2.03    2.25    2.18  3
  VRIR7     299.20   37.90    0.88    0.86    1.78    1.76  3
  WRJP      222.00   28.60    1.30    1.28    1.41    1.40  3
  C6CX3     125.10   31.30    0.00    0.00    1.31    1.27  3
  TBWUK75   357.70   36.10    2.23    2.18    1.88    1.83  3
  C6BR3     293.40   34.40    1.74    1.74    1.44    1.41  3
  V7DI6     287.20   39.20    1.78    1.76    1.71    1.71  3
  V7QN4      60.10   -2.20    1.77    1.76    1.54    1.53  3
  VROB9     124.00   30.50   -0.13   -0.14    1.44    1.41  3
  PDAN      226.30   53.80    1.48    1.42    1.55    1.51  3
  TBWUK70    20.20   35.00    0.36    0.33    1.50    1.45  3
  VRMV8      82.70    5.70    2.14    2.11    1.40    1.36  3
  VRUR7     310.10   11.70   -2.03   -1.99    1.50    1.46  3
  9V9791    192.50   54.30    1.78    1.82    2.04    2.03  3
  A8XY2     285.60   35.50    0.40    0.37    1.38    1.40  3
  ZCBU3     300.20   46.60    2.30    2.26    1.33    1.31  3
  PHOS      237.60   47.70    0.26    0.26    1.60    1.61  3
  VRCT4     134.60  -35.10    2.75    2.71    1.71    1.68  3
  ELQQ4     328.30   -0.90    2.09    2.06    1.46    1.46  3
  2IYG2      21.40   58.90    1.38    1.38    1.41    1.40  3
  3FKS5     231.40   46.10    2.03    2.05    1.84    1.81  3
  A8JE6     135.90    8.50    1.80    1.81    1.35    1.35  3
  CQGY      287.80   36.10    1.99    1.94    1.85    1.82  3
  TBWUK68   284.60   34.80    1.72    1.68    1.62    1.60  3
  VRPN7     129.70   38.10    1.63    1.61    1.54    1.53  3
  9HOB8      30.20   59.90    1.42    1.38    1.34    1.33  3
  TBWUK96   108.00    6.80    2.62    2.57    1.35    1.31  3
  VROV6     281.00   -8.20    3.54    3.52    1.72    1.66  3
  A8YN2     122.10   25.80    1.09    1.06    1.67    1.64  3
  ICJA       30.10   59.90    0.71    0.69    1.30    1.27  3
  A8BX6      44.00  -26.30    2.14    2.13    1.30    1.31  3
  PINX      225.60   58.10    0.92    0.85    1.49    1.45  3
  VRDW2     113.60   -6.10    1.44    1.44    1.34    1.31  3
  VRQO6     302.70  -38.90    2.66    2.66    1.55    1.53  3
  PBGH        2.30   53.80    2.38    2.32    1.33    1.33  3
  9HJC9     288.20   38.80    2.11    2.13    1.52    1.43  3
  AUQV      159.20   42.00    2.07    2.04    1.84    1.80  3
  VRKS4     125.10   32.40    2.14    2.07    2.66    2.60  3
  A8MH2     348.40  -18.90    2.46    2.41    1.33    1.28  3
  9V3122    186.40   54.60    0.63    0.62    1.36    1.35  3
  VRWN7     279.80   18.50    3.17    3.19    1.50    1.46  3
  LADQ4     331.40    0.70    1.80    1.79    1.51    1.43  3
  VRMA2     135.30   -9.90    2.92    2.90    1.96    1.92  3
