  01232       7.84   62.44    2.00    1.99    0.98    0.97  0
  01321       6.57   61.92    1.83    1.82    0.91    0.93  0
  01329       6.27   60.35    1.91    1.92    0.68    0.69  0
  01337       6.42   60.62    1.74    1.74    0.68    0.69  0
  01338       6.65   61.17    1.98    1.96    0.79    0.82  0
  02793      29.66   62.54    2.08    2.11    0.72    0.72  0
  02950      21.79   60.21    2.07    2.10    0.75    0.74  0
  02993      19.13   60.30    1.62    1.65    0.70    0.70  0
  06615       7.22   46.07    2.07    2.03    0.92    0.93  0
  06637       8.16   46.73    2.37    2.36    1.04    1.03  0
  06672       8.62   46.88    2.15    2.14    1.01    1.01  0
  06685       9.07   47.03    1.71    1.70    0.98    1.00  0
  06686       9.50   47.01    1.67    1.67    1.01    1.00  0
  06734       7.88   46.67    2.11    2.11    0.91    0.89  0
  06762       8.88   46.17    2.07    2.06    1.02    1.01  0
  06770       8.96   46.00    1.79    1.79    0.91    0.91  0
  07497       6.77   45.62    2.19    2.15    1.03    1.04  0
  07591       6.50   44.57    1.66    1.60    0.83    0.82  0
  11121      11.40   47.35    1.60    1.60    0.88    0.86  0
  12935      18.03   46.92    1.72    1.73    0.58    0.58  0
  13370      20.03   43.83    1.64    1.61    0.71    0.69  0
  13581      21.47   41.22    1.66    1.57    0.85    0.87  0
  13629      20.77   40.60    1.96    1.90    1.03    1.06  0
  15296      23.37   45.42    1.71    1.73    0.79    0.79  0
  15336      29.17   45.18    1.61    1.59    0.75    0.75  0
  15340      23.28   45.03    1.73    1.70    0.65    0.66  0
  15640      26.32   42.67    2.80    2.78    0.69    0.68  0
  15730      25.37   41.65    2.69    2.64    0.87    0.87  0
  16089      10.55   45.46    3.07    3.09    0.87    0.89  0
  16098      12.10   45.68    1.77    1.79    0.65    0.65  0
  16227      13.58   41.88    2.46    2.42    1.03    1.02  0
  16245      12.43   41.65    1.88    1.87    0.78    0.76  0
  16253      14.07   41.05    1.63    1.57    0.95    0.92  0
  16280      12.95   40.92    2.35    2.38    0.70    0.72  0
  16310      15.28   40.02    2.36    2.32    0.78    0.77  0
  16334      18.51   40.11    3.02    2.96    0.96    0.92  0
  16459      14.92   37.40    3.33    3.26    1.00    1.00  0
  16546       8.97   39.35    1.72    1.62    1.03    1.00  0
  16641      19.92   39.61    1.78    1.80    0.78    0.80  0
  17072      31.16   40.83    1.86    1.85    0.64    0.63  0
  17310      32.00   36.54    2.06    1.99    0.97    0.98  0
  36078      90.30   50.95    1.66    1.65    0.76    0.76  0
  36083      92.16   52.05    2.21    2.22    0.95    0.94  0
  36104      95.67   51.50    1.70    1.72    0.89    0.86  0
  37171      39.90   43.45    1.61    1.60    0.63    0.64  0
  37193      41.73   43.45    1.62    1.62    0.92    0.91  0
  37308      43.15   42.52    2.42    2.35    1.04    1.04  0
  37395      42.63   42.27    1.66    1.59    1.00    0.99  0
  37575      46.65   41.66    3.55    3.49    1.04    1.05  0
  37785      44.40   40.34    4.76    4.68    1.08    1.10  0
  38579      67.83   40.11    2.84    2.83    0.44    0.45  0
  38583      68.68   40.82    1.70    1.69    0.67    0.69  0
  38618      71.75   40.36    1.92    1.90    0.61    0.61  0
  38774      57.42   38.43    1.91    1.87    0.75    0.73  0
  38846      69.97   38.33    4.04    4.04    0.75    0.76  0
  38911      65.20   37.83    1.62    1.61    0.60    0.61  0
  38933      68.78   37.82    2.44    2.42    0.74    0.74  0
  38947      69.08   37.23    2.25    2.22    0.59    0.57  0
  38957      71.65   36.72    4.21    4.29    1.07    1.15  0
  40357      41.13   30.90    1.67    1.67    0.47    0.46  0
  40400      36.47   26.20    2.37    2.32    0.67    0.68  0
  40732      50.66   36.90    2.35    2.34    0.73    0.76  0
  40872      51.93   27.83    1.94    1.86    0.92    0.92  0
  40893      57.77   25.65    2.13    2.07    0.70    0.69  0
  41198      56.33   25.10    1.64    1.53    0.99    0.99  0
  41242      56.25   25.62    2.05    1.92    0.88    0.88  0
  41246      56.63   24.47    1.84    1.73    0.76    0.75  0
  41253      57.42   23.40    1.80    1.76    0.95    0.95  0
  41256      58.28   23.58    2.43    2.39    0.87    0.87  0
  41258      58.57   23.63    2.02    1.99    0.92    0.92  0
  41529      71.93   34.03    2.15    2.10    0.88    0.90  0
  41571      73.09   33.61    1.70    1.66    0.68    0.69  0
  41598      73.72   32.93    2.03    2.00    0.97    1.00  0
  41620      69.47   31.35    2.25    2.17    1.03    1.03  0
  41624      70.92   31.82    2.19    2.14    0.70    0.73  0
  41640      74.33   31.55    1.75    1.76    0.91    0.93  0
  41675      71.43   30.20    1.86    1.79    0.77    0.77  0
  41685      69.72   29.88    1.67    1.62    0.73    0.75  0
  41697      67.88   29.55    2.17    2.21    0.94    0.96  0
  41700      71.78   29.40    1.84    1.77    0.75    0.72  0
  41718      70.68   28.65    2.14    2.13    0.81    0.82  0
  42027      74.83   34.08    3.01    2.98    0.96    0.99  0
  42044      75.08   33.58    3.12    3.06    0.95    0.99  0
  43311      72.73   11.12    2.00    1.97    0.59    0.59  0
  47041     127.55   39.93    1.61    1.66    0.66    0.66  0
  47637     137.82   35.52    1.75    1.75    0.77    0.77  0
  48300      97.97   19.29    1.77    1.76    0.41    0.40  0
  48307     100.88   19.42    1.83    1.82    0.51    0.52  0
  48315     100.80   19.12    1.70    1.68    0.56    0.56  0
  48431     102.08   14.97    1.72    1.70    0.40    0.40  0
  48803     103.97   22.50    2.68    2.65    0.75    0.72  0
  48924     101.46   21.05    2.01    1.99    0.77    0.70  0
  48930     102.13   19.88    1.78    1.73    0.80    0.76  0
  48957     106.83   14.80    1.63    1.61    0.71    0.71  0
  51467      86.33   42.66    1.78    1.78    0.83    0.83  0
  51711      78.45   40.93    1.66    1.64    0.87    0.87  0
  51777      88.17   39.03    1.64    1.63    0.94    0.94  0
  52908      93.08   35.22    2.02    2.07    0.81    0.85  0
  53915     106.66   35.53    1.62    1.62    0.79    0.77  0
  55591      91.13   29.67    1.64    1.61    0.75    0.74  0
  55664      87.08   28.63    1.85    1.82    0.70    0.67  0
  55696      92.47   28.42    2.24    2.17    0.91    0.89  0
  56137      97.17   31.15    2.09    2.06    0.71    0.72  0
  56247      99.10   30.00    2.74    2.68    0.96    0.96  0
  56374     101.97   30.05    1.73    1.74    0.98    0.96  0
  56385     103.33   29.52   -1.99   -1.97    0.83    0.87  0
  56444      98.88   28.45    1.60    1.53    0.61    0.59  0
  56571     102.27   27.90    2.11    2.08    1.00    0.98  0
  57245     109.03   32.72    1.73    1.70    0.95    0.95  0
  60720      11.08   36.85    1.81    1.79    0.54    0.53  0
  61036       1.45   14.20    1.63    1.52    0.49    0.52  0
  61045      10.30   13.98    1.71    1.61    0.68    0.72  0
  61080       7.08   13.47    1.84    1.76    0.70    0.69  0
  61085      12.78   13.42    2.02    1.94    0.63    0.66  0
  61090       8.98   13.78    1.76    1.66    0.73    0.77  0
  61091       8.93   12.98    1.74    1.65    0.65    0.68  0
  61096      11.98   13.23    1.68    1.59    0.64    0.66  0
  61099       3.45   11.88    1.68    1.66    0.60    0.62  0
  61832     346.37    9.57    1.80    1.80    0.55    0.53  0
  64700      15.03   12.13    1.79    1.67    0.64    0.69  0
  70381     225.42   58.37    2.07    1.96    1.03    0.98  0
  71115     240.81   50.23    1.73    1.69    0.92    0.95  0
  71203     240.62   49.96    1.89    1.82    0.97    1.02  0
  71207     236.84   49.78    1.74    1.66    1.01    1.00  0
  71216     242.20   50.25    2.18    2.13    0.92    0.92  0
  71218     240.72   50.70    2.31    2.30    0.96    0.95  0
  71482     232.54   52.18    1.67    1.66    0.86    0.84  0
  71905     243.02   51.30    2.50    2.48    1.02    1.02  0
  76040     244.82   32.40    2.74    2.62    0.93    0.96  0
  76061     246.45   31.30    1.67    1.58    0.85    0.87  0
  76122     252.08   30.42    1.62    1.59    0.59    0.58  0
  76382     256.57   21.51    2.27    2.19    0.85    0.89  0
  76405     249.69   24.11    1.76    1.76    0.48    0.47  0
  76491     260.83   23.73    2.22    2.17    0.76    0.79  0
  76518     256.63   22.38    2.14    2.07    0.88    0.92  0
  76581     260.00   21.85    2.07    2.00    0.88    0.86  0
  76640     262.59   20.95    2.15    2.14    0.76    0.75  0
  76644     270.35   20.98    1.64    1.55    0.85    0.79  0
  76680     260.80   19.39    2.18    2.10    0.61    0.61  0
  76687     263.10   19.50    1.61    1.58    0.95    0.99  0
  76737     262.90   18.85    2.51    2.48    0.85    0.88  0
  76840     266.10   16.23    2.42    2.42    0.93    0.94  0
  76903     267.73   14.92    1.75    1.76    0.67    0.67  0
  78700     272.33   13.28    1.72    1.67    0.56    0.56  0
  78706     272.52   15.72    1.63    1.58    0.41    0.41  0
  80036     286.75   10.43    1.87    1.85    0.63    0.62  0
  80097     287.48    7.93    1.72    1.67    0.84    0.85  0
  80110     284.41    6.22    1.86    1.79    0.83    0.77  0
  80210     284.20    4.82    2.93    2.92    0.54    0.52  0
  80211     284.28    4.50    3.18    3.16    0.89    0.88  0
  80234     286.38    4.17    2.50    2.44    0.84    0.81  0
  80428     290.27    9.02    1.92    1.93    0.96    0.96  0
  82445     304.03   -4.26    1.92    1.82    0.86    0.86  0
  82476     316.67   -4.84    2.31    2.26    0.70    0.66  0
  82784     320.71   -7.32    3.39    3.41    0.98    0.98  0
  82861     310.80   -8.25    1.91    1.86    0.59    0.60  0
  83319     307.65  -14.70    1.66    1.53    0.68    0.72  0
  84123     281.39   -0.90    2.40    2.40    0.98    0.98  0
  84160     281.41   -1.35    2.22    2.29    0.89    0.96  0
  84179     282.10   -1.50    2.38    2.36    1.00    1.00  0
  84425     283.92   -5.90    2.23    2.16    0.76    0.75  0
  84455     283.62   -6.45    2.15    2.11    0.78    0.81  0
  84474     283.28   -7.22    2.51    2.48    0.61    0.62  0
  84534     284.00   -9.28    2.92    2.89    0.52    0.51  0
  84564     283.80   -9.86    2.20    2.12    0.67    0.65  0
  85141     292.52  -14.48    1.92    1.86    0.94    0.93  0
  85268     300.25  -18.32    1.85    1.89    0.74    0.65  0
  85289     302.27  -19.00    1.77    1.75    0.79    0.76  0
  85577     289.32  -33.43    1.72    1.64    1.02    1.02  0
  87418     291.22  -32.83    1.77    1.75    0.97    0.96  0
  91317     143.91    7.38    1.87    1.89    0.75    0.74  0
  91324     149.19    7.35    1.66    1.65    0.84    0.84  0
  91329     151.90    8.55    1.89    1.89    0.52    0.52  0
  91425     155.02    3.85    2.08    2.10    0.72    0.71  0
  91735     187.61  -13.45    2.03    2.02    0.88    0.85  0
  92047     146.72   -6.57    2.21    2.13    0.49    0.48  0
  94402     113.52  -25.92    1.64    1.73    0.95    0.93  0
  95606     115.32  -31.02    1.87    1.97    0.68    0.70  0
  96015      96.12    4.25    1.64    1.62    0.74    0.74  0
  97028     120.80    1.02    1.80    1.80    0.62    0.61  0
  97096     120.73   -1.38    1.64    1.64    0.57    0.57  0
  97126     120.37   -2.54    2.83    2.83    0.87    0.87  0
  97372     123.67  -10.17    1.63    1.65    0.53    0.54  0
  98336     122.12   16.28    1.63    1.64    0.51    0.54  0
  98431     121.18   13.42    1.70    1.70    0.56    0.56  0
  98751     125.08    8.15    1.81    1.81    0.53    0.55  0
  AKL        77.00   20.70    1.93    1.92    0.47    0.49  0
  ASW        79.10   11.10    1.95    1.98    0.68    0.69  0
  BCS        82.20   22.10    1.67    1.68    0.82    0.74  0
  BEP        88.20   24.10    2.58    2.58    1.04    1.04  0
  BHT        77.40   27.20    2.09    2.07    0.51    0.51  0
  BKR        73.50   28.00    2.42    2.40    0.77    0.78  0
  BKU        87.00   23.20   -3.97   -4.02    1.17    1.20  0
  BLY        76.90   15.20    2.46    2.43    0.93    0.96  0
  BOK        85.90   23.80    1.95    1.96    0.92    0.94  0
  BPR        77.30   27.10    1.77    1.76    0.50    0.49  0
  BRA        76.50   25.10    1.96    1.95    0.65    0.64  0
  BSR        94.70   28.00    2.33    2.31    0.99    1.04  0
  CDG        76.80   30.70    2.64    2.60    0.96    0.96  0
  CRU        75.10   28.30    1.66    1.61    0.84    0.85  0
  DSL        76.30   32.20    3.29    3.21    1.06    1.04  0
  EPT        80.30   13.20    2.17    2.15    0.44    0.45  0
  ERO        77.70   11.30    1.81    1.85    0.46    0.47  0
  FDT        74.70   30.70    3.29    3.27    1.03    1.08  0
  FZP        74.60   30.90    2.91    2.89    0.89    0.92  0
  GCR        80.00   20.20    2.38    2.44    0.60    0.57  0
  GLT        93.90   26.50    1.81    1.76    0.46    0.52  0
  HNM        74.40   29.60    2.27    2.21    0.77    0.77  0
  HRN        74.70   34.00    3.38    3.36    0.82    0.85  0
  JFR        76.90   28.60    2.98    2.88    0.68    0.67  0
  JLD        75.30   31.00    9.41    9.42    1.15    1.20  0
  JLW        76.10   24.60   -1.82   -1.82    0.95    0.92  0
  JOY        78.20   30.20    2.06    2.09    0.74    0.76  0
  JRP        93.80   25.80    2.83    2.80    0.66    0.72  0
  KLI        77.00   26.60    2.05    2.05    0.55    0.54  0
  KPK        79.80   10.90    1.78    1.81    0.82    0.82  0
  LAM        80.40   16.40    1.78    1.75    0.50    0.51  0
  LDN        75.50   30.60    2.78    2.77    0.84    0.84  0
  MJN        88.80   25.30    3.02    3.01    0.50    0.50  0
  MNY        73.20    8.30    2.78    2.78    0.35    0.35  0
  NNB        74.20   21.40    1.95    1.96    0.51    0.53  0
  OSD        76.00   18.10    2.24    2.20    0.67    0.67  0
  PAT        86.00   25.00    2.56    2.54    0.48    0.44  0
  PCY        79.80   12.00    1.62    1.62    0.68    0.71  0
  PHG        75.30   34.00    4.49    4.48    1.23    1.27  0
  RJG        81.00   21.10    1.79    1.81    0.79    0.71  0
  RTN        73.30   17.00    1.95    1.97    0.75    0.76  0
  SCZ        72.80   19.10    2.22    2.21    0.80    0.80  0
  SUR        87.50   23.90    3.07    3.07    0.67    0.70  0
  THN        73.00   19.20    2.75    2.76    0.77    0.78  0
  TRT        75.00   31.40    2.41    2.41    0.93    0.97  0
  UDU        92.10   26.70    1.79    1.77    0.51    0.52  0
  ULB        88.10   22.50    2.75    2.74    1.03    1.01  0
  VEL        77.00    8.40    2.05    2.06    0.94    0.95  0
  WSM        77.10   20.10    1.60    1.60    0.42    0.44  0
  14549      17.89   44.22    2.02    2.06    0.66    0.62  0
  14640      17.02   43.83    1.91    1.94    0.68    0.65  0
  14648      17.80   43.35    2.06    2.02    0.78    0.78  0
  16036      12.60   46.03    1.90    1.94    0.89    0.90  0
  16114       7.82   44.38    2.41    2.39    0.88    0.90  0
  16125       9.98   44.08    1.86    1.89    0.91    0.91  0
  16400      13.18   38.70    2.50    2.53    0.64    0.63  0
  16480      15.13   36.68    1.73    1.73    0.46    0.45  0
  17024      33.78   41.98    1.73    1.73    0.68    0.70  0
  17026      35.17   42.02    1.93    1.96    0.66    0.66  0
  17042      41.43   41.40    1.74    1.74    0.83    0.82  0
  40845      50.27   29.27    1.90    1.80    0.89    0.82  0
  40890      54.83   25.83    1.78    1.72    0.76    0.76  0
  40954      70.47   34.43    2.48    2.49    0.98    1.00  0
  42081      77.17   31.83    3.36    3.31    1.08    1.09  0
  42299      88.62   27.33    2.42    2.44    0.55    0.54  0
  42805      87.95   22.50    1.69    1.71    0.86    0.88  0
  42811      88.20   22.18    1.79    1.80    0.49    0.50  0
  43207      79.76   11.50    1.63    1.67    0.51    0.54  0
  60127     356.00   34.22    2.01    1.99    0.94    0.93  0
  63333      39.72   11.12    1.86    1.83    0.64    0.65  0
  64184      29.23   -1.68    1.68    1.62    0.94    0.95  0
  64380      28.92   -2.47    3.49    3.43    0.59    0.59  0
  64381      29.25   -1.67    2.80    2.74    0.73    0.74  0
  67223      39.03  -13.13    1.92    1.90    0.69    0.66  0
  68014      18.12  -19.60    1.77    1.75    0.65    0.65  0
  CTH        74.80   32.60    4.13    4.13    0.98    0.99  0
  DSA        86.40   22.70    1.66    1.65    0.72    0.70  0
  PLN        75.60   28.30    2.01    1.94    0.66    0.66  0
  40913      68.92   36.67    1.91    1.88    0.63    0.63  0
  76585     261.20   21.27    2.08    2.06    0.50    0.51  0
  82246     305.05   -2.63    2.13    1.99    0.50    0.51  0
  82460     315.18   -4.25    1.78    1.76    0.62    0.64  0
  82765     312.54   -7.33    1.91    1.82    0.74    0.78  0
  82979     317.90   -9.63    1.74    1.70    0.94    0.94  0
  83242     318.62  -12.56    1.72    1.75    0.77    0.76  0
  84143     281.42   -1.02    2.98    3.01    1.00    1.02  0
  PKR        87.80   24.50    1.70    1.70    0.44    0.42  0
  76393     259.70   25.73    1.72    1.62    0.49    0.47  0
  76681     260.82   19.30    3.34    3.38    0.82    0.83  0
  CNG        76.90   30.70    2.35    2.30    0.99    1.01  0
  43356      77.13   10.00    2.06    2.09    0.82    0.84  0
  02545      14.57   58.57    1.66    1.63    0.51    0.49  0
  60353       5.88   36.81    1.92    1.85    0.46    0.44  0
  JJG        82.10   22.60    3.52    3.46    1.10    1.05  0
  76055     245.15   31.03    1.93    1.89    0.92    0.91  0
  RJN        74.80   18.40    3.25    3.25    0.98    0.97  0
  FAZ        81.80   26.50    2.17    2.17    0.86    0.89  0
  SRN        74.90   34.10    3.15    3.14    0.88    0.89  0
  JUB        74.60   22.80    2.05    2.05    0.63    0.65  0
  ARY        79.70   11.10    1.72    1.72    0.90    0.89  0
  AYN        77.10   28.40    2.34    2.28    0.65    0.64  0
  COL        72.80   18.80    2.08    2.07    0.52    0.51  0
  CSR        88.40   22.80    2.51    2.44    0.60    0.60  0
  DDN        78.00   30.30    2.50    2.56    0.83    0.82  0
  DVD        73.30   16.30    2.45    2.46    0.97    0.98  0
  FTD        75.20   29.30    2.64    2.61    0.77    0.75  0
  HID        92.50   24.60   -6.59   -6.65    1.28    1.33  0
  IDE        75.80   22.60    1.78    1.76    0.68    0.69  0
  JGD        81.90   19.00    1.91    1.89    0.93    0.95  0
  KKT        79.90   29.90    4.33    4.35    1.13    1.08  0
  MAI        78.20    9.90    1.92    1.94    0.35    0.33  0
  MRD        72.90   18.30    1.93    1.94    0.61    0.61  0
  MTL        79.60   29.60    2.37    2.41    0.82    0.85  0
  MUN        77.00   10.00   -7.78   -7.76    0.92    0.95  0
  NAT        78.20   10.20    1.71    1.73    0.43    0.43  0
  NBR        76.20   11.20    2.30    2.33    0.96    0.97  0
  PHE        94.40   25.70    2.12    2.03    0.58    0.57  0
  PKL        77.50   10.10    1.97    1.99    0.36    0.37  0
  PND        79.80   11.90    1.68    1.69    0.85    0.85  0
  RAH        75.50   32.30    3.57    3.53    1.17    1.17  0
  RPG        78.90   30.30    4.35    4.42    1.23    1.22  0
  TLK        87.90   22.20    3.02    2.96    0.93    0.90  0
  TVN        79.00   12.20    1.68    1.69    0.60    0.58  0
  VDN        77.90    9.50    2.02    2.05    0.51    0.50  0
  MVM        80.20   13.20    2.36    2.38    0.58    0.57  0
  GWH        91.60   26.10   -5.44   -5.47    1.11    1.19  0
  14543      17.27   44.35    1.60    1.66    0.73    0.70  0
  11120      11.35   47.27    1.81    1.81    0.85    0.83  0
  KCP        79.70   12.80    2.25    2.27    0.63    0.62  0
  PUS        85.60   26.00    2.89    2.82    0.48    0.52  0
  CHM        79.30   30.40    5.88    5.89    1.88    1.88  0
  CKN        76.90   13.60   -5.67   -5.67    1.13    1.11  0
  SHR        80.20   13.70   -5.36   -5.35    0.80    0.78  0
  VZP        76.90    9.80   -7.36   -7.33    1.03    1.06  0
  NHN        77.20   30.50    5.48    5.48    1.14    1.13  0
  41516      74.33   35.92    6.38    6.37    1.65    1.69  0
