  06606       7.05   47.04    1.18    1.17    1.66    1.69  3
  06714       7.23   46.41   -2.16   -2.18    1.53    1.58  3
  06730       7.98   46.55   -2.62   -2.63    1.33    1.39  3
  06748       7.75   46.03    0.98    0.95    1.75    1.79  3
  08548     351.54   40.15   -0.36   -0.40    2.91    2.89  3
  11930      20.22   49.20   -2.15   -2.07    1.55    1.55  3
  15280      25.45   45.45   -1.15   -1.09    1.43    1.44  3
  16052       7.70   45.93   -2.15   -2.17    1.33    1.38  3
  23699     101.11   62.71   -0.27   -0.26    1.32    1.37  3
  24525     112.51   64.59   -0.33   -0.32    1.32    1.32  3
  24802     102.80   61.73   -0.66   -0.65    1.33    1.35  3
  24843     124.55   61.91   -0.43   -0.44    1.56    1.56  3
  24928     111.73   60.26    0.01    0.01    1.32    1.35  3
  24933     119.30   60.95    0.22    0.20    1.32    1.30  3
  24967     130.00   60.46   -0.11   -0.11    1.51    1.51  3
  28867      65.55   53.32    0.07    0.08    1.43    1.43  3
  30781     120.03   52.75   -0.35   -0.29    1.30    1.28  3
  30802     100.98   51.68    1.69    1.70    1.36    1.37  3
  31005     126.30   58.95    0.04    0.08    1.30    1.30  3
  31011     127.05   59.66    0.19    0.21    1.38    1.38  3
  31016     128.50   58.63    0.53    0.58    1.60    1.61  3
  31123     130.90   57.76    1.10    1.13    1.32    1.34  3
  35163      67.56   51.60   -0.13   -0.12    1.38    1.38  3
  35167      66.34   51.08   -5.02   -5.02    1.62    1.62  2
  35235      58.66   50.71   -1.11   -1.11    1.63    1.63  3
  36467      74.97   48.30    0.55    0.54    1.74    1.74  3
  36871      76.75   43.18    1.64    1.61    1.88    1.88  3
  37609      43.87   41.02    0.91    0.81    1.86    1.89  3
  37663      47.73   41.47    2.21    2.19    1.31    1.29  3
  38718      68.38   39.10    3.06    3.03    1.53    1.55  3
  38725      69.66   39.43    1.88    1.87    1.75    1.77  3
  38734      70.20   39.45    2.07    2.06    1.41    1.46  3
  38744      71.87   39.28    3.33    3.29    1.71    1.70  3
  38856      70.88   38.46    3.92    3.94    1.76    1.78  3
  38869      72.63   38.16    2.10    2.11    1.64    1.66  3
  38954      71.50   37.50    3.59    3.59    1.32    1.33  3
  40153      35.50   32.97   -1.07   -1.14    1.50    1.48  3
  41515      71.78   35.57    2.94    2.95    2.01    2.03  3
  41560      70.08   33.86    3.75    3.72    1.94    1.96  3
  41739      64.09   26.97    0.22    0.27    1.44    1.41  3
  42045      75.17   33.50    3.34    3.27    1.31    1.30  3
  42079      76.90   31.53    2.68    2.61    1.37    1.35  3
  47639     138.72   35.35   -4.32   -4.20    1.80    1.84  3
  56172     102.23   31.90    3.26    3.28    1.56    1.62  3
  60010     343.50   28.30   -4.97   -4.99    2.21    2.21  3
  68352      27.25  -27.66    2.75    2.72    1.93    1.95  3
  68593      31.05  -29.77    1.41    1.41    1.61    1.59  3
  70260     210.92   64.55    3.58    3.56    3.46    3.50  3
  71533     233.42   52.38    2.57    2.54    1.37    1.39  3
  72212     276.90   29.62   -0.22   -0.38    2.35    2.32  3
  80407     288.27   10.57    1.82    1.77    1.87    1.86  3
  80438     288.82    8.60    3.13    3.14    1.39    1.38  3
  81909     319.64   -7.07    2.85    2.85    1.65    1.63  3
  83368     307.77  -15.90    1.84    1.75    1.53    1.54  3
  83623     310.02  -20.42    2.36    2.36    1.39    1.40  3
  84239     281.02   -2.88    1.51    1.48    1.35    1.35  3
  84735     289.85  -15.48   -0.48   -0.54    1.39    1.40  3
  85201     291.82  -16.51   -0.32   -0.38    1.41    1.39  3
  86128     301.22  -23.50    0.77    0.77    1.36    1.37  3
  86185     302.92  -24.07    0.69    0.70    1.40    1.38  3
  86285     304.67  -26.83    0.94    0.97    1.41    1.36  3
  87007     294.41  -22.10   -0.71   -0.71    1.51    1.53  3
  87016     295.69  -23.15    0.54    0.55    1.45    1.38  3
  88963     303.02  -63.40    0.25    0.26    1.85    1.76  3
  89055     303.28  -64.23    0.74    0.77    2.28    2.09  3
  89059     303.32  -63.32    1.71    1.69    2.74    2.71  3
  89061     295.92  -64.77    2.83    2.69    2.24    2.17  3
  94213     128.19  -17.02    0.08    0.10    1.50    1.49  3
  94514     147.97  -26.48    0.82    0.83    1.82    1.81  3
  94642     123.87  -32.45    1.66    1.66    1.76    1.77  3
  94665     137.66  -34.36    2.28    2.52    1.72    1.77  3
  ADL        78.50   19.60    1.70    1.70    2.08    2.11  3
  ADT        79.50   11.00   -3.71   -3.71    4.34    4.34  3
  AJR        74.60   26.40    2.64    2.64    1.52    1.50  3
  ALI        78.10   27.90    2.52    2.50    1.64    1.64  3
  AMG        74.70   19.10    1.39    1.34    4.36    4.40  3
  AMT        74.80   31.60    1.28    1.31    3.57    3.60  3
  ANI        95.90   28.80    1.22    1.18    3.19    3.19  3
  ATN        75.20   33.70   -0.75   -0.78    1.63    1.60  3
  BDL        95.80   27.40   -7.15   -7.20    1.19    1.24  3
  BGG        90.60   26.40    0.44    0.43    3.87    3.91  3
  BHA        79.60   21.20    0.93    0.94    2.44    2.47  3
  BHJ        69.70   23.20    1.32    1.33    4.74    4.75  3
  BIL        74.60   25.40    3.27    3.29    2.42    2.44  3
  BJP        80.80   18.80   -0.26   -0.23    2.32    2.37  3
  BLH        76.40   31.10   -0.56   -0.62    3.07    3.06  3
  BLP        76.80   31.30   -2.49   -2.56    1.67    1.67  3
  BMH        74.40   34.30    3.10    3.09    1.32    1.34  3
  BSM        75.30   29.00   -1.50   -1.56    2.15    2.10  3
  BWL        76.60   28.10    2.00    1.94    3.99    3.97  3
  COI        76.90   11.00    3.58    3.62    1.53    1.53  3
  COO        76.80   11.40    0.20    0.24    1.64    1.64  3
  DHE        94.60   27.50   -1.91   -1.91    4.04    4.09  3
  DUG        73.80   23.80   -0.01   -0.02    2.81    2.84  3
  DUN        77.20   28.70    1.79    1.71    3.34    3.33  3
  FRG        81.40   26.20    0.63    0.64    2.43    2.46  3
  GHN        78.60   30.40   -0.03   -0.03    2.40    2.43  3
  GLP        90.60   26.20   -1.37   -1.38    2.42    2.47  3
  GND        80.10   21.50    1.09    1.16    2.18    2.26  3
  GOA        73.80   15.40    9.12    9.11    4.23    4.23  3
  GPR        75.20   33.20    3.55    3.52    1.54    1.55  3
  GRS        79.30   30.00    0.76    0.78    2.90    2.90  3
  GYL        88.20   27.30    1.47    1.48    4.25    4.28  3
  JOR        94.20   26.70    2.73    2.70    1.43    1.51  3
  JPR        75.80   26.80   -0.30   -0.36    2.02    2.08  3
  JSP        78.80   29.30    1.67    1.69    2.44    2.48  3
  KAJ        90.50   26.50    0.88    0.86    3.38    3.40  3
  KHL        83.10   26.80    2.34    2.33    1.70    1.77  3
  KJT        73.00   19.00    1.33    1.32    2.88    2.91  3
  KLR        78.20   12.90    1.26    1.24    1.85    1.82  3
  KMG        88.40   27.10    1.23    1.20    1.97    1.96  3
  KPG        74.50   19.90   -1.11   -1.13    3.08    3.11  3
  KPL        75.30   31.30    0.08    0.08    3.15    3.18  3
  KRD        85.80   20.20    1.34    1.29    3.62    3.65  3
  KWA        75.20   32.90    2.05    2.04    3.77    3.74  3
  KWR        81.10   22.60   -3.15   -3.18    3.02    3.06  3
  KYL        77.00   32.30    2.71    2.65    2.52    2.49  3
  LEH        77.70   34.00    3.26    3.24    3.22    3.24  3
  LUN        92.90   23.00   -0.85   -0.79    3.37    3.44  3
  MGI        92.00   26.40    1.19    1.17    2.92    2.97  3
  MLG        73.70   20.60   -2.65   -2.64    2.80    2.77  3
  MLR        75.00   33.90    1.13    1.11    2.03    2.05  3
  MMG        88.50   27.50    7.24    7.23    1.25    1.24  3
  MRN        78.00   26.50    0.96    0.96    1.70    1.69  3
  MTA        72.70   24.60   -2.13   -2.15    1.84    1.83  3
  MUS        91.90   26.60    1.28    1.27    1.40    1.40  3
  NEY        79.50   11.60   -3.61   -3.60    4.60    4.60  3
  NGP        79.00   21.10    2.09    2.10    1.78    1.82  3
  NMI        88.40   27.20    1.92    1.90    1.75    1.77  3
  NMN        78.20   11.20   -1.87   -1.85    2.00    2.00  3
  NNT        79.40   29.40   -3.27   -3.23    1.85    1.85  3
  NWS        76.10   31.10    2.80    2.75    1.37    1.37  3
  PCR        77.30    8.40   -1.75   -1.70    1.81    1.80  3
  PDR        82.20   17.10    6.56    6.51    7.03    7.04  3
  PNK        77.00   30.70    2.89    2.85    2.53    2.55  3
  POR        92.70   11.60    1.34    1.30    1.75    1.74  3
  PTL        76.30   20.30    3.33    3.31    2.68    2.74  3
  PTM        77.10   28.70    3.65    3.57    5.60    5.59  3
  REO        78.20   31.30    4.13    4.06    1.60    1.62  3
  RGJ        88.10   25.60    2.35    2.34    1.77    1.78  3
  RGN        73.80   18.50   11.41   11.41    3.41    3.43  3
  RJK        70.80   22.30    1.48    1.48    4.27    4.29  3
  RNT        86.60   21.10    1.60    1.59    2.25    2.28  3
  SBG        77.10   31.60    4.88    4.82    2.45    2.46  3
  SCD        77.30   28.60    3.65    3.60    3.16    3.09  3
  SDL        75.40   29.30    1.25    1.20    1.32    1.30  3
  SEE        76.90   25.70   -3.19   -3.28    1.50    1.54  3
  SIR        74.80   14.60   -1.38   -1.39    4.11    4.10  3
  SMB        75.10   32.60    2.30    2.26    3.03    3.04  3
  TDR        77.60   17.20    2.68    2.65    1.55    1.58  3
  TIU        77.70    8.70    1.13    1.19    1.53    1.51  3
  TKM        78.80   24.70   -1.44   -1.42    3.75    3.75  3
  TOL        94.00   24.60    2.45    2.43    3.01    3.06  3
  TPT        78.20    8.80   -0.37   -0.33    2.89    2.90  3
  TRV        77.00    8.50    2.08    2.12    1.58    1.59  3
  TUR        90.20   25.50   -1.66   -1.64    1.86    1.89  3
  TWG        91.90   27.60   -2.34   -2.32    1.55    1.55  3
  UNA        76.20   31.40    3.25    3.23    1.34    1.31  3
  VDR        73.20   22.40   -0.06   -0.07    1.98    1.97  3
  VID        77.80   23.50   -1.28   -1.27    1.67    1.68  3
  VSL        85.20   25.70   -4.25   -4.28    1.52    1.53  3
  42062      76.38   32.27    3.81    3.77    2.51    2.52  3
  42065      77.17   32.27    6.66    6.66    2.64    2.64  3
  42078      76.97   31.72    2.36    2.36    2.75    2.77  3
  43263      76.33   12.96    1.49    1.51    1.88    1.85  3
  AMA        84.70   19.10   -2.87   -2.88    5.08    5.10  3
  BMR        71.40   25.80    6.23    6.25    1.82    1.81  3
  CDM        79.70   11.40    0.20    0.25    2.50    2.50  3
  KKI        77.50   31.10    4.95    4.86    1.72    1.74  3
  LTR        76.60   18.40    2.86    2.84    1.70    1.71  3
  NDL        77.20   28.60    1.96    1.84    2.24    2.26  3
  83970     309.10  -31.25    0.26    0.35    1.63    1.69  3
  84688     286.66  -13.72   -0.19   -0.27    1.96    1.96  3
  85242     292.94  -17.96    1.76    1.73    1.60    1.60  3
  94242     135.94  -18.64    1.64    1.68    1.98    1.87  3
  JAS        84.60   22.90    1.59    1.60    1.47    1.46  3
  PLE        78.20   16.50   -6.31   -6.34    1.23    1.27  2
  SMR        75.80   30.80    2.42    2.41    1.95    1.97  3
  80427     290.77    9.55    1.69    1.72    2.10    2.10  3
  KKM        76.70   32.70    2.93    2.86    2.98    2.99  3
  NCM        77.40   28.60    6.87    6.75    4.21    4.31  3
  UJH        77.00   29.40    1.68    1.65    1.87    1.90  3
  94323     131.53  -24.28    1.95    2.01    2.50    2.48  3
  BTL        77.90   21.80    3.08    3.08    2.12    2.15  3
  GRG        77.00   28.40    2.54    2.46    2.75    2.72  3
  94311     119.58  -20.10    4.84    4.84    2.54    2.55  3
  BPN        77.10   28.20    5.08    4.94    1.92    1.93  3
  BSH        88.80   22.60    1.86    1.78    2.69    2.76  3
  DAP        73.10   17.70    1.12    1.15    1.56    1.61  3
  DOR        81.00   22.90   -5.39   -5.47    1.34    1.39  2
  DTA        78.40   25.60   -3.83   -3.85    1.30    1.31  2
  GUL        74.30   34.00    1.13    1.16    1.40    1.38  3
  HAT        77.90   27.50    3.91    3.89    1.71    1.67  3
  JJR        76.60   28.50    4.31    4.27    2.23    2.13  3
  JTH        79.50   30.50    9.68    9.67    3.18    3.18  3
  KNL        76.50   29.40    2.47    2.44    5.88    5.90  3
  KUD        74.90   12.60   -7.69   -7.67    0.64    0.66  2
  MAT        81.70   16.60    0.10    0.09    3.33    3.34  3
  NAV        73.70   21.10   -0.53   -0.53    3.61    3.58  3
  NJG        77.00   28.60    2.40    2.35    3.90    3.87  3
  PBR        78.80   11.20    2.93    2.94    1.90    1.89  3
  PKD        76.60   10.70    1.03    1.07    1.46    1.47  3
  PLP        76.30   32.00    2.68    2.61    1.51    1.49  3
  PNB        89.30   26.30   -1.21   -1.28    4.66    4.70  3
  ROR        77.90   29.80    0.85    0.92    3.24    3.28  3
  SEN        94.00   25.20   -6.94   -6.99    1.38    1.42  3
  SML        77.10   31.10    4.97    4.90    1.70    1.73  3
  RAS        77.80   23.30   -5.33   -5.39    1.99    2.01  3
  06747       7.81   45.95   -2.03   -2.01    1.39    1.44  3
  NRL        77.40   28.80   -3.66   -3.70    1.32    1.30  3
  16058       6.82   44.93    1.70    1.68    1.33    1.33  3
  ADI        79.30   10.30   -1.07   -1.06    3.77    3.76  3
  BHS        79.00   30.00    0.89    0.96    1.53    1.50  3
  CSA        77.10   31.50    6.07    5.96    2.09    2.13  3
  DHR        75.20   22.30   -3.53   -3.53    0.64    0.66  2
  DHW        74.90   15.40    2.28    2.26    1.31    1.34  3
  JBL        79.90   23.20    4.11    4.08    1.69    1.72  3
  JPG        88.70   26.50   -6.72   -6.80    1.08    1.11  2
  KHG        87.30   22.30    2.74    2.68    2.72    2.72  3
  SWN        84.30   26.20   -5.36   -5.42    0.91    1.01  2
  JJU        80.20   13.00    1.14    1.15    1.73    1.71  3
  PTG        80.20   29.50    2.78    2.81    1.49    1.45  3
  71121     246.54   53.68    0.27    0.18    1.75    1.80  3
  PDU        76.20   29.10   -2.86   -2.84    0.60    0.57  2
  11318      10.86   46.91   -2.03   -2.06    1.40    1.43  3
  MRG        83.50   27.10   -3.75   -3.85    3.82    3.85  3
  41518      74.63   35.67    3.41    3.40    1.62    1.58  3
  41532      73.48   34.36    3.29    3.35    1.36    1.35  3
  91636     177.15   -7.23   15.17   15.23    0.00    0.00  1
