01232         74    7.84   62.44  232.00    2.00    1.99    0.98    0.97 1162.00    0.00  0
                    2.16    2.12    0.94    0.90
                       0    1.95    2.12    0.57    1.24
01321         95    6.57   61.92  198.00    1.83    1.82    0.91    0.93  858.00    0.00  0
                    1.79    1.79    0.93    0.95
                       0    1.98    2.15    0.64    1.03
01329         98    6.27   60.35  232.00    1.91    1.92    0.68    0.69 1232.00    0.00  0
                    1.95    1.97    0.64    0.63
                       0    2.29    1.95    0.79    0.65
01337         99    6.42   60.62  230.00    1.74    1.74    0.68    0.69 1210.00    0.00  0
                    1.73    1.77    0.68    0.60
                       0    1.81    1.61    0.39    0.81
01338        100    6.65   61.17  232.00    1.98    1.96    0.79    0.82 1235.00    0.00  0
                    2.20    1.89    0.94    0.72
                       0    2.24    1.65    0.86    1.08
02793        303   29.66   62.54  192.00    2.08    2.11    0.72    0.72 1061.00    0.00  0
                    2.01    2.04    0.71    0.74
                       0    1.90    1.98    0.60    1.05
02950        371   21.79   60.21  186.00    2.07    2.10    0.75    0.74 1077.00    0.00  0
                    2.18    2.18    0.74    0.73
                       0    2.39    2.03    0.79    0.52
02993        397   19.13   60.30  230.00    1.62    1.65    0.70    0.70 1186.00    0.00  0
                    2.10    1.88    0.97    0.80
                       0    1.46    2.44    0.68    0.72
06615        706    7.22   46.07  219.00    2.07    2.03    0.92    0.93 1278.00    0.00  0
                    1.96    1.92    0.80    0.88
                       0    1.84    1.79    0.94    0.51
06637        724    8.16   46.73  227.00    2.37    2.36    1.04    1.03 1325.00    0.00  0
                    2.27    2.29    0.90    0.97
                       0    2.04    2.27    0.60    0.67
06672        748    8.62   46.88  227.00    2.15    2.14    1.01    1.01 1320.00    0.00  0
                    2.23    2.08    0.96    1.04
                       0    1.55    2.26    0.79    0.68
06685        757    9.07   47.03  222.00    1.71    1.70    0.98    1.00 1288.00    0.00  0
                    1.70    1.70    0.99    0.97
                       0    1.16    1.94    0.63    0.77
06686        758    9.50   47.01  225.00    1.67    1.67    1.01    1.00 1317.00    0.00  0
                    1.92    1.68    1.10    0.99
                       0    1.32    1.70    0.83    0.46
06734        787    7.88   46.67  226.00    2.11    2.11    0.91    0.89 1318.00    0.00  0
                    2.15    2.13    0.75    0.78
                       0    1.88    2.18    1.01    0.54
06762        804    8.88   46.17  226.00    2.07    2.06    1.02    1.01 1322.00    0.00  0
                    2.01    2.15    0.90    0.94
                       0    2.42    1.60    0.56    1.01
06770        805    8.96   46.00  226.00    1.79    1.79    0.91    0.91 1328.00    0.00  0
                    1.97    2.02    0.72    0.75
                       0    2.01    1.65    0.51    0.37
07497        923    6.77   45.62  226.00    2.19    2.15    1.03    1.04 1217.00    0.00  0
                    2.14    2.13    1.04    1.04
                       0    2.55    1.95    0.94    0.99
07591        940    6.50   44.57  232.00    1.66    1.60    0.83    0.82 1225.00    0.00  0
                    2.02    1.60    0.80    0.77
                       0    2.00    1.19    0.75    0.73
11121       1126   11.40   47.35  224.00    1.60    1.60    0.88    0.86  620.00    0.00  0
                    1.60    1.64    0.87    0.82
                       0    1.65    1.41    1.59    0.43
12935       1297   18.03   46.92  196.00    1.72    1.73    0.58    0.58 1138.00    0.00  0
                    1.69    1.72    0.59    0.58
                       0    1.31    1.61    0.33    0.45
13370       1324   20.03   43.83  225.00    1.64    1.61    0.71    0.69  438.00    0.00  0
                    1.69    1.62    0.68    0.64
                       0    1.57    1.73    0.34    0.69
13581       1341   21.47   41.22  231.00    1.66    1.57    0.85    0.87  437.00    0.00  0
                    1.71    1.64    0.72    0.72
                       0    1.81    1.30    0.67    0.62
13629       1360   20.77   40.60  232.00    1.96    1.90    1.03    1.06  449.00    0.00  0
                    2.11    2.03    0.85    0.92
                       0    2.13    1.58    1.09    0.86
15296       1477   23.37   45.42  194.00    1.71    1.73    0.79    0.79 1117.00    0.00  0
                    1.68    1.64    0.68    0.72
                       0    1.81    0.95    0.51    0.60
15336       1495   29.17   45.18  194.00    1.61    1.59    0.75    0.75 1103.00    0.00  0
                    1.54    1.52    0.65    0.67
                       0    2.21    1.06    1.01    0.48
15340       1498   23.28   45.03  194.00    1.73    1.70    0.65    0.66 1137.00    0.00  0
                    1.71    1.65    0.63    0.69
                       0    1.93    1.17    0.67    0.63
15640       1557   26.32   42.67  230.00    2.80    2.78    0.69    0.68  440.00    0.00  0
                    3.17    3.15    0.62    0.61
                       0    2.88    2.71    0.47    0.50
15730       1560   25.37   41.65  229.00    2.69    2.64    0.87    0.87  450.00    0.00  0
                    2.74    2.68    0.92    0.87
                       0    3.16    2.89    0.42    1.13
16089       1574   10.55   45.46  232.00    3.07    3.09    0.87    0.89 1391.00    0.00  0
                    3.14    3.18    0.90    0.91
                       0    3.02    3.54    1.13    0.99
16098       1575   12.10   45.68  232.00    1.77    1.79    0.65    0.65 1390.00    0.00  0
                    1.75    1.76    0.56    0.56
                       0    1.83    1.78    0.69    0.84
16227       1598   13.58   41.88  232.00    2.46    2.42    1.03    1.02 1390.00    0.00  0
                    2.51    2.78    1.08    0.95
                       0    2.81    2.68    0.69    0.85
16245       1602   12.43   41.65  232.00    1.88    1.87    0.78    0.76  461.00    0.00  0
                    1.93    1.88    0.71    0.64
                       0    1.88    1.61    0.59    1.05
16253       1604   14.07   41.05  232.00    1.63    1.57    0.95    0.92  464.00    0.00  0
                    1.72    1.61    0.95    0.93
                       0    2.20    1.44    1.17    0.92
16280       1611   12.95   40.92  232.00    2.35    2.38    0.70    0.72 1347.00    0.00  0
                    2.34    2.35    0.74    0.78
                       0    2.48    1.85    0.59    0.47
16310       1615   15.28   40.02  232.00    2.36    2.32    0.78    0.77 1361.00    0.00  0
                    2.44    2.40    0.68    0.65
                       0    2.64    2.20    0.86    1.17
16334       1623   18.51   40.11  232.00    3.02    2.96    0.96    0.92 1389.00    0.00  0
                    2.98    2.93    1.09    1.05
                       0    2.86    2.31    1.00    1.11
16459       1634   14.92   37.40  232.00    3.33    3.26    1.00    1.00  464.00    0.00  0
                    3.54    3.45    0.95    0.91
                       0    2.90    3.60    0.82    2.50
16546       1640    8.97   39.35  232.00    1.72    1.62    1.03    1.00  464.00    0.00  0
                    1.90    1.86    1.11    0.96
                       0    2.20    0.89    1.10    0.99
16641       1649   19.92   39.61  232.00    1.78    1.80    0.78    0.80  464.00    0.00  0
                    1.73    1.74    0.67    0.68
                       0    1.74    1.42    0.47    0.60
17072       1683   31.16   40.83  222.00    1.86    1.85    0.64    0.63  859.00    0.00  0
                    1.79    1.80    0.66    0.63
                       0    1.51    1.87    0.69    0.55
17310       1742   32.00   36.54  228.00    2.06    1.99    0.97    0.98 1055.00    0.00  0
                    2.05    3.04    1.02    1.57
                       0    2.19    1.50    0.92    1.24
36078       2787   90.30   50.95  232.00    1.66    1.65    0.76    0.76  464.00    0.00  0
                    1.66    1.61    0.81    0.72
                       0    1.83    0.98    0.83    1.05
36083       2788   92.16   52.05  231.00    2.21    2.22    0.95    0.94  460.00    0.00  0
                    2.25    2.20    0.84    0.90
                       0    1.80    1.60    0.67    0.95
36104       2794   95.67   51.50  232.00    1.70    1.72    0.89    0.86  464.00    0.00  0
                    1.73    1.74    0.78    0.73
                       0    1.81    0.93    0.54    1.39
37171       2861   39.90   43.45  232.00    1.61    1.60    0.63    0.64  462.00    0.00  0
                    1.59    1.58    0.54    0.57
                       0    1.72    1.55    0.48    0.41
37193       2862   41.73   43.45  232.00    1.62    1.62    0.92    0.91  463.00    0.00  0
                    1.53    1.54    0.77    0.80
                       0    1.46    1.35    0.68    0.84
37308       2869   43.15   42.52  231.00    2.42    2.35    1.04    1.04  433.00    0.00  0
                    2.23    2.12    0.88    0.90
                       0    1.94    2.34    0.64    1.21
37395       2870   42.63   42.27  232.00    1.66    1.59    1.00    0.99  460.00    0.00  0
                    1.82    1.74    0.91    0.91
                       0    1.28    2.47    0.60    0.95
37575       2877   46.65   41.66  232.00    3.55    3.49    1.04    1.05  456.00    0.00  0
                    3.46    3.43    1.07    1.06
                       0    3.24    3.86    0.94    1.29
37785       2890   44.40   40.34  190.00    4.76    4.68    1.08    1.10  231.00    0.00  0
                    4.80    4.71    1.03    1.06
                       0    4.45    4.90    0.65    1.02
38579       2942   67.83   40.11  232.00    2.84    2.83    0.44    0.45  464.00    0.00  0
                    2.90    2.90    0.40    0.43
                       0    2.90    2.73    0.39    0.51
38583       2943   68.68   40.82  232.00    1.70    1.69    0.67    0.69  463.00    0.00  0
                    1.67    1.66    0.70    0.70
                       0    1.84    1.56    0.69    0.57
38618       2948   71.75   40.36  232.00    1.92    1.90    0.61    0.61  463.00    0.00  0
                    1.92    1.90    0.65    0.66
                       0    1.91    2.12    0.74    0.59
38774       2964   57.42   38.43  232.00    1.91    1.87    0.75    0.73  463.00    0.00  0
                    1.85    1.81    0.74    0.69
                       0    1.51    2.22    0.75    0.98
38846       2970   69.97   38.33  232.00    4.04    4.04    0.75    0.76  461.00    0.00  0
                    4.05    4.02    0.61    0.61
                       0    3.82    4.27    0.52    0.70
38911       2976   65.20   37.83  232.00    1.62    1.61    0.60    0.61  454.00    0.00  0
                    1.68    1.67    0.62    0.63
                       0    1.70    1.55    0.48    0.84
38933       2979   68.78   37.82  232.00    2.44    2.42    0.74    0.74  459.00    0.00  0
                    2.48    2.45    0.84    0.84
                       0    2.47    2.48    0.59    0.37
38947       2981   69.08   37.23  114.00    2.25    2.22    0.59    0.57  114.00    0.00  0
                    2.19    2.18    0.56    0.58
                       1    2.45    1.98    0.64    0.37
38957       2983   71.65   36.72  112.00    4.21    4.29    1.07    1.15  113.00    0.00  0
                    4.29    4.43    1.00    1.08
                       1    4.03    4.19    0.92    1.62
40357       3002   41.13   30.90  232.00    1.67    1.67    0.47    0.46  464.00    0.00  0
                    1.58    1.66    0.43    0.47
                       0    2.02    1.54    0.49    0.39
40400       3009   36.47   26.20  232.00    2.37    2.32    0.67    0.68  464.00    0.00  0
                    2.41    2.40    0.62    0.63
                       0    2.24    2.25    0.61    1.15
40732       3041   50.66   36.90  232.00    2.35    2.34    0.73    0.76  464.00    0.00  0
                    2.30    2.31    0.71    0.73
                       0    1.57    2.31    0.57    0.35
40872       3088   51.93   27.83  232.00    1.94    1.86    0.92    0.92  456.00    0.00  0
                    1.98    1.87    0.91    0.92
                       0    2.09    1.58    1.33    0.88
40893       3095   57.77   25.65  231.00    2.13    2.07    0.70    0.69  452.00    0.00  0
                    2.77    2.96    1.13    1.45
                       0    2.13    2.77    0.51    0.64
41198       3120   56.33   25.10  165.00    1.64    1.53    0.99    0.99  238.00    0.00  0
                    2.46    2.40    1.35    1.42
                       0    1.39    1.67    0.56    1.34
41242       3126   56.25   25.62  220.00    2.05    1.92    0.88    0.88  428.00    0.00  0
                    1.99    2.48    1.00    1.10
                       0    2.06    2.25    0.84    1.18
41246       3128   56.63   24.47  232.00    1.84    1.73    0.76    0.75  464.00    0.00  0
                    1.81    1.90    0.80    0.72
                       0    1.80    2.08    0.79    1.07
41253       3131   57.42   23.40  228.00    1.80    1.76    0.95    0.95  450.00    0.00  0
                    1.77    1.74    0.92    0.88
                       0    1.57    0.86    0.66    0.69
41256       3134   58.28   23.58  229.00    2.43    2.39    0.87    0.87  454.00    0.00  0
                    2.71    2.50    0.84    0.85
                       0    1.63    2.52    1.01    1.03
41258       3136   58.57   23.63  221.00    2.02    1.99    0.92    0.92  433.00    0.00  0
                    2.10    2.07    0.97    0.89
                       0    0.95    2.40    0.59    1.30
41529       3160   71.93   34.03  230.00    2.15    2.10    0.88    0.90  426.00    0.00  0
                    2.16    2.11    0.81    0.82
                       0    2.25    2.21    0.56    1.00
41571       3162   73.09   33.61  225.00    1.70    1.66    0.68    0.69  413.00    0.00  0
                    1.85    1.98    0.59    0.77
                       0    1.41    1.56    0.33    0.60
41598       3164   73.72   32.93  230.00    2.03    2.00    0.97    1.00  341.00    0.00  0
                    1.95    1.93    0.79    0.78
                       0    1.44    2.29    0.59    1.22
41620       3166   69.47   31.35  226.00    2.25    2.17    1.03    1.03  274.00    0.00  0
                    2.16    2.07    0.95    0.98
                       0    1.63    3.64    1.08    0.93
41624       3167   70.92   31.82  227.00    2.19    2.14    0.70    0.73  291.00    0.00  0
                    2.12    2.06    0.59    0.62
                       0    1.86    2.52    0.34    0.69
41640       3168   74.33   31.55  227.00    1.75    1.76    0.91    0.93  274.00    0.00  0
                    1.72    1.60    0.75    0.79
                       0    1.38    2.53    0.29    1.07
41675       3170   71.43   30.20  227.00    1.86    1.79    0.77    0.77  275.00    0.00  0
                    1.68    1.62    0.61    0.63
                       0    1.27    2.37    0.52    1.43
41685       3171   69.72   29.88  231.00    1.67    1.62    0.73    0.75  437.00    0.00  0
                    2.00    1.96    0.85    0.92
                       0    1.44    1.90    0.55    1.03
41697       3173   67.88   29.55  163.00    2.17    2.21    0.94    0.96  163.00    0.00  0
                    2.18    2.22    1.06    1.08
                       1    1.29    2.65    0.53    0.94
41700       3174   71.78   29.40  163.00    1.84    1.77    0.75    0.72  163.00    0.00  0
                    1.82    1.77    0.53    0.54
                       1    1.31    2.76    0.42    0.86
41718       3178   70.68   28.65  224.00    2.14    2.13    0.81    0.82  274.00    0.00  0
                    2.28    2.26    0.91    0.84
                       0    1.25    3.18    0.54    0.67
42027       3232   74.83   34.08  231.00    3.01    2.98    0.96    0.99  430.00    0.00  0
                    2.93    2.89    0.82    0.84
                       0    3.06    3.03    0.56    0.58
42044       3233   75.08   33.58  172.00    3.12    3.06    0.95    0.99  277.00    0.00  0
                    3.16    3.01    0.85    0.81
                       1    3.02    3.14    0.62    1.07
43311       3285   72.73   11.12  232.00    2.00    1.97    0.59    0.59  460.00    0.00  0
                    1.99    1.96    0.56    0.53
                       0    1.84    1.50    0.47    0.40
47041       3413  127.55   39.93  232.00    1.61    1.66    0.66    0.66  464.00    0.00  0
                    1.57    1.62    0.63    0.58
                       0    1.33    1.78    0.41    0.98
47637       3537  137.82   35.52  226.00    1.75    1.75    0.77    0.77 1326.00    0.00  0
                    1.77    1.75    0.76    0.79
                       0    1.80    1.99    0.51    1.03
48300       3636   97.97   19.29  232.00    1.77    1.76    0.41    0.40  463.00    0.00  0
                    1.79    1.76    0.34    0.36
                       0    1.62    1.98    0.40    0.44
48307       3640  100.88   19.42  232.00    1.83    1.82    0.51    0.52  464.00    0.00  0
                    1.86    1.83    0.49    0.51
                       0    1.73    2.24    0.36    0.59
48315       3642  100.80   19.12  232.00    1.70    1.68    0.56    0.56  464.00    0.00  0
                    1.74    1.70    0.55    0.55
                       0    1.51    1.98    0.37    0.45
48431       3701  102.08   14.97  232.00    1.72    1.70    0.40    0.40  464.00    0.00  0
                    1.73    1.74    0.39    0.41
                       0    1.64    1.71    0.33    0.59
48803       3776  103.97   22.50  229.00    2.68    2.65    0.75    0.72  452.00    0.00  0
                    2.59    2.55    0.76    0.70
                       0    2.49    2.63    0.72    1.46
48924       3809  101.46   21.05  173.00    2.01    1.99    0.77    0.70  278.00    0.00  0
                    1.92    1.88    0.78    0.61
                       1    1.53    2.77    0.58    0.81
48930       3814  102.13   19.88  228.00    1.78    1.73    0.80    0.76  419.00    0.00  0
                    1.77    1.68    0.72    0.68
                       0    1.76    1.68    0.43    0.76
48957       3823  106.83   14.80  170.00    1.63    1.61    0.71    0.71  256.00    0.00  0
                    1.52    1.48    0.60    0.60
                       1    1.19    2.07    0.30    0.36
51467       3854   86.33   42.66  232.00    1.78    1.78    0.83    0.83  405.00    0.00  0
                    1.67    1.76    0.70    0.79
                       0    1.77    1.36    0.84    0.79
51711       3860   78.45   40.93  232.00    1.66    1.64    0.87    0.87  405.00    0.00  0
                    1.62    1.57    0.98    0.94
                       0    1.54    1.14    1.43    0.72
51777       3863   88.17   39.03  232.00    1.64    1.63    0.94    0.94  232.00    0.00  0
                    1.56    1.57    1.09    1.12
                       0    1.82    1.55    0.80    0.94
52908       3886   93.08   35.22  232.00    2.02    2.07    0.81    0.85  401.00    0.00  0
                    1.96    2.01    0.71    0.73
                       0    1.55    2.62    0.79    0.85
53915       3913  106.66   35.53  232.00    1.62    1.62    0.79    0.77  232.00    0.00  0
                    1.58    1.56    0.65    0.70
                       0    1.47    1.07    0.47    0.77
55591       3963   91.13   29.67  232.00    1.64    1.61    0.75    0.74  464.00    0.00  0
                    1.81    1.80    0.71    0.78
                       0    1.75    1.07    0.62    1.20
55664       3964   87.08   28.63  232.00    1.85    1.82    0.70    0.67  464.00    0.00  0
                    1.89    1.84    0.64    0.54
                       0    2.28    1.09    0.51    0.97
55696       3965   92.47   28.42  232.00    2.24    2.17    0.91    0.89  405.00    0.00  0
                    2.58    2.20    1.26    0.89
                       0    2.53    2.56    0.75    1.56
56137       3979   97.17   31.15  232.00    2.09    2.06    0.71    0.72  464.00    0.00  0
                    2.07    2.05    0.69    0.69
                       0    2.13    2.38    0.67    0.67
56247       3986   99.10   30.00  232.00    2.74    2.68    0.96    0.96  464.00    0.00  0
                    2.69    2.65    0.91    0.94
                       0    2.97    2.67    1.06    0.99
56374       3990  101.97   30.05  232.00    1.73    1.74    0.98    0.96  405.00    0.00  0
                    1.61    1.69    1.01    0.96
                       0    2.31    1.81    1.62    1.18
56385       3991  103.33   29.52  230.00   -1.99   -1.97    0.83    0.87  401.00    0.00  0
                   -2.00   -1.93    0.88    0.95
                       0   -1.46   -2.26    0.55    0.92
56444       3992   98.88   28.45  232.00    1.60    1.53    0.61    0.59  463.00    0.00  0
                    2.20    2.95    1.02    2.12
                       0    1.76    1.20    0.54    0.73
56571       3995  102.27   27.90  232.00    2.11    2.08    1.00    0.98  464.00    0.00  0
                    2.17    2.15    1.12    1.12
                       0    2.06    2.23    1.08    1.01
57245       4024  109.03   32.72  232.00    1.73    1.70    0.95    0.95  232.00    0.00  0
                    1.85    1.67    0.97    1.03
                       0    1.29    2.40    0.53    0.73
60720       4147   11.08   36.85  194.00    1.81    1.79    0.54    0.53  366.00    0.00  0
                    1.78    1.75    0.57    0.57
                      23    1.90    2.02    0.37    0.58
61036       4167    1.45   14.20  232.00    1.63    1.52    0.49    0.52  427.00    0.00  0
                    1.65    1.56    0.50    0.49
                       0    1.48    1.78    0.51    0.55
61045       4169   10.30   13.98  232.00    1.71    1.61    0.68    0.72  454.00    0.00  0
                    1.69    1.52    0.65    0.70
                       0    1.45    1.76    0.43    0.81
61080       4173    7.08   13.47  230.00    1.84    1.76    0.70    0.69  396.00    0.00  0
                    1.87    1.79    0.68    0.67
                       0    1.72    2.13    0.41    0.64
61085       4174   12.78   13.42  228.00    2.02    1.94    0.63    0.66  409.00    0.00  0
                    2.01    1.94    0.55    0.61
                       0    2.14    1.84    0.48    0.46
61090       4175    8.98   13.78  229.00    1.76    1.66    0.73    0.77  421.00    0.00  0
                    1.72    1.57    0.64    0.67
                       0    1.40    1.98    0.57    0.78
61091       4176    8.93   12.98  232.00    1.74    1.65    0.65    0.68  459.00    0.00  0
                    1.70    1.61    0.63    0.71
                       0    1.53    2.01    0.56    0.59
61096       4177   11.98   13.23  232.00    1.68    1.59    0.64    0.66  441.00    0.00  0
                    1.73    1.61    0.59    0.58
                       0    1.75    1.78    0.37    0.64
61099       4178    3.45   11.88  225.00    1.68    1.66    0.60    0.62  395.00    0.00  0
                    1.70    1.70    0.55    0.53
                       0    1.86    2.16    0.38    0.84
61832       4201  346.37    9.57  138.00    1.80    1.80    0.55    0.53  138.00    0.00  0
                    1.82    1.81    0.47    0.46
                       1    1.80    1.55    0.30    0.72
64700       4253   15.03   12.13  232.00    1.79    1.67    0.64    0.69  450.00    0.00  0
                    1.75    1.69    0.63    0.66
                       0    1.80    2.18    0.77    1.07
70381       4491  225.42   58.37  232.00    2.07    1.96    1.03    0.98  232.00    0.00  0
                    2.15    2.34    0.84    0.97
                       0    2.11    2.30    0.69    1.39
71115       4556  240.81   50.23  228.00    1.73    1.69    0.92    0.95  456.00    0.00  0
                    1.76    1.69    0.90    0.84
                       0    1.26    3.12    0.76    1.20
71203       4610  240.62   49.96  227.00    1.89    1.82    0.97    1.02  452.00    0.00  0
                    1.82    1.77    0.94    1.04
                       0    1.56    2.96    0.80    0.82
71207       4612  236.84   49.78  228.00    1.74    1.66    1.01    1.00  455.00    0.00  0
                    2.41    2.36    1.44    1.35
                       0    1.64    2.34    0.59    0.78
71216       4618  242.20   50.25  228.00    2.18    2.13    0.92    0.92  456.00    0.00  0
                    2.21    2.18    0.79    0.81
                       0    1.52    3.03    0.55    1.35
71218       4619  240.72   50.70  228.00    2.31    2.30    0.96    0.95  456.00    0.00  0
                    2.28    2.22    0.94    0.90
                       0    1.62    3.24    0.44    1.34
71482       4784  232.54   52.18  228.00    1.67    1.66    0.86    0.84  453.00    0.00  0
                    1.50    1.50    0.73    0.67
                       0    1.52    1.25    0.49    0.78
71905       5037  243.02   51.30  222.00    2.50    2.48    1.02    1.02  441.00    0.00  0
                    3.42    2.73    1.49    1.12
                       0    1.67    3.40    0.76    0.75
76040       5305  244.82   32.40  222.00    2.74    2.62    0.93    0.96  401.00    0.00  0
                    2.67    2.57    0.97    0.99
                       0    2.61    2.74    0.68    1.42
76061       5306  246.45   31.30  141.00    1.67    1.58    0.85    0.87  252.00    0.00  0
                    1.63    1.60    0.77    0.84
                       0    1.28    1.53    0.38    0.45
76122       5308  252.08   30.42  185.00    1.62    1.59    0.59    0.58  334.00    0.00  0
                    1.61    1.57    0.50    0.52
                       0    1.83    1.51    0.42    0.57
76382       5318  256.57   21.51  202.00    2.27    2.19    0.85    0.89  369.00    0.00  0
                    2.27    2.18    0.84    0.85
                       0    1.84    3.06    0.72    0.84
76405       5321  249.69   24.11  208.00    1.76    1.76    0.48    0.47  389.00    0.00  0
                    1.76    1.77    0.49    0.48
                       0    1.41    1.82    0.42    0.56
76491       5327  260.83   23.73  196.00    2.22    2.17    0.76    0.79  306.00    0.00  0
                    2.15    2.10    0.73    0.75
                       0    1.99    2.01    0.77    0.41
76518       5328  256.63   22.38  172.00    2.14    2.07    0.88    0.92  280.00    0.00  0
                    2.09    2.10    0.68    0.74
                       0    2.10    1.78    0.68    0.68
76581       5336  260.00   21.85  214.00    2.07    2.00    0.88    0.86  370.00    0.00  0
                    1.99    1.94    0.83    0.88
                       0    1.83    2.18    0.78    0.70
76640       5342  262.59   20.95  218.00    2.15    2.14    0.76    0.75  529.00    0.00  0
                    2.16    2.15    0.93    0.90
                       0    1.74    2.39    0.96    0.86
76644       5343  270.35   20.98  204.00    1.64    1.55    0.85    0.79  521.00    0.00  0
                    1.47    1.43    0.76    0.77
                       0    1.56    1.55    1.13    0.61
76680       5349  260.80   19.39  194.00    2.18    2.10    0.61    0.61  349.00    0.00  0
                    2.35    1.97    0.76    0.59
                       0    2.27    2.12    0.57    0.65
76687       5352  263.10   19.50  202.00    1.61    1.58    0.95    0.99  420.00    0.00  0
                    1.58    1.54    0.89    0.90
                       0    1.54    1.38    1.42    0.60
76737       5356  262.90   18.85  227.00    2.51    2.48    0.85    0.88  500.00    0.00  0
                    2.58    2.54    0.86    0.88
                       0    2.27    2.49    1.24    0.99
76840       5365  266.10   16.23  217.00    2.42    2.42    0.93    0.94  400.00    0.00  0
                    2.12    2.13    1.04    1.04
                       0    2.46    2.65    0.97    1.08
76903       5371  267.73   14.92  192.00    1.75    1.76    0.67    0.67  460.00    0.00  0
                    1.74    1.78    0.66    0.68
                       0    2.07    1.45    0.78    0.52
78700       5385  272.33   13.28  153.00    1.72    1.67    0.56    0.56  234.00    0.00  0
                    1.72    1.69    0.59    0.55
                       0    2.00    1.60    0.52    0.80
78706       5389  272.52   15.72  107.00    1.63    1.58    0.41    0.41  164.00    0.00  0
                    1.65    1.60    0.51    0.44
                       0    1.29    1.78    0.27    0.48
80036       5423  286.75   10.43  172.00    1.87    1.85    0.63    0.62  270.00    0.00  0
                    1.89    1.90    0.65    0.62
                       0    1.51    2.38    1.21    0.30
80097       5427  287.48    7.93  208.00    1.72    1.67    0.84    0.85  291.00    0.00  0
                    1.54    1.50    0.74    0.79
                       0    1.22    1.70    1.23    1.18
80110       5429  284.41    6.22  155.00    1.86    1.79    0.83    0.77  202.00    0.00  0
                    1.87    1.81    0.78    0.75
                       0    1.69    1.80    1.02    0.57
80210       5432  284.20    4.82  203.00    2.93    2.92    0.54    0.52  301.00    0.00  0
                    2.97    2.96    0.50    0.49
                       0    3.07    2.58    0.49    0.52
80211       5433  284.28    4.50  222.00    3.18    3.16    0.89    0.88  334.00    0.00  0
                    3.20    3.04    0.94    0.79
                       0    3.11    2.57    0.82    0.35
80234       5435  286.38    4.17  170.00    2.50    2.44    0.84    0.81  238.00    0.00  0
                    2.45    2.40    0.77    0.72
                       0    2.76    1.98    0.89    0.68
80428       5446  290.27    9.02  145.00    1.92    1.93    0.96    0.96  193.00    0.00  0
                    1.96    1.93    0.89    0.84
                       0    2.35    1.81    1.52    0.63
82445       5471  304.03   -4.26  173.00    1.92    1.82    0.86    0.86  173.00    0.00  0
                    1.84    1.71    0.64    0.64
                       0    1.44    1.94    0.70    0.63
82476       5472  316.67   -4.84  162.00    2.31    2.26    0.70    0.66  162.00    0.00  0
                    2.37    2.33    0.65    0.59
                       0    2.10    2.36    0.70    0.77
82784       5480  320.71   -7.32  113.00    3.39    3.41    0.98    0.98  113.00    0.00  0
                    3.45    3.43    0.72    0.73
                       1    3.40    3.71    0.57    1.32
82861       5484  310.80   -8.25  172.00    1.91    1.86    0.59    0.60  172.00    0.00  0
                    2.07    1.93    0.65    0.62
                       0    1.96    1.60    0.56    0.54
83319       5496  307.65  -14.70  166.00    1.66    1.53    0.68    0.72  166.00    0.00  0
                    1.59    1.45    0.72    0.74
                       0    2.20    1.72    0.47    0.84
84123       5556  281.39   -0.90  139.00    2.40    2.40    0.98    0.98  181.00    0.00  0
                    2.48    2.43    0.84    0.84
                       0    2.76    2.10    0.56    1.46
84160       5560  281.41   -1.35  151.00    2.22    2.29    0.89    0.96  180.00    0.00  0
                    2.28    2.35    0.77    0.78
                       0    2.40    1.89    0.69    0.49
84179       5562  282.10   -1.50  137.00    2.38    2.36    1.00    1.00  160.00    0.00  0
                    2.19    2.16    0.80    0.78
                       0    2.65    1.92    1.65    0.48
84425       5574  283.92   -5.90  170.00    2.23    2.16    0.76    0.75  217.00    0.00  0
                    2.20    2.08    0.61    0.65
                       0    2.17    1.93    0.78    0.43
84455       5577  283.62   -6.45  203.00    2.15    2.11    0.78    0.81  311.00    0.00  0
                    2.05    2.19    0.71    0.77
                       0    2.20    1.66    0.62    0.48
84474       5579  283.28   -7.22   98.00    2.51    2.48    0.61    0.62  138.00    0.00  0
                    2.41    2.48    0.52    0.52
                       0    2.48    2.25    0.56    0.66
84534       5583  284.00   -9.28  108.00    2.92    2.89    0.52    0.51  146.00    0.00  0
                    2.93    2.84    0.56    0.50
                       0    3.20    2.60    0.73    0.41
84564       5584  283.80   -9.86  117.00    2.20    2.12    0.67    0.65  168.00    0.00  0
                    2.20    2.14    0.68    0.64
                       0    2.57    2.19    0.53    0.53
85141       5602  292.52  -14.48  169.00    1.92    1.86    0.94    0.93  228.00    0.00  0
                    2.13    2.03    0.82    0.88
                       0    1.93    2.09    0.75    0.43
85268       5617  300.25  -18.32  129.00    1.85    1.89    0.74    0.65  144.00    0.00  0
                    1.95    1.93    0.53    0.51
                       0    2.08    1.50    0.80    0.47
85289       5618  302.27  -19.00  129.00    1.77    1.75    0.79    0.76  143.00    0.00  0
                    1.86    1.82    0.71    0.69
                       0    2.09    1.32    0.93    0.52
85577       5631  289.32  -33.43  232.00    1.72    1.64    1.02    1.02  281.00    0.00  0
                    1.67    1.53    1.01    1.06
                       0    1.92    2.20    0.95    1.01
87418       5701  291.22  -32.83  232.00    1.77    1.75    0.97    0.96  463.00    0.00  0
                    1.75    1.95    0.76    0.92
                       0    1.62    1.93    0.70    1.07
91317       5784  143.91    7.38  123.00    1.87    1.89    0.75    0.74  123.00    0.00  0
                    1.75    1.73    0.57    0.57
                       1    1.62    2.41    0.53    0.99
91324       5785  149.19    7.35  110.00    1.66    1.65    0.84    0.84  110.00    0.00  0
                    1.66    1.63    1.01    1.06
                       1    1.61    1.70    0.82    1.15
91329       5786  151.90    8.55   86.00    1.89    1.89    0.52    0.52   86.00    0.00  0
                    1.86    1.84    0.45    0.46
                       1    1.79    1.96    0.34    0.69
91425       5796  155.02    3.85  158.00    2.08    2.10    0.72    0.71  158.00    0.00  0
                    2.05    2.08    0.87    0.87
                       3    1.73    2.50    0.81    0.82
91735       5819  187.61  -13.45  153.00    2.03    2.02    0.88    0.85  448.00    0.00  0
                    2.00    1.90    0.96    0.88
                       1    2.31    1.79    1.41    0.78
92047       5838  146.72   -6.57   71.00    2.21    2.13    0.49    0.48   85.00    0.00  0
                    2.21    2.08    0.48    0.50
                       1    2.42    2.10    0.54    0.42
94402       5991  113.52  -25.92   56.00    1.64    1.73    0.95    0.93   56.00    0.00  0
                    1.49    1.65    0.91    0.88
                       1    1.72    1.43    0.86    1.25
95606       6237  115.32  -31.02   57.00    1.87    1.97    0.68    0.70   57.00    0.00  0
                    1.79    1.91    0.62    0.58
                       1    1.82    1.73    0.76    0.44
96015       6340   96.12    4.25  231.00    1.64    1.62    0.74    0.74  458.00    0.00  0
                    1.66    1.61    0.83    0.79
                       0    2.17    1.46    0.47    0.63
97028       6408  120.80    1.02  230.00    1.80    1.80    0.62    0.61  451.00    0.00  0
                    1.79    1.78    0.52    0.53
                       0    1.70    1.91    0.43    0.44
97096       6412  120.73   -1.38  231.00    1.64    1.64    0.57    0.57  440.00    0.00  0
                    1.58    1.62    0.49    0.53
                       0    1.69    1.65    0.39    0.52
97126       6414  120.37   -2.54  231.00    2.83    2.83    0.87    0.87  461.00    0.00  0
                    2.70    2.70    0.83    0.85
                       0    2.35    2.42    0.34    0.50
97372       6428  123.67  -10.17  231.00    1.63    1.65    0.53    0.54  461.00    0.00  0
                    1.57    1.54    0.58    0.57
                       0    1.35    1.80    0.32    0.82
98336       6466  122.12   16.28  231.00    1.63    1.64    0.51    0.54  474.00    0.00  0
                    1.64    1.66    0.56    0.58
                       0    1.58    1.72    0.37    0.63
98431       6470  121.18   13.42  231.00    1.70    1.70    0.56    0.56  462.00    0.00  0
                    1.65    1.65    0.57    0.58
                       0    1.63    1.80    0.42    0.62
98751       6493  125.08    8.15  231.00    1.81    1.81    0.53    0.55  456.00    0.00  0
                    1.79    1.79    0.50    0.51
                       0    2.36    1.62    0.63    0.54
AKL         6505   77.00   20.70  231.00    1.93    1.92    0.47    0.49 1178.00    0.00  0
                    1.94    1.93    0.46    0.47
                       0    2.07    1.51    0.29    0.35
ASW         6513   79.10   11.10  231.00    1.95    1.98    0.68    0.69 1169.00    0.00  0
                    1.96    2.42    0.66    0.82
                       0    1.85    1.48    0.46    1.08
BCS         6515   82.20   22.10  167.00    1.67    1.68    0.82    0.74  616.00    0.00  0
                    1.47    1.49    0.49    0.45
                       0    1.35    2.06    0.25    1.23
BEP         6517   88.20   24.10  150.00    2.58    2.58    1.04    1.04  589.00    0.00  0
                    2.74    2.77    0.43    0.46
                       0    2.48    2.95    0.30    0.39
BHT         6522   77.40   27.20  181.00    2.09    2.07    0.51    0.51  601.00    0.00  0
                    2.12    2.08    0.43    0.49
                       0    2.22    1.89    0.32    1.12
BKR         6527   73.50   28.00  161.00    2.42    2.40    0.77    0.78  896.00    0.00  0
                    2.63    2.60    0.65    0.65
                       0    2.87    1.33    0.30    1.28
BKU         6528   87.00   23.20   60.00   -3.97   -4.02    1.17    1.20  357.00    0.00  0
                   -4.00   -3.94    1.05    1.30
                      18   -4.30   -3.39    1.05    1.08
BLY         6532   76.90   15.20  199.00    2.46    2.43    0.93    0.96 1050.00    0.00  0
                    2.53    2.49    0.66    0.71
                       0    2.89    2.09    0.75    1.02
BOK         6534   85.90   23.80  201.00    1.95    1.96    0.92    0.94  916.00    0.00  0
                    2.18    2.11    0.72    0.78
                       0    1.88    2.19    0.89    0.43
BPR         6535   77.30   27.10  231.00    1.77    1.76    0.50    0.49 1124.00    0.00  0
                    1.80    1.80    0.41    0.47
                       0    1.82    1.71    0.26    0.45
BRA         6536   76.50   25.10  134.00    1.96    1.95    0.65    0.64  353.00    0.00  0
                    1.85    1.93    0.60    0.56
                       0    1.73    1.80    0.55    0.64
BSR         6538   94.70   28.00  118.00    2.33    2.31    0.99    1.04  479.00    0.00  0
                    2.50    2.31    1.09    1.31
                       2    3.08    1.89    0.45    0.99
CDG         6545   76.80   30.70  177.00    2.64    2.60    0.96    0.96  715.00    0.00  0
                    2.62    2.61    0.83    0.94
                       1    2.53    2.23    0.65    1.51
CRU         6555   75.10   28.30  216.00    1.66    1.61    0.84    0.85  798.00    0.00  0
                    1.74    1.45    1.04    0.98
                       0    1.25    0.82    1.06    0.50
DSL         6590   76.30   32.20  231.00    3.29    3.21    1.06    1.04 1148.00    0.00  0
                    3.19    3.12    1.02    0.94
                       0    2.73    2.61    0.72    0.72
EPT         6594   80.30   13.20  211.00    2.17    2.15    0.44    0.45  906.00    0.00  0
                    2.48    2.20    0.47    0.42
                       0    2.05    1.95    0.48    0.63
ERO         6595   77.70   11.30  130.00    1.81    1.85    0.46    0.47  341.00    0.00  0
                    1.86    1.86    0.37    0.38
                       1    1.93    1.99    0.26    0.46
FDT         6596   74.70   30.70  178.00    3.29    3.27    1.03    1.08  711.00    0.00  0
                    3.16    3.12    0.68    0.68
                       0    2.79    3.70    0.36    0.79
FZP         6598   74.60   30.90  171.00    2.91    2.89    0.89    0.92  729.00    0.00  0
                    2.98    2.88    0.72    0.69
                       0    2.61    3.07    0.49    1.86
GCR         6599   80.00   20.20  136.00    2.38    2.44    0.60    0.57  588.00    0.00  0
                    2.24    2.30    0.57    0.45
                       2    1.87    2.87    0.24    0.53
GLT         6604   93.90   26.50  231.00    1.81    1.76    0.46    0.52 1170.00    0.00  0
                    1.85    1.85    0.48    0.53
                       0    1.68    1.88    0.32    0.57
HNM         6612   74.40   29.60  211.00    2.27    2.21    0.77    0.77 1105.00    0.00  0
                    2.24    2.14    0.70    0.76
                       0    1.84    2.49    1.08    0.81
HRN         6613   74.70   34.00  203.00    3.38    3.36    0.82    0.85  736.00    0.00  0
                    3.34    3.32    0.68    0.77
                       0    3.54    3.55    0.61    0.50
JFR         6617   76.90   28.60  120.00    2.98    2.88    0.68    0.67  464.00    0.00  0
                    3.07    2.92    0.54    0.64
                       2    3.20    2.83    0.54    0.44
JLD         6618   75.30   31.00  128.00    9.41    9.42    1.15    1.20  500.00    0.00  0
                    9.40    9.39    1.15    1.04
                       2    9.59    9.48    1.24    1.17
JLW         6621   76.10   24.60  230.00   -1.82   -1.82    0.95    0.92 1009.00    0.00  0
                   -2.15   -2.12    0.75    0.72
                       0   -2.19   -0.51    0.44    0.63
JOY         6625   78.20   30.20  230.00    2.06    2.09    0.74    0.76 1055.00    0.00  0
                    2.02    2.03    0.61    0.59
                       0    1.80    2.32    0.41    0.69
JRP         6627   93.80   25.80  131.00    2.83    2.80    0.66    0.72  386.00    0.00  0
                    2.81    2.77    0.72    0.77
                       2    3.01    2.49    0.88    0.55
KLI         6636   77.00   26.60  171.00    2.05    2.05    0.55    0.54  615.00    0.00  0
                    1.86    3.18    0.50    1.72
                       0    1.93    1.94    0.25    0.64
KPK         6643   79.80   10.90  219.00    1.78    1.81    0.82    0.82 1275.00    0.00  0
                    1.96    1.99    0.74    0.74
                       0    1.07    1.96    0.61    0.66
LAM         6656   80.40   16.40  222.00    1.78    1.75    0.50    0.51 1010.00    0.00  0
                    1.80    1.77    0.43    0.46
                       0    1.78    2.05    0.49    0.57
LDN         6657   75.50   30.60  139.00    2.78    2.77    0.84    0.84  478.00    0.00  0
                    2.77    2.81    0.75    0.70
                       2    2.49    3.49    0.67    1.07
MJN         6667   88.80   25.30  128.00    3.02    3.01    0.50    0.50  426.00    0.00  0
                    3.06    3.07    0.49    0.48
                       6    3.09    2.94    0.29    0.80
MNY         6674   73.20    8.30  160.00    2.78    2.78    0.35    0.35  920.00    0.00  0
                    2.78    2.76    0.39    0.37
                       0    2.99    2.73    0.23    0.55
NNB         6685   74.20   21.40  158.00    1.95    1.96    0.51    0.53  629.00    0.00  0
                    2.29    2.36    0.49    0.55
                       0    2.17    1.60    0.30    0.43
OSD         6692   76.00   18.10  221.00    2.24    2.20    0.67    0.67  948.00    0.00  0
                    2.33    2.29    0.59    0.60
                       0    2.55    1.46    0.41    0.70
PAT         6693   86.00   25.00  167.00    2.56    2.54    0.48    0.44  634.00    0.00  0
                    2.53    2.53    0.43    0.39
                       2    2.34    2.89    0.31    0.38
PCY         6696   79.80   12.00  160.00    1.62    1.62    0.68    0.71  914.00    0.00  0
                    1.63    1.66    0.76    0.75
                       0    1.12    2.00    0.34    0.63
PHG         6699   75.30   34.00  174.00    4.49    4.48    1.23    1.27  645.00    0.00  0
                    4.36    4.38    1.08    1.00
                       0    4.21    4.98    0.61    1.96
RJG         6711   81.00   21.10  170.00    1.79    1.81    0.79    0.71  640.00    0.00  0
                    1.64    1.70    0.63    0.66
                       0    1.54    1.81    0.24    1.09
RTN         6715   73.30   17.00  110.00    1.95    1.97    0.75    0.76  489.00    0.00  0
                    2.16    2.16    0.59    0.60
                       2    2.60    1.82    0.36    0.81
SCZ         6719   72.80   19.10   60.00    2.22    2.21    0.80    0.80  356.00    0.00  0
                    2.23    2.21    0.96    0.91
                      18    2.44    2.23    0.92    0.88
SUR         6731   87.50   23.90  117.00    3.07    3.07    0.67    0.70  408.00    0.00  0
                    3.09    3.07    0.70    0.68
                      14    3.19    2.76    0.78    1.10
THN         6734   73.00   19.20  146.00    2.75    2.76    0.77    0.78  440.00    0.00  0
                    2.99    3.07    0.48    0.46
                       2    2.87    2.29    0.27    0.79
TRT         6740   75.00   31.40  229.00    2.41    2.41    0.93    0.97 1093.00    0.00  0
                    2.44    2.39    0.85    0.90
                       0    2.17    2.77    0.42    0.76
UDU         6746   92.10   26.70  188.00    1.79    1.77    0.51    0.52  590.00    0.00  0
                    1.72    1.72    0.44    0.45
                       0    1.83    2.41    0.46    0.53
ULB         6748   88.10   22.50  134.00    2.75    2.74    1.03    1.01  504.00    0.00  0
                    2.97    2.93    0.43    0.43
                       0    2.81    3.14    0.30    0.44
VEL         6753   77.00    8.40   61.00    2.05    2.06    0.94    0.95  346.00    0.00  0
                    1.62    1.69    0.97    0.92
                      18    2.05    1.59    1.28    1.05
WSM         6759   77.10   20.10  169.00    1.60    1.60    0.42    0.44  569.00    0.00  0
                    1.63    1.61    0.38    0.42
                       0    1.31    1.93    0.36    0.76
14549       6812   17.89   44.22   57.00    2.02    2.06    0.66    0.62  230.00    0.00  0
                    1.93    2.05    0.60    0.49
                       6    2.31    2.01    0.52    0.61
14640       6815   17.02   43.83  168.00    1.91    1.94    0.68    0.65  539.00    0.00  0
                    1.95    2.03    0.57    0.54
                       0    2.00    1.78    0.51    1.10
14648       6816   17.80   43.35  197.00    2.06    2.02    0.78    0.78  853.00    0.00  0
                    2.09    1.96    0.75    0.85
                       0    2.19    1.72    0.43    0.77
16036       6819   12.60   46.03  144.00    1.90    1.94    0.89    0.90  243.00    0.00  0
                    1.88    1.85    0.76    0.79
                       0    1.97    1.37    0.65    0.61
16114       6824    7.82   44.38  173.00    2.41    2.39    0.88    0.90  291.00    0.00  0
                    2.38    2.36    0.81    0.79
                       0    2.75    2.05    0.69    0.62
16125       6826    9.98   44.08   78.00    1.86    1.89    0.91    0.91  104.00    0.00  0
                    1.87    1.81    0.84    0.88
                       0    2.13    1.34    0.61    0.95
16400       6839   13.18   38.70  172.00    2.50    2.53    0.64    0.63  732.00    0.00  0
                    2.51    2.55    0.58    0.57
                       0    2.47    2.79    0.49    0.79
16480       6843   15.13   36.68  173.00    1.73    1.73    0.46    0.45  749.00    0.00  0
                    1.71    1.73    0.41    0.41
                       0    1.71    1.69    0.23    0.37
17024       6853   33.78   41.98  173.00    1.73    1.73    0.68    0.70  519.00    0.00  0
                    1.72    1.90    0.61    0.62
                       0    1.89    1.52    0.76    0.47
17026       6854   35.17   42.02  181.00    1.93    1.96    0.66    0.66  696.00    0.00  0
                    1.87    1.91    0.63    0.68
                       0    2.03    1.51    0.71    0.42
17042       6858   41.43   41.40  173.00    1.74    1.74    0.83    0.82  518.00    0.00  0
                    1.69    1.71    0.88    0.89
                       0    1.57    2.38    1.14    0.46
40845       6923   50.27   29.27  170.00    1.90    1.80    0.89    0.82  279.00    0.00  0
                    1.70    1.69    0.87    0.80
                       0    1.23    1.82    0.60    1.00
40890       6925   54.83   25.83  169.00    1.78    1.72    0.76    0.76  276.00    0.00  0
                    1.71    1.64    0.68    0.70
                       0    1.69    1.56    0.42    0.77
40954       6928   70.47   34.43   83.00    2.48    2.49    0.98    1.00  107.00    0.00  0
                    2.45    2.39    1.00    1.02
                       3    3.09    2.19    0.81    0.71
42081       6935   77.17   31.83  114.00    3.36    3.31    1.08    1.09  223.00    0.00  0
                    3.33    3.21    1.23    1.20
                       2    2.70    4.05    0.91    1.17
42299       6942   88.62   27.33  114.00    2.42    2.44    0.55    0.54  229.00    0.00  0
                    2.33    2.37    0.47    0.53
                       2    2.57    2.33    0.41    0.37
42805       6950   87.95   22.50   96.00    1.69    1.71    0.86    0.88   97.00    0.00  0
                    1.78    1.77    0.87    0.87
                       2    1.78    1.50    0.57    1.02
42811       6951   88.20   22.18  114.00    1.79    1.80    0.49    0.50  229.00    0.00  0
                    1.81    1.80    0.43    0.45
                       2    2.08    1.98    0.25    0.44
43207       6977   79.76   11.50  110.00    1.63    1.67    0.51    0.54  111.00    0.00  0
                    1.58    1.63    0.53    0.50
                       2    1.45    1.89    0.51    0.39
60127       7032  356.00   34.22  173.00    2.01    1.99    0.94    0.93  289.00    0.00  0
                    2.20    2.09    0.86    0.90
                       0    2.45    2.45    0.58    0.94
63333       7058   39.72   11.12  127.00    1.86    1.83    0.64    0.65  209.00    0.00  0
                    1.88    1.87    0.76    0.75
                       7    2.11    1.47    0.57    0.78
64184       7066   29.23   -1.68  102.00    1.68    1.62    0.94    0.95  123.00    0.00  0
                    1.71    1.67    0.90    0.92
                       3    1.90    1.16    0.85    0.77
64380       7068   28.92   -2.47  126.00    3.49    3.43    0.59    0.59  167.00    0.00  0
                    3.56    3.48    0.54    0.52
                       3    4.04    3.22    0.47    0.70
64381       7069   29.25   -1.67  126.00    2.80    2.74    0.73    0.74  166.00    0.00  0
                    2.81    2.76    0.77    0.75
                       3    3.42    2.91    0.85    0.53
67223       7080   39.03  -13.13   70.00    1.92    1.90    0.69    0.66  129.00    0.00  0
                    1.79    1.93    0.77    0.70
                       2    1.78    1.91    0.76    0.92
68014       7101   18.12  -19.60  133.00    1.77    1.75    0.65    0.65  166.00    0.00  0
                    1.80    1.79    0.58    0.59
                       0    2.15    1.79    0.36    0.69
CTH         7134   74.80   32.60   83.00    4.13    4.13    0.98    0.99  266.00    0.00  0
                    4.03    4.01    0.67    0.77
                      18    3.65    4.38    0.35    0.71
DSA         7136   86.40   22.70  103.00    1.66    1.65    0.72    0.70  222.00    0.00  0
                    1.69    1.68    0.66    0.67
                       2    1.75    2.06    0.66    0.73
PLN         7143   75.60   28.30   77.00    2.01    1.94    0.66    0.66  137.00    0.00  0
                    1.90    1.86    0.70    0.67
                       2    1.79    1.49    0.42    0.50
40913       7159   68.92   36.67   82.00    1.91    1.88    0.63    0.63  111.00    0.00  0
                    1.89    1.81    0.69    0.68
                       3    1.50    2.29    0.57    0.65
76585       7210  261.20   21.27  155.00    2.08    2.06    0.50    0.51  319.00    0.00  0
                    2.10    2.06    0.50    0.53
                       0    2.30    2.14    0.68    0.52
82246       7216  305.05   -2.63  158.00    2.13    1.99    0.50    0.51  159.00    0.00  0
                    2.16    2.02    0.56    0.52
                       0    2.26    2.13    0.61    0.46
82460       7219  315.18   -4.25  106.00    1.78    1.76    0.62    0.64  107.00    0.00  0
                    1.69    1.66    0.56    0.58
                       0    2.12    1.59    0.93    0.35
82765       7220  312.54   -7.33  140.00    1.91    1.82    0.74    0.78  141.00    0.00  0
                    2.23    1.72    0.91    0.73
                       0    1.73    1.66    0.96    0.67
82979       7223  317.90   -9.63  116.00    1.74    1.70    0.94    0.94  117.00    0.00  0
                    1.43    1.42    0.61    0.66
                       0    1.71    1.33    1.13    0.23
83242       7228  318.62  -12.56  116.00    1.72    1.75    0.77    0.76  117.00    0.00  0
                    1.55    1.54    0.77    0.72
                       0    1.86    1.65    0.76    1.11
84143       7239  281.42   -1.02  143.00    2.98    3.01    1.00    1.02  172.00    0.00  0
                    2.96    2.97    0.84    0.92
                       0    3.33    2.88    0.75    1.38
PKR         7258   87.80   24.50  101.00    1.70    1.70    0.44    0.42  451.00    0.00  0
                    1.67    1.66    0.53    0.44
                      18    1.65    1.99    0.30    0.53
76393       7274  259.70   25.73  167.00    1.72    1.62    0.49    0.47  375.00    0.00  0
                    1.75    1.67    0.52    0.52
                       0    1.66    1.75    0.56    0.58
76681       7275  260.82   19.30   70.00    3.34    3.38    0.82    0.83   96.00    0.00  0
                    3.33    3.36    0.59    0.64
                       0    3.33    3.35    0.59    0.53
CNG         7372   76.90   30.70   96.00    2.35    2.30    0.99    1.01  247.00    0.00  0
                    2.11    2.14    0.85    0.86
                       0    2.14    3.44    0.64    1.79
43356       7375   77.13   10.00   56.00    2.06    2.09    0.82    0.84   57.00    0.00  0
                    2.18    2.17    0.93    0.91
                       3    1.53    2.44    0.72    0.61
02545       7381   14.57   58.57  181.00    1.66    1.63    0.51    0.49 1056.00    0.00  0
                    1.62    1.63    0.51    0.51
                       0    1.69    1.27    0.35    0.38
60353       7383    5.88   36.81   72.00    1.92    1.85    0.46    0.44  109.00    0.00  0
                    1.93    1.87    0.47    0.45
                       0    2.01    1.81    0.40    0.44
JJG         7393   82.10   22.60   51.00    3.52    3.46    1.10    1.05  194.00    0.00  0
                    3.54    3.49    1.36    1.26
                      18 -999.00 -999.00 -999.00 -999.00
76055       7406  245.15   31.03  103.00    1.93    1.89    0.92    0.91  132.00    0.00  0
                    1.88    1.84    0.98    0.85
                       0    1.85    1.29    0.62    0.93
RJN         7418   74.80   18.40  103.00    3.25    3.25    0.98    0.97  381.00    0.00  0
                    3.07    3.10    0.84    0.86
                       1    3.53    2.87    0.59    0.83
FAZ         7448   81.80   26.50  200.00    2.17    2.17    0.86    0.89 1115.00    0.00  0
                    2.27    2.21    0.95    0.99
                       0    2.07    2.74    0.69    0.40
SRN         7450   74.90   34.10  173.00    3.15    3.14    0.88    0.89  655.00    0.00  0
                    3.11    3.05    0.73    0.79
                       1    3.09    3.29    0.64    0.65
JUB         7461   74.60   22.80   87.00    2.05    2.05    0.63    0.65  400.00    0.00  0
                    2.15    2.14    0.62    0.74
                       3    1.67    2.43    0.43    0.42
ARY         7510   79.70   11.10   58.00    1.72    1.72    0.90    0.89  340.00    0.00  0
                    1.75    1.73    0.88    0.89
                      18    1.88    1.28    0.64    0.79
AYN         7511   77.10   28.40   60.00    2.34    2.28    0.65    0.64  358.00    0.00  0
                    2.52    2.41    0.53    0.47
                      18    2.06    2.58    1.04    0.33
COL         7516   72.80   18.80   60.00    2.08    2.07    0.52    0.51  308.00    0.00  0
                    2.10    2.10    0.56    0.48
                      18    2.09    2.10    0.52    0.66
CSR         7517   88.40   22.80   60.00    2.51    2.44    0.60    0.60  350.00    0.00  0
                    2.61    2.57    0.49    0.47
                      18    2.43    2.80    0.46    0.41
DDN         7519   78.00   30.30   60.00    2.50    2.56    0.83    0.82  348.00    0.00  0
                    2.46    2.44    0.74    0.70
                      18    2.67    1.96    0.87    0.71
DVD         7524   73.30   16.30   94.00    2.45    2.46    0.97    0.98  432.00    0.00  0
                    2.65    2.70    1.09    1.07
                       2    3.43    2.18    0.27    0.86
FTD         7525   75.20   29.30   60.00    2.64    2.61    0.77    0.75  337.00    0.00  0
                    2.74    2.82    0.65    0.61
                      18    2.48    2.83    0.98    0.49
HID         7529   92.50   24.60   59.00   -6.59   -6.65    1.28    1.33  336.00    0.00  0
                   -6.74   -6.79    1.21    1.40
                      18   -7.51   -6.34    1.16    1.28
IDE         7530   75.80   22.60   60.00    1.78    1.76    0.68    0.69  331.00    0.00  0
                    1.78    2.61    0.88    1.35
                      18    1.64    1.67    0.73    0.99
JGD         7531   81.90   19.00   60.00    1.91    1.89    0.93    0.95  347.00    0.00  0
                    2.19    2.10    1.18    1.12
                      18    1.39    2.33    1.22    1.06
KKT         7535   79.90   29.90   60.00    4.33    4.35    1.13    1.08  353.00    0.00  0
                    4.28    4.38    1.33    1.30
                      18    4.07    4.66    1.49    0.91
MAI         7539   78.20    9.90   58.00    1.92    1.94    0.35    0.33  336.00    0.00  0
                    2.23    1.93    0.54    0.35
                      18    1.93    1.82    0.38    0.40
MRD         7542   72.90   18.30  133.00    1.93    1.94    0.61    0.61  667.00    0.00  0
                    2.19    2.15    0.54    0.47
                       0    2.31    1.74    0.25    0.73
MTL         7543   79.60   29.60   60.00    2.37    2.41    0.82    0.85  358.00    0.00  0
                    2.45    2.48    0.96    0.89
                      18    2.45    2.41    0.88    0.85
MUN         7544   77.00   10.00   58.00   -7.78   -7.76    0.92    0.95  293.00    0.00  0
                   -8.14   -8.13    0.78    0.79
                      18   -8.09   -7.81    1.05    0.98
NAT         7545   78.20   10.20   57.00    1.71    1.73    0.43    0.43  300.00    0.00  0
                    2.10    1.95    0.64    0.45
                      18    1.70    1.73    0.49    0.43
NBR         7547   76.20   11.20   60.00    2.30    2.33    0.96    0.97  330.00    0.00  0
                    2.93    2.91    1.36    1.41
                      18    2.11    2.94    1.10    1.91
PHE         7550   94.40   25.70   60.00    2.12    2.03    0.58    0.57  350.00    0.00  0
                    2.17    2.03    0.57    0.58
                      18    1.97    2.50    0.76    0.56
PKL         7552   77.50   10.10   58.00    1.97    1.99    0.36    0.37  333.00    0.00  0
                    1.90    1.97    0.41    0.42
                      18    1.84    2.01    0.40    0.47
PND         7555   79.80   11.90   60.00    1.68    1.69    0.85    0.85  357.00    0.00  0
                    2.22    1.82    0.77    0.64
                      18    1.87    1.61    0.39    1.14
RAH         7557   75.50   32.30   59.00    3.57    3.53    1.17    1.17  340.00    0.00  0
                    3.83    3.88    0.82    0.80
                      18    3.88    3.78    1.00    0.67
RPG         7559   78.90   30.30   41.00    4.35    4.42    1.23    1.22  180.00    0.00  0
                    4.24    4.55    1.39    1.25
                      22 -999.00 -999.00 -999.00 -999.00
TLK         7564   87.90   22.20   60.00    3.02    2.96    0.93    0.90  358.00    0.00  0
                    3.14    3.08    0.81    1.01
                      18    2.91    3.21    1.41    0.50
TVN         7565   79.00   12.20   60.00    1.68    1.69    0.60    0.58  358.00    0.00  0
                    1.60    1.61    0.68    0.68
                      18    1.75    1.93    0.30    1.30
VDN         7566   77.90    9.50   60.00    2.02    2.05    0.51    0.50  345.00    0.00  0
                    2.02    2.06    0.43    0.50
                      18    2.05    1.99    0.42    0.42
MVM         7569   80.20   13.20  129.00    2.36    2.38    0.58    0.57  585.00    0.00  0
                    2.40    2.50    0.55    0.48
                       0    2.77    2.08    0.60    1.04
GWH         7580   91.60   26.10   56.00   -5.44   -5.47    1.11    1.19  210.00    0.00  0
                   -5.61   -5.61    1.14    1.30
                       4   -6.07   -5.24    0.91    0.99
14543       7591   17.27   44.35   85.00    1.60    1.66    0.73    0.70  238.00    0.00  0
                    1.65    1.82    0.76    0.66
                       0    1.52    1.66    0.36    1.03
11120       7601   11.35   47.27  121.00    1.81    1.81    0.85    0.83  418.00    0.00  0
                    1.73    1.82    0.83    0.80
                       0    2.03    1.65    0.84    0.52
KCP         7611   79.70   12.80   83.00    2.25    2.27    0.63    0.62  241.00    0.00  0
                    2.28    2.35    0.51    0.55
                       1    2.58    1.97    0.49    1.03
PUS         7614   85.60   26.00   61.00    2.89    2.82    0.48    0.52  350.00    0.00  0
                    2.96    2.87    0.47    0.57
                      15    2.79    3.03    0.48    0.55
CHM         7669   79.30   30.40   53.00    5.88    5.89    1.88    1.88  305.00    0.00  0
                    6.14    6.17    1.47    1.45
                      18 -999.00 -999.00 -999.00 -999.00
CKN         7671   76.90   13.60   59.00   -5.67   -5.67    1.13    1.11  343.00    0.00  0
                   -5.08   -5.05    1.24    1.31
                      18   -5.83   -5.67    1.01    1.59
SHR         7686   80.20   13.70   59.00   -5.36   -5.35    0.80    0.78  349.00    0.00  0
                   -5.45   -5.03    0.57    0.82
                      18   -5.61   -5.34    0.51    1.22
VZP         7689   76.90    9.80   57.00   -7.36   -7.33    1.03    1.06  281.00    0.00  0
                   -7.75   -7.70    0.94    1.09
                      18   -8.05   -7.57    0.71    0.96
NHN         7804   77.20   30.50   46.00    5.48    5.48    1.14    1.13  269.00    0.00  0
                    5.45    5.34    1.23    1.18
                      31 -999.00 -999.00 -999.00 -999.00
41516       7808   74.33   35.92   34.00    6.38    6.37    1.65    1.69   35.00    0.00  0
                    6.31    8.07    2.02    2.31
                      36 -999.00 -999.00 -999.00 -999.00
