06606        701    7.05   47.04  227.00    1.18    1.17    1.66    1.69 1325.00    0.00  3
                    0.70    0.75    0.92    1.04
                       0    0.29    1.56    0.77    1.80
06714        773    7.23   46.41  227.00   -2.16   -2.18    1.53    1.58 1322.00    0.00  3
                   -1.79   -1.74    1.25    1.27
                       0   -1.72   -1.59    1.49    0.73
06730        784    7.98   46.55  226.00   -2.62   -2.63    1.33    1.39 1321.00    0.00  3
                   -2.51   -2.47    1.11    1.24
                       0   -2.78   -1.66    1.19    0.98
06748        793    7.75   46.03  227.00    0.98    0.95    1.75    1.79 1325.00    0.00  3
                    0.81    0.86    1.94    2.12
                       0    1.88   -0.32    2.79    0.97
08548       1054  351.54   40.15  196.00   -0.36   -0.40    2.91    2.89  889.00    0.00  3
                    0.63    0.62    0.73    0.63
                       0    0.22    0.70    1.18    0.48
11930       1189   20.22   49.20  232.00   -2.15   -2.07    1.55    1.55 1392.00    0.00  3
                   -1.13   -1.18    1.70    1.49
                       0   -2.03   -2.26    0.95    1.23
15280       1472   25.45   45.45  232.00   -1.15   -1.09    1.43    1.44 1392.00    0.00  3
                   -0.99   -0.88    0.99    1.00
                       0   -0.25   -1.69    1.65    1.45
16052       1565    7.70   45.93  232.00   -2.15   -2.17    1.33    1.38 1390.00    0.00  3
                   -1.72   -1.95    0.98    1.05
                       0   -1.76   -1.72    0.76    1.13
23699       1908  101.11   62.71  166.00   -0.27   -0.26    1.32    1.37  200.00    1.00  3
                   -0.21    0.65    1.15    1.84
                       0   -0.23    0.21    1.16    0.89
24525       1966  112.51   64.59  232.00   -0.33   -0.32    1.32    1.32  463.00    1.00  3
                    0.48   -0.13    1.41    1.20
                       0    0.27    0.24    0.86    1.31
24802       1996  102.80   61.73  232.00   -0.66   -0.65    1.33    1.35  232.00    0.00  3
                    0.46   -0.35    1.45    1.18
                       0   -0.12   -0.49    0.48    0.60
24843       2000  124.55   61.91  231.00   -0.43   -0.44    1.56    1.56  456.00    0.00  3
                   -0.37   -0.42    1.48    1.43
                       0   -0.04    0.23    1.28    1.25
24928       2008  111.73   60.26  231.00    0.01    0.01    1.32    1.35  456.00    0.00  3
                    0.31    0.35    1.33    1.38
                       0    0.95   -0.81    0.74    0.73
24933       2009  119.30   60.95  231.00    0.22    0.20    1.32    1.30  451.00    0.00  3
                    1.14    1.26    1.44    1.58
                       0    0.98    0.45    0.85    0.97
24967       2015  130.00   60.46  232.00   -0.11   -0.11    1.51    1.51  460.00    0.00  3
                   -0.04    0.02    1.51    1.46
                       0    0.55    0.41    0.85    1.13
28867       2304   65.55   53.32  232.00    0.07    0.08    1.43    1.43  464.00    0.00  3
                    0.08    0.19    1.53    1.57
                       0   -0.80    1.86    0.94    1.81
30781       2458  120.03   52.75  231.00   -0.35   -0.29    1.30    1.28  456.00    0.00  3
                   -0.30   -0.23    1.39    1.43
                       0    0.89   -1.05    0.84    2.16
30802       2459  100.98   51.68  231.00    1.69    1.70    1.36    1.37  451.00    0.00  3
                    1.59    1.62    1.55    1.53
                       0    2.82    0.48    0.74    0.58
31005       2477  126.30   58.95  232.00    0.04    0.08    1.30    1.30  460.00    0.00  3
                    0.14    0.45    1.32    1.11
                       0    0.41    0.70    1.06    1.03
31011       2478  127.05   59.66  232.00    0.19    0.21    1.38    1.38  463.00    0.00  3
                    0.30    0.37    1.31    1.21
                       0    0.41    0.14    0.77    1.39
31016       2479  128.50   58.63  232.00    0.53    0.58    1.60    1.61  461.00    0.00  3
                    0.65    0.41    1.65    1.77
                       0    1.67    1.04    1.49    0.89
31123       2488  130.90   57.76  232.00    1.10    1.13    1.32    1.34  461.00    0.00  3
                    1.12    1.18    1.45    1.43
                       0    1.55    1.44    1.49    1.17
35163       2723   67.56   51.60  230.00   -0.13   -0.12    1.38    1.38  230.00    0.00  3
                   -0.11   -0.06    1.21    1.24
                       0   -0.17    0.19    0.91    1.12
35167       2724   66.34   51.08  221.00   -5.02   -5.02    1.62    1.62  440.00    0.00  2
                   -4.86   -4.89    1.79    1.71
                       0   -5.05   -4.39    2.10    1.63
35235       2731   58.66   50.71  221.00   -1.11   -1.11    1.63    1.63  440.00    0.00  3
                   -0.67   -0.73    1.19    1.28
                       0   -1.98   -0.25    2.34    0.59
36467       2815   74.97   48.30  231.00    0.55    0.54    1.74    1.74  231.00    0.00  3
                    0.73    0.77    1.58    1.58
                       0    0.30    0.90    1.87    2.29
36871       2839   76.75   43.18  190.00    1.64    1.61    1.88    1.88  343.00    0.00  3
                    1.14    1.13    1.19    1.13
                       0    2.90    1.06    2.96    0.76
37609       2878   43.87   41.02  190.00    0.91    0.81    1.86    1.89  227.00    0.00  3
                    0.64    0.57    1.95    1.92
                       0   -0.01    0.98    1.58    2.24
37663       2880   47.73   41.47  231.00    2.21    2.19    1.31    1.29  452.00    0.00  3
                    3.11    2.28    1.68    1.22
                       0    2.04    2.03    0.56    1.54
38718       2957   68.38   39.10  116.00    3.06    3.03    1.53    1.55  117.00    0.00  3
                    3.02    3.11    2.00    1.96
                       1    3.07    3.18    2.09    1.97
38725       2959   69.66   39.43  115.00    1.88    1.87    1.75    1.77  115.00    0.00  3
                    1.86    1.87    1.69    1.61
                       1    1.45    1.76    1.49    2.23
38734       2960   70.20   39.45  114.00    2.07    2.06    1.41    1.46  114.00    0.00  3
                    2.07    2.07    1.21    1.31
                       1    1.32    2.13    1.36    1.39
38744       2961   71.87   39.28  232.00    3.33    3.29    1.71    1.70  460.00    0.00  3
                    3.48    3.43    1.82    1.71
                       0    2.21    4.63    2.19    2.00
38856       2971   70.88   38.46  116.00    3.92    3.94    1.76    1.78  116.00    0.00  3
                    4.25    4.19    1.90    1.98
                       1    2.45    4.33    2.04    2.09
38869       2972   72.63   38.16  105.00    2.10    2.11    1.64    1.66  106.00    0.00  3
                    2.21    2.27    1.14    1.06
                       3    1.76    2.72    1.68    1.83
38954       2982   71.50   37.50  232.00    3.59    3.59    1.32    1.33  444.00    0.00  3
                    4.11    4.10    1.33    1.30
                       0    3.34    3.27    1.60    1.27
40153       2990   35.50   32.97  223.00   -1.07   -1.14    1.50    1.48  428.00    0.00  3
                   -0.72   -0.72    1.11    1.01
                       0   -1.14   -0.71    1.44    0.95
41515       3159   71.78   35.57  227.00    2.94    2.95    2.01    2.03  227.00    0.00  3
                    3.12    3.12    2.29    2.23
                       0    2.52    4.27    2.54    1.60
41560       3161   70.08   33.86  230.00    3.75    3.72    1.94    1.96  436.00    0.00  3
                    3.55    3.59    2.10    2.20
                       0    2.15    2.47    1.64    0.90
41739       3180   64.09   26.97  226.00    0.22    0.27    1.44    1.41  277.00    0.00  3
                    0.63    0.69    1.01    0.93
                       0    0.61    0.72    1.54    0.51
42045       3234   75.17   33.50  173.00    3.34    3.27    1.31    1.30  284.00    0.00  3
                    3.25    3.22    1.14    1.05
                       1    2.81    3.50    1.11    1.01
42079       3236   76.90   31.53  212.00    2.68    2.61    1.37    1.35  306.00    0.00  3
                    2.18    2.12    1.06    1.02
                       0    1.65    3.94    0.36    1.24
47639       3539  138.72   35.35  224.00   -4.32   -4.20    1.80    1.84 1330.00    0.00  3
                   -3.99   -3.91    1.33    1.35
                       0   -4.00   -4.59    1.06    2.44
56172       3984  102.23   31.90  232.00    3.26    3.28    1.56    1.62  464.00    0.00  3
                    3.10    3.02    1.67    1.68
                       0    3.47    4.80    1.29    2.17
60010       4118  343.50   28.30  226.00   -4.97   -4.99    2.21    2.21  445.00    0.00  3
                   -5.12   -5.16    2.50    2.47
                       0   -1.60   -4.59    1.89    1.99
68352       4348   27.25  -27.66  229.00    2.75    2.72    1.93    1.95  441.00    1.00  3
                    2.60    2.52    1.55    1.60
                       0    2.03    2.38    1.84    1.03
68593       4408   31.05  -29.77  232.00    1.41    1.41    1.61    1.59  462.00    0.00  3
                    1.11    1.01    1.52    1.53
                       0    0.14    2.19    0.80    1.17
70260       4478  210.92   64.55  181.00    3.58    3.56    3.46    3.50  182.00    1.00  3
                    2.95    2.64    2.62    2.67
                       0    2.37    6.14    1.47    8.01
71533       4813  233.42   52.38  216.00    2.57    2.54    1.37    1.39  431.00    0.00  3
                    2.91    3.40    1.46    1.61
                       0    1.78    2.08    0.66    1.49
72212       5100  276.90   29.62  226.00   -0.22   -0.38    2.35    2.32  323.00    0.00  3
                    0.54    0.40    0.64    0.50
                       0   -2.16    0.59    5.82    0.53
80407       5442  288.27   10.57   28.00    1.82    1.77    1.87    1.86   31.00    0.00  3
                    2.23    2.18    0.85    0.71
                       0 -999.00 -999.00 -999.00 -999.00
80438       5448  288.82    8.60  162.00    3.13    3.14    1.39    1.38  229.00    1.00  3
                    3.07    3.07    1.40    1.43
                       0    2.74    3.50    1.30    1.08
81909       5456  319.64   -7.07  224.00    2.85    2.85    1.65    1.63  224.00    0.00  3
                    2.86    2.86    1.87    1.83
                       0    2.69    3.21    2.63    2.34
83368       5501  307.77  -15.90  171.00    1.84    1.75    1.53    1.54  171.00    0.00  3
                    1.50    1.36    0.81    0.71
                       0    2.36    1.50    1.97    0.60
83623       5519  310.02  -20.42  156.00    2.36    2.36    1.39    1.40  156.00    0.00  3
                    2.15    2.13    1.48    1.44
                       0    3.02    1.53    1.61    0.71
84239       5567  281.02   -2.88  137.00    1.51    1.48    1.35    1.35  178.00    0.00  3
                    1.29    1.30    1.27    1.20
                       0    1.30    1.54    0.91    1.39
84735       5591  289.85  -15.48  191.00   -0.48   -0.54    1.39    1.40  293.00    0.00  3
                   -0.33   -0.34    1.06    1.00
                       0   -0.17   -0.11    0.79    1.08
85201       5609  291.82  -16.51  232.00   -0.32   -0.38    1.41    1.39  453.00    0.00  3
                   -0.15   -0.24    1.26    1.27
                       0   -0.45    0.16    1.21    1.23
86128       5644  301.22  -23.50  106.00    0.77    0.77    1.36    1.37  135.00    0.00  3
                    0.53    0.55    1.20    1.22
                      45    0.38    1.01    1.59    1.41
86185       5647  302.92  -24.07  215.00    0.69    0.70    1.40    1.38  373.00    0.00  3
                    0.43    0.39    1.08    1.02
                       0    0.71    0.66    1.87    2.44
86285       5658  304.67  -26.83  173.00    0.94    0.97    1.41    1.36  224.00    0.00  3
                    0.78    0.86    1.26    1.22
                       0    1.42    0.28    1.49    1.40
87007       5671  294.41  -22.10  232.00   -0.71   -0.71    1.51    1.53  463.00    0.00  3
                   -0.45   -0.38    1.06    1.00
                       0   -1.23    0.22    2.82    0.95
87016       5672  295.69  -23.15  232.00    0.54    0.55    1.45    1.38  232.00    0.00  3
                    0.60    0.50    1.32    1.19
                       0    1.55   -0.61    1.61    0.67
88963       5748  303.02  -63.40  232.00    0.25    0.26    1.85    1.76  437.00    0.00  3
                    0.28    0.17    1.61    1.49
                       0   -0.54   -0.60    1.23    1.28
89055       5757  303.28  -64.23  231.00    0.74    0.77    2.28    2.09  451.00    0.00  3
                    1.05    0.98    1.78    1.80
                       0    0.29    0.49    3.01    2.95
89059       5761  303.32  -63.32  230.00    1.71    1.69    2.74    2.71  279.00    0.00  3
                    0.88    0.92    1.58    1.67
                       0   -0.17    0.36    1.45    1.03
89061       5762  295.92  -64.77  183.00    2.83    2.69    2.24    2.17  363.00    3.00  3
                    3.30    2.64    2.22    1.82
                       0    2.11    1.03    0.69    1.56
94213       5915  128.19  -17.02   58.00    0.08    0.10    1.50    1.49   58.00    0.00  3
                   -0.30   -0.26    0.90    0.83
                       1   -0.08   -0.14    1.10    0.89
94514       6013  147.97  -26.48   56.00    0.82    0.83    1.82    1.81   56.00    0.00  3
                    0.38    0.46    0.89    1.17
                       1    1.02    0.12    1.39    0.55
94642       6063  123.87  -32.45   43.00    1.66    1.66    1.76    1.77   43.00    0.00  3
                    1.27    1.27    1.25    1.09
                       1 -999.00 -999.00 -999.00 -999.00
94665       6075  137.66  -34.36   39.00    2.28    2.52    1.72    1.77   39.00    0.00  3
                    2.35    2.51    1.73    1.78
                       1 -999.00 -999.00 -999.00 -999.00
ADL         6500   78.50   19.60  227.00    1.70    1.70    2.08    2.11 1230.00    0.00  3
                    1.43    1.57    1.61    1.62
                       0    0.96    2.48    1.05    2.72
ADT         6501   79.50   11.00   72.00   -3.71   -3.71    4.34    4.34  378.00    0.00  3
                   -5.24   -5.35    1.55    1.50
                      18   -4.35   -5.76    9.13    1.04
AJR         6504   74.60   26.40  226.00    2.64    2.64    1.52    1.50  953.00    0.00  3
                    2.46    2.67    1.36    1.28
                       0    3.09    1.08    0.96    0.36
ALI         6507   78.10   27.90  176.00    2.52    2.50    1.64    1.64  865.00    0.00  3
                    2.37    2.27    1.34    1.31
                       5    2.53    2.32    1.08    3.10
AMG         6508   74.70   19.10   63.00    1.39    1.34    4.36    4.40  349.00    0.00  3
                    2.20    2.41    5.39    5.17
                      18    3.37   -0.17    3.82    7.02
AMT         6510   74.80   31.60   61.00    1.28    1.31    3.57    3.60  318.00    0.00  3
                    1.07    1.18    5.02    4.94
                       0    0.74    4.18    4.97    2.96
ANI         6511   95.90   28.80  143.00    1.22    1.18    3.19    3.19  541.00    0.00  3
                    2.54    2.31    1.77    1.96
                       0    3.37   -0.18    0.59    4.14
ATN         6514   75.20   33.70   87.00   -0.75   -0.78    1.63    1.60  348.00    0.00  3
                   -0.95   -0.98    1.47    1.43
                       1   -0.01   -0.90    3.05    1.19
BDL         6516   95.80   27.40   60.00   -7.15   -7.20    1.19    1.24  357.00    0.00  3
                   -7.50   -7.48    1.12    1.47
                      18   -8.00   -6.87    1.03    1.50
BGG         6518   90.60   26.40  147.00    0.44    0.43    3.87    3.91  535.00    0.00  3
                    2.43    2.42    1.90    1.89
                       4    2.97    1.28    0.66    4.21
BHA         6520   79.60   21.20  120.00    0.93    0.94    2.44    2.47  543.00    0.00  3
                    1.59    1.66    1.36    1.30
                       4    1.08    2.42    0.62    0.71
BHJ         6521   69.70   23.20  155.00    1.32    1.33    4.74    4.75  691.00    0.00  3
                    0.57    0.55    5.99    5.91
                       0   -4.43    6.88    1.13    3.06
BIL         6524   74.60   25.40  181.00    3.27    3.29    2.42    2.44  871.00    0.00  3
                    2.99    3.12    2.09    2.27
                       0    2.86    6.06    1.18    2.16
BJP         6525   80.80   18.80  140.00   -0.26   -0.23    2.32    2.37  461.00    0.00  3
                    0.51    0.56    0.66    0.68
                       3    0.56    0.90    0.37    1.09
BLH         6529   76.40   31.10  159.00   -0.56   -0.62    3.07    3.06  836.00    0.00  3
                    1.10    1.03    1.55    1.71
                      18    1.69   -2.94    0.74    0.71
BLP         6531   76.80   31.30  158.00   -2.49   -2.56    1.67    1.67  582.00    0.00  3
                   -2.28   -1.92    2.11    2.47
                      17   -3.68    0.01    0.76    0.81
BMH         6533   74.40   34.30  211.00    3.10    3.09    1.32    1.34  842.00    0.00  3
                    2.87    2.83    1.02    0.97
                       0    4.29    3.19    2.40    0.90
BSM         6537   75.30   29.00   59.00   -1.50   -1.56    2.15    2.10  233.00    0.00  3
                   -1.56   -1.73    1.25    1.26
                       2   -2.03   -1.54    2.59    0.83
BWL         6542   76.60   28.10  142.00    2.00    1.94    3.99    3.97  542.00    2.00  3
                    1.46    1.33    3.63    3.70
                       2   -1.04   -0.65    4.68    3.02
COI         6553   76.90   11.00  130.00    3.58    3.62    1.53    1.53  567.00    0.00  3
                    3.48    3.63    2.08    2.00
                       2    3.40    2.65    1.38    1.52
COO         6554   76.80   11.40  193.00    0.20    0.24    1.64    1.64  770.00    0.00  3
                    0.49    0.49    1.01    1.08
                       0    0.52   -0.46    0.36    1.64
DHE         6586   94.60   27.50   83.00   -1.91   -1.91    4.04    4.09  342.00    0.00  3
                   -4.30   -4.19    3.75    3.89
                      18    2.62   -4.68    0.41    0.60
DUG         6591   73.80   23.80  186.00   -0.01   -0.02    2.81    2.84  769.00    0.00  3
                    0.88    0.81    3.07    3.16
                       0    3.26   -3.26    0.35    1.37
DUN         6593   77.20   28.70   93.00    1.79    1.71    3.34    3.33  421.00    0.00  3
                    3.28    3.19    0.73    0.67
                       2    3.29    3.56    0.48    0.53
FRG         6597   81.40   26.20  145.00    0.63    0.64    2.43    2.46  340.00    0.00  3
                    1.49    1.46    1.62    1.63
                       0    1.99    0.89    0.56    3.48
GHN         6602   78.60   30.40  228.00   -0.03   -0.03    2.40    2.43 1030.00    0.00  3
                   -0.18   -0.25    3.00    3.07
                       0   -1.46   -2.42    2.76    2.35
GLP         6603   90.60   26.20  231.00   -1.37   -1.38    2.42    2.47 1173.00    0.00  3
                   -1.06   -1.04    2.08    2.14
                       0   -0.48   -1.38    0.63    5.69
GND         6605   80.10   21.50  150.00    1.09    1.16    2.18    2.26  570.00    0.00  3
                    1.88    2.00    0.81    0.73
                       0    1.79    2.29    0.60    0.98
GOA         6606   73.80   15.40  166.00    9.12    9.11    4.23    4.23  406.00   54.00  3
                    9.99    9.93    2.34    2.38
                       0    9.83    4.17    1.09    2.26
GPR         6607   75.20   33.20  209.00    3.55    3.52    1.54    1.55  765.00    0.00  3
                    3.98    3.33    1.56    1.22
                       0    2.72    3.16    0.58    1.31
GRS         6609   79.30   30.00  187.00    0.76    0.78    2.90    2.90  703.00    1.00  3
                    0.95    0.93    3.66    3.73
                       0    0.19    3.52    3.72    1.50
GYL         6611   88.20   27.30  121.00    1.47    1.48    4.25    4.28  456.00    0.00  3
                    3.20    3.31    3.10    2.86
                       2    4.83    2.85    0.74    1.86
JOR         6624   94.20   26.70   79.00    2.73    2.70    1.43    1.51  131.00    0.00  3
                    2.89    3.59    1.03    1.60
                       2    2.86    2.91    0.80    1.89
JPR         6626   75.80   26.80   87.00   -0.30   -0.36    2.02    2.08  418.00    0.00  3
                    0.51    0.37    2.34    2.30
                      18    1.54    0.69    0.93    0.93
JSP         6628   78.80   29.30  175.00    1.67    1.69    2.44    2.48  707.00    0.00  3
                    2.69    2.74    1.02    1.01
                       2    2.78    3.35    0.71    0.50
KAJ         6629   90.50   26.50  135.00    0.88    0.86    3.38    3.40  319.00    0.00  3
                    2.46    2.50    1.09    1.03
                       6    2.70    2.66    0.74    0.59
KHL         6632   83.10   26.80  218.00    2.34    2.33    1.70    1.77 1197.00    0.00  3
                    2.25    2.18    1.32    1.39
                       0    1.83    2.87    1.13    2.76
KJT         6635   73.00   19.00  125.00    1.33    1.32    2.88    2.91  434.00    0.00  3
                    2.88    2.90    0.78    0.80
                       1    3.11    1.63    0.50    2.07
KLR         6638   78.20   12.90  224.00    1.26    1.24    1.85    1.82  992.00    0.00  3
                    1.72    1.70    0.62    0.61
                       1    2.03    0.38    0.33    2.64
KMG         6640   88.40   27.10  128.00    1.23    1.20    1.97    1.96  467.00    0.00  3
                    2.32    2.26    2.14    2.25
                       3    1.50    2.46    1.38    0.57
KPG         6642   74.50   19.90   81.00   -1.11   -1.13    3.08    3.11  390.00    0.00  3
                   -2.35   -2.44    2.58    2.69
                       2    2.41   -2.17    4.14    2.65
KPL         6644   75.30   31.30  136.00    0.08    0.08    3.15    3.18  522.00    0.00  3
                   -1.05   -0.70    4.75    4.79
                       0    2.09   -1.69    2.36    0.45
KRD         6648   85.80   20.20   77.00    1.34    1.29    3.62    3.65  207.00    0.00  3
                    1.98    1.82    3.31    3.65
                       3   -2.62    3.09    3.77    2.30
KWA         6653   75.20   32.90   70.00    2.05    2.04    3.77    3.74  363.00    0.00  3
                    1.92    1.81    5.28    5.24
                       8    3.02    2.21    5.96    4.85
KWR         6654   81.10   22.60   66.00   -3.15   -3.18    3.02    3.06  331.00    0.00  3
                   -3.54   -3.51    1.14    1.31
                       2   -4.34   -3.24    1.74    0.90
KYL         6655   77.00   32.30  219.00    2.71    2.65    2.52    2.49  936.00    0.00  3
                    2.28    2.86    2.20    2.36
                       0    1.53    3.01    1.51    2.76
LEH         6658   77.70   34.00  147.00    3.26    3.24    3.22    3.24  431.00    4.00  3
                    2.78    2.36    2.48    1.81
                       2    1.83    7.12    1.00    4.79
LUN         6660   92.90   23.00  108.00   -0.85   -0.79    3.37    3.44  399.00    0.00  3
                    0.76    0.90    1.36    1.37
                       0    1.38   -6.62    0.84    0.85
MGI         6665   92.00   26.40  156.00    1.19    1.17    2.92    2.97  497.00    0.00  3
                    2.62    2.61    0.86    0.83
                       2    2.81    1.95    0.38    1.95
MLG         6669   73.70   20.60   81.00   -2.65   -2.64    2.80    2.77  365.00    0.00  3
                   -3.24   -3.33    3.75    3.90
                      18   -0.09   -3.75    1.19    2.89
MLR         6671   75.00   33.90  231.00    1.13    1.11    2.03    2.05 1064.00    0.00  3
                    0.77    0.71    2.59    2.55
                       0    0.28    0.49    2.82    1.83
MMG         6672   88.50   27.50  108.00    7.24    7.23    1.25    1.24  444.00    0.00  3
                    7.40    7.38    1.22    1.22
                       2    7.55    7.48    1.02    1.59
MRN         6676   78.00   26.50  191.00    0.96    0.96    1.70    1.69  669.00    0.00  3
                    1.54    1.44    1.79    1.83
                       2    0.81    2.08    1.62    0.62
MTA         6677   72.70   24.60   60.00   -2.13   -2.15    1.84    1.83  233.00    0.00  3
                   -2.12   -2.07    0.91    0.78
                      18   -2.49   -1.89    1.12    0.88
MUS         6678   91.90   26.60   89.00    1.28    1.27    1.40    1.40  160.00    0.00  3
                    1.47    1.46    0.44    0.44
                       6    1.51    1.54    0.49    0.79
NEY         6681   79.50   11.60   68.00   -3.61   -3.60    4.60    4.60  358.00    0.00  3
                   -5.21   -5.16    1.40    1.38
                      18   -4.52   -5.73    9.68    1.33
NGP         6682   79.00   21.10  139.00    2.09    2.10    1.78    1.82  469.00    0.00  3
                    2.62    2.64    0.56    0.57
                       0    2.64    2.62    0.55    0.54
NMI         6683   88.40   27.20  130.00    1.92    1.90    1.75    1.77  495.00    0.00  3
                    2.21    2.15    1.28    1.29
                       0    3.01    1.40    0.96    0.63
NMN         6684   78.20   11.20  226.00   -1.87   -1.85    2.00    2.00 1279.00    0.00  3
                    1.02    1.16    4.75    4.90
                       0   -2.71    1.23    0.63    1.30
NNT         6687   79.40   29.40  218.00   -3.27   -3.23    1.85    1.85  799.00    0.00  3
                   -2.87   -3.54    2.06    1.68
                       0   -3.90   -0.40    1.63    2.12
NWS         6690   76.10   31.10  199.00    2.80    2.75    1.37    1.37  505.00    0.00  3
                    2.93    2.89    1.08    1.14
                       0    2.35    4.77    0.68    1.76
PCR         6695   77.30    8.40  231.00   -1.75   -1.70    1.81    1.80 1085.00    0.00  3
                   -1.67   -1.81    3.83    1.43
                       0   -3.21    0.87    0.95    0.51
PDR         6697   82.20   17.10  212.00    6.56    6.51    7.03    7.04 1224.00   67.00  3
                    8.47    8.48    6.33    6.26
                       0   -0.56   12.66   10.23    1.75
PNK         6700   77.00   30.70  222.00    2.89    2.85    2.53    2.55 1207.00    0.00  3
                    3.16    3.10    1.85    1.82
                       0    3.04    1.82    1.35    6.28
POR         6702   92.70   11.60  200.00    1.34    1.30    1.75    1.74  897.00    0.00  3
                    2.11    2.06    1.03    1.06
                       0    1.84    1.38    0.51    1.14
PTL         6704   76.30   20.30  155.00    3.33    3.31    2.68    2.74  461.00    0.00  3
                    3.82    3.80    1.38    1.51
                       2    4.16    2.94    0.64    0.89
PTM         6705   77.10   28.70   93.00    3.65    3.57    5.60    5.59  384.00   19.00  3
                    3.30    3.01    4.12    4.34
                       8    3.96    6.05    4.34    7.62
REO         6706   78.20   31.30  149.00    4.13    4.06    1.60    1.62  534.00    0.00  3
                    4.28    4.57    1.41    1.34
                       0    4.42    3.22    1.14    2.17
RGJ         6707   88.10   25.60  108.00    2.35    2.34    1.77    1.78  447.00    0.00  3
                    2.85    2.87    0.42    0.41
                       7    2.91    3.09    0.48    0.37
RGN         6708   73.80   18.50  169.00   11.41   11.41    3.41    3.43 1019.00  352.00  3
                   11.29   10.87    3.03    2.93
                       0   13.50   10.63    1.53    3.35
RJK         6712   70.80   22.30   64.00    1.48    1.48    4.27    4.29  353.00    0.00  3
                    2.60    2.59    5.18    5.09
                      18   -2.91    4.63    2.60    3.15
RNT         6714   86.60   21.10  152.00    1.60    1.59    2.25    2.28  501.00    0.00  3
                    2.41    2.42    0.49    0.46
                      10    2.37    2.48    0.28    0.62
SBG         6717   77.10   31.60  120.00    4.88    4.82    2.45    2.46  441.00    0.00  3
                    5.06    5.04    1.51    1.61
                       0    5.49    5.04    0.89    2.08
SCD         6718   77.30   28.60   60.00    3.65    3.60    3.16    3.09  170.00    0.00  3
                    4.26    4.35    1.88    1.77
                       0    3.03    4.94    2.84    1.58
SDL         6720   75.40   29.30  193.00    1.25    1.20    1.32    1.30  732.00    0.00  3
                    1.60    1.58    0.67    0.63
                       0    1.50    2.00    0.35    0.64
SEE         6721   76.90   25.70   31.00   -3.19   -3.28    1.50    1.54  126.00    0.00  3
                   -2.69   -2.82    1.23    1.55
                      18 -999.00 -999.00 -999.00 -999.00
SIR         6724   74.80   14.60   99.00   -1.38   -1.39    4.11    4.10  382.00    0.00  3
                    0.65    0.89    3.99    3.86
                       3    2.33   -5.23    0.51    2.21
SMB         6727   75.10   32.60   89.00    2.30    2.26    3.03    3.04  250.00    0.00  3
                    2.91    2.95    3.21    3.24
                       8   -0.85    3.93    2.15    2.77
TDR         6733   77.60   17.20  229.00    2.68    2.65    1.55    1.58 1289.00    0.00  3
                    2.25    2.61    1.43    1.69
                       0    1.92    3.33    0.94    2.67
TIU         6735   77.70    8.70  202.00    1.13    1.19    1.53    1.51 1000.00    0.00  3
                    0.59    0.82    0.80    1.00
                      18    0.37    2.53    0.17    1.55
TKM         6736   78.80   24.70  199.00   -1.44   -1.42    3.75    3.75  849.00    0.00  3
                   -2.79   -2.65    4.15    4.24
                       0   -4.07    2.59    2.08    0.60
TOL         6738   94.00   24.60  142.00    2.45    2.43    3.01    3.06  440.00    0.00  3
                    3.24    3.24    1.48    1.56
                       1    3.02    3.75    1.32    1.82
TPT         6739   78.20    8.80  216.00   -0.37   -0.33    2.89    2.90 1152.00    0.00  3
                    0.25    0.29    3.06    3.03
                       0    0.98   -5.33    1.96    0.96
TRV         6741   77.00    8.50   76.00    2.08    2.12    1.58    1.59  201.00    0.00  3
                    1.99    2.03    1.35    1.31
                       0    2.01    1.98    1.60    1.13
TUR         6742   90.20   25.50  231.00   -1.66   -1.64    1.86    1.89 1307.00    0.00  3
                   -1.56   -1.61    1.30    1.32
                       0   -0.56   -5.85    1.69    1.72
TWG         6744   91.90   27.60  212.00   -2.34   -2.32    1.55    1.55 1139.00    0.00  3
                   -2.51   -2.58    1.38    1.32
                       0   -3.33   -2.12    0.79    1.22
UNA         6749   76.20   31.40  123.00    3.25    3.23    1.34    1.31  439.00    0.00  3
                    2.98    2.87    1.25    1.20
                       2    2.58    4.60    0.45    1.14
VDR         6751   73.20   22.40  148.00   -0.06   -0.07    1.98    1.97  454.00    0.00  3
                    0.24    0.30    2.15    2.07
                       2    0.64    1.02    2.07    1.38
VID         6754   77.80   23.50  193.00   -1.28   -1.27    1.67    1.68 1092.00    0.00  3
                   -1.78   -1.72    1.26    1.37
                       0   -1.70    0.63    0.63    2.83
VSL         6756   85.20   25.70   98.00   -4.25   -4.28    1.52    1.53  335.00    0.00  3
                   -4.26   -4.20    1.56    1.48
                       7   -3.65   -3.98    1.61    0.80
42062       6932   76.38   32.27  106.00    3.81    3.77    2.51    2.52  107.00    0.00  3
                    4.06    4.13    3.24    3.16
                       2    2.67    6.03    2.54    1.63
42065       6933   77.17   32.27   88.00    6.66    6.66    2.64    2.64   89.00    0.00  3
                    6.03    5.96    2.65    2.60
                       2    4.17    9.44    0.86    2.47
42078       6934   76.97   31.72   56.00    2.36    2.36    2.75    2.77   57.00    0.00  3
                    1.43    1.50    3.06    2.99
                       2    0.13    4.73    1.45    2.85
43263       6987   76.33   12.96   57.00    1.49    1.51    1.88    1.85   59.00    0.00  3
                    1.27    1.31    1.63    1.78
                       2    0.53    1.66    1.55    2.61
AMA         7128   84.70   19.10   99.00   -2.87   -2.88    5.08    5.10  440.00    0.00  3
                   -5.92   -5.95    3.39    3.82
                      11    3.39   -6.08    0.41    0.87
BMR         7130   71.40   25.80  104.00    6.23    6.25    1.82    1.81  339.00    0.00  3
                    5.99    6.10    1.93    2.09
                       2    4.64    8.23    0.63    2.07
CDM         7133   79.70   11.40   65.00    0.20    0.25    2.50    2.50  293.00    0.00  3
                    0.98    1.08    0.62    0.67
                       2    1.19    0.70    0.66    1.12
KKI         7137   77.50   31.10   59.00    4.95    4.86    1.72    1.74  202.00    0.00  3
                    4.81    4.57    1.85    1.86
                      18    3.84    5.22    1.82    2.14
LTR         7139   76.60   18.40  110.00    2.86    2.84    1.70    1.71  386.00    0.00  3
                    3.02    3.15    1.82    1.83
                       3    1.70    2.95    0.75    2.47
NDL         7142   77.20   28.60   70.00    1.96    1.84    2.24    2.26  138.00    0.00  3
                    2.90    2.82    0.49    0.52
                      26    2.96    2.81    0.49    0.47
83970       7238  309.10  -31.25  128.00    0.26    0.35    1.63    1.69  129.00    0.00  3
                    0.09    0.27    1.42    1.39
                       0   -0.12    0.48    2.04    1.33
84688       7241  286.66  -13.72  115.00   -0.19   -0.27    1.96    1.96  165.00    0.00  3
                    0.42    0.29    2.44    2.32
                       0    0.91    0.59    1.67    2.38
85242       7243  292.94  -17.96  124.00    1.76    1.73    1.60    1.60  183.00    0.00  3
                    1.91    1.83    1.61    1.68
                       0    2.10    1.74    1.40    1.15
94242       7314  135.94  -18.64   46.00    1.64    1.68    1.98    1.87   47.00    0.00  3
                    1.13    1.11    2.17    1.95
                       1 -999.00 -999.00 -999.00 -999.00
JAS         7320   84.60   22.90  199.00    1.59    1.60    1.47    1.46  924.00    0.00  3
                    1.51    1.58    1.26    1.30
                       0    1.27    2.51    0.89    1.09
PLE         7322   78.20   16.50   60.00   -6.31   -6.34    1.23    1.27  346.00    0.00  2
                   -6.07   -6.08    1.35    1.36
                      18   -6.34   -5.71    1.45    1.26
SMR         7359   75.80   30.80   36.00    2.42    2.41    1.95    1.97   59.00    0.00  3
                    3.27    3.24    1.23    1.16
                      28 -999.00 -999.00 -999.00 -999.00
80427       7362  290.77    9.55   47.00    1.69    1.72    2.10    2.10   62.00    0.00  3
                    1.43    1.45    0.85    0.87
                       0 -999.00 -999.00 -999.00 -999.00
KKM         7363   76.70   32.70  101.00    2.93    2.86    2.98    2.99  316.00    0.00  3
                    2.72    2.63    2.89    2.96
                       0    1.80    5.28    1.25    2.80
NCM         7365   77.40   28.60   83.00    6.87    6.75    4.21    4.31  204.00   11.00  3
                    7.27    7.23    3.40    3.54
                       0    7.58    7.23    2.91    3.74
UJH         7367   77.00   29.40   88.00    1.68    1.65    1.87    1.90  387.00    0.00  3
                    2.10    2.20    1.36    1.42
                      10    3.29    1.70    0.67    2.29
94323       7370  131.53  -24.28   31.00    1.95    2.01    2.50    2.48   31.00    0.00  3
                    1.06    0.93    1.95    1.74
                      17 -999.00 -999.00 -999.00 -999.00
BTL         7380   77.90   21.80  101.00    3.08    3.08    2.12    2.15  293.00    0.00  3
                    3.43    3.44    2.59    2.57
                       1    2.02    4.77    2.44    3.81
GRG         7421   77.00   28.40  194.00    2.54    2.46    2.75    2.72 1073.00    0.00  3
                    2.68    2.63    1.89    1.85
                       0    2.40    3.53    1.06    5.08
94311       7499  119.58  -20.10   30.00    4.84    4.84    2.54    2.55   31.00    0.00  3
                    4.47    4.55    2.57    2.85
                       5 -999.00 -999.00 -999.00 -999.00
BPN         7512   77.10   28.20   40.00    5.08    4.94    1.92    1.93  155.00    0.00  3
                    5.81    5.59    2.20    1.98
                      18 -999.00 -999.00 -999.00 -999.00
BSH         7513   88.80   22.60   60.00    1.86    1.78    2.69    2.76  354.00    0.00  3
                    3.20    3.06    1.02    1.11
                      18    2.39    3.33    1.64    0.86
DAP         7518   73.10   17.70  140.00    1.12    1.15    1.56    1.61  714.00    0.00  3
                    1.55    1.51    1.09    1.11
                       0    1.67    0.96    0.48    1.27
DOR         7521   81.00   22.90   35.00   -5.39   -5.47    1.34    1.39   70.00    0.00  2
                   -5.51   -5.51    1.23    1.17
                      18 -999.00 -999.00 -999.00 -999.00
DTA         7523   78.40   25.60   60.00   -3.83   -3.85    1.30    1.31  346.00    0.00  2
                   -3.43   -3.47    0.86    0.87
                      18   -4.67   -2.98    1.40    0.51
GUL         7527   74.30   34.00   59.00    1.13    1.16    1.40    1.38  292.00    0.00  3
                    1.11    1.12    1.34    1.23
                      18    0.95    1.43    1.07    1.51
HAT         7528   77.90   27.50   73.00    3.91    3.89    1.71    1.67  379.00    0.00  3
                    3.46    3.61    1.80    1.89
                      18    4.01    4.33    2.04    1.83
JJR         7532   76.60   28.50   41.00    4.31    4.27    2.23    2.13  207.00    0.00  3
                    4.52    4.78    3.08    2.51
                      18 -999.00 -999.00 -999.00 -999.00
JTH         7533   79.50   30.50   60.00    9.68    9.67    3.18    3.18  344.00    0.00  3
                   10.65   10.69    1.95    1.89
                      18    8.54   11.39    3.54    1.07
KNL         7536   76.50   29.40   36.00    2.47    2.44    5.88    5.90  164.00   19.00  3
                    3.96    3.89    2.51    2.92
                      18 -999.00 -999.00 -999.00 -999.00
KUD         7538   74.90   12.60   60.00   -7.69   -7.67    0.64    0.66  358.00    0.00  2
                   -7.73   -7.66    0.87    0.84
                      18   -7.71   -7.47    0.93    0.78
MAT         7541   81.70   16.60   60.00    0.10    0.09    3.33    3.34  350.00    0.00  3
                    2.13    2.07    0.85    1.03
                      18    0.21    2.37    3.37    0.55
NAV         7546   73.70   21.10   60.00   -0.53   -0.53    3.61    3.58  357.00    0.00  3
                    0.94    0.84    2.49    2.56
                      18   -0.24    2.12    3.91    1.10
NJG         7548   77.00   28.60   59.00    2.40    2.35    3.90    3.87  319.00    0.00  3
                    3.77    3.88    3.23    3.03
                      18    1.93    4.76    4.17    1.97
PBR         7549   78.80   11.20   58.00    2.93    2.94    1.90    1.89  342.00    0.00  3
                    2.06    2.21    1.52    2.75
                      18    2.72    1.38    2.46    0.97
PKD         7551   76.60   10.70   60.00    1.03    1.07    1.46    1.47  344.00    0.00  3
                    0.95    1.60    1.73    1.71
                      18    0.87    0.93    1.71    1.85
PLP         7553   76.30   32.00   43.00    2.68    2.61    1.51    1.49  152.00    0.00  3
                    2.36    2.47    1.78    1.91
                      18 -999.00 -999.00 -999.00 -999.00
PNB         7554   89.30   26.30   60.00   -1.21   -1.28    4.66    4.70  287.00    0.00  3
                   -0.01   -0.01    6.08    6.04
                      18   -2.32    0.30    7.33    5.56
ROR         7558   77.90   29.80   60.00    0.85    0.92    3.24    3.28  357.00    0.00  3
                    2.67    2.82    0.80    0.87
                      18    0.29    3.08    3.62    0.55
SEN         7560   94.00   25.20   60.00   -6.94   -6.99    1.38    1.42  296.00    0.00  3
                   -7.51   -7.44    0.98    1.16
                      18   -7.67   -7.47    1.33    0.94
SML         7562   77.10   31.10   60.00    4.97    4.90    1.70    1.73  358.00    0.00  3
                    4.84    4.84    1.41    1.63
                      18    3.95    5.59    0.75    0.90
RAS         7576   77.80   23.30   20.00   -5.33   -5.39    1.99    2.01   69.00    0.00  3
                   -5.62   -5.87    1.41    1.16
                       8 -999.00 -999.00 -999.00 -999.00
06747       7598    7.81   45.95  123.00   -2.03   -2.01    1.39    1.44  714.00    0.00  3
                   -2.03   -1.90    1.42    1.46
                       0   -2.02   -2.59    2.10    0.99
NRL         7644   77.40   28.80   32.00   -3.66   -3.70    1.32    1.30   39.00    0.00  3
                   -3.39   -3.48    1.29    1.24
                      18 -999.00 -999.00 -999.00 -999.00
16058       7650    6.82   44.93   79.00    1.70    1.68    1.33    1.33  478.00    0.00  3
                    1.48    1.43    1.38    1.41
                       0    1.51    2.46    1.22    2.03
ADI         7665   79.30   10.30   59.00   -1.07   -1.06    3.77    3.76  353.00    0.00  3
                    1.14    1.16    3.55    3.59
                      18    1.94   -5.60    1.03    1.30
BHS         7668   79.00   30.00   57.00    0.89    0.96    1.53    1.50  330.00    0.00  3
                    0.80    0.98    1.30    1.54
                      18    0.54    1.05    1.30    2.39
CSA         7672   77.10   31.50   58.00    6.07    5.96    2.09    2.13  334.00    0.00  3
                    6.14    6.18    1.85    2.07
                      18    5.03    6.93    1.96    1.23
DHR         7673   75.20   22.30   15.00   -3.53   -3.53    0.64    0.66   55.00    0.00  2
                   -3.33   -3.45    0.63    0.59
                      18 -999.00 -999.00 -999.00 -999.00
DHW         7674   74.90   15.40   28.00    2.28    2.26    1.31    1.34  165.00    0.00  3
                    2.07    2.10    1.25    1.51
                      18 -999.00 -999.00 -999.00 -999.00
JBL         7678   79.90   23.20   59.00    4.11    4.08    1.69    1.72  353.00    0.00  3
                    3.64    3.65    1.72    1.81
                      18    3.11    4.00    2.02    1.99
JPG         7679   88.70   26.50   59.00   -6.72   -6.80    1.08    1.11  357.00    0.00  2
                   -6.59   -6.80    1.30    1.34
                      18   -7.13   -6.20    1.36    0.98
KHG         7680   87.30   22.30   59.00    2.74    2.68    2.72    2.72  281.00    0.00  3
                    3.72    3.61    0.74    0.84
                      18    2.98    3.78    1.85    0.46
SWN         7687   84.30   26.20   57.00   -5.36   -5.42    0.91    1.01  240.00    0.00  2
                   -5.22   -5.18    0.86    0.95
                      18   -5.42   -5.03    0.68    0.93
JJU         7690   80.20   13.00   57.00    1.14    1.15    1.73    1.71  213.00    0.00  3
                    1.47    1.53    0.45    0.48
                      19    1.49    1.47    0.54    0.57
PTG         7695   80.20   29.50   34.00    2.78    2.81    1.49    1.45  134.00    0.00  3
                    2.68    3.01    1.64    1.64
                      20 -999.00 -999.00 -999.00 -999.00
71121       7696  246.54   53.68   56.00    0.27    0.18    1.75    1.80  113.00    0.00  3
                    0.61    0.39    1.20    1.04
                      21    0.74    0.03    0.90    0.79
PDU         7700   76.20   29.10   15.00   -2.86   -2.84    0.60    0.57   36.00    0.00  2
                   -2.71   -2.63    0.26    0.48
                      22 -999.00 -999.00 -999.00 -999.00
11318       7777   10.86   46.91   51.00   -2.03   -2.06    1.40    1.43  285.00    0.00  3
                   -1.88   -1.99    1.52    1.54
                      27 -999.00 -999.00 -999.00 -999.00
MRG         7806   83.50   27.10   43.00   -3.75   -3.85    3.82    3.85  195.00    0.00  3
                   -5.42   -5.28    1.26    1.33
                      34 -999.00 -999.00 -999.00 -999.00
41518       7810   74.63   35.67   34.00    3.41    3.40    1.62    1.58   35.00    0.00  3
                    3.27    3.23    1.85    1.77
                      36 -999.00 -999.00 -999.00 -999.00
41532       7819   73.48   34.36   33.00    3.29    3.35    1.36    1.35   34.00    0.00  3
                    3.34    3.30    1.41    1.45
                      45 -999.00 -999.00 -999.00 -999.00
91636       7332  177.15   -7.23    1.00   15.17   15.23    0.00    0.00    8.00    7.00  1
                 -999.00 -999.00 -999.00 -999.00
                       0 -999.00 -999.00 -999.00 -999.00
