  CYLW      240.63   49.95    1.90    1.83    0.97    1.02  0
  CYMU       56.00    6.00   -5.67   -5.67    0.58    0.59  0
  CZST      230.03   55.93    2.49    2.46    0.96    0.97  0
  DTTL       11.08   36.85    1.91    1.88    0.52    0.52  0
  GMTA      356.15   35.18    1.79    1.78    0.93    0.91  0
  HETR       33.65   28.21    1.76    1.70    0.71    0.71  0
  K1A5      276.58   35.22    2.05    2.08    0.98    0.96  0
  K9V9      260.68   43.80    2.03    2.09    0.85    0.88  0
  KBAC      261.98   46.93    1.63    1.72    0.94    0.91  0
  KCNB      263.74   44.73    1.60    1.66    0.96    0.97  0
  KD55      261.61   48.75    1.62    1.66    0.99    0.99  0
  KHSP      280.17   37.95    2.10    2.03    0.85    0.83  0
  KS32      261.90   47.42    1.65    1.75    0.87    0.82  0
  KVJI      277.97   36.68    1.62    1.58    0.55    0.59  0
  LGKR       19.92   39.61    1.82    1.85    0.72    0.74  0
  LICZ       14.92   37.40    3.21    3.15    0.94    0.93  0
  LIED        8.97   39.35    1.73    1.64    0.94    0.92  0
  LIPS       12.10   45.68    1.83    1.85    0.67    0.66  0
  LIQC       14.20   40.54    1.64    1.62    0.64    0.65  0
  LIRE       12.43   41.65    1.89    1.90    0.69    0.67  0
  LIRM       14.07   41.05    1.66    1.60    0.82    0.79  0
  LOWI       11.35   47.27    1.85    1.86    0.89    0.86  0
  LSGS        7.33   46.22    2.10    2.07    1.01    1.02  0
  LSMA        8.27   46.95    1.65    1.65    0.90    0.91  0
  LSMM        8.11   46.75    2.11    2.10    1.00    1.00  0
  LSZA        8.92   46.00    1.91    1.90    0.90    0.90  0
  LSZC        8.38   46.97    1.70    1.70    0.94    0.96  0
  LSZL        8.88   46.16    2.64    2.63    0.96    0.96  0
  LTFG       32.29   36.29    1.91    1.87    0.84    0.84  0
  MDST      289.41   19.39    1.77    1.71    0.62    0.61  0
  MHSC      272.38   14.38    2.46    2.38    0.80    0.80  0
  MMCB      260.73   18.82    1.97    1.93    0.60    0.62  0
  MMGM      249.07   27.97    1.68    1.63    0.54    0.53  0
  MMIA      256.42   19.27    1.74    1.72    0.68    0.72  0
  MMLT      248.65   26.02    1.69    1.71    0.73    0.74  0
  MMPN      257.97   19.39    1.61    1.61    0.47    0.51  0
  MMPR      254.75   20.68    1.83    1.81    0.60    0.61  0
  MTPP      287.70   18.57    1.67    1.60    0.44    0.42  0
  OERR       41.13   30.90    1.68    1.67    0.45    0.45  0
  OEWJ       36.47   26.20    2.37    2.32    0.64    0.65  0
  OINE       55.45   37.38    1.97    1.94    0.92    0.91  0
  OINR       50.67   36.90    2.33    2.33    0.71    0.73  0
  OIZJ       57.80   25.65    2.18    2.12    0.67    0.67  0
  OOMS       58.28   23.58    2.42    2.39    0.85    0.84  0
  OPMT       71.42   30.18    1.85    1.78    0.72    0.72  0
  OPPS       71.52   34.02    1.77    1.72    0.92    0.96  0
  OPRN       73.09   33.61    1.75    1.70    0.69    0.70  0
  PAHN      224.48   59.25    2.37    2.29    0.99    0.97  0
  PAJN      225.42   58.37    2.03    1.92    0.93    0.87  0
  PAVD      213.73   61.13    1.97    1.93    1.03    1.03  0
  RJNW      136.94   37.28    2.60    2.59    0.91    0.92  0
  RPLL      121.00   14.52    1.90    1.90    0.48    0.49  0
  SAME      291.22  -32.83    1.78    1.75    0.96    0.95  0
  SBEK      302.22   -6.23    1.84    1.79    0.55    0.54  0
  SBIC      301.57   -3.13    1.84    1.75    0.47    0.46  0
  SBMN      300.02   -3.15    1.65    1.54    0.51    0.51  0
  SBMY      298.70   -5.82    1.63    1.58    0.46    0.45  0
  SCTN      287.30  -42.91    1.64    1.63    0.58    0.58  0
  SEAM      281.44   -1.20    4.00    4.02    0.75    0.72  0
  SECO      283.02   -0.45    2.01    1.98    0.96    0.94  0
  SELT      281.38   -0.92    2.68    2.70    0.95    0.97  0
  SEMC      281.88   -2.29    2.62    2.60    1.02    1.00  0
  SENL      283.14    0.10    2.43    2.40    1.03    1.03  0
  SERB      281.34   -1.61    2.42    2.41    0.67    0.68  0
  SETU      282.30    0.82    1.63    1.60    0.62    0.61  0
  SGES      305.15  -25.45    1.63    1.65    0.81    0.83  0
  SKAR      284.28    4.50    3.24    3.22    0.88    0.87  0
  SKBG      286.80    7.10    1.85    1.84    0.54    0.55  0
  SKCC      287.48    7.93    1.71    1.68    0.78    0.80  0
  SKIB      284.85    4.43    2.98    2.95    1.00    0.99  0
  SKMD      284.41    6.22    1.86    1.82    0.79    0.74  0
  SKMZ      284.53    5.03    2.29    2.28    0.56    0.58  0
  SKPE      284.27    4.82    3.25    3.23    0.51    0.51  0
  SKVP      286.75   10.43    2.53    2.52    0.62    0.62  0
  SKVV      286.38    4.17    2.43    2.37    0.79    0.77  0
  SLCO      291.22  -11.03    1.63    1.64    0.65    0.59  0
  SLCP      297.98  -16.14    1.70    1.67    0.65    0.62  0
  SLPS      302.18  -18.98    1.92    1.92    0.92    0.88  0
  SLRB      300.25  -18.32    1.92    1.97    0.89    0.81  0
  SLRQ      292.50  -14.42    1.98    1.91    0.86    0.84  0
  SPCL      285.41   -8.42    1.97    1.91    0.95    0.93  0
  SPST      283.63   -6.52    2.11    2.08    0.77    0.80  0
  SVGU      290.27    9.02    1.93    1.95    0.84    0.85  0
  UBBY       46.66   41.55    3.21    3.16    1.00    1.00  0
  UGKO       42.48   42.18    1.78    1.72    0.87    0.84  0
  URSS       39.95   43.45    1.66    1.65    0.58    0.59  0
  UTDT       68.86   37.86    1.65    1.63    0.68    0.68  0
  UTSK       65.77   38.83    1.68    1.66    0.70    0.69  0
  VEGT       91.58   26.10    1.90    1.89    0.51    0.49  0
  VELR       94.10   27.30    1.85    1.82    0.62    0.63  0
  VIDP       77.12   28.57    1.67    1.57    0.46    0.46  0
  VLLN      101.40   20.96    1.84    1.84    0.65    0.61  0
  VNKT       85.37   27.70    1.77    1.76    0.68    0.66  0
  VOHY       78.47   17.45    1.75    1.72    0.45    0.44  0
  ZBSJ      114.68   38.28    1.62    1.63    0.81    0.81  0
  DRRM        7.08   13.47    1.78    1.69    0.69    0.67  0
  DRZR        8.99   13.78    1.63    1.53    0.64    0.67  0
  FKKL       14.25   10.45    1.62    1.59    0.54    0.54  0
  FNKU       16.93  -12.36    3.53    3.49    0.92    0.91  0
  FNUE       19.89  -11.76    2.60    2.54    0.72    0.73  0
  FYGF       18.12  -19.60    1.78    1.76    0.66    0.65  0
  FZNA       29.23   -1.68    1.88    1.81    1.01    1.01  0
  LICG       11.97   36.82    1.97    1.98    1.02    1.03  0
  LIMY        7.80   44.25    5.63    5.61    1.21    1.16  0
  LIMZ        7.62   44.55    1.69    1.65    0.85    0.86  0
  LIPA       12.60   46.03    1.84    1.87    0.72    0.74  0
  LIQW        9.98   44.08    1.89    1.90    0.95    0.96  0
  LIRX       10.40   42.73    2.43    2.38    0.91    0.91  0
  OIBA       55.03   25.87    1.87    1.81    0.75    0.75  0
  OIBQ       50.32   29.27    1.94    1.83    0.91    0.84  0
  SBMD      307.40   -0.89    1.81    1.74    0.25    0.28  0
  SPGM      284.00   -9.27    3.07    3.05    0.62    0.63  0
  SPJI      283.28   -7.22    2.68    2.66    1.03    1.04  0
  SPMS      283.92   -5.90    2.17    2.13    0.70    0.69  0
