CYLW         122  240.63   49.95  226.00    1.90    1.83    0.97    1.02 1712.00    0.00  0
                    1.80    1.77    0.95    1.02
                       0    1.56    3.07    0.64    0.69
CYMU         129   56.00    6.00  152.00   -5.67   -5.67    0.58    0.59  786.00    0.00  0
                   -5.67   -5.69    0.57    0.57
                       0   -5.37   -5.94    0.36    0.49
CZST         272  230.03   55.93  171.00    2.49    2.46    0.96    0.97  844.00    0.00  0
                    2.44    4.02    0.96    2.33
                       0    2.46    2.19    0.99    1.04
DTTL         332   11.08   36.85  178.00    1.91    1.88    0.52    0.52  596.00    0.00  0
                    2.16    2.09    0.58    0.62
                      24    2.15    1.99    0.56    0.57
GMTA         714  356.15   35.18  231.00    1.79    1.78    0.93    0.91 1328.00    0.00  0
                    2.22    1.68    1.20    0.96
                       0    1.56    2.30    0.82    1.61
HETR         747   33.65   28.21  231.00    1.76    1.70    0.71    0.71 1360.00    0.00  0
                    1.79    1.72    0.69    0.71
                       0    1.96    1.86    0.44    0.66
K1A5         786  276.58   35.22  151.00    2.05    2.08    0.98    0.96 1653.00    0.00  0
                    2.25    2.26    0.87    0.87
                       1    1.26    2.65    0.69    0.71
K9V9         898  260.68   43.80  231.00    2.03    2.09    0.85    0.88 4148.00    0.00  0
                    1.97    1.90    0.75    0.78
                       0    2.53    2.02    0.94    0.73
KBAC        1037  261.98   46.93  231.00    1.63    1.72    0.94    0.91 4032.00    0.00  0
                    1.63    1.74    0.95    0.86
                       0    2.64    1.03    0.88    1.06
KCNB        1240  263.74   44.73  231.00    1.60    1.66    0.96    0.97 4145.00    0.00  0
                    2.02    1.82    1.05    0.94
                       0    1.48    2.09    0.55    0.78
KD55        1314  261.61   48.75  231.00    1.62    1.66    0.99    0.99 4098.00    0.00  0
                    1.51    1.62    0.96    1.01
                       0    1.66    1.66    0.83    0.68
KHSP        1768  280.17   37.95  228.00    2.10    2.03    0.85    0.83 4022.00    0.00  0
                    2.16    2.12    0.77    0.79
                       0    2.81    1.88    0.45    0.39
KS32        2525  261.90   47.42  231.00    1.65    1.75    0.87    0.82 4100.00    0.00  0
                    1.67    1.99    0.73    0.83
                       0    1.78    1.43    0.54    0.61
KVJI        2794  277.97   36.68  231.00    1.62    1.58    0.55    0.59 4155.00    0.00  0
                    1.52    1.45    0.54    0.54
                       0    1.69    1.27    0.66    0.40
LGKR        3026   19.92   39.61  231.00    1.82    1.85    0.72    0.74 2764.00    0.00  0
                    1.79    1.81    0.56    0.61
                       0    1.81    1.48    0.41    0.66
LICZ        3065   14.92   37.40  194.00    3.21    3.15    0.94    0.93 1156.00    0.00  0
                    3.22    3.16    0.94    0.96
                       0    2.66    3.90    0.55    1.37
LIED        3068    8.97   39.35  198.00    1.73    1.64    0.94    0.92 1173.00    0.00  0
                    1.85    1.77    0.95    0.77
                       0    1.91    1.07    0.92    1.11
LIPS        3086   12.10   45.68  194.00    1.83    1.85    0.67    0.66 1157.00    0.00  0
                    1.81    1.86    0.59    0.54
                       0    1.80    1.94    0.50    0.62
LIQC        3090   14.20   40.54  193.00    1.64    1.62    0.64    0.65 1083.00    0.00  0
                    1.58    1.58    0.63    0.62
                       0    1.36    1.28    0.68    0.27
LIRE        3092   12.43   41.65  195.00    1.89    1.90    0.69    0.67 1160.00    0.00  0
                    1.94    1.93    0.70    0.61
                       0    2.03    1.69    0.66    0.58
LIRM        3094   14.07   41.05  231.00    1.66    1.60    0.82    0.79 1395.00    0.00  0
                    1.71    1.64    0.75    0.77
                       0    2.23    1.63    0.92    0.70
LOWI        3126   11.35   47.27  231.00    1.85    1.86    0.89    0.86 2772.00    0.00  0
                    1.75    1.78    0.89    0.83
                       0    1.70    1.66    0.79    0.48
LSGS        3165    7.33   46.22  231.00    2.10    2.07    1.01    1.02 2771.00    0.00  0
                    1.83    1.95    0.90    0.92
                       0    2.28    1.85    1.03    0.54
LSMA        3166    8.27   46.95  230.00    1.65    1.65    0.90    0.91 2648.00    0.00  0
                    1.59    1.96    0.80    1.09
                       0    1.43    1.94    0.96    0.86
LSMM        3169    8.11   46.75  230.00    2.11    2.10    1.00    1.00 2659.00    0.00  0
                    2.04    2.12    0.88    0.88
                       0    2.04    1.91    0.86    0.71
LSZA        3171    8.92   46.00  231.00    1.91    1.90    0.90    0.90 2772.00    0.00  0
                    2.14    2.24    0.95    1.01
                       0    2.27    1.72    0.71    0.72
LSZC        3173    8.38   46.97  231.00    1.70    1.70    0.94    0.96 2771.00    0.00  0
                    1.64    1.63    0.88    0.89
                       0    1.30    2.17    1.09    0.89
LSZL        3176    8.88   46.16  215.00    2.64    2.63    0.96    0.96 2397.00    0.00  0
                    2.56    2.54    0.75    0.70
                       0    2.97    2.20    0.55    0.67
LTFG        3220   32.29   36.29  231.00    1.91    1.87    0.84    0.84 1426.00    0.00  0
                    1.93    1.84    0.83    0.74
                       0    1.97    2.02    0.85    1.05
MDST        3246  289.41   19.39  231.00    1.77    1.71    0.62    0.61 1376.00    0.00  0
                    1.76    1.69    0.72    0.68
                       0    1.50    1.48    0.87    0.58
MHSC        3256  272.38   14.38  188.00    2.46    2.38    0.80    0.80 1422.00    0.00  0
                    2.40    2.35    0.77    0.82
                      29    1.83    2.90    0.49    0.70
MMCB        3265  260.73   18.82  166.00    1.97    1.93    0.60    0.62  613.00    0.00  0
                    1.96    1.81    0.64    0.59
                       0    1.95    1.58    0.61    0.54
MMGM        3278  249.07   27.97  174.00    1.68    1.63    0.54    0.53  726.00    0.00  0
                    1.74    1.70    0.44    0.47
                       0    1.76    1.41    0.36    0.51
MMIA        3280  256.42   19.27  178.00    1.74    1.72    0.68    0.72  893.00    0.00  0
                    1.84    1.79    0.69    0.74
                       0    1.77    1.89    0.63    0.60
MMLT        3285  248.65   26.02  174.00    1.69    1.71    0.73    0.74  734.00    0.00  0
                    1.73    1.78    0.71    0.69
                       0    1.60    1.25    0.52    0.70
MMPN        3300  257.97   19.39  170.00    1.61    1.61    0.47    0.51  780.00    0.00  0
                    1.57    1.56    0.45    0.53
                       0    1.65    1.70    0.54    0.54
MMPR        3302  254.75   20.68  221.00    1.83    1.81    0.60    0.61 1343.00    0.00  0
                    1.79    1.80    0.58    0.63
                       0    1.85    2.10    0.45    0.82
MTPP        3341  287.70   18.57  170.00    1.67    1.60    0.44    0.42  664.00    0.00  0
                    1.68    1.66    0.47    0.38
                       0    1.77    1.88    0.43    0.39
OERR        3407   41.13   30.90  231.00    1.68    1.67    0.45    0.45 1389.00    0.00  0
                    1.62    1.63    0.40    0.42
                       0    1.98    1.53    0.47    0.37
OEWJ        3414   36.47   26.20  231.00    2.37    2.32    0.64    0.65 1388.00    0.00  0
                    2.41    2.37    0.58    0.62
                       0    2.13    2.32    0.54    1.04
OINE        3445   55.45   37.38  231.00    1.97    1.94    0.92    0.91 1381.00    0.00  0
                    1.95    2.01    0.91    0.88
                       0    0.97    2.50    0.56    1.10
OINR        3448   50.67   36.90  231.00    2.33    2.33    0.71    0.73 1269.00    0.00  0
                    2.29    2.29    0.71    0.73
                       0    1.57    2.29    0.61    0.42
OIZJ        3462   57.80   25.65  231.00    2.18    2.12    0.67    0.67 1072.00    0.00  0
                    2.60    2.46    0.86    0.77
                       0    2.16    2.83    0.42    0.73
OOMS        3476   58.28   23.58  231.00    2.42    2.39    0.85    0.84 1378.00    0.00  0
                    2.51    2.49    0.89    0.84
                       0    1.49    2.20    0.96    1.26
OPMT        3480   71.42   30.18  228.00    1.85    1.78    0.72    0.72 1288.00    0.00  0
                    1.71    1.68    0.57    0.57
                       0    1.28    2.29    0.38    1.21
OPPS        3482   71.52   34.02  208.00    1.77    1.72    0.92    0.96 2063.00    0.00  0
                    1.64    1.64    0.86    0.83
                       0    1.25    1.92    0.70    0.97
OPRN        3483   73.09   33.61  211.00    1.75    1.70    0.69    0.70 1796.00    0.00  0
                    2.20    2.60    1.05    1.44
                       0    1.46    1.52    0.27    0.64
PAHN        3537  224.48   59.25  231.00    2.37    2.29    0.99    0.97 1740.00    0.00  0
                    2.36    2.66    0.76    0.92
                       0    2.11    2.66    0.68    1.31
PAJN        3549  225.42   58.37  231.00    2.03    1.92    0.93    0.87 1596.00    0.00  0
                    2.00    2.21    0.77    0.79
                       0    1.93    2.16    0.52    1.27
PAVD        3617  213.73   61.13  231.00    1.97    1.93    1.03    1.03 1798.00    0.00  0
                    2.01    2.09    1.07    1.06
                       0    2.34    2.46    0.93    1.28
RJNW        3708  136.94   37.28  172.00    2.60    2.59    0.91    0.92  686.00    0.00  0
                    2.63    2.61    0.86    0.90
                       0    2.84    1.70    0.93    0.89
RPLL        3763  121.00   14.52  231.00    1.90    1.90    0.48    0.49 1427.00    0.00  0
                    1.94    1.95    0.41    0.44
                       0    1.86    1.73    0.40    0.60
SAME        3775  291.22  -32.83  231.00    1.78    1.75    0.96    0.95 1379.00    0.00  0
                    2.29    2.09    1.03    0.82
                       0    1.65    2.08    0.53    1.30
SBEK        3824  302.22   -6.23  116.00    1.84    1.79    0.55    0.54  409.00    0.00  0
                    1.80    1.78    0.52    0.54
                       0    1.46    1.57    0.37    0.40
SBIC        3835  301.57   -3.13   95.00    1.84    1.75    0.47    0.46  264.00    0.00  0
                    1.79    1.74    0.35    0.34
                       0    1.77    1.78    0.38    0.45
SBMN        3852  300.02   -3.15  229.00    1.65    1.54    0.51    0.51 1378.00    0.00  0
                    1.86    1.56    0.48    0.46
                       0    1.65    1.74    0.35    0.43
SBMY        3856  298.70   -5.82   94.00    1.63    1.58    0.46    0.45  263.00    0.00  0
                    1.64    1.59    0.37    0.43
                       0    1.60    1.70    0.49    0.45
SCTN        3916  287.30  -42.91  229.00    1.64    1.63    0.58    0.58 1414.00    0.00  0
                    1.61    1.58    0.57    0.58
                       0    1.88    1.78    0.59    0.47
SEAM        3919  281.44   -1.20  104.00    4.00    4.02    0.75    0.72  363.00    0.00  0
                    3.93    3.97    0.84    0.82
                       0    3.74    4.23    0.62    0.66
SECO        3920  283.02   -0.45  172.00    2.01    1.98    0.96    0.94  726.00    0.00  0
                    1.81    1.82    0.75    0.73
                       0    1.99    1.71    0.89    0.61
SELT        3924  281.38   -0.92  231.00    2.68    2.70    0.95    0.97 1343.00    0.00  0
                    2.64    2.85    0.98    0.95
                       0    3.10    2.33    1.24    1.14
SEMC        3925  281.88   -2.29  174.00    2.62    2.60    1.02    1.00  781.00    0.00  0
                    2.64    2.50    1.11    1.08
                       0    2.92    2.07    0.79    1.06
SENL        3927  283.14    0.10  174.00    2.43    2.40    1.03    1.03  727.00    0.00  0
                    2.31    2.26    0.93    0.95
                       0    2.70    1.64    1.06    0.92
SERB        3929  281.34   -1.61  118.00    2.42    2.41    0.67    0.68  354.00    0.00  0
                    2.42    2.45    0.72    0.74
                       0    2.35    2.24    0.77    0.65
SETU        3932  282.30    0.82  119.00    1.63    1.60    0.62    0.61  357.00    0.00  0
                    1.63    2.35    0.65    1.10
                       0    1.83    1.63    0.51    0.54
SGES        3935  305.15  -25.45  231.00    1.63    1.65    0.81    0.83 1548.00    0.00  0
                    1.58    1.59    0.74    0.70
                       0    2.12    1.78    1.27    0.58
SKAR        3936  284.28    4.50  230.00    3.24    3.22    0.88    0.87 1040.00    0.00  0
                    3.15    3.06    0.89    0.78
                       0    2.95    2.59    1.22    0.49
SKBG        3937  286.80    7.10  231.00    1.85    1.84    0.54    0.55 1093.00    0.00  0
                    1.83    1.80    0.52    0.52
                       0    1.89    2.48    0.74    0.80
SKCC        3940  287.48    7.93  231.00    1.71    1.68    0.78    0.80 1267.00    0.00  0
                    1.56    1.53    0.83    0.87
                       0    1.15    2.02    0.88    0.68
SKIB        3944  284.85    4.43  180.00    2.98    2.95    1.00    0.99  848.00    0.00  0
                    2.90    2.81    0.92    0.89
                       0    2.25    3.02    0.65    0.54
SKMD        3948  284.41    6.22  172.00    1.86    1.82    0.79    0.74  703.00    0.00  0
                    1.76    1.75    0.79    0.72
                       0    1.66    1.80    1.00    0.65
SKMZ        3950  284.53    5.03  122.00    2.29    2.28    0.56    0.58  326.00    0.00  0
                    2.34    2.36    0.56    0.57
                       0    1.77    2.42    0.49    0.50
SKPE        3953  284.27    4.82  230.00    3.25    3.23    0.51    0.51 1210.00    0.00  0
                    3.27    3.23    0.45    0.45
                       0    3.27    2.89    0.72    0.41
SKVP        3962  286.75   10.43  178.00    2.53    2.52    0.62    0.62  837.00    0.00  0
                    2.58    2.58    0.55    0.57
                       0    2.05    3.07    1.00    0.47
SKVV        3963  286.38    4.17  176.00    2.43    2.37    0.79    0.77  757.00    0.00  0
                    2.41    2.38    0.73    0.80
                       0    2.66    2.01    0.62    0.54
SLCO        3966  291.22  -11.03  174.00    1.63    1.64    0.65    0.59  813.00    0.00  0
                    1.65    1.76    0.40    0.38
                       0    1.59    1.55    0.42    0.34
SLCP        3967  297.98  -16.14  174.00    1.70    1.67    0.65    0.62  747.00    0.00  0
                    1.70    1.66    0.64    0.59
                       0    1.73    1.50    0.40    0.35
SLPS        3973  302.18  -18.98  174.00    1.92    1.92    0.92    0.88  816.00    0.00  0
                    1.92    1.91    0.81    0.80
                       0    2.70    1.59    1.29    0.55
SLRB        3974  300.25  -18.32  174.00    1.92    1.97    0.89    0.81  802.00    0.00  0
                    2.02    2.01    0.66    0.70
                       0    2.22    1.61    1.09    0.52
SLRQ        3976  292.50  -14.42  174.00    1.98    1.91    0.86    0.84  748.00    0.00  0
                    2.16    2.11    0.75    0.72
                       0    2.35    2.05    0.57    0.42
SPCL        3987  285.41   -8.42  231.00    1.97    1.91    0.95    0.93 1376.00    0.00  0
                    1.97    1.89    0.77    0.88
                       0    2.23    1.67    1.12    0.59
SPST        3996  283.63   -6.52  207.00    2.11    2.08    0.77    0.80  808.00    0.00  0
                    2.00    1.93    0.66    0.72
                       0    2.21    1.67    0.51    0.48
SVGU        4009  290.27    9.02  177.00    1.93    1.95    0.84    0.85  515.00    0.00  0
                    1.91    1.96    0.88    0.90
                       0    2.25    1.73    0.77    0.85
UBBY        4069   46.66   41.55  231.00    3.21    3.16    1.00    1.00 1362.00    0.00  0
                    3.12    3.06    1.04    1.06
                       0    3.02    3.30    1.26    1.39
UGKO        4075   42.48   42.18  195.00    1.78    1.72    0.87    0.84 2282.00    1.00  0
                    1.72    1.71    0.90    0.89
                       0    1.03    2.31    0.38    0.57
URSS        4122   39.95   43.45  231.00    1.66    1.65    0.58    0.59 2772.00    0.00  0
                    1.61    1.60    0.55    0.56
                       0    1.71    1.67    0.41    0.47
UTDT        4142   68.86   37.86  231.00    1.65    1.63    0.68    0.68 2769.00    0.00  0
                    1.56    1.48    0.67    0.62
                       0    1.34    2.09    0.51    0.86
UTSK        4150   65.77   38.83  231.00    1.68    1.66    0.70    0.69 2736.00    0.00  0
                    1.58    1.56    0.48    0.49
                       0    1.31    1.71    0.57    0.58
VEGT        4192   91.58   26.10  231.00    1.90    1.89    0.51    0.49 2712.00    0.00  0
                    1.88    1.89    0.49    0.48
                       0    1.63    2.44    0.47    0.67
VELR        4195   94.10   27.30  139.00    1.85    1.82    0.62    0.63  641.00    0.00  0
                    2.14    2.31    0.68    0.89
                       0    1.92    1.85    0.32    0.80
VIDP        4203   77.12   28.57  231.00    1.67    1.57    0.46    0.46 2747.00    0.00  0
                    1.66    1.55    0.41    0.38
                       0    1.57    1.83    0.35    0.51
VLLN        4208  101.40   20.96  172.00    1.84    1.84    0.65    0.61  707.00    0.00  0
                    1.80    1.77    0.66    0.56
                       0    1.43    2.39    0.49    0.84
VNKT        4213   85.37   27.70  231.00    1.77    1.76    0.68    0.66 2454.00    0.00  0
                    2.78    1.72    1.67    0.49
                       0    1.81    2.25    0.44    1.15
VOHY        4221   78.47   17.45  229.00    1.75    1.72    0.45    0.44 1593.00    0.00  0
                    1.76    1.72    0.43    0.36
                       0    1.76    1.68    0.23    0.73
ZBSJ        4416  114.68   38.28  231.00    1.62    1.63    0.81    0.81 1427.00    0.00  0
                    1.63    1.62    0.77    0.84
                       0    1.15    1.67    0.41    0.94
DRRM        4465    7.08   13.47  170.00    1.78    1.69    0.69    0.67  609.00    0.00  0
                    1.81    1.70    0.62    0.62
                       0    1.55    1.99    0.68    0.36
DRZR        4468    8.99   13.78  170.00    1.63    1.53    0.64    0.67  709.00    0.00  0
                    1.60    1.47    0.55    0.56
                       0    1.22    1.68    0.36    0.48
FKKL        4546   14.25   10.45  163.00    1.62    1.59    0.54    0.54  481.00    0.00  0
                    1.66    1.61    0.52    0.48
                       0    1.68    1.83    0.37    0.52
FNKU        4558   16.93  -12.36  164.00    3.53    3.49    0.92    0.91  482.00    0.00  0
                    3.86    3.66    0.74    0.81
                       0    3.88    3.77    0.67    0.68
FNUE        4563   19.89  -11.76  159.00    2.60    2.54    0.72    0.73  528.00    0.00  0
                    2.50    2.46    0.69    0.76
                       3    2.51    3.39    0.43    1.03
FYGF        4581   18.12  -19.60  150.00    1.78    1.76    0.66    0.65  499.00    0.00  0
                    1.83    1.78    0.70    0.70
                       0    2.23    1.80    0.30    0.66
FZNA        4584   29.23   -1.68   97.00    1.88    1.81    1.01    1.01  203.00    0.00  0
                    1.81    1.77    0.84    0.89
                       0    2.21    1.42    1.00    1.07
LICG        4627   11.97   36.82  173.00    1.97    1.98    1.02    1.03  817.00    0.00  0
                    1.83    1.89    1.01    1.07
                       0    3.52    1.70    0.61    0.33
LIMY        4634    7.80   44.25  144.00    5.63    5.61    1.21    1.16  619.00    0.00  0
                    5.80    5.88    1.19    1.11
                       0    6.38    5.01    0.95    1.19
LIMZ        4635    7.62   44.55  175.00    1.69    1.65    0.85    0.86  864.00    0.00  0
                    1.65    1.59    0.78    0.74
                       0    1.96    1.27    0.90    0.88
LIPA        4636   12.60   46.03  127.00    1.84    1.87    0.72    0.74  697.00    0.00  0
                    1.79    1.83    0.77    0.77
                       0    1.95    1.38    0.67    0.93
LIQW        4644    9.98   44.08   95.00    1.89    1.90    0.95    0.96  439.00    0.00  0
                    1.85    1.90    0.84    0.89
                       0    2.14    1.04    0.50    0.90
LIRX        4651   10.40   42.73  143.00    2.43    2.38    0.91    0.91  646.00    0.00  0
                    2.32    2.41    0.88    0.91
                       0    2.30    2.16    0.74    0.76
OIBA        4676   55.03   25.87  174.00    1.87    1.81    0.75    0.75  721.00    0.00  0
                    1.86    1.78    0.74    0.75
                       0    1.79    1.86    0.45    0.84
OIBQ        4678   50.32   29.27  212.00    1.94    1.83    0.91    0.84  818.00    0.00  0
                    1.80    1.68    0.93    0.82
                       0    1.19    2.49    0.57    0.90
SBMD        4752  307.40   -0.89   76.00    1.81    1.74    0.25    0.28  264.00    0.00  0
                    1.82    1.77    0.27    0.30
                       0    1.96    1.64    0.16    0.26
SPGM        4791  284.00   -9.27  162.00    3.07    3.05    0.62    0.63  514.00    0.00  0
                    3.07    3.01    0.63    0.65
                       0    3.24    2.68    0.64    0.48
SPJI        4794  283.28   -7.22  137.00    2.68    2.66    1.03    1.04  402.00    0.00  0
                    2.54    2.50    0.74    0.75
                       0    2.73    2.17    0.97    0.55
SPMS        4796  283.92   -5.90  171.00    2.17    2.13    0.70    0.69  597.00    0.00  0
                    2.15    2.08    0.50    0.57
                       0    1.88    1.90    0.64    0.38
