  ETAR        7.60   49.43    1.24    1.32    1.41    1.40  3
  FDST       31.95  -26.43   -0.38   -0.46    2.11    2.10  3
  K0CO      254.23   39.79    0.50    0.54    2.19    2.19  3
  K96D      262.10   48.94    2.15    2.19    1.57    1.55  3
  KAQV      266.72   31.40   -3.35   -3.39    2.73    2.73  3
  KCBG      266.73   45.57    0.26    0.28    1.46    1.37  3
  KDYL      284.88   40.33    0.33    0.38    1.43    1.37  3
  KEVU      265.09   40.35   -1.12   -1.12    1.64    1.72  3
  KMKJ      278.66   36.90   -0.31   -0.34    3.30    3.30  3
  KMZZ      274.32   40.49   -3.02   -3.09    2.33    2.36  3
  KNSI      240.55   33.22    0.24    0.13    1.62    1.73  3
  KP69      244.40   46.15    0.39    0.43    1.52    1.50  3
  KPSO      252.95   37.28   -0.26   -0.23    1.30    1.32  3
  KRPD      268.23   45.42   -1.93   -1.94    2.30    2.29  3
  KU68      251.55   44.91   -3.23   -3.24    1.76    1.75  3
  LIMH        7.70   45.93   -0.16   -0.22    1.41    1.42  3
  LIVE       10.50   46.83    2.45    2.43    1.34    1.30  3
  LTCB       43.03   39.71    5.71    5.66    1.44    1.45  3
  LTCS       38.88   37.47    3.91    3.92    1.79    1.80  3
  OAKB       69.22   34.54    1.30    1.27    1.30    1.27  3
  PALJ      205.68   60.20    1.51    1.45    1.49    1.52  3
  PAPT      207.26   62.09    2.66    2.58    1.60    1.63  3
  PHSF      204.45   19.78   -1.27   -1.28    1.53    1.45  3
  SBBT      311.40  -20.58    3.55    3.50    2.04    2.04  3
  SBNM      305.83  -28.27    0.50    0.59    1.40    1.43  3
  SLLP      291.82  -16.52   -0.31   -0.37    1.35    1.32  3
  SVMD      288.82    8.60    3.23    3.25    1.31    1.29  3
  UHMM      150.72   59.92    2.53    2.57    1.33    1.35  3
  VQPR       89.42   27.40    0.69    0.69    1.46    1.43  3
  FNMA       16.30   -9.55    1.63    1.50    1.56    1.54  3
  LIQO       11.17   42.38    0.77    0.70    1.42    1.39  3
  SLOR      292.92  -17.97    1.94    1.92    1.36    1.37  3
  SLPO      294.28  -19.53    2.24    2.12    1.35    1.45  3
  SPHY      286.66  -13.72    0.10    0.02    2.23    2.23  3
  SPJJ      284.53  -11.78    2.29    2.32    1.76    1.78  3
  FDPP       31.25  -25.96   -0.43   -0.46    3.17    3.18  3
