ETAR         597    7.60   49.43  226.00    1.24    1.32    1.41    1.40 1854.00    3.00  3
                    1.07    1.23    1.24    1.16
                       0    0.47    1.39    0.68    2.51
FDST         656   31.95  -26.43  222.00   -0.38   -0.46    2.11    2.10  829.00    0.00  3
                    0.41    0.31    0.87    0.91
                       0    0.73    0.17    0.92    0.88
K0CO         779  254.23   39.79  227.00    0.50    0.54    2.19    2.19 4353.00    0.00  3
                    0.76    0.91    2.14    2.16
                       0    1.38   -3.78    1.53    0.92
K96D         894  262.10   48.94  231.00    2.15    2.19    1.57    1.55 3995.00    0.00  3
                    2.93    3.03    2.27    2.30
                       0    1.90    1.91    0.83    1.61
KAQV         984  266.72   31.40  177.00   -3.35   -3.39    2.73    2.73 1447.00    0.00  3
                   -0.06   -0.03    5.15    5.32
                       0   -2.26    0.35    2.39    0.51
KCBG        1174  266.73   45.57  231.00    0.26    0.28    1.46    1.37 4437.00    0.00  3
                   -0.21    0.25    1.53    1.57
                       0    1.91   -0.98    1.00    0.66
KDYL        1402  284.88   40.33  201.00    0.33    0.38    1.43    1.37 1696.00    0.00  3
                    0.97    0.52    0.64    0.42
                       0    0.79    0.17    0.30    0.27
KEVU        1482  265.09   40.35  228.00   -1.12   -1.12    1.64    1.72 3748.00    0.00  3
                   -0.35   -0.32    2.64    2.15
                       0   -1.72    0.04    2.63    1.89
KMKJ        2095  278.66   36.90  198.00   -0.31   -0.34    3.30    3.30 3528.00    0.00  3
                    1.29    1.23    0.85    0.89
                       0   -0.43    1.43    3.67    0.36
KMZZ        2187  274.32   40.49  170.00   -3.02   -3.09    2.33    2.36 2446.00    0.00  3
                   -2.71   -2.68    2.92    2.92
                       4   -2.88    0.84    1.91    0.73
KNSI        2220  240.55   33.22  150.00    0.24    0.13    1.62    1.73  614.00    0.00  3
                    0.28    0.26    0.59    0.90
                       0    0.49    0.49    1.11    0.95
KP69        2324  244.40   46.15  231.00    0.39    0.43    1.52    1.50 1344.00    0.00  3
                    0.29    0.29    1.45    1.41
                       0    0.79    0.00    1.02    1.30
KPSO        2403  252.95   37.28  231.00   -0.26   -0.23    1.30    1.32 4106.00    0.00  3
                   -0.57    0.14    0.90    1.60
                       0   -1.38    2.04    0.87    1.63
KRPD        2491  268.23   45.42  231.00   -1.93   -1.94    2.30    2.29 4113.00    0.00  3
                   -1.63   -1.76    2.85    2.82
                       0    0.12   -3.13    0.51    3.13
KU68        2751  251.55   44.91  154.00   -3.23   -3.24    1.76    1.75 2017.00    0.00  3
                   -3.44   -3.42    1.79    1.89
                       0   -4.85   -3.80    1.48    1.94
LIMH        3074    7.70   45.93  194.00   -0.16   -0.22    1.41    1.42 1148.00    0.00  3
                   -0.23   -0.30    1.33    1.31
                       0   -0.18    0.85    1.33    1.61
LIVE        3102   10.50   46.83  194.00    2.45    2.43    1.34    1.30 1116.00    0.00  3
                    2.63    2.62    1.29    1.19
                       0    2.32    2.55    1.16    1.67
LTCB        3202   43.03   39.71  231.00    5.71    5.66    1.44    1.45 1491.00    0.00  3
                    6.27    6.16    1.97    1.49
                       0    4.30    7.01    1.01    1.07
LTCS        3213   38.88   37.47  231.00    3.91    3.92    1.79    1.80 2779.00    0.00  3
                    4.32    3.48    1.95    1.71
                       0    3.17    4.13    1.11    1.52
OAKB        3384   69.22   34.54  231.00    1.30    1.27    1.30    1.27 1405.00    0.00  3
                    0.98    0.99    1.31    1.30
                       0    0.85    1.66    1.27    1.24
PALJ        3563  205.68   60.20  131.00    1.51    1.45    1.49    1.52  232.00    0.00  3
                    1.64    1.64    1.18    1.27
                       0    2.28    1.75    1.58    1.13
PAPT        3589  207.26   62.09  135.00    2.66    2.58    1.60    1.63  304.00    0.00  3
                    2.53    2.49    1.21    1.31
                       0    2.65    2.85    0.84    1.48
PHSF        3649  204.45   19.78  183.00   -1.27   -1.28    1.53    1.45 1638.00    0.00  3
                   -1.03   -1.16    1.55    1.48
                       0   -1.27   -1.07    2.08    1.96
SBBT        3804  311.40  -20.58  111.00    3.55    3.50    2.04    2.04  424.00    0.00  3
                    3.48    3.39    2.01    1.97
                       0    4.12    1.60    2.02    0.53
SBNM        3858  305.83  -28.27   70.00    0.50    0.59    1.40    1.43  175.00    0.00  3
                    1.12    0.83    1.67    1.28
                       1    0.23    0.28    1.16    2.15
SLLP        3971  291.82  -16.52  231.00   -0.31   -0.37    1.35    1.32 1422.00    0.00  3
                   -0.12   -0.22    1.14    1.20
                       0    0.18    0.06    1.36    0.92
SVMD        4011  288.82    8.60  184.00    3.23    3.25    1.31    1.29  492.00    0.00  3
                    3.15    3.19    1.37    1.26
                       0    3.31    3.21    1.64    1.04
UHMM        4081  150.72   59.92  231.00    2.53    2.57    1.33    1.35 2116.00    0.00  3
                    2.61    2.70    1.24    1.22
                       0    1.79    2.36    0.98    0.81
VQPR        4227   89.42   27.40  170.00    0.69    0.69    1.46    1.43 1036.00    0.00  3
                    1.42    0.78    1.52    1.56
                       0    1.06   -0.61    1.44    2.00
FNMA        4559   16.30   -9.55   85.00    1.63    1.50    1.56    1.54  256.00    0.00  3
                    1.70    1.49    1.52    1.57
                       3    1.55    2.48    1.76    1.97
LIQO        4643   11.17   42.38  144.00    0.77    0.70    1.42    1.39  609.00    0.00  3
                    1.83    2.04    1.75    2.12
                       0    0.50    0.65    1.23    2.42
SLOR        4761  292.92  -17.97  127.00    1.94    1.92    1.36    1.37  521.00    0.00  3
                    2.03    1.97    1.43    1.50
                       0    2.07    1.95    1.30    1.02
SLPO        4762  294.28  -19.53  101.00    2.24    2.12    1.35    1.45  398.00    1.00  3
                    2.26    2.14    1.39    1.49
                       0    2.72    1.45    1.81    1.00
SPHY        4793  286.66  -13.72  117.00    0.10    0.02    2.23    2.23  553.00    2.00  3
                    0.41    0.29    2.32    2.33
                       0    1.01    0.69    1.69    2.01
SPJJ        4857  284.53  -11.78   37.00    2.29    2.32    1.76    1.78   49.00    0.00  3
                    2.18    2.26    0.98    1.42
                       4 -999.00 -999.00 -999.00 -999.00
FDPP        4865   31.25  -25.96  175.00   -0.43   -0.46    3.17    3.18  682.00    2.00  3
                    0.07    0.07    1.33    1.22
                       0   -2.88   -0.18    2.78    0.67
