  27459        135   44.00   56.27    4.00
     62.00    0.57    0.59    2.50    2.33   80.00    1.00  3
              30    0.30    0.30    2.08    1.85
            0.88    1.15    2.59    3.48
    108.00    0.83    0.87    2.47    2.34  189.00    1.00  3
              31    0.20    0.20    1.63    1.48
           -0.45    0.35    2.97    1.70
     75.00   -0.36   -0.22    2.40    2.24  108.00    1.00  3
              32   -0.95   -0.70    1.56    1.48
            0.25   -0.55    3.04    2.45
     59.00   -0.05    0.03    2.36    2.36   80.00    3.00  3
              34    0.20    0.40    2.52    2.52
            1.60    0.10    3.11    2.82
  37259        209   47.48   43.01    4.00
     51.00   -1.22   -1.10    2.50    2.39   53.00    0.00  3
              32   -0.40   -0.50    1.78    1.78
            0.30   -2.25    1.48    3.93
    107.00   -0.94   -0.91    2.53    2.42  170.00    1.00  3
              33   -0.20   -0.20    1.78    1.71
           -0.88   -1.05    1.89    2.30
     52.00   -1.74   -1.71    2.40    2.27   57.00    2.00  3
              34   -0.65   -0.70    2.82    2.67
           -1.90   -1.55    1.93    3.11
     80.00   -1.41   -1.38    2.45    2.38   98.00    3.00  3
              36   -1.30   -1.25    1.89    1.74
           -0.47   -0.85    1.63    1.78
  87418        580  291.22  -32.83    4.00
     30.00   -0.97   -0.92    2.52    2.43   42.00    0.00  3
               3   -0.50   -0.10    2.74    2.15
            0.10    0.00    1.85    3.04
     33.00    0.07    0.27    2.48    2.19   50.00    1.00  3
              11   -0.60   -0.50    2.82    1.93
            1.40   -1.30    3.34    1.78
     79.00   -0.21   -0.12    2.31    1.49  136.00    0.00  3
              33   -0.10   -0.05    1.63    1.41
           -1.35    0.52    2.45    1.19
     53.00    0.01    0.04    2.74    2.13   65.00    0.00  3
              34    0.30   -0.10    3.11    2.22
           -1.05    0.45    2.22    3.04
