  22820         99   34.27   61.82    8.00
     39.00   -1.42   -1.21    1.29    1.12   44.00    0.00  0
              22   -1.40   -1.25    1.48    0.96
           -1.35   -2.12    1.26    1.19
     49.00   -1.53   -1.26    1.11    0.94   54.00    0.00  0
              23   -1.50   -1.30    1.19    1.04
           -1.75   -1.50    1.56    1.48
     48.00   -1.55   -1.21    1.16    0.96   55.00    0.00  0
              24   -1.35   -1.05    1.26    0.96
           -0.88   -2.15    1.09    0.89
    114.00   -1.84   -1.54    1.19    1.04  165.00    3.00  0
              25   -1.70   -1.50    1.19    1.04
           -1.98   -2.78    0.78    1.22
     45.00   -2.18   -1.73    1.33    1.16   57.00    0.00  0
              26   -2.20   -1.80    1.56    1.19
           -2.05   -2.75    1.63    1.33
     46.00   -2.23   -1.84    1.34    1.13   60.00    0.00  0
              27   -2.10   -1.70    1.48    1.11
           -2.20   -1.80    1.63    1.26
     53.00   -2.64   -2.24    1.41    1.24   69.00    3.00  0
              28   -2.60   -2.35    1.85    1.41
           -3.55   -1.90    2.00    2.67
    114.00   -2.09   -1.80    1.74    1.58  186.00    4.00  0
              29   -2.20   -1.50    1.78    1.63
           -2.67   -2.72    1.51    2.15
  23921        108   60.43   60.68   11.00
     31.00    1.66    1.44    1.34    1.23   35.00    0.00  0
              24    1.40    1.30    1.48    1.33
            1.55    1.55    1.11    1.33
    115.00    1.45    1.28    0.96    0.82  152.00    0.00  0
              25    1.40    1.20    0.67    0.59
            1.05    1.75    0.52    0.52
     47.00    1.37    1.17    1.21    0.96   55.00    0.00  0
              26    1.40    1.30    0.74    0.74
            1.15    1.45    0.89    0.82
     44.00    1.42    1.23    1.43    1.24   52.00    0.00  0
              27    1.65    1.40    1.26    1.22
            1.40    2.05    0.96    1.19
     44.00    1.65    1.41    1.42    1.16   53.00    0.00  0
              28    1.70    1.45    0.96    0.82
            1.85    1.80    0.89    1.15
    115.00    1.82    1.68    1.19    1.04  169.00    0.00  0
              29    1.80    1.70    1.04    0.89
            2.20    2.60    0.70    1.04
    115.00    1.31    1.44    1.49    1.28  205.00    0.00  0
              31    1.40    1.50    1.48    1.33
            1.80    2.05    1.07    1.78
     53.00    1.75    1.80    1.17    1.05   61.00    0.00  0
              34    1.90    1.80    0.89    0.89
            2.30    1.40    0.67    1.33
    114.00    1.31    1.28    0.80    0.79  135.00    0.00  0
              37    1.30    1.30    0.82    0.74
            1.70    1.38    0.74    0.67
    114.00    1.41    1.34    0.93    0.92  166.00    0.00  0
              38    1.48    1.40    0.96    0.89
            1.78    1.42    0.82    1.00
    114.00    1.40    1.33    0.90    0.88  198.00    0.00  0
              39    1.42    1.35    0.93    0.96
            1.60    1.70    1.11    1.04
  24641        115  121.62   63.77    5.00
     32.00    1.38    1.07    0.63    0.49   35.00    0.00  0
              22    1.50    1.10    0.74    0.52
            1.45    1.55    0.67    0.74
     31.00    1.55    1.28    0.87    0.83   34.00    0.00  0
              23    1.50    1.30    0.74    0.59
            1.50    1.70    0.44    1.04
     28.00    1.52    1.26    0.72    0.71   29.00    0.00  0
              24    1.45    1.33    0.59    0.89
            1.38    1.75    0.44    0.89
    115.00    1.51    1.27    0.88    0.80  140.00    0.00  0
              25    1.45    1.20    0.67    0.59
            1.35    1.62    0.56    0.59
    115.00    1.71    1.57    1.19    1.06  153.00    0.00  0
              29    1.73    1.60    0.54    0.89
            1.65    1.20    0.37    1.00
  24944        119  120.42   60.40    7.00
    113.00    1.31    1.09    0.91    0.82  155.00    1.00  0
              21    1.30    1.10    0.74    0.74
            1.47    1.20    0.59    0.82
     31.00    1.56    1.23    0.82    0.68   38.00    1.00  0
              22    1.50    1.20    0.59    0.74
            1.60    1.48    1.11    0.37
     31.00    1.43    1.13    1.26    1.16   35.00    0.00  0
              23    1.70    1.20    1.26    1.33
            1.15    1.90    0.96    1.33
     30.00    1.60    1.24    1.17    1.00   31.00    0.00  0
              24    1.75    1.33    1.04    0.93
            1.70    1.92    1.19    0.63
    114.00    1.63    1.35    1.30    1.22  148.00    0.00  0
              25    1.50    1.30    1.04    0.78
            2.28    1.73    1.26    1.04
     37.00    1.98    1.55    1.73    1.61   43.00    0.00  0
              27    1.60    1.20    1.33    1.04
            2.40    1.55    1.41    1.04
    113.00    2.22    1.97    1.74    1.64  146.00    2.00  0
              29    1.90    1.70    1.19    1.19
            3.60    2.50    2.93    2.08
  28445        143   61.07   56.73    8.00
     29.00    1.31    1.16    0.88    0.77   36.00    0.00  0
              19    1.50    1.30    0.74    0.74
            1.35    1.65    0.74    0.96
     40.00    1.53    1.32    1.10    1.02   45.00    0.00  0
              23    1.80    1.48    0.96    1.08
            1.30    2.25    1.28    0.96
    113.00    1.43    1.31    0.91    0.75  146.00    0.00  0
              25    1.50    1.45    0.74    0.67
            0.58    1.90    0.85    1.22
     40.00    1.30    1.12    1.09    0.93   53.00    0.00  0
              26    1.25    1.10    1.04    1.11
            1.08    1.20    0.96    0.82
     30.00    1.50    1.38    1.19    0.97   46.00    0.00  0
              27    1.78    1.45    0.74    0.48
            1.78    1.63    0.93    0.50
     43.00    1.57    1.38    1.17    1.05   48.00    0.00  0
              28    1.80    1.50    1.04    0.89
            1.00    2.70    1.48    1.41
    113.00    1.86    1.73    1.05    0.99  183.00    0.00  0
              29    1.90    1.80    0.84    0.82
            0.83    2.18    0.74    0.41
    112.00    1.70    1.78    1.45    1.35  190.00    0.00  0
              31    1.73    1.90    1.59    1.36
            0.38    2.00    0.74    1.52
  28698        145   73.40   54.93    6.00
    112.00   -1.67   -1.47    1.23    1.08  153.00    0.00  0
              21   -1.62   -0.75    1.16    1.78
           -1.62   -1.67    1.26    0.74
     44.00   -1.58   -1.36    1.33    1.15   48.00    0.00  0
              22   -1.55   -1.10    0.89    0.74
           -1.40   -1.90    0.96    0.96
     38.00   -1.67   -1.40    1.29    1.20   40.00    0.00  0
              23   -1.50   -1.35    1.11    0.96
           -0.95   -1.75    1.04    0.67
     35.00   -2.22   -1.81    1.35    1.24   38.00    1.00  0
              24   -2.10   -1.60    1.04    0.74
           -2.15   -2.15    1.26    1.19
    108.00   -2.36   -2.08    1.55    1.37  145.00    0.00  0
              25   -2.53   -2.15    1.30    1.11
           -2.00   -3.55    1.00    1.48
     41.00   -2.82   -2.41    1.26    1.18   47.00    0.00  0
              26   -1.80   -1.60    1.93    1.19
           -2.05   -3.50    1.48    1.48
  31736        174  135.23   48.53    5.00
     38.00    1.31    0.99    0.95    0.71   43.00    0.00  0
              20    1.45    1.20    0.96    0.74
            1.45    1.95    0.82    1.00
    114.00    1.46    1.27    1.07    0.93  150.00    0.00  0
              25    1.40    1.20    0.96    0.78
            1.68    1.42    0.88    1.78
     37.00    1.45    1.28    1.13    0.94   44.00    0.00  0
              26    1.40    1.20    0.89    0.74
            1.38    1.45    1.04    0.89
     40.00    1.50    1.33    1.37    1.11   46.00    0.00  0
              27    1.65    1.30    1.41    1.11
            1.60    1.65    1.19    1.70
    112.00    1.54    1.52    1.54    1.34  160.00    0.00  0
              29    1.50    1.60    1.71    1.33
            2.85    1.55    1.26    3.26
  31873        176  133.74   45.93    5.00
     65.00   -1.85   -1.54    1.54    1.25   81.00    0.00  0
              30   -1.70   -1.50    1.63    1.33
           -2.30   -1.60    1.93    1.85
    115.00   -1.31   -1.19    1.34    1.18  199.00    0.00  0
              31   -1.40   -1.30    1.56    1.33
           -2.38   -0.05    1.00    0.78
    113.00   -1.37   -1.37    1.27    1.11  191.00    0.00  0
              35   -1.30   -1.30    1.33    1.04
           -1.90    0.30    0.67    1.33
     68.00   -1.58   -1.43    1.51    1.30  113.00    0.00  0
              36   -1.68   -1.50    1.36    1.19
           -2.45   -1.30    1.14    0.82
     81.00   -1.92   -2.01    1.78    1.73  142.00    0.00  0
              42   -1.70   -1.90    1.53    1.48
           -2.97   -0.22    0.78    0.88
  32389        182  160.83   56.32    5.00
     28.00   -1.49   -1.24    1.48    1.22   34.00    2.00  0
              26   -1.45   -1.30    1.56    1.19
           -0.65   -2.00    1.04    0.96
     46.00   -1.60   -1.32    1.28    1.05   58.00    1.00  0
              27   -1.45   -1.40    1.26    0.89
           -1.50   -1.85    1.41    0.74
     36.00   -1.85   -1.50    1.34    1.12   43.00    2.00  0
              28   -1.98   -1.72    1.59    1.19
           -1.92   -2.63    1.37    0.95
    112.00   -1.65   -1.40    1.69    1.55  168.00    2.00  0
              29   -1.70   -1.52    0.89    0.93
           -1.15   -1.90    0.82    1.22
     29.00   -1.51   -1.50    1.51    1.48   39.00    0.00  0
              36   -2.10   -2.00    1.48    1.78
           -1.33   -2.15    1.56    1.52
  34858        197   43.35   45.92   17.00
    113.00    1.93    1.62    1.88    1.37  146.00    0.00  0
               4    2.30    1.60    1.93    1.48
            3.10    0.15    1.04    1.26
    112.00    2.01    1.56    1.67    1.29  148.00    3.00  0
               7    2.50    1.76    1.78    1.25
            2.70    0.62    0.44    1.89
     30.00    1.43    1.05    1.65    1.15   36.00    2.00  0
               8    2.50    0.95    1.48    1.33
            2.55    0.85    0.96    1.33
     42.00    1.64    1.39    1.44    1.29   48.00    1.00  0
               9    1.75    1.45    1.19    1.26
            1.85    0.70    0.96    1.70
     43.00    1.34    1.17    1.55    1.25   49.00    0.00  0
              10    1.50    1.20    1.63    1.04
            1.50   -0.40    1.04    1.11
    113.00    1.42    1.29    1.38    1.21  165.00    0.00  0
              13    1.60    1.40    1.26    1.11
            1.83    0.40    0.82    0.89
     40.00    1.46    1.37    1.45    1.34   47.00    1.00  0
              14    1.35    1.25    1.26    1.19
            1.80    0.50    0.89    0.74
     36.00    1.54    1.39    1.04    1.02   40.00    0.00  0
              16    1.35    1.20    0.89    0.74
            2.10    1.10    0.82    1.04
     29.00    1.73    1.57    1.18    1.09   32.00    1.00  0
              17    1.80    1.60    0.96    0.89
            2.25    1.60    0.85    1.33
     36.00    1.79    1.68    1.15    1.26   44.00    1.00  0
              19    1.77    1.62    0.82    1.26
            2.00    1.30    0.44    1.07
     36.00    1.59    1.47    0.98    0.93   39.00    0.00  0
              20    1.60    1.50    1.04    0.89
            1.90    0.95    1.00    0.89
    111.00    1.57    1.49    1.07    1.05  143.00    2.00  0
              21    1.60    1.57    1.19    1.14
            1.78    0.80    0.89    0.52
     31.00    1.90    1.79    1.13    1.16   36.00    1.00  0
              22    1.70    1.60    1.19    1.19
            2.15    1.20    0.89    0.67
    111.00    1.37    1.37    1.18    1.16  139.00    2.00  0
              25    1.50    1.50    1.04    1.04
            1.88    0.45    0.33    1.04
     34.00    1.59    1.60    1.22    1.22   37.00    0.00  0
              26    2.00    1.45    1.41    1.33
            1.65    0.90    0.67    0.96
     28.00    1.98    1.94    1.09    1.02   28.00    0.00  0
              27    2.05    2.00    1.33    0.96
            2.20    2.00    1.04    1.56
    109.00    1.52    1.62    1.36    1.31  148.00    2.00  0
              29    1.70    1.70    1.48    1.48
            1.80    0.60    1.22    0.96
  42314        228   95.02   27.48    4.00
     40.00    1.41    0.93    1.06    0.82   46.00    0.00  0
               5    1.50    0.85    1.04    0.70
            1.55    1.60    1.11    0.67
     31.00    1.55    1.10    0.82    0.62   38.00    0.00  0
               6    1.50    1.20    0.74    0.59
            1.60    1.60    0.89    0.59
    112.00    1.42    1.09    0.75    0.52  134.00    0.00  0
               7    1.35    1.10    0.82    0.48
            1.60    1.85    0.59    0.67
     33.00    1.35    1.08    0.73    0.59   40.00    0.00  0
              14    1.40    1.20    0.59    0.44
            1.60    1.40    0.74    0.67
  43311        253   72.73   11.12    5.00
     37.00    1.59    1.36    0.85    0.76   41.00    0.00  0
               5    1.50    1.40    0.74    0.59
            0.95    1.85    0.67    0.52
     38.00    1.33    1.09    0.95    0.88   43.00    1.00  0
              12    1.25    0.90    0.67    0.59
            1.50    1.35    0.74    0.52
    100.00    1.30    1.10    0.89    0.81  146.00    4.00  0
              13    1.31    1.10    0.70    0.59
            1.60    1.20    0.41    0.67
     43.00    1.53    1.31    1.15    1.10   56.00    0.00  0
              14    1.40    1.20    0.74    0.74
            1.85    1.00    0.96    0.74
     41.00    1.31    1.12    0.64    0.57   49.00    0.00  0
              15    1.50    1.30    0.59    0.59
            1.65    1.20    0.89    0.79
  43333        254   92.72   11.67   11.00
     30.00    1.57    1.26    1.04    0.98   35.00    1.00  0
               6    1.35    1.10    1.56    1.11
            0.90    1.65    0.52    1.63
    111.00    1.40    1.21    0.75    0.68  133.00    2.00  0
               7    1.50    1.20    0.82    0.74
            1.95    1.15    0.67    1.19
    111.00    1.55    1.36    0.93    0.86  161.00    1.00  0
              13    1.50    1.30    0.59    0.59
            1.58    1.35    0.44    0.52
     35.00    1.73    1.48    1.11    1.01   42.00    1.00  0
              14    1.80    1.50    1.19    0.89
            2.10    1.75    0.78    0.96
     29.00    1.80    1.62    0.97    0.90   32.00    0.00  0
              15    1.85    1.55    0.96    0.82
            1.83    1.90    0.96    1.04
     40.00    1.36    1.20    1.13    1.03   47.00    1.00  0
              18    1.30    1.15    1.19    1.08
            2.00    1.15    0.96    1.00
     73.00    1.45    1.28    0.69    0.66   82.00    0.00  0
              19    1.40    1.20    0.59    0.59
            1.70    1.40    0.59    0.74
     37.00    2.08    1.84    0.71    0.66   40.00    0.00  0
              20    2.10    1.90    0.44    0.59
            2.40    1.95    0.52    0.67
    108.00    1.64    1.49    0.77    0.70  153.00    0.00  0
              21    1.60    1.45    0.59    0.52
            2.35    1.65    0.62    0.52
     33.00    1.66    1.50    1.10    1.06   40.00    0.00  0
              22    1.50    1.40    0.59    0.59
            1.73    1.50    0.82    0.47
     41.00    1.30    1.20    0.96    0.90   47.00    0.00  0
              23    1.30    1.20    0.59    0.59
            1.05    1.65    0.74    0.82
  56985        359  103.33   23.44    4.00
     85.00    4.16    4.10    1.03    1.01   87.00    2.00  0
               6    4.10    4.00    0.89    0.89
            3.80    4.15    0.96    0.89
    115.00    3.55    3.51    1.21    1.12  143.00    0.00  0
               7    3.60    3.50    1.04    1.04
            3.50    2.95    1.07    0.89
    114.00    1.76    1.66    0.85    0.79  114.00    0.00  0
              33    1.70    1.65    0.89    0.82
            2.40    2.00    0.89    0.59
    113.00    2.11    1.90    1.05    0.98  113.00    0.00  0
              35    2.20    1.90    1.04    0.89
            2.85    2.35    0.96    0.82
  60018        398  343.62   28.32    4.00
    108.00    2.64    2.57    1.41    1.46  294.00    0.00  0
               1    2.62    2.62    1.49    1.48
            2.64    2.56    2.16    1.10
     60.00    2.13    1.81    1.81    1.62  106.00    0.00  0
               5    2.05    1.65    2.11    2.08
            2.78    1.38    1.61    1.11
     57.00    2.24    1.82    1.64    1.39   89.00    4.00  0
               6    2.00    1.40    1.48    1.04
            3.09    1.50    1.70    0.82
    107.00    1.33    0.92    1.71    1.35  161.00    3.00  0
               7    1.10    0.70    1.78    1.19
            1.42    0.35    2.71    0.78
  64700        407   15.03   12.13    4.00
    114.00   -2.38   -1.00    1.97    1.46  206.00    2.00  0
               2   -2.02   -0.75    1.72    1.46
           -1.60   -2.22    2.30    1.33
     45.00   -2.43   -0.95    1.84    1.17   66.00    1.00  0
               3   -2.20   -0.70    1.68    1.04
           -2.25   -2.47    1.93    1.82
    115.00   -2.07   -0.76    1.49    0.82  168.00    0.00  0
               4   -1.90   -0.65    1.33    0.67
           -1.55   -2.75    0.59    0.89
     43.00   -1.62   -0.43    1.14    0.62   53.00    0.00  0
               5   -1.60   -0.50    1.33    0.59
           -0.60   -2.50    1.26    0.82
  96805        649  109.02   -7.73    9.00
     68.00   -1.57   -1.26    0.85    0.75   86.00    0.00  0
               5   -1.60   -1.30    0.96    0.89
           -1.40   -1.67    0.82    0.56
     71.00   -1.57   -1.22    1.04    0.93   88.00    0.00  0
               6   -1.50   -1.20    0.74    0.74
           -1.67   -1.52    1.33    0.37
    114.00   -1.66   -1.32    0.83    0.72  215.00    0.00  0
               7   -1.50   -1.20    0.74    0.59
           -1.55   -1.48    0.93    0.67
     61.00   -1.99   -1.58    1.11    0.93   78.00    3.00  0
               8   -1.75   -1.50    0.89    0.74
           -2.15   -1.45    0.67    0.30
     68.00   -2.08   -1.69    1.00    0.88   94.00    1.00  0
               9   -1.90   -1.55    1.04    0.96
           -2.65   -1.25    0.96    0.74
     71.00   -2.00   -1.62    1.16    1.07   86.00    1.00  0
              10   -1.85   -1.50    1.11    0.89
           -2.00   -1.97    1.33    0.85
     62.00   -1.85   -1.51    1.14    1.08   80.00    2.00  0
              11   -1.67   -1.40    1.11    1.04
           -1.55   -1.65    1.85    0.59
     50.00   -1.65   -1.36    1.17    1.05   70.00    3.00  0
              12   -1.55   -1.25    1.11    0.96
           -0.95   -1.80    0.96    0.47
    113.00   -1.37   -1.20    0.84    0.79  176.00    0.00  0
              13   -1.30   -1.15    0.82    0.67
           -0.67   -1.57    0.31    0.48
