  22820      34.27   61.82       8
    487.50  462.50   -1.42   -1.21    1.29    1.12  0
    462.50  437.50   -1.53   -1.26    1.11    0.94  0
    437.50  412.50   -1.55   -1.21    1.16    0.96  0
    412.50  387.50   -1.84   -1.54    1.19    1.04  0
    387.50  362.50   -2.18   -1.73    1.33    1.16  0
    362.50  337.50   -2.23   -1.84    1.34    1.13  0
    337.50  312.50   -2.64   -2.24    1.41    1.24  0
    312.50  287.50   -2.09   -1.80    1.74    1.58  0
  23921      60.43   60.68      11
    437.50  412.50    1.66    1.44    1.34    1.23  0
    412.50  387.50    1.45    1.28    0.96    0.82  0
    387.50  362.50    1.37    1.17    1.21    0.96  0
    362.50  337.50    1.42    1.23    1.43    1.24  0
    337.50  312.50    1.65    1.41    1.42    1.16  0
    312.50  287.50    1.82    1.68    1.19    1.04  0
    262.50  237.50    1.31    1.44    1.49    1.28  0
    187.50  162.50    1.75    1.80    1.17    1.05  0
    112.50   87.50    1.31    1.28    0.80    0.79  0
     87.50   60.00    1.41    1.34    0.93    0.92  0
     60.00   40.00    1.40    1.33    0.90    0.88  0
  24641     121.62   63.77       5
    487.50  462.50    1.38    1.07    0.63    0.49  0
    462.50  437.50    1.55    1.28    0.87    0.83  0
    437.50  412.50    1.52    1.26    0.72    0.71  0
    412.50  387.50    1.51    1.27    0.88    0.80  0
    312.50  287.50    1.71    1.57    1.19    1.06  0
  24944     120.42   60.40       7
    512.50  487.50    1.31    1.09    0.91    0.82  0
    487.50  462.50    1.56    1.23    0.82    0.68  0
    462.50  437.50    1.43    1.13    1.26    1.16  0
    437.50  412.50    1.60    1.24    1.17    1.00  0
    412.50  387.50    1.63    1.35    1.30    1.22  0
    362.50  337.50    1.98    1.55    1.73    1.61  0
    312.50  287.50    2.22    1.97    1.74    1.64  0
  28445      61.07   56.73       8
    562.50  537.50    1.31    1.16    0.88    0.77  0
    462.50  437.50    1.53    1.32    1.10    1.02  0
    412.50  387.50    1.43    1.31    0.91    0.75  0
    387.50  362.50    1.30    1.12    1.09    0.93  0
    362.50  337.50    1.50    1.38    1.19    0.97  0
    337.50  312.50    1.57    1.38    1.17    1.05  0
    312.50  287.50    1.86    1.73    1.05    0.99  0
    262.50  237.50    1.70    1.78    1.45    1.35  0
  28698      73.40   54.93       6
    512.50  487.50   -1.67   -1.47    1.23    1.08  0
    487.50  462.50   -1.58   -1.36    1.33    1.15  0
    462.50  437.50   -1.67   -1.40    1.29    1.20  0
    437.50  412.50   -2.22   -1.81    1.35    1.24  0
    412.50  387.50   -2.36   -2.08    1.55    1.37  0
    387.50  362.50   -2.82   -2.41    1.26    1.18  0
  31736     135.23   48.53       5
    537.50  512.50    1.31    0.99    0.95    0.71  0
    412.50  387.50    1.46    1.27    1.07    0.93  0
    387.50  362.50    1.45    1.28    1.13    0.94  0
    362.50  337.50    1.50    1.33    1.37    1.11  0
    312.50  287.50    1.54    1.52    1.54    1.34  0
  31873     133.74   45.93       5
    287.50  262.50   -1.85   -1.54    1.54    1.25  0
    262.50  237.50   -1.31   -1.19    1.34    1.18  0
    162.50  137.50   -1.37   -1.37    1.27    1.11  0
    137.50  112.50   -1.58   -1.43    1.51    1.30  0
     15.00    7.50   -1.92   -2.01    1.78    1.73  0
  32389     160.83   56.32       5
    387.50  362.50   -1.49   -1.24    1.48    1.22  0
    362.50  337.50   -1.60   -1.32    1.28    1.05  0
    337.50  312.50   -1.85   -1.50    1.34    1.12  0
    312.50  287.50   -1.65   -1.40    1.69    1.55  0
    137.50  112.50   -1.51   -1.50    1.51    1.48  0
  34858      43.35   45.92      17
    937.50  912.50    1.93    1.62    1.88    1.37  0
    862.50  837.50    2.01    1.56    1.67    1.29  0
    837.50  812.50    1.43    1.05    1.65    1.15  0
    812.50  787.50    1.64    1.39    1.44    1.29  0
    787.50  762.50    1.34    1.17    1.55    1.25  0
    712.50  687.50    1.42    1.29    1.38    1.21  0
    687.50  662.50    1.46    1.37    1.45    1.34  0
    637.50  612.50    1.54    1.39    1.04    1.02  0
    612.50  587.50    1.73    1.57    1.18    1.09  0
    562.50  537.50    1.79    1.68    1.15    1.26  0
    537.50  512.50    1.59    1.47    0.98    0.93  0
    512.50  487.50    1.57    1.49    1.07    1.05  0
    487.50  462.50    1.90    1.79    1.13    1.16  0
    412.50  387.50    1.37    1.37    1.18    1.16  0
    387.50  362.50    1.59    1.60    1.22    1.22  0
    362.50  337.50    1.98    1.94    1.09    1.02  0
    312.50  287.50    1.52    1.62    1.36    1.31  0
  42314      95.02   27.48       4
    912.50  887.50    1.41    0.93    1.06    0.82  0
    887.50  862.50    1.55    1.10    0.82    0.62  0
    862.50  837.50    1.42    1.09    0.75    0.52  0
    687.50  662.50    1.35    1.08    0.73    0.59  0
  43311      72.73   11.12       5
    912.50  887.50    1.59    1.36    0.85    0.76  0
    737.50  712.50    1.33    1.09    0.95    0.88  0
    712.50  687.50    1.30    1.10    0.89    0.81  0
    687.50  662.50    1.53    1.31    1.15    1.10  0
    662.50  637.50    1.31    1.12    0.64    0.57  0
  43333      92.72   11.67      11
    887.50  862.50    1.57    1.26    1.04    0.98  0
    862.50  837.50    1.40    1.21    0.75    0.68  0
    712.50  687.50    1.55    1.36    0.93    0.86  0
    687.50  662.50    1.73    1.48    1.11    1.01  0
    662.50  637.50    1.80    1.62    0.97    0.90  0
    587.50  562.50    1.36    1.20    1.13    1.03  0
    562.50  537.50    1.45    1.28    0.69    0.66  0
    537.50  512.50    2.08    1.84    0.71    0.66  0
    512.50  487.50    1.64    1.49    0.77    0.70  0
    487.50  462.50    1.66    1.50    1.10    1.06  0
    462.50  437.50    1.30    1.20    0.96    0.90  0
  56985     103.33   23.44       4
    887.50  862.50    4.16    4.10    1.03    1.01  0
    862.50  837.50    3.55    3.51    1.21    1.12  0
    212.50  187.50    1.76    1.66    0.85    0.79  0
    162.50  137.50    2.11    1.90    1.05    0.98  0
  60018     343.62   28.32       4
   1200.00  987.50    2.64    2.57    1.41    1.46  0
    912.50  887.50    2.13    1.81    1.81    1.62  0
    887.50  862.50    2.24    1.82    1.64    1.39  0
    862.50  837.50    1.33    0.92    1.71    1.35  0
  64700      15.03   12.13       4
    987.50  962.50   -2.38   -1.00    1.97    1.46  0
    962.50  937.50   -2.43   -0.95    1.84    1.17  0
    937.50  912.50   -2.07   -0.76    1.49    0.82  0
    912.50  887.50   -1.62   -0.43    1.14    0.62  0
  96805     109.02   -7.73       9
    912.50  887.50   -1.57   -1.26    0.85    0.75  0
    887.50  862.50   -1.57   -1.22    1.04    0.93  0
    862.50  837.50   -1.66   -1.32    0.83    0.72  0
    837.50  812.50   -1.99   -1.58    1.11    0.93  0
    812.50  787.50   -2.08   -1.69    1.00    0.88  0
    787.50  762.50   -2.00   -1.62    1.16    1.07  0
    762.50  737.50   -1.85   -1.51    1.14    1.08  0
    737.50  712.50   -1.65   -1.36    1.17    1.05  0
    712.50  687.50   -1.37   -1.20    0.84    0.79  0
