  27459      44.00   56.27       4
    287.50  262.50    0.57    0.59    2.50    2.33  3
    262.50  237.50    0.83    0.87    2.47    2.34  3
    237.50  212.50   -0.36   -0.22    2.40    2.24  3
    187.50  162.50   -0.05    0.03    2.36    2.36  3
  37259      47.48   43.01       4
    237.50  212.50   -1.22   -1.10    2.50    2.39  3
    212.50  187.50   -0.94   -0.91    2.53    2.42  3
    187.50  162.50   -1.74   -1.71    2.40    2.27  3
    137.50  112.50   -1.41   -1.38    2.45    2.38  3
  87418     291.22  -32.83       4
    962.50  937.50   -0.97   -0.92    2.52    2.43  3
    762.50  737.50    0.07    0.27    2.48    2.19  3
    212.50  187.50   -0.21   -0.12    2.31    1.49  3
    187.50  162.50    0.01    0.04    2.74    2.13  3
