46027        140  235.60   41.90  231.00   -3.46   -3.23    2.11    1.88 1385.00    1.00  3
                   -2.45   -2.20    1.63    1.63
                       0   -3.06   -1.92    1.00    1.77
46088        164  236.80   48.30  230.00   -3.71   -3.04    2.53    1.94 2765.00   27.00  3
                   -3.11   -2.60    2.05    1.48
                       0   -6.60   -0.85    2.84    0.94
46092        166  238.00   36.80  229.00   -2.31   -0.44    2.41    2.00 1357.00    0.00  3
                   -1.73    0.07    2.42    1.73
                       0   -3.08   -1.12    3.10    1.99
46125        172  237.40   47.90  162.00   -2.60   -2.01    2.83    2.12 5604.00   47.00  3
                   -1.82   -1.47    2.74    1.90
                       0   -5.26    0.00    3.30    1.38
46181        177  231.20   53.80  227.00    2.52    2.67    2.22    2.04 1350.00    0.00  3
                    2.72    2.80    2.15    1.90
                       0    2.39    2.22    3.13    2.17
9HJD9        290  225.60   58.20  112.00    0.79    1.04    3.21    3.35  218.00   50.00  3
                    0.45    0.70    2.97    3.37
                       2    1.85    1.70    3.04    2.52
9HJF9        291  219.30   59.50  112.00    0.17    0.41    2.88    2.79  128.00    1.00  3
                    0.40    0.55    2.22    2.30
                       0    0.50   -0.75    2.08    3.85
9V9040       311  347.70  -24.20  184.00    2.60    2.50    3.78    3.66 1409.00    8.00  3
                    1.75    2.81    4.08    4.37
                       0    0.10    6.52    2.73    3.01
9V9725       316   38.40   20.30  171.00    1.60    1.62    2.13    2.11  183.00    0.00  3
                    1.30    1.30    2.08    2.08
                       8    1.65    0.65    3.04    1.41
A8HZ4        322  215.10   41.90   28.00    2.96    2.98    2.61    2.60   29.00    0.00  3
                    3.25    3.20    2.60    2.22
                      74 -999.00 -999.00 -999.00 -999.00
BATFR17      371  324.40   26.10  121.00   -2.94   -2.79    2.37    2.27  664.00    5.00  3
                   -1.52   -1.50    2.06    1.93
                      55   -2.58   -1.71    1.68    2.14
C6UC3        432  199.60   34.80  106.00    0.59    0.58    2.29    2.28  107.00    0.00  3
                    0.20    0.15    2.08    2.00
                       0    0.00    1.10    2.59    2.00
CECC1        447  235.82   41.74  230.00   -3.07   -2.84    2.70    2.59 2610.00   38.00  3
                   -2.58   -2.29    2.90    2.81
                       0   -2.83   -1.31    2.49    1.46
CPXC1        460  239.26   35.17  231.00   -2.94   -1.86    2.70    2.4838364.00    0.00  3
                   -2.56   -1.40    3.08    2.55
                       0   -4.18    0.05    3.27    1.51
EBSW1        513  237.66   47.60  230.00   -0.01    0.28    2.44    1.75 2530.00    0.00  3
                    0.33    0.73    2.00    1.05
                       0   -2.45    1.11    4.02    1.43
ELXC1        516  238.26   36.82  231.00   -2.41   -0.10    3.13    2.47 5532.00    0.00  3
                   -1.61    0.52    3.01    2.22
                       0   -3.57    0.01    4.19    1.69
FTPC1        533  237.53   37.81  222.00   -2.09   -1.01    2.30    1.81 2490.00    0.00  3
                   -1.41   -0.52    1.88    1.30
                       0   -1.38   -1.30    1.75    1.47
HBYC1        548  235.78   40.77  230.00   -2.89   -2.84    2.34    2.23 1325.00   14.00  3
                   -2.48   -2.73    2.08    2.28
                       0   -3.35   -1.65    2.14    0.96
J8NW         561  281.50   26.20  181.00   -0.50   -0.43    2.53    2.46  353.00    0.00  3
                   -0.20   -0.05    2.37    2.00
                       0   -0.12    0.75    2.14    2.37
JNEA2        570  225.59   58.30  229.00    2.32    2.27    2.12    2.02 2522.00    0.00  3
                    2.24    2.33    1.32    1.50
                       0    2.23    2.47    1.01    1.53
MAZS6        616  320.20   39.70  187.00    0.61    0.64    2.13    2.11  282.00    0.00  3
                    0.40    0.45    1.78    1.85
                       0    0.95   -0.15    2.04    2.78
MRNA2        635  225.74   58.20  231.00    0.84    0.79    2.30    2.07 8133.00    0.00  3
                    0.57    1.31    1.74    1.75
                       0    0.15    1.05    0.76    1.65
OKXC1        658  237.67   37.81  230.00   -1.38   -0.08    2.15    1.50 2700.00    0.00  3
                   -0.74    0.43    1.90    0.93
                       0   -0.76   -1.04    1.55    1.75
ONIK         664  298.50   10.30  112.00    0.71    0.76    2.22    2.21  142.00    0.00  3
                    0.65    0.20    2.15    1.93
                       0    0.00   -0.08    1.85    1.85
PCHM         680  230.00   53.80  213.00    0.79    0.95    2.74    2.63  679.00    5.00  3
                    0.36    0.68    1.87    1.96
                       0    0.04    0.10    2.68    1.43
PHET         691  225.60   58.30  164.00    0.36    0.37    2.27    2.27  436.00    4.00  3
                    0.15    0.27    2.00    2.04
                       0    1.00   -0.29    3.41    1.70
PINX         694  224.70   59.40  110.00    0.64    0.59    2.33    2.25  196.00    0.00  3
                    0.10    0.10    1.78    1.78
                       0   -0.05    0.15    0.92    1.96
PSLC1        704  239.25   35.17  229.00   -2.77   -1.63    2.75    2.51 1200.00    0.00  3
                   -2.52   -1.27    2.90    2.48
                       0   -3.83   -0.09    3.42    1.90
PTAW1        707  236.56   48.12  230.00   -1.26   -0.55    2.90    2.41 2569.00    3.00  3
                   -0.27    0.04    1.96    1.85
                       0   -3.88    1.11    4.48    1.38
S6LT6        726   22.90   33.90  147.00    1.20    1.20    2.65    2.61  204.00    0.00  3
                    0.65    0.55    2.30    2.00
                       0    0.67    1.67    3.41    3.48
SDIA2        736  225.61   58.28  224.00    2.77    2.71    2.25    2.09 3998.00    2.00  3
                    2.74    2.82    1.60    1.45
                       0    2.54    2.94    0.77    1.27
SKTA2        750  224.67   59.45  230.00    4.27    4.36    2.72    2.81 2563.00    0.00  3
                    7.14    5.32    3.72    2.77
                       0    6.11    3.77    1.39    2.46
TBWUK37      761  114.40    4.70   83.00    1.75    1.78    2.29    2.21   91.00    0.00  3
                    1.60    1.50    2.08    1.93
                       2    1.40    3.10    2.37    2.37
UBSI9        785  130.20   37.60   45.00    4.43    4.38    2.10    2.10   47.00    0.00  3
                    4.40    4.50    1.93    1.93
                       6 -999.00 -999.00 -999.00 -999.00
V7ZZ5        799  293.50   50.20  138.00    1.49    1.43    2.50    2.42  571.00    0.00  3
                    1.73    1.52    2.27    2.30
                       0    0.56    1.74    2.54    3.85
VDZA2        811  213.64   61.13  221.00    3.01    3.16    2.34    2.25 2475.00    1.00  3
                    4.43    4.22    2.54    1.99
                       0    3.22    2.78    1.07    1.30
VRCI9        822  233.20   35.10   59.00    1.52    1.55    2.27    2.26   59.00    0.00  3
                    1.10    1.20    1.48    1.63
                       1    1.10    1.60    1.48    4.15
VRIZ9        838  253.20   15.80  151.00    0.75    0.77    2.31    2.27  241.00    0.00  3
                    0.60    0.55    2.22    2.00
                       0    0.58   -0.12    1.63    1.93
VRLJ2        843  285.50   37.50   94.00   -0.30   -0.24    2.23    2.23   99.00    0.00  3
                   -0.30   -0.30    1.78    1.63
                       0   -0.55   -0.30    1.85    2.82
VRMV3        848  347.10   28.80  112.00    1.68    1.67    2.29    2.27  114.00    1.00  3
                    1.20    1.20    1.78    1.78
                      51    2.65    0.75    3.71    1.78
VRNF7        851   32.50   29.80   67.00    1.33    1.36    2.44    2.39   76.00    0.00  3
                    1.00    0.90    1.63    1.78
                       3    0.43    1.55    1.70    2.22
VRRB6        859  319.80  -20.30  163.00    1.60    1.54    2.16    2.11  684.00    0.00  3
                    2.30    2.20    2.11    2.08
                       5    0.90    2.06    1.90    2.26
VRRI4        860   58.90  -22.00  226.00    0.64    0.68    2.45    2.42 1351.00    0.00  3
                    0.52    0.52    2.11    2.10
                       0   -1.10    2.50    1.89    1.75
VTGB         866   88.30   22.50  208.00    4.17    4.29    3.63    3.61  410.00   39.00  3
                    3.80    3.85    2.97    2.89
                       0    2.62    5.26    3.00    2.97
VTWS         869   83.30   17.70  220.00    2.94    2.90    3.13    3.13  429.00    7.00  3
                    2.80    2.70    2.22    2.30
                       0    1.42    3.88    1.22    1.33
WMDQ         917   59.60   23.00   68.00    1.19    1.13    3.01    2.95   70.00    2.00  3
                    1.65    1.75    2.60    2.60
                      11    0.90    0.25    2.37    3.41
WMKN         918    7.20   37.20   99.00    1.09    1.08    2.40    2.36  105.00    1.00  3
                    0.80    0.80    1.93    1.93
                       2    0.85    0.80    2.67    1.59
WNTL         920  319.30   41.60  106.00    0.12    0.16    2.12    2.11  112.00    0.00  3
                   -0.50   -0.45    1.63    1.48
                       2   -0.40    1.10    1.48    3.74
WPOW1        922  237.56   47.66  231.00   -1.40   -1.11    2.69    1.96 1384.00    0.00  3
                   -1.03   -0.68    2.32    1.61
                       0   -3.51    0.51    3.39    1.61
ZCDG4        951  228.70   54.40   68.00    0.04    0.14    2.52    2.36   74.00    0.00  3
                    0.20    0.08    2.15    1.96
                       7    0.20    0.00    2.22    1.48
8TAO         993   72.80   18.90  135.00    2.10    2.04    2.22    2.18  263.00    0.00  3
                    1.40    1.40    1.78    1.78
                      68    0.52    3.40    1.56    4.37
9HA3667      997  225.60   58.10   97.00    0.46    0.50    2.45    2.31  166.00    1.00  3
                    0.15    0.20    1.85    1.85
                       5    0.50    0.12    3.11    1.85
9V9925      1004  227.60   41.70   84.00    1.95    1.90    2.23    2.16   88.00    0.00  3
                    1.75    1.75    1.85    1.78
                       0    1.55    2.40    1.63    2.22
D5LJ2       1039  325.30   32.30   86.00   -0.11   -0.05    2.45    2.46   88.00    0.00  3
                   -0.77   -0.65    2.11    2.30
                       1   -1.40   -0.35    3.11    1.70
J8PE4       1054  281.50   26.20   65.00    0.01   -0.01    3.37    3.34   78.00    0.00  3
                   -0.30   -0.20    4.45    4.45
                       7   -0.45   -0.25    4.23    4.89
UBSH5       1088  148.60   47.80   97.00    1.04    1.02    2.73    2.64  100.00    0.00  3
                    0.80    0.80    2.37    2.37
                       1    0.45    0.50    3.26    1.85
VRDK7       1092  236.20   46.90  157.00    0.57    0.76    2.32    1.93  563.00    0.00  3
                    0.80    0.80    1.87    1.88
                       0    0.22    1.96    2.84    1.85
VRFT7       1094  116.10  -12.30   99.00    4.76    4.75   15.07   15.07  105.00    0.00  3
                    1.10    1.00    1.33    1.04
                       1    1.75    1.15    1.78    1.26
VRHE3       1097  151.30   46.70   71.00    1.79    1.77    2.66    2.65   85.00    0.00  3
                    1.50    1.50    2.22    2.52
                       0    1.05    2.05    2.97    2.74
WDC6736     1114  279.90   31.50  112.00   -0.13   -0.11    2.36    2.35  154.00    0.00  3
                   -0.67   -0.55    2.48    2.45
                       3   -1.90   -0.70    1.32    2.67
WMMK        1120   39.70   17.60  102.00    1.24    1.24    2.55    2.48  130.00    1.00  3
                    0.67    0.70    1.89    1.71
                       0    1.00    0.65    1.56    2.52
2HFZ7       1127  129.50   34.90   69.00   -0.27   -0.06    2.15    2.07   81.00    0.00  3
                   -0.20    0.10    1.63    1.41
                       0    0.25   -0.22    1.04    1.70
5BYB4       1135  346.10   49.70  111.00    0.87    0.86    2.56    2.53  112.00    0.00  3
                    0.70    0.80    2.08    1.93
                       5    1.15   -0.20    2.00    2.52
9V2727      1137  278.70    6.90  117.00    0.32    0.32    2.13    2.09  200.00    0.00  3
                    0.50    0.45    2.08    1.78
                       0   -0.52    0.95    3.08    1.48
CQGR        1154  330.20   49.40   94.00    1.79    1.82    2.19    2.16   95.00    0.00  3
                    1.85    1.90    2.45    2.45
                       0    1.30    1.70    3.04    3.93
DDVK2       1159  282.70   14.20   78.00    1.11    1.12    2.10    2.08   80.00    0.00  3
                    1.15    1.15    2.00    2.00
                       2    2.00    0.20    1.93    1.82
VRCC8       1183  321.30    4.40   58.00    1.90    1.89    2.52    2.49   60.00    0.00  3
                    1.15    1.15    2.19    2.37
                       0    0.90    1.35    3.04    2.45
VRFX6       1188  315.50   47.50   23.00    2.93    2.90    3.33    3.21   24.00    0.00  3
                    2.60    2.60    2.52    2.82
                      13 -999.00 -999.00 -999.00 -999.00
VRRA4       1192  313.80  -24.20   64.00    0.91    0.92    2.30    2.32   82.00    0.00  3
                    0.70    0.60    1.89    1.85
                       8    0.80    0.75    2.67    1.78
9V9924      1214  132.30   31.40  113.00    1.60    1.60    2.31    2.33  138.00    2.00  3
                    1.30    1.20    1.78    1.63
                       4    1.20    1.40    1.33    1.78
ONFW        1250  229.00    6.80   97.00    3.06    3.06    2.10    2.07  104.00    1.00  3
                    2.70    2.70    1.93    1.78
                       4    3.00    2.35    2.59    1.33
VRIR7       1262  299.20   37.90   86.00    2.30    2.30    2.51    2.48  101.00    0.00  3
                    1.95    2.05    2.74    2.67
                       6    1.60    2.65    2.59    3.11
VRLU4       1266  235.40   46.20   24.00    3.69    3.65    2.29    2.32   26.00    0.00  3
                    5.00    4.95    3.49    3.41
                       1 -999.00 -999.00 -999.00 -999.00
WRJP        1285  222.00   28.60   62.00    1.66    1.65    2.95    2.96   65.00    1.00  3
                    1.10    1.00    2.30    2.30
                       1    1.00    1.25    2.37    2.67
C6CL6       1305  273.60   21.30  163.00    0.60    0.64    2.56    2.54  272.00    4.00  3
                   -0.30   -0.20    2.22    2.30
                       1    0.57   -0.20    2.97    2.45
TBWUK75     1317  357.70   36.10   57.00    1.43    1.41    2.75    2.72   59.00    0.00  3
                    1.20    1.20    3.71    3.41
                      24   -0.10    2.25    3.71    2.82
ELQQ4       1353  325.50   -8.90   65.00    2.05    2.03    2.37    2.35   68.00    0.00  3
                    1.50    1.50    1.48    1.48
                      19    1.40    1.65    1.41    2.00
VROB9       1370  124.00   30.50  109.00   -0.03   -0.06    2.16    2.14  123.00    0.00  3
                    0.00    0.00    1.63    1.78
                      20   -0.20    0.30    1.70    1.67
ONDY        1382   52.90   25.10  155.00    2.28    2.29    2.46    2.51  162.00    0.00  3
                    3.30    3.60    2.97    3.11
                       0    3.60    1.80    2.67    2.52
TCZF2       1383   22.00   36.30   66.00    1.83    1.81    3.01    3.01   68.00    1.00  3
                    1.05    1.00    3.11    2.30
                      30    0.65    1.80    3.41    2.74
VRBI8       1413  107.10   -5.60   41.00    4.52    4.54    2.80    2.77   44.00    1.00  3
                    4.90    4.70    3.41    3.11
                       5 -999.00 -999.00 -999.00 -999.00
VRBR8       1415  305.20  -35.00   78.00   -0.76   -0.75    2.34    2.35   93.00    0.00  3
                   -0.85   -0.75    1.85    1.93
                       6   -1.65   -0.60    1.11    4.37
5BAW3       1432  287.70  -17.10   91.00    1.71    1.72    2.90    2.89   96.00    1.00  3
                    1.30    1.20    2.82    2.82
                       4    1.15    3.35    2.45    2.82
DHEK2       1441  357.90   50.10   74.00    0.44    0.56    2.30    2.22   76.00    0.00  3
                    0.50    0.60    2.22    2.08
                       0    0.80    0.90    2.89    1.85
PHOS        1447  237.60   47.70   74.00    0.39    0.44    2.76    2.69  114.00    2.00  3
                    0.12    0.20    2.19    1.93
                       4   -0.65    0.75    1.93    1.56
VRCT4       1485  134.60  -35.10   24.00    3.70    3.68    3.00    2.99   25.00    0.00  3
                    4.15    4.20    1.19    1.11
                       3 -999.00 -999.00 -999.00 -999.00
VREZ3       1487   52.50   27.10   28.00    3.27    3.27    2.23    2.19   29.00    0.00  3
                    3.05    3.00    1.78    2.00
                      15 -999.00 -999.00 -999.00 -999.00
AUYP        1501   81.10   14.40   25.00    3.87    3.84   16.07   16.03   27.00    0.00  3
                    0.80    0.70    2.97    3.34
                       4 -999.00 -999.00 -999.00 -999.00
3FKS5       1517  231.40   46.10   27.00    2.52    2.52    2.13    2.10   28.00    0.00  3
                    2.40    2.30    2.08    1.78
                      15 -999.00 -999.00 -999.00 -999.00
C6YM6       1525   10.60  -15.30  150.00    0.26    0.27    2.66    2.61  158.00    0.00  3
                    0.05    3.15    2.22    4.97
                       0   -1.40   -0.30    1.93    3.71
VRLQ9       1534  312.30  -29.20   29.00    3.55    3.54    2.22    2.18   31.00    1.00  3
                    3.40    3.30    1.78    1.78
                       9 -999.00 -999.00 -999.00 -999.00
DDSD2       1546   11.20   41.50  108.00    2.12    2.09    2.35    2.33  155.00    0.00  3
                    1.50    1.45    2.08    1.89
                       0    1.73    0.80    2.30    1.33
PHDL        1573  281.30   31.40   69.00    0.78    0.82    2.28    2.28   70.00    0.00  3
                    0.90    0.90    1.93    2.08
                      32    0.90    0.70    1.41    2.74
VRPN7       1578  129.70   38.10   31.00    3.35    3.32    2.31    2.29   32.00    0.00  3
                    3.10    3.10    2.22    2.22
                      29 -999.00 -999.00 -999.00 -999.00
VRGH3       1604  239.50   30.60   64.00    1.42    1.45    2.82    2.78   72.00    0.00  3
                    3.00    2.90    2.97    2.97
                       1    1.45    1.40    3.34    2.00
CCES        1613  289.80   17.80  122.00    1.22    1.21    4.73    4.73  124.00    0.00  3
                    0.90    0.90    1.33    1.19
                       0    0.50    0.85    1.48    1.85
UGZM        1615  136.10   43.40   27.00    2.96    2.90    2.35    2.34   30.00    0.00  3
                    2.00    2.10    2.37    3.11
                       6 -999.00 -999.00 -999.00 -999.00
TBWUK96     1632  108.00    6.80   80.00    1.96    1.99    2.46    2.39   82.00    0.00  3
                    1.65    1.85    2.60    2.60
                       0    1.30    2.90    3.56    2.22
9HA3490     1678   97.20    5.60   66.00    0.33    0.34    2.13    2.02   77.00    0.00  3
                    0.75    0.75    1.85    1.67
                       1    0.10    0.75    1.78    1.45
VROV6       1684  281.00   -8.20   27.00    4.98    5.08    2.69    2.66   30.00    1.00  3
                    5.60    5.55    2.37    2.30
                      21 -999.00 -999.00 -999.00 -999.00
VVFH        1734   72.00   18.90   61.00    1.04    0.98    2.11    2.12   63.00    0.00  3
                    0.60    0.60    1.78    1.78
                       2    1.25    0.40    2.15    1.63
9V9926      1738  283.70   33.80  102.00    2.13    2.14    2.17    2.13  109.00    0.00  3
                    1.90    1.90    1.63    1.78
                      28    2.45    1.48    1.93    2.19
D5DY4       1755  272.00   28.40   30.00    4.05    3.98    3.74    3.73   34.00    1.00  3
                    3.75    3.30    5.64    5.78
                      13 -999.00 -999.00 -999.00 -999.00
VRCU7       1766  164.10   46.50   55.00    2.75    2.74    2.11    2.12   57.00    0.00  3
                    2.40    2.40    1.48    1.48
                      15 -999.00 -999.00 -999.00 -999.00
VRCY8       1767  135.20   38.50   72.00    2.27    2.30    2.23    2.22   92.00    0.00  3
                    2.20    2.10    1.93    2.08
                      17    2.47    2.35    1.85    2.22
3EXR8       1770  234.70   48.50   20.00    2.69    2.80    2.72    2.62   21.00    0.00  3
                    2.05    1.95    2.67    2.74
                      35 -999.00 -999.00 -999.00 -999.00
A8HO3       1815  104.50    1.60   35.00    2.51    2.74    2.44    2.33   36.00    0.00  3
                    2.90    3.20    2.37    2.37
                       7 -999.00 -999.00 -999.00 -999.00
WROT        1823  133.80   37.60  119.00    0.55    0.54    2.17    2.09  188.00    0.00  3
                    0.40    0.30    1.93    2.00
                       1    1.69   -0.03    2.97    2.26
VRID6       1831  126.00   32.00  128.00    1.26    1.26    2.23    2.19  151.00    0.00  3
                    1.00    0.90    1.59    1.63
                      10    0.25    1.10    2.37    1.37
C6AV5       1856  114.70   21.90   32.00    0.66    0.79    0.62    0.69   33.00    0.00  2
                    0.70    0.85    0.59    0.74
                       1 -999.00 -999.00 -999.00 -999.00
VRGG6       1880  359.60   50.40   33.00    3.69    3.71    2.40    2.36   34.00    0.00  3
                    4.20    4.20    2.08    1.93
                       1 -999.00 -999.00 -999.00 -999.00
VRKS4       1898  125.10   32.40   21.00    2.57    2.56    3.14    3.15   22.00    0.00  3
                    3.10    3.20    2.67    2.22
                       6 -999.00 -999.00 -999.00 -999.00
UCUD        1958  343.00   23.20   90.00   -0.20   -0.09    2.97    2.87   91.00    0.00  3
                    2.20    2.30    2.97    3.04
                       0    1.30   -1.95    2.22    3.71
VRWN7       2003  279.80   18.50   22.00    3.02    3.07    2.66    2.59   24.00    1.00  3
                    2.50    2.50    3.63    3.63
                       0 -999.00 -999.00 -999.00 -999.00
SVCS2       2027  153.00  -32.30   26.00    2.59    2.60    2.49    2.39   27.00    0.00  3
                    2.85    2.85    2.60    2.37
                      15 -999.00 -999.00 -999.00 -999.00
VRMA2       2332  135.30   -9.90   20.00    3.59    3.57    2.61    2.59   21.00    0.00  3
                    4.25    4.25    2.45    2.60
                      11 -999.00 -999.00 -999.00 -999.00
