JCRN4        567  285.54   39.54  216.00   -5.84   -5.44    1.75    1.68 5685.00  428.00  0
                   -5.78   -5.41    2.09    1.98
                       0   -5.07   -7.29    1.81    1.74
KWHH1        589  204.17   20.04  230.00    2.84    2.96    1.04    1.02 2567.00    0.00  0
                    2.70    2.83    0.77    0.79
                       0    2.55    2.56    0.80    0.55
46096       1134  235.90   46.20  213.00   -3.31   -2.92    1.61    1.31 1810.00    0.00  0
                   -2.90   -2.61    1.10    0.94
                       0   -3.52   -2.16    1.59    0.93
EUCFR03     2288  355.10   48.70   83.00   -3.22   -3.07    0.61    0.58  380.00    0.00  0
                   -3.20   -3.17    0.59    0.54
                       0   -2.71   -3.34    0.46    0.57
