  46027     235.60   41.90   -3.46   -3.23    2.11    1.88  3
  46088     236.80   48.30   -3.71   -3.04    2.53    1.94  3
  46092     238.00   36.80   -2.31   -0.44    2.41    2.00  3
  46125     237.40   47.90   -2.60   -2.01    2.83    2.12  3
  46181     231.20   53.80    2.52    2.67    2.22    2.04  3
  9HJD9     225.60   58.20    0.79    1.04    3.21    3.35  3
  9HJF9     219.30   59.50    0.17    0.41    2.88    2.79  3
  9V9040    347.70  -24.20    2.60    2.50    3.78    3.66  3
  9V9725     38.40   20.30    1.60    1.62    2.13    2.11  3
  A8HZ4     215.10   41.90    2.96    2.98    2.61    2.60  3
  BATFR17   324.40   26.10   -2.94   -2.79    2.37    2.27  3
  C6UC3     199.60   34.80    0.59    0.58    2.29    2.28  3
  CECC1     235.82   41.74   -3.07   -2.84    2.70    2.59  3
  CPXC1     239.26   35.17   -2.94   -1.86    2.70    2.48  3
  EBSW1     237.66   47.60   -0.01    0.28    2.44    1.75  3
  ELXC1     238.26   36.82   -2.41   -0.10    3.13    2.47  3
  FTPC1     237.53   37.81   -2.09   -1.01    2.30    1.81  3
  HBYC1     235.78   40.77   -2.89   -2.84    2.34    2.23  3
  J8NW      281.50   26.20   -0.50   -0.43    2.53    2.46  3
  JNEA2     225.59   58.30    2.32    2.27    2.12    2.02  3
  MAZS6     320.20   39.70    0.61    0.64    2.13    2.11  3
  MRNA2     225.74   58.20    0.84    0.79    2.30    2.07  3
  OKXC1     237.67   37.81   -1.38   -0.08    2.15    1.50  3
  ONIK      298.50   10.30    0.71    0.76    2.22    2.21  3
  PCHM      230.00   53.80    0.79    0.95    2.74    2.63  3
  PHET      225.60   58.30    0.36    0.37    2.27    2.27  3
  PINX      224.70   59.40    0.64    0.59    2.33    2.25  3
  PSLC1     239.25   35.17   -2.77   -1.63    2.75    2.51  3
  PTAW1     236.56   48.12   -1.26   -0.55    2.90    2.41  3
  S6LT6      22.90   33.90    1.20    1.20    2.65    2.61  3
  SDIA2     225.61   58.28    2.77    2.71    2.25    2.09  3
  SKTA2     224.67   59.45    4.27    4.36    2.72    2.81  3
  TBWUK37   114.40    4.70    1.75    1.78    2.29    2.21  3
  UBSI9     130.20   37.60    4.43    4.38    2.10    2.10  3
  V7ZZ5     293.50   50.20    1.49    1.43    2.50    2.42  3
  VDZA2     213.64   61.13    3.01    3.16    2.34    2.25  3
  VRCI9     233.20   35.10    1.52    1.55    2.27    2.26  3
  VRIZ9     253.20   15.80    0.75    0.77    2.31    2.27  3
  VRLJ2     285.50   37.50   -0.30   -0.24    2.23    2.23  3
  VRMV3     347.10   28.80    1.68    1.67    2.29    2.27  3
  VRNF7      32.50   29.80    1.33    1.36    2.44    2.39  3
  VRRB6     319.80  -20.30    1.60    1.54    2.16    2.11  3
  VRRI4      58.90  -22.00    0.64    0.68    2.45    2.42  3
  VTGB       88.30   22.50    4.17    4.29    3.63    3.61  3
  VTWS       83.30   17.70    2.94    2.90    3.13    3.13  3
  WMDQ       59.60   23.00    1.19    1.13    3.01    2.95  3
  WMKN        7.20   37.20    1.09    1.08    2.40    2.36  3
  WNTL      319.30   41.60    0.12    0.16    2.12    2.11  3
  WPOW1     237.56   47.66   -1.40   -1.11    2.69    1.96  3
  ZCDG4     228.70   54.40    0.04    0.14    2.52    2.36  3
  8TAO       72.80   18.90    2.10    2.04    2.22    2.18  3
  9HA3667   225.60   58.10    0.46    0.50    2.45    2.31  3
  9V9925    227.60   41.70    1.95    1.90    2.23    2.16  3
  D5LJ2     325.30   32.30   -0.11   -0.05    2.45    2.46  3
  J8PE4     281.50   26.20    0.01   -0.01    3.37    3.34  3
  UBSH5     148.60   47.80    1.04    1.02    2.73    2.64  3
  VRDK7     236.20   46.90    0.57    0.76    2.32    1.93  3
  VRFT7     116.10  -12.30    4.76    4.75   15.07   15.07  3
  VRHE3     151.30   46.70    1.79    1.77    2.66    2.65  3
  WDC6736   279.90   31.50   -0.13   -0.11    2.36    2.35  3
  WMMK       39.70   17.60    1.24    1.24    2.55    2.48  3
  2HFZ7     129.50   34.90   -0.27   -0.06    2.15    2.07  3
  5BYB4     346.10   49.70    0.87    0.86    2.56    2.53  3
  9V2727    278.70    6.90    0.32    0.32    2.13    2.09  3
  CQGR      330.20   49.40    1.79    1.82    2.19    2.16  3
  DDVK2     282.70   14.20    1.11    1.12    2.10    2.08  3
  VRCC8     321.30    4.40    1.90    1.89    2.52    2.49  3
  VRFX6     315.50   47.50    2.93    2.90    3.33    3.21  3
  VRRA4     313.80  -24.20    0.91    0.92    2.30    2.32  3
  9V9924    132.30   31.40    1.60    1.60    2.31    2.33  3
  ONFW      229.00    6.80    3.06    3.06    2.10    2.07  3
  VRIR7     299.20   37.90    2.30    2.30    2.51    2.48  3
  VRLU4     235.40   46.20    3.69    3.65    2.29    2.32  3
  WRJP      222.00   28.60    1.66    1.65    2.95    2.96  3
  C6CL6     273.60   21.30    0.60    0.64    2.56    2.54  3
  TBWUK75   357.70   36.10    1.43    1.41    2.75    2.72  3
  ELQQ4     325.50   -8.90    2.05    2.03    2.37    2.35  3
  VROB9     124.00   30.50   -0.03   -0.06    2.16    2.14  3
  ONDY       52.90   25.10    2.28    2.29    2.46    2.51  3
  TCZF2      22.00   36.30    1.83    1.81    3.01    3.01  3
  VRBI8     107.10   -5.60    4.52    4.54    2.80    2.77  3
  VRBR8     305.20  -35.00   -0.76   -0.75    2.34    2.35  3
  5BAW3     287.70  -17.10    1.71    1.72    2.90    2.89  3
  DHEK2     357.90   50.10    0.44    0.56    2.30    2.22  3
  PHOS      237.60   47.70    0.39    0.44    2.76    2.69  3
  VRCT4     134.60  -35.10    3.70    3.68    3.00    2.99  3
  VREZ3      52.50   27.10    3.27    3.27    2.23    2.19  3
  AUYP       81.10   14.40    3.87    3.84   16.07   16.03  3
  3FKS5     231.40   46.10    2.52    2.52    2.13    2.10  3
  C6YM6      10.60  -15.30    0.26    0.27    2.66    2.61  3
  VRLQ9     312.30  -29.20    3.55    3.54    2.22    2.18  3
  DDSD2      11.20   41.50    2.12    2.09    2.35    2.33  3
  PHDL      281.30   31.40    0.78    0.82    2.28    2.28  3
  VRPN7     129.70   38.10    3.35    3.32    2.31    2.29  3
  VRGH3     239.50   30.60    1.42    1.45    2.82    2.78  3
  CCES      289.80   17.80    1.22    1.21    4.73    4.73  3
  UGZM      136.10   43.40    2.96    2.90    2.35    2.34  3
  TBWUK96   108.00    6.80    1.96    1.99    2.46    2.39  3
  9HA3490    97.20    5.60    0.33    0.34    2.13    2.02  3
  VROV6     281.00   -8.20    4.98    5.08    2.69    2.66  3
  VVFH       72.00   18.90    1.04    0.98    2.11    2.12  3
  9V9926    283.70   33.80    2.13    2.14    2.17    2.13  3
  D5DY4     272.00   28.40    4.05    3.98    3.74    3.73  3
  VRCU7     164.10   46.50    2.75    2.74    2.11    2.12  3
  VRCY8     135.20   38.50    2.27    2.30    2.23    2.22  3
  3EXR8     234.70   48.50    2.69    2.80    2.72    2.62  3
  A8HO3     104.50    1.60    2.51    2.74    2.44    2.33  3
  WROT      133.80   37.60    0.55    0.54    2.17    2.09  3
  VRID6     126.00   32.00    1.26    1.26    2.23    2.19  3
  C6AV5     114.70   21.90    0.66    0.79    0.62    0.69  2
  VRGG6     359.60   50.40    3.69    3.71    2.40    2.36  3
  VRKS4     125.10   32.40    2.57    2.56    3.14    3.15  3
  UCUD      343.00   23.20   -0.20   -0.09    2.97    2.87  3
  VRWN7     279.80   18.50    3.02    3.07    2.66    2.59  3
  SVCS2     153.00  -32.30    2.59    2.60    2.49    2.39  3
  VRMA2     135.30   -9.90    3.59    3.57    2.61    2.59  3
