  01218       7.42   62.23    6.35    6.42    1.91    1.88  0
  01245       9.66   62.60    2.63    2.69    1.47    1.41  0
  01320       6.12   61.83    3.96    3.97    1.26    1.24  0
  01321       6.57   61.92    2.52    2.55    1.29    1.28  0
  01329       6.27   60.35    3.92    3.93    1.25    1.27  0
  01337       6.42   60.62    3.29    3.31    1.63    1.65  0
  01338       6.65   61.17    5.68    5.71    1.68    1.70  0
  01357       8.51   60.87    2.65    2.77    1.51    1.50  0
  01367       9.23   60.98    3.76    3.83    1.41    1.40  0
  01378      10.48   61.10    2.65    2.77    1.43    1.45  0
  06650       8.30   47.03    2.63    2.55    1.60    1.63  0
  06654       8.05   46.19    5.11    5.08    1.65    1.74  0
  06668       8.59   46.69    6.68    6.73    2.02    2.04  0
  06686       9.50   47.01    7.11    7.09    1.75    1.82  0
  06711       6.67   46.52    2.61    2.47    1.52    1.26  0
  06715       7.02   46.18    6.88    6.80    1.85    1.79  0
  06722       7.52   46.12    5.16    5.14    1.31    1.46  0
  06724       7.46   46.29    3.86    3.83    1.67    1.74  0
  06728       7.83   46.19    6.27    6.26    1.99    2.08  0
  06760       8.77   46.17    5.84    5.79    1.66    1.45  0
  06770       8.96   46.00    4.24    4.22    1.42    1.24  0
  06990       9.52   47.13    6.00    5.96    1.58    1.64  0
  07775       9.52   42.27    2.78    2.90    1.53    1.65  0
  16120       8.85   44.42    4.21    4.29    1.12    1.17  0
  17116      29.07   40.18    5.38    5.53    1.66    1.69  0
  17186      27.43   38.61    2.78    2.98    1.60    1.57  0
  17370      36.17   36.58    3.15    3.29    0.80    0.91  0
  37545      44.76   41.75    3.04    2.96    1.57    1.67  0
  38856      70.88   38.46   12.53   12.22    2.62    2.60  0
  40199      34.95   29.55    3.97    4.10    1.23    1.31  0
  41241      56.23   26.16    4.41    4.43    1.28    1.36  0
  41257      57.93   23.30    3.04    3.03    1.64    1.64  0
  41270      59.81   22.30   -3.01   -3.08    1.68    1.72  0
  42045      75.17   33.50    6.48    6.40    1.90    1.90  0
  42111      78.03   30.32    3.24    3.46    1.56    1.60  0
  42623      93.90   24.67    3.03    3.13    1.15    1.14  0
  43486      80.40    6.68    3.20    3.15    1.36    1.36  0
  47114     127.95   37.33    2.66    2.86    1.29    1.22  0
  47570     139.91   37.47    3.50    3.86    1.46    1.46  0
  47584     141.16   39.70    3.00    3.13    1.48    1.43  0
  47595     140.47   37.75    3.09    3.45    1.49    1.38  0
  47610     138.19   36.67    3.47    3.81    1.49    1.46  0
  47612     138.25   37.10    2.81    3.04    1.32    1.36  0
  47617     137.25   36.15    3.57    3.89    1.52    1.60  0
  47618     137.97   36.25    3.30    3.67    1.44    1.44  0
  47620     138.12   36.04    4.24    4.64    1.24    1.14  0
  47638     138.55   35.67    4.51    5.03    1.43    1.52  0
  47640     138.77   35.50    2.84    3.46    1.21    1.47  0
  47746     134.22   35.47    3.11    3.25    1.55    1.57  0
  47814     130.93   33.32    3.06    3.24    1.41    1.48  0
  47887     132.78   33.83    2.94    3.09    1.25    1.29  0
  48300      97.97   19.29    4.26    4.45    1.12    1.00  0
  48303      99.83   19.92    2.71    2.92    1.23    1.17  0
  48310      99.90   19.13    2.60    2.74    1.27    1.25  0
  48315     100.80   19.12    3.44    3.58    1.28    1.22  0
  48324      99.24   17.63    3.13    3.19    1.44    1.36  0
  48325      97.93   18.17    3.96    4.08    1.18    1.10  0
  48330     100.17   18.17    3.04    3.11    1.21    1.18  0
  48331     100.77   18.77    2.98    3.10    1.32    1.28  0
  48353     101.73   17.45    2.55    2.60    1.40    1.43  0
  48375      98.55   16.67    2.91    2.93    1.04    1.03  0
  48379     101.15   16.43    2.85    2.84    1.29    1.27  0
  48385      98.87   16.02    3.74    3.77    1.28    1.23  0
  48421      98.63   14.75    3.43    3.46    1.18    1.13  0
  48625     101.10    4.57    2.56    2.69    1.44    1.43  0
  48803     103.97   22.50    5.38    5.50    1.42    1.33  0
  48810     105.83   22.15    2.75    2.88    1.50    1.50  0
  48924     101.46   21.05    4.42    4.53    1.33    1.17  0
  48925     102.00   20.68    2.51    2.59    1.50    1.37  0
  48930     102.13   19.88    3.50    3.62    1.38    1.22  0
  48938     101.73   19.23    2.88    3.00    1.41    1.27  0
  55591      91.13   29.67    6.54    6.80    1.90    1.93  0
  55773      89.08   27.73    2.52    2.63    1.61    1.72  0
  56080     102.90   35.00    2.90    3.12    1.58    1.61  0
  56096     104.92   33.40    8.67    8.89    1.80    1.90  0
  56116      95.60   31.42    3.60    3.82    1.65    1.77  0
  56137      97.17   31.15    4.97    5.23    1.68    1.81  0
  56144      98.56   31.73    8.67    8.90    1.88    2.01  0
  56146     100.00   31.62    6.25    6.46    1.64    1.69  0
  56172     102.23   31.90    8.75    8.90    1.66    1.73  0
  56182     103.60   32.66    6.97    7.09    2.30    2.38  0
  56247      99.10   30.00    9.22    9.39    1.76    1.83  0
  56257     100.27   30.00    4.27    4.44    1.52    1.55  0
  56312      94.47   29.57    7.72    7.78    1.69    1.75  0
  56357     100.30   29.05    5.88    6.04    1.60    1.70  0
  56374     101.97   30.05    7.48    7.60    1.59    1.62  0
  56444      98.88   28.45    3.75    3.88    1.22    1.28  0
  56462     101.50   29.00    8.92    9.06    1.66    1.74  0
  56571     102.27   27.90    3.71    3.89    1.50    1.50  0
  56651     100.21   26.83    2.82    3.07    1.21    1.25  0
  56671     102.25   26.65    2.52    2.72    1.41    1.36  0
  56748      99.22   25.13    2.92    3.16    1.33    1.22  0
  56751     100.18   25.70    3.22    3.46    1.40    1.44  0
  56886     103.77   24.53    2.76    2.89    1.20    1.21  0
  56985     103.32   23.44    4.37    4.54    1.09    1.16  0
  57447     109.47   30.28    4.69    4.85    1.51    1.49  0
  58847     119.28   26.08    2.64    2.72    1.19    1.12  0
  58921     117.35   25.97    2.62    2.83    1.40    1.46  0
  58968     121.53   25.03    2.81    2.92    1.35    1.35  0
  59023     108.03   24.70    2.65    2.79    1.22    1.15  0
  60005     342.25   28.62    3.33    3.34    1.09    1.13  0
  63791      37.07   -3.42    2.66    2.87    1.33    1.42  0
  76382     256.57   21.51    9.03    9.63    2.87    3.08  0
  76581     260.00   21.85    3.34    3.75    1.65    1.95  0
  76625     259.60   20.58    3.26    3.67    1.66    1.95  0
  76683     261.77   19.32    3.17    3.41    1.58    1.67  0
  76737     262.90   18.85    4.14    4.19    1.37    1.52  0
  76843     266.87   16.75    3.41    3.36    1.31    1.31  0
  78397     283.22   17.93    2.56    2.57    1.08    1.10  0
  78708     272.07   15.45    2.87    3.17    1.54    1.47  0
  78714     274.07   14.90    2.69    2.88    1.63    1.71  0
  78762     275.82    9.98    3.56    3.57    1.31    1.31  0
  78764     275.87    9.94    2.75    2.75    1.30    1.24  0
  80009     285.77   11.13    3.97    4.06    1.47    1.50  0
  80110     284.41    6.22    5.82    5.94    1.89    1.91  0
  80211     284.28    4.50    3.50    3.49    1.63    1.59  0
  81909     319.64   -7.07    3.08    3.19    1.67    1.63  0
  82780     318.52   -7.06    3.08    3.17    1.05    1.02  0
  82784     320.71   -7.32    3.93    3.97    1.56    1.55  0
  83393     318.72  -16.00    2.88    2.57    1.01    1.10  0
  83442     318.02  -16.85    3.11    2.76    1.50    1.47  0
  84123     281.39   -0.90    6.78    7.01    1.88    1.94  0
  84160     281.41   -1.35    6.78    6.99    1.87    1.95  0
  84217     281.88   -2.29    2.72    3.08    1.63    1.74  0
  84390     278.75   -4.57    3.41    4.13    1.29    1.36  0
  84452     280.17   -6.78    3.26    3.65    1.55    1.72  0
  84564     283.80   -9.86    7.91    8.38    1.93    1.87  0
  84773     288.67  -17.68    2.79    2.85    1.02    1.07  0
  92047     146.72   -6.57    4.25    4.70    1.46    1.44  0
  94313     118.33  -22.23    2.74    2.79    1.45    1.34  0
  97126     120.37   -2.54    4.39    4.41    1.33    1.36  0
  97270     118.70   -8.55    3.37    3.42    1.42    1.47  0
  97686     138.94   -4.07    5.33    5.31    1.47    1.45  0
  97780     136.37   -3.92    4.07    3.98    1.28    1.27  0
  ANI        95.90   28.80    4.28    4.31    1.64    1.74  0
  DSL        76.30   32.20    4.15    4.21    1.63    1.73  0
  GPR        75.20   33.20    7.09    7.11    2.13    2.18  0
  GSA        89.70   27.90    5.84    6.04    1.09    1.07  0
  JLW        76.10   24.60   -8.79   -8.68    2.28    2.30  0
  MMG        88.50   27.50    8.27    8.37    1.97    2.02  0
  MNY        73.20    8.30    3.05    3.01    1.51    1.49  0
  TGA        90.50   27.50    5.81    5.97    0.94    1.04  0
  14216      14.45   45.33    3.68    3.89    1.48    1.46  0
  14323      14.90   45.00    5.56    5.77    1.23    1.21  0
  16036      12.60   46.03    3.46    3.61    1.65    1.59  0
  16400      13.18   38.70    3.10    3.20    1.26    1.17  0
  17026      35.17   42.02    2.68    2.71    1.29    1.26  0
  17033      37.90   40.98    3.07    3.18    0.96    0.95  0
  17034      38.38   40.92    2.93    3.04    1.40    1.44  0
  17045      41.82   41.18    4.31    4.48    1.34    1.30  0
  17100      44.05   39.92    4.05    4.03    1.61    1.78  0
  17285      43.77   37.57    5.65    5.70    1.20    1.17  0
  17297      27.66   36.70    3.90    4.05    1.57    1.69  0
  17375      30.15   36.29    3.90    4.02    1.44    1.45  0
  17380      29.65   36.20    2.91    3.04    1.14    1.18  0
  40954      70.47   34.43    3.23    3.14    1.43    1.36  0
  42299      88.62   27.33    3.24    3.55    1.46    1.40  0
  42527      94.16   25.63    2.58    2.80    1.55    1.53  0
  43340      78.16   11.75   -2.63   -2.83    1.34    1.50  0
  43441      80.37    7.47    2.54    2.47    1.13    1.08  0
  64381      29.25   -1.67    5.35    5.47    1.56    1.58  0
  78655     270.46   13.98    2.59    2.86    1.50    1.53  0
  82400     327.58   -3.85    2.83    2.74    1.24    1.23  0
  82979     317.90   -9.63    2.87    2.96    0.82    0.96  0
  83192     321.49  -11.08    2.55    2.35    1.64    1.61  0
  83242     318.62  -12.56    3.92    3.63    1.67    1.66  0
  84143     281.42   -1.02    7.84    8.07    1.97    2.09  0
  64390      29.32   -3.32    4.19    4.13    1.66    1.75  0
  76681     260.82   19.30    6.29    6.70    1.97    2.05  0
  78718     270.82   14.43    3.58    3.85    1.23    1.38  0
  PKL        77.50   10.10    3.04    3.11    1.34    1.37  0
  UKH        78.40   30.70    7.94    8.08    2.24    2.08  0
  41516      74.33   35.92   13.18   13.12    2.50    2.67  0
  41518      74.63   35.67   14.43   14.29    2.36    2.37  0
  41519      74.09   35.42   11.14   11.08    2.47    2.42  0
