01218         73    7.42   62.23  231.00    6.35    6.42    1.91    1.88 1166.00    0.00  0
                    6.47    6.50    1.36    1.31
                       0    5.73    7.14    2.08    1.43
01245         80    9.66   62.60  232.00    2.63    2.69    1.47    1.41 1171.00    0.00  0
                    2.49    2.64    1.20    1.23
                       0    2.25    3.29    0.91    1.58
01320         97    6.12   61.83  226.00    3.96    3.97    1.26    1.24 1080.00    0.00  0
                    4.03    4.10    0.93    0.93
                       0    4.05    3.98    1.64    1.32
01321         98    6.57   61.92  229.00    2.52    2.55    1.29    1.28 1147.00    0.00  0
                    2.50    2.58    0.96    0.95
                       0    2.41    2.43    1.31    0.89
01329        101    6.27   60.35  232.00    3.92    3.93    1.25    1.27 1232.00    0.00  0
                    3.98    4.07    0.99    0.96
                       0    4.74    3.99    1.42    0.62
01337        102    6.42   60.62  232.00    3.29    3.31    1.63    1.65 1235.00    0.00  0
                    3.43    3.39    1.11    1.14
                       0    3.64    2.88    1.54    1.69
01338        103    6.65   61.17  232.00    5.68    5.71    1.68    1.70 1235.00    0.00  0
                    5.90    5.95    1.57    1.53
                       0    5.12    6.55    1.33    2.16
01357        108    8.51   60.87  200.00    2.65    2.77    1.51    1.50  974.00    0.00  0
                    3.11    3.68    1.20    1.49
                       0    2.57    4.27    1.06    1.28
01367        116    9.23   60.98  138.00    3.76    3.83    1.41    1.40  780.00    0.00  0
                    4.18    4.68    1.16    1.57
                      19    3.41    3.70    1.16    1.46
01378        120   10.48   61.10  232.00    2.65    2.77    1.43    1.45 1234.00    0.00  0
                    2.75    2.88    1.56    1.43
                       0    2.54    2.47    1.16    2.13
06650        743    8.30   47.03  227.00    2.63    2.55    1.60    1.63 1327.00    0.00  0
                    2.95    3.48    1.53    1.26
                       0    3.06    1.39    1.21    1.87
06654        745    8.05   46.19  226.00    5.11    5.08    1.65    1.74 1326.00    0.00  0
                    6.10    5.68    1.62    1.60
                       0    6.26    4.24    1.11    1.27
06668        753    8.59   46.69  227.00    6.68    6.73    2.02    2.04 1320.00    0.00  0
                    6.58    6.67    1.88    1.88
                       0    7.32    6.43    1.42    3.97
06686        766    9.50   47.01  225.00    7.11    7.09    1.75    1.82 1317.00    0.00  0
                    7.38    7.62    1.51    1.71
                       0    7.90    5.76    1.33    1.85
06711        779    6.67   46.52  225.00    2.61    2.47    1.52    1.26 1318.00    0.00  0
                    2.72    2.67    1.51    1.38
                       0    3.22    1.46    0.89    1.31
06715        782    7.02   46.18  227.00    6.88    6.80    1.85    1.79 1323.00    0.00  0
                    6.85    6.72    2.00    2.15
                       0    7.59    5.63    1.57    1.75
06722        786    7.52   46.12  227.00    5.16    5.14    1.31    1.46 1326.00    0.00  0
                    5.10    5.07    1.36    1.43
                       0    5.20    5.23    1.35    1.32
06724        788    7.46   46.29  226.00    3.86    3.83    1.67    1.74 1321.00    0.00  0
                    3.74    3.97    1.90    2.09
                       0    4.32    3.26    1.22    2.05
06728        791    7.83   46.19  227.00    6.27    6.26    1.99    2.08 1325.00    0.00  0
                    5.97    5.93    2.10    2.35
                       0    6.31    6.07    2.31    3.25
06760        811    8.77   46.17  227.00    5.84    5.79    1.66    1.45 1327.00    0.00  0
                    5.92    5.72    1.46    1.38
                       0    5.97    5.58    1.77    1.25
06770        813    8.96   46.00  226.00    4.24    4.22    1.42    1.24 1328.00    0.00  0
                    4.20    4.10    1.33    1.21
                       0    4.42    3.61    1.27    1.16
06990        836    9.52   47.13  226.00    6.00    5.96    1.58    1.64 1321.00    0.00  0
                    6.24    6.17    1.20    1.37
                       0    6.76    4.32    1.15    1.52
07775        984    9.52   42.27  223.00    2.78    2.90    1.53    1.65 1199.00    0.00  0
                    2.45    2.58    1.31    1.41
                       0    2.37    1.90    1.00    0.73
16120       1590    8.85   44.42  193.00    4.21    4.29    1.12    1.17  375.00    0.00  0
                    4.40    4.35    0.96    1.11
                       0    4.65    4.40    0.63    0.85
17116       1703   29.07   40.18  232.00    5.38    5.53    1.66    1.69 1157.00    0.00  0
                    5.48    5.77    1.72    1.63
                       0    6.06    5.31    1.31    1.54
17186       1719   27.43   38.61  232.00    2.78    2.98    1.60    1.57  846.00    0.00  0
                    2.86    3.20    1.29    1.19
                       0    3.22    2.42    1.35    1.63
17370       1757   36.17   36.58  216.00    3.15    3.29    0.80    0.91  798.00    0.00  0
                    3.40    3.92    0.64    0.85
                       0    3.43    3.19    0.33    0.78
37545       2886   44.76   41.75  232.00    3.04    2.96    1.57    1.67  457.00    0.00  0
                    3.35    3.00    1.74    1.71
                       0    2.75    3.67    0.85    1.82
38856       2981   70.88   38.46   61.00   12.53   12.22    2.62    2.60  116.00   55.00  0
                   11.40   11.15    1.63    1.71
                       1 -999.00 -999.00 -999.00 -999.00
40199       3005   34.95   29.55  223.00    3.97    4.10    1.23    1.31  433.00    0.00  0
                    4.00    4.10    1.19    1.19
                       0    4.75    3.97    1.26    1.04
41241       3135   56.23   26.16  231.00    4.41    4.43    1.28    1.36  457.00    0.00  0
                    4.40    4.40    1.33    1.41
                       0    4.32    3.43    1.15    1.33
41257       3145   57.93   23.30  222.00    3.04    3.03    1.64    1.64  435.00    0.00  0
                    3.03    2.68    1.71    1.45
                       0    2.95    2.57    1.48    2.97
41270       3153   59.81   22.30  227.00   -3.01   -3.08    1.68    1.72  450.00    2.00  0
                   -2.90   -3.00    1.56    1.56
                       0   -3.80   -2.50    1.82    1.56
42045       3244   75.17   33.50  173.00    6.48    6.40    1.90    1.90  284.00    0.00  0
                    6.80    7.15    1.78    1.71
                       1    6.32    6.27    1.45    2.37
42111       3247   78.03   30.32  232.00    3.24    3.46    1.56    1.60  446.00    0.00  0
                    3.20    3.35    1.22    1.41
                       0    2.78    2.70    1.15    1.78
42623       3250   93.90   24.67  228.00    3.03    3.13    1.15    1.14  336.00    0.00  0
                    3.03    3.15    1.00    1.11
                       0    2.97    2.80    0.96    1.22
43486       3325   80.40    6.68  213.00    3.20    3.15    1.36    1.36  348.00    0.00  0
                    3.15    3.25    1.41    1.41
                       0    4.10    2.00    0.59    1.04
47114       3449  127.95   37.33  232.00    2.66    2.86    1.29    1.22  464.00    0.00  0
                    2.72    2.85    1.15    1.11
                       0    2.78    2.12    1.11    1.30
47570       3512  139.91   37.47  232.00    3.50    3.86    1.46    1.46 1347.00    0.00  0
                    3.93    4.23    1.37    1.32
                       0    3.57    3.47    1.57    1.78
47584       3518  141.16   39.70  232.00    3.00    3.13    1.48    1.43 1348.00    0.00  0
                    3.46    4.07    1.41    1.45
                       0    3.68    2.38    1.46    1.80
47595       3524  140.47   37.75  225.00    3.09    3.45    1.49    1.38 1327.00    0.00  0
                    6.52    3.50    4.95    1.46
                       0    3.30    3.29    1.36    1.35
47610       3533  138.19   36.67  232.00    3.47    3.81    1.49    1.46 1342.00    0.00  0
                    3.54    3.80    1.12    1.29
                       0    3.99    3.78    1.51    1.51
47612       3534  138.25   37.10  224.00    2.81    3.04    1.32    1.36 1325.00    0.00  0
                    2.87    3.26    1.33    1.26
                       0    2.59    3.10    1.31    1.61
47617       3537  137.25   36.15  226.00    3.57    3.89    1.52    1.60 1328.00    0.00  0
                    3.48    3.92    1.38    1.62
                       0    3.68    2.49    0.70    1.39
47618       3538  137.97   36.25  225.00    3.30    3.67    1.44    1.44 1325.00    0.00  0
                    3.17    3.58    1.53    1.53
                       0    2.99    3.03    0.85    1.17
47620       3539  138.12   36.04  225.00    4.24    4.64    1.24    1.14 1327.00    0.00  0
                    4.32    4.72    1.16    1.01
                       0    4.79    4.51    0.72    1.20
47638       3548  138.55   35.67  225.00    4.51    5.03    1.43    1.52 1326.00    0.00  0
                    4.92    5.33    1.29    1.29
                       0    5.00    4.35    0.84    1.30
47640       3550  138.77   35.50  226.00    2.84    3.46    1.21    1.47 1329.00    0.00  0
                    3.43    3.43    1.36    1.46
                       0    3.38    2.25    0.98    1.19
47746       3577  134.22   35.47  232.00    3.11    3.25    1.55    1.57 1349.00    0.00  0
                    3.46    3.14    1.64    1.66
                       0    3.75    2.35    1.06    1.67
47814       3604  130.93   33.32  225.00    3.06    3.24    1.41    1.48 1326.00    0.00  0
                    2.95    3.00    1.36    1.48
                       0    3.95    2.62    2.00    1.22
47887       3621  132.78   33.83  232.00    2.94    3.09    1.25    1.29 1348.00    0.00  0
                    3.02    3.08    1.35    1.35
                       0    3.18    3.08    1.37    1.51
48300       3646   97.97   19.29  232.00    4.26    4.45    1.12    1.00  463.00    0.00  0
                    4.78    4.53    0.85    0.89
                       0    4.72    4.38    0.33    0.89
48303       3648   99.83   19.92  232.00    2.71    2.92    1.23    1.17  464.00    0.00  0
                    2.95    3.00    0.96    1.04
                       0    3.03    2.30    0.74    1.26
48310       3651   99.90   19.13  232.00    2.60    2.74    1.27    1.25  463.00    0.00  0
                    2.70    2.78    0.89    1.08
                       0    3.25    2.38    0.96    0.56
48315       3652  100.80   19.12  232.00    3.44    3.58    1.28    1.22  464.00    0.00  0
                    3.55    3.68    1.26    1.15
                       0    4.53    3.35    0.70    1.41
48324       3653   99.24   17.63  232.00    3.13    3.19    1.44    1.36  464.00    0.00  0
                    3.10    3.28    1.19    1.30
                       0    3.55    2.20    1.30    0.74
48325       3654   97.93   18.17  232.00    3.96    4.08    1.18    1.10  460.00    0.00  0
                    3.93    3.97    1.08    1.08
                       0    4.40    3.25    1.22    1.63
48330       3658  100.17   18.17  232.00    3.04    3.11    1.21    1.18  464.00    0.00  0
                    3.20    3.10    0.96    1.11
                       0    3.78    2.65    0.96    1.33
48331       3659  100.77   18.77  232.00    2.98    3.10    1.32    1.28  464.00    0.00  0
                    3.45    3.42    1.26    1.19
                       0    4.03    3.25    0.67    1.41
48353       3665  101.73   17.45  230.00    2.55    2.60    1.40    1.43  459.00    0.00  0
                    3.83    3.72    2.00    1.96
                       0    3.28    3.80    1.41    1.82
48375       3675   98.55   16.67  232.00    2.91    2.93    1.04    1.03  463.00    0.00  0
                    3.00    3.08    0.96    1.00
                       0    2.95    3.03    0.82    1.00
48379       3679  101.15   16.43  232.00    2.85    2.84    1.29    1.27  464.00    0.00  0
                    2.85    2.80    1.19    1.33
                       0    3.58    3.33    0.93    1.04
48385       3685   98.87   16.02  232.00    3.74    3.77    1.28    1.23  462.00    0.00  0
                    3.70    3.72    0.96    1.04
                       0    4.35    3.07    1.33    1.59
48421       3705   98.63   14.75  232.00    3.43    3.46    1.18    1.13  464.00    0.00  0
                    3.35    3.47    1.04    1.00
                       0    2.93    3.28    0.96    1.15
48625       3776  101.10    4.57  218.00    2.56    2.69    1.44    1.43  218.00    0.00  0
                    2.70    2.80    1.33    1.56
                       0    2.70    2.00    0.96    1.11
48803       3786  103.97   22.50  229.00    5.38    5.50    1.42    1.33  452.00    0.00  0
                    5.55    5.60    1.48    1.41
                       0    5.30    5.85    1.59    1.19
48810       3789  105.83   22.15  226.00    2.75    2.88    1.50    1.50  226.00    0.00  0
                    3.00    3.00    1.19    1.26
                       0    1.60    3.05    0.74    1.93
48924       3819  101.46   21.05  173.00    4.42    4.53    1.33    1.17  278.00    0.00  0
                    5.35    4.60    2.00    1.11
                       1    4.43    4.57    1.26    1.37
48925       3820  102.00   20.68  171.00    2.51    2.59    1.50    1.37  273.00    0.00  0
                    2.70    2.70    1.48    1.19
                       1    2.55    2.53    1.33    1.59
48930       3824  102.13   19.88  228.00    3.50    3.62    1.38    1.22  421.00    0.00  0
                    3.75    3.65    1.33    1.19
                       0    3.85    3.38    1.45    1.52
48938       3826  101.73   19.23  173.00    2.88    3.00    1.41    1.27  278.00    0.00  0
                    2.85    2.95    1.41    1.11
                       1    3.32    2.70    0.96    1.96
55591       3973   91.13   29.67  232.00    6.54    6.80    1.90    1.93  464.00    0.00  0
                    7.47    7.38    1.96    2.04
                       0    6.03    8.50    1.67    1.22
55773       3976   89.08   27.73  232.00    2.52    2.63    1.61    1.72  464.00    0.00  0
                    2.68    2.90    1.30    1.41
                       0    2.97    2.60    0.96    2.04
56080       3985  102.90   35.00  232.00    2.90    3.12    1.58    1.61  464.00    0.00  0
                    3.70    3.72    1.56    1.41
                       0    3.18    2.62    1.45    1.45
56096       3986  104.92   33.40  232.00    8.67    8.89    1.80    1.90  232.00    0.00  0
                    9.85    9.05    2.00    1.85
                       0    8.95    7.90    1.85    1.41
56116       3988   95.60   31.42  232.00    3.60    3.82    1.65    1.77  464.00    0.00  0
                    3.57    3.78    1.85    1.89
                       0    3.57    3.65    1.89    1.96
56137       3989   97.17   31.15  232.00    4.97    5.23    1.68    1.81  464.00    0.00  0
                    5.05    5.22    1.78    1.82
                       0    5.72    4.35    2.19    2.08
56144       3990   98.56   31.73  232.00    8.67    8.90    1.88    2.01  404.00    0.00  0
                    8.50    8.75    1.89    2.15
                       0    8.92    8.77    1.74    1.59
56146       3991  100.00   31.62  232.00    6.25    6.46    1.64    1.69  464.00    0.00  0
                    6.35    7.52    1.56    1.82
                       0    6.78    6.30    1.56    0.89
56172       3994  102.23   31.90  232.00    8.75    8.90    1.66    1.73  464.00    0.00  0
                    8.75    8.90    1.59    1.63
                       0    8.70    8.25    1.48    1.30
56182       3995  103.60   32.66  232.00    6.97    7.09    2.30    2.38  405.00    0.00  0
                    6.95    7.07    2.30    2.45
                       0    7.22    7.12    2.67    1.30
56247       3996   99.10   30.00  232.00    9.22    9.39    1.76    1.83  464.00    0.00  0
                    9.02    9.15    1.82    1.89
                       0    9.10    8.60    1.22    1.33
56257       3997  100.27   30.00  232.00    4.27    4.44    1.52    1.55  405.00    0.00  0
                    4.57    4.70    1.59    1.56
                       0    3.90    4.60    1.63    1.52
56312       3998   94.47   29.57  232.00    7.72    7.78    1.69    1.75  462.00    0.00  0
                    8.02    8.20    1.67    1.71
                       0    7.30    8.35    1.19    1.56
56357       3999  100.30   29.05  232.00    5.88    6.04    1.60    1.70  405.00    0.00  0
                    6.60    6.23    1.71    1.96
                       0    5.80    6.15    1.26    1.78
56374       4000  101.97   30.05  232.00    7.48    7.60    1.59    1.62  405.00    0.00  0
                    7.50    7.60    1.48    1.56
                       0    8.30    6.35    1.19    1.37
56444       4002   98.88   28.45  232.00    3.75    3.88    1.22    1.28  463.00    0.00  0
                    3.90    3.90    1.19    1.30
                       0    2.93    4.00    0.78    1.15
56462       4003  101.50   29.00  232.00    8.92    9.06    1.66    1.74  464.00    0.00  0
                    8.95    8.98    1.63    1.85
                       0    8.82    8.82    1.26    1.00
56571       4005  102.27   27.90  232.00    3.71    3.89    1.50    1.50  464.00    0.00  0
                    3.72    3.90    1.63    1.63
                       0    4.28    2.47    1.56    1.70
56651       4007  100.21   26.83  232.00    2.82    3.07    1.21    1.25  464.00    0.00  0
                    4.20    3.00    2.08    1.11
                       0    3.17    2.62    1.22    1.48
56671       4008  102.25   26.65  232.00    2.52    2.72    1.41    1.36  405.00    0.00  0
                    2.80    2.80    1.19    1.30
                       0    2.55    2.45    0.74    1.63
56748       4012   99.22   25.13  232.00    2.92    3.16    1.33    1.22  404.00    0.00  0
                    3.05    3.20    1.08    1.15
                       0    3.32    3.07    0.89    1.00
56751       4013  100.18   25.70  232.00    3.22    3.46    1.40    1.44  405.00    0.00  0
                    3.95    4.15    1.41    1.48
                       0    3.07    3.08    0.89    1.96
56886       4019  103.77   24.53  232.00    2.76    2.89    1.20    1.21  405.00    0.00  0
                    2.90    3.00    1.04    1.04
                       0    2.30    2.75    1.11    0.56
56985       4026  103.32   23.44  232.00    4.37    4.54    1.09    1.16  232.00    0.00  0
                    4.50    4.60    1.04    1.04
                       0    4.00    4.45    0.89    0.96
57447       4042  109.47   30.28  232.00    4.69    4.85    1.51    1.49  232.00    0.00  0
                    4.75    5.60    1.56    1.71
                       0    5.45    4.45    1.04    1.04
58847       4091  119.28   26.08  232.00    2.64    2.72    1.19    1.12  232.00    0.00  0
                    2.80    2.90    1.04    1.04
                       0    3.15    3.20    0.96    0.74
58921       4092  117.35   25.97  232.00    2.62    2.83    1.40    1.46  232.00    0.00  0
                    2.70    2.90    1.33    1.41
                       0    2.65    3.70    1.04    2.15
58968       4094  121.53   25.03  231.00    2.81    2.92    1.35    1.35  455.00    0.00  0
                    2.85    2.95    1.41    1.41
                       0    2.88    2.65    1.26    1.19
59023       4096  108.03   24.70  232.00    2.65    2.79    1.22    1.15  232.00    0.00  0
                    2.75    2.80    1.11    1.19
                       0    2.30    3.40    1.33    0.74
60005       4127  342.25   28.62  231.00    3.33    3.34    1.09    1.13 1372.00    0.00  0
                    3.33    3.32    0.99    0.99
                       0    3.07    3.64    0.89    1.15
63791       4237   37.07   -3.42  228.00    2.66    2.87    1.33    1.42  437.00    1.00  0
                    2.90    3.15    1.11    1.26
                       0    3.40    3.15    1.33    0.85
76382       5334  256.57   21.51  202.00    9.03    9.63    2.87    3.08  370.00    0.00  0
                   10.65   10.60    3.34    3.52
                       0   11.40    7.93    1.78    1.26
76581       5352  260.00   21.85  215.00    3.34    3.75    1.65    1.95  373.00    0.00  0
                    3.40    6.05    1.63    3.78
                       0    3.83    2.55    1.33    1.36
76625       5355  259.60   20.58  216.00    3.26    3.67    1.66    1.95  434.00    0.00  0
                    3.12    3.35    1.66    1.93
                       0    2.42    3.57    1.36    1.00
76683       5366  261.77   19.32  204.00    3.17    3.41    1.58    1.67  424.00    0.00  0
                    3.04    3.20    1.71    1.78
                       0    2.43    3.97    1.41    1.07
76737       5372  262.90   18.85  227.00    4.14    4.19    1.37    1.52  505.00    0.00  0
                    4.03    4.15    1.53    1.66
                       0    3.60    4.07    2.00    0.65
76843       5382  266.87   16.75  227.00    3.41    3.36    1.31    1.31  425.00    0.00  0
                    3.30    3.20    1.19    1.19
                       0    3.70    3.88    1.33    0.59
78397       5395  283.22   17.93  232.00    2.56    2.57    1.08    1.10  461.00    0.00  0
                    3.12    2.72    0.85    0.93
                       0    3.00    2.22    0.89    1.37
78708       5407  272.07   15.45  226.00    2.87    3.17    1.54    1.47  408.00    0.00  0
                    3.72    3.45    1.52    1.04
                       0    4.05    2.72    1.41    1.93
78714       5408  274.07   14.90  106.00    2.69    2.88    1.63    1.71  186.00    0.00  0
                    2.57    2.95    1.45    1.71
                       7    2.30    2.80    1.30    1.67
78762       5413  275.82    9.98  225.00    3.56    3.57    1.31    1.31  423.00    0.00  0
                    3.55    3.65    1.26    1.26
                       0    3.65    3.12    1.04    0.56
78764       5414  275.87    9.94  171.00    2.75    2.75    1.30    1.24  279.00    0.00  0
                    2.80    2.90    1.26    1.19
                       0    2.43    2.22    1.26    0.89
80009       5435  285.77   11.13  215.00    3.97    4.06    1.47    1.50  311.00    0.00  0
                    4.00    4.00    1.48    1.48
                       0    4.55    3.40    2.04    1.19
80110       5445  284.41    6.22  155.00    5.82    5.94    1.89    1.91  202.00    0.00  0
                    5.90    6.05    1.33    1.11
                       0    5.55    5.27    0.89    1.48
80211       5449  284.28    4.50  222.00    3.50    3.49    1.63    1.59  335.00    0.00  0
                    3.40    3.53    1.26    1.37
                       0    3.28    3.10    1.56    1.00
81909       5472  319.64   -7.07  224.00    3.08    3.19    1.67    1.63  224.00    0.00  0
                    3.40    4.65    1.93    2.60
                       0    3.20    3.00    2.08    2.22
82780       5495  318.52   -7.06  114.00    3.08    3.17    1.05    1.02  114.00    0.00  0
                    3.20    3.30    0.74    0.74
                       1    3.60    2.95    0.89    0.67
82784       5496  320.71   -7.32  113.00    3.93    3.97    1.56    1.55  113.00    0.00  0
                    3.90    4.00    1.63    1.63
                       1    3.90    3.45    1.11    0.96
83393       5521  318.72  -16.00  166.00    2.88    2.57    1.01    1.10  166.00    0.00  0
                    3.45    3.75    1.11    1.71
                       0    2.90    3.30    1.48    1.19
83442       5524  318.02  -16.85  175.00    3.11    2.76    1.50    1.47  175.00    0.00  0
                    3.20    2.90    1.04    1.19
                       0    2.80    3.40    1.78    0.67
84123       5572  281.39   -0.90  139.00    6.78    7.01    1.88    1.94  181.00    0.00  0
                    6.90    7.20    1.93    2.08
                       0    7.00    6.75    1.26    3.19
84160       5576  281.41   -1.35  151.00    6.78    6.99    1.87    1.95  180.00    0.00  0
                    6.80    7.00    1.63    1.78
                       0    6.75    7.60    1.48    2.63
84217       5582  281.88   -2.29  123.00    2.72    3.08    1.63    1.74  142.00    0.00  0
                    2.60    2.90    1.48    1.78
                       0    3.00    3.05    1.93    1.41
84390       5588  278.75   -4.57  119.00    3.41    4.13    1.29    1.36  168.00    0.00  0
                    3.30    4.00    1.19    1.26
                       0    3.12    2.95    1.33    1.26
84452       5592  280.17   -6.78  232.00    3.26    3.65    1.55    1.72  432.00    0.00  0
                    3.25    3.57    1.71    1.82
                       0    4.57    2.05    0.82    1.00
84564       5600  283.80   -9.86  117.00    7.91    8.38    1.93    1.87  168.00    0.00  0
                    8.10    8.70    1.63    1.33
                       0    8.02    7.70    1.74    1.85
84773       5609  288.67  -17.68   99.00    2.79    2.85    1.02    1.07  142.00    0.00  0
                    2.90    2.90    0.89    0.89
                       0    2.45    3.55    0.93    0.56
92047       5869  146.72   -6.57   71.00    4.25    4.70    1.46    1.44   85.00    0.00  0
                    4.20    4.60    1.19    1.33
                       1    4.20    3.92    1.56    0.78
94313       5988  118.33  -22.23  109.00    2.74    2.79    1.45    1.34  110.00    0.00  0
                    2.90    2.90    1.33    1.04
                       1    2.60    2.85    1.48    1.33
97126       6460  120.37   -2.54  231.00    4.39    4.41    1.33    1.36  462.00    0.00  0
                    4.45    4.40    1.26    1.33
                       0    4.03    4.55    1.07    1.30
97270       6468  118.70   -8.55  231.00    3.37    3.42    1.42    1.47  462.00    0.00  0
                    3.50    3.45    1.41    1.26
                       0    3.53    3.45    1.67    1.67
97686       6488  138.94   -4.07  230.00    5.33    5.31    1.47    1.45  385.00    0.00  0
                    5.10    5.07    1.19    1.22
                       0    4.72    5.20    1.07    1.48
97780       6496  136.37   -3.92  172.00    4.07    3.98    1.28    1.27  344.00    0.00  0
                    4.30    4.22    1.33    1.37
                       1    4.25    4.40    1.67    1.59
ANI         6557   95.90   28.80  231.00    4.28    4.31    1.64    1.74 1319.00    0.00  0
                    6.54    6.98    3.62    4.35
                       0    4.55    3.85    1.65    1.99
DSL         6640   76.30   32.20  231.00    4.15    4.21    1.63    1.73 1261.00    0.00  0
                    4.48    4.47    1.51    1.56
                       0    4.68    2.90    1.22    0.59
GPR         6658   75.20   33.20  231.00    7.09    7.11    2.13    2.18 1225.00    0.00  0
                    6.97    7.20    2.36    2.49
                       0    5.01    6.77    2.40    1.39
GSA         6661   89.70   27.90  172.00    5.84    6.04    1.09    1.07  821.00    0.00  0
                    6.34    6.27    0.87    0.84
                       0    6.29    5.97    0.82    0.95
JLW         6674   76.10   24.60  230.00   -8.79   -8.68    2.28    2.30 1188.00    0.00  0
                   -8.81   -8.66    2.28    2.45
                       0   -9.19  -12.35    1.32    1.01
MMG         6726   88.50   27.50  230.00    8.27    8.37    1.97    2.02 1305.00    0.00  0
                    7.93    8.03    2.17    2.23
                       0    6.95   10.44    1.24    1.15
MNY         6728   73.20    8.30  160.00    3.05    3.01    1.51    1.49  924.00    1.00  0
                    2.70    2.56    1.79    1.69
                       0    2.72    2.78    1.25    1.82
TGA         6796   90.50   27.50  172.00    5.81    5.97    0.94    1.04  945.00    0.00  0
                    5.70    5.87    0.74    0.79
                       0    5.58    5.92    0.99    0.71
14216       6850   14.45   45.33  173.00    3.68    3.89    1.48    1.46  801.00    0.00  0
                    3.92    4.08    1.61    1.46
                       0    4.52    4.32    1.23    1.31
14323       6863   14.90   45.00  173.00    5.56    5.77    1.23    1.21  802.00    0.00  0
                    5.70    5.80    1.09    1.22
                       0    6.45    5.33    0.74    1.01
16036       6887   12.60   46.03  144.00    3.46    3.61    1.65    1.59  243.00    0.00  0
                    3.88    4.45    1.30    1.11
                       0    4.38    2.90    0.93    1.52
16400       6907   13.18   38.70  172.00    3.10    3.20    1.26    1.17  732.00    0.00  0
                    3.22    3.30    1.18    1.07
                       0    3.23    3.43    0.94    0.50
17026       6922   35.17   42.02  181.00    2.68    2.71    1.29    1.26  696.00    0.00  0
                    2.80    2.80    1.08    0.96
                       0    3.64    1.52    0.60    1.15
17033       6923   37.90   40.98  173.00    3.07    3.18    0.96    0.95  620.00    0.00  0
                    3.22    3.30    0.90    0.89
                       0    3.58    2.66    0.61    0.90
17034       6924   38.38   40.92  179.00    2.93    3.04    1.40    1.44  691.00    0.00  0
                    3.10    3.20    1.33    1.19
                       0    3.88    2.22    0.78    0.99
17045       6927   41.82   41.18  194.00    4.31    4.48    1.34    1.30  723.00    0.00  0
                    4.36    4.49    1.44    1.38
                       0    5.23    4.33    1.71    1.42
17100       6938   44.05   39.92  173.00    4.05    4.03    1.61    1.78  672.00    0.00  0
                    5.12    4.20    1.71    1.71
                       0    4.50    3.80    1.56    1.82
17285       6956   43.77   37.57  173.00    5.65    5.70    1.20    1.17  518.00    0.00  0
                    5.90    6.00    1.04    1.04
                       0    6.04    5.41    1.06    1.62
17297       6958   27.66   36.70  173.00    3.90    4.05    1.57    1.69  519.00    0.00  0
                    4.10    4.08    1.56    1.78
                       0    5.55    3.13    1.17    1.04
17375       6960   30.15   36.29  172.00    3.90    4.02    1.44    1.45  609.00    0.00  0
                    3.96    4.02    1.62    1.57
                       0    4.37    3.81    1.95    1.31
17380       6961   29.65   36.20  173.00    2.91    3.04    1.14    1.18  652.00    0.00  0
                    2.93    3.10    1.36    1.48
                       0    2.72    2.99    1.79    1.41
40954       6996   70.47   34.43   83.00    3.23    3.14    1.43    1.36  107.00    0.00  0
                    3.50    3.30    1.19    1.33
                       3    3.45    3.47    0.74    1.96
42299       7011   88.62   27.33  114.00    3.24    3.55    1.46    1.40  230.00    0.00  0
                    2.82    3.15    1.56    1.48
                       2    3.15    3.05    1.52    1.82
42527       7012   94.16   25.63  107.00    2.58    2.80    1.55    1.53  108.00    0.00  0
                    2.80    3.00    1.19    1.33
                       2    2.05    3.40    1.48    0.74
43340       7072   78.16   11.75  108.00   -2.63   -2.83    1.34    1.50  109.00    0.00  0
                   -2.45   -2.70    1.56    1.63
                       2   -1.75   -2.50    1.19    0.74
43441       7082   80.37    7.47  162.00    2.54    2.47    1.13    1.08  233.00    0.00  0
                    2.60    2.50    0.89    0.89
                       1    3.38    1.55    0.78    1.52
64381       7138   29.25   -1.67  126.00    5.35    5.47    1.56    1.58  166.00    0.00  0
                    5.43    5.60    1.59    1.48
                       3    5.95    6.10    1.26    1.93
78655       7286  270.46   13.98  136.00    2.59    2.86    1.50    1.53  175.00    0.00  0
                    2.68    3.10    1.45    1.59
                       0    3.20    2.60    1.41    1.00
82400       7291  327.58   -3.85  116.00    2.83    2.74    1.24    1.23  117.00    0.00  0
                    2.80    2.75    1.19    1.11
                       0    2.70    3.70    1.11    0.96
82979       7296  317.90   -9.63  116.00    2.87    2.96    0.82    0.96  117.00    0.00  0
                    2.90    2.90    0.74    1.04
                       0    3.10    3.10    0.89    0.89
83192       7300  321.49  -11.08  116.00    2.55    2.35    1.64    1.61  117.00    0.00  0
                    2.80    2.40    1.26    1.33
                       0    3.05    3.20    1.85    1.33
83242       7303  318.62  -12.56  116.00    3.92    3.63    1.67    1.66  117.00    0.00  0
                    3.90    3.60    1.78    1.78
                       0    3.15    4.85    1.33    1.70
84143       7314  281.42   -1.02  143.00    7.84    8.07    1.97    2.09  172.00    0.00  0
                    8.10    8.30    1.63    1.78
                       0    7.95    7.78    1.33    1.74
64390       7339   29.32   -3.32   70.00    4.19    4.13    1.66    1.75   88.00    2.00  0
                    4.30    4.35    1.52    1.74
                       0    4.00    4.75    1.56    1.11
76681       7349  260.82   19.30   70.00    6.29    6.70    1.97    2.05   98.00    0.00  0
                    6.55    7.30    2.19    2.37
                       0    6.48    6.55    2.30    2.06
78718       7567  270.82   14.43   75.00    3.58    3.85    1.23    1.38  114.00    0.00  0
                    3.90    4.10    1.19    1.26
                       0    3.95    4.03    1.00    1.19
PKL         7627   77.50   10.10   58.00    3.04    3.11    1.34    1.37  333.00    0.00  0
                    3.40    3.33    1.50    1.61
                      18    3.40    3.42    1.67    1.38
UKH         7765   78.40   30.70   25.00    7.94    8.08    2.24    2.08   82.00    0.00  0
                    8.27    8.40    2.42    2.08
                      22 -999.00 -999.00 -999.00 -999.00
41516       7888   74.33   35.92   20.00   13.18   13.12    2.50    2.67   35.00   15.00  0
                   11.70   11.40    2.00    2.30
                      36 -999.00 -999.00 -999.00 -999.00
41518       7890   74.63   35.67   27.00   14.43   14.29    2.36    2.37   35.00    7.00  0
                   13.30   13.20    1.93    2.00
                      36 -999.00 -999.00 -999.00 -999.00
41519       7891   74.09   35.42   34.00   11.14   11.08    2.47    2.42   35.00    0.00  0
                   11.20   11.20    1.78    1.93
                      36 -999.00 -999.00 -999.00 -999.00
