  AYMH      144.30   -5.83    2.81    2.93    1.29    1.24  0
  AYNZ      146.72   -6.57    4.01    4.23    1.32    1.35  0
  CYXT      231.43   54.46    2.77    2.94    1.68    1.64  0
  FGBT        9.80    1.90    2.67    2.64    1.11    1.12  0
  GCLA      342.25   28.62    3.44    3.44    1.15    1.19  0
  HTKJ       37.07   -3.42    2.61    2.80    1.27    1.38  0
  KMNI      279.78   33.58   -3.42   -3.19    1.39    1.50  0
  KTOC      276.71   34.59    2.70    2.89    1.24    1.39  0
  LIMJ        8.85   44.42    4.29    4.37    1.07    1.02  0
  LLET       34.95   29.55    3.61    3.75    1.33    1.41  0
  LSZA        8.92   46.00    3.57    3.54    1.63    1.66  0
  LTCS       38.88   37.47   13.75   13.80    1.61    1.60  0
  MDST      289.41   19.39    2.85    2.99    1.04    1.00  0
  MHCA      274.22   14.90    2.54    2.70    1.29    1.35  0
  MHLM      272.07   15.45    2.89    3.19    1.27    1.18  0
  MHSC      272.38   14.38    5.49    5.83    1.16    1.39  0
  MMOX      263.27   16.97    2.78    2.89    1.45    1.49  0
  MMTG      266.97   16.57    3.16    3.12    1.24    1.24  0
  MROC      275.78   10.00    3.35    3.37    1.14    1.12  0
  MRPV      275.85    9.94    2.55    2.60    1.15    1.06  0
  MSSA      270.43   13.98    3.18    3.41    1.30    1.32  0
  OJAQ       35.02   29.63    2.88    3.00    1.48    1.52  0
  OLBA       35.47   33.82    2.50    2.67    1.02    1.01  0
  OPLA       74.40   31.52   -2.77   -2.60    1.64    1.67  0
  PHTO      204.93   19.72    2.72    2.77    1.64    1.77  0
  RCFN      121.08   22.77    3.28    3.28    1.35    1.35  0
  RCSS      121.55   25.07    3.17    3.29    1.37    1.35  0
  SBJU      320.73   -7.22    4.04    4.12    0.82    0.79  0
  SELT      281.38   -0.92    6.44    6.58    1.58    1.67  0
  SEMC      281.88   -2.29    2.65    2.98    1.62    1.73  0
  SETU      282.30    0.82    3.03    3.24    1.54    1.59  0
  SKAR      284.28    4.50    3.39    3.41    1.39    1.36  0
  SKIB      284.85    4.43    4.10    4.11    1.48    1.59  0
  SKLC      283.30    7.80    2.55    2.64    1.29    1.33  0
  SKMD      284.41    6.22    5.61    5.75    1.65    1.66  0
  SKSM      285.77   11.13    4.05    4.13    1.30    1.32  0
  SKVV      286.38    4.17    3.20    3.15    1.61    1.64  0
  SPHI      280.17   -6.78    3.29    3.66    1.54    1.68  0
  SPRU      280.88   -8.08    2.74    2.91    1.17    1.16  0
  SVMD      288.82    8.60    7.17    7.32    2.06    2.18  0
  SVMI      293.02   10.60    4.11    4.14    1.20    1.22  0
  UBBY       46.66   41.55    2.71    2.68    1.54    1.55  0
  UTDK       69.80   37.97    2.51    2.26    1.64    1.70  0
  VLLB      102.16   19.89    3.01    3.25    1.33    1.26  0
  VLLN      101.40   20.96    3.83    4.06    1.40    1.34  0
  VNKT       85.37   27.70    3.15    3.25    0.92    1.01  0
  VTCH       97.98   19.30    2.79    3.04    1.21    1.12  0
  VTCP      100.15   18.14    3.32    3.37    1.66    1.66  0
  VTUL      101.73   17.45    2.50    2.53    1.48    1.51  0
  VVCR      109.21   12.00    2.97    3.03    1.21    1.25  0
  ENSD        6.12   61.83    3.91    3.91    1.30    1.29  0
  FOOB       11.48    2.08    2.60    2.59    1.41    1.41  0
  LIPA       12.60   46.03    3.36    3.54    1.54    1.42  0
  LIRI       14.92   40.61    2.88    3.25    1.32    1.12  0
  VEIM       93.90   24.76    2.70    2.82    1.18    1.17  0
  SBLP      316.58  -13.27    2.96    2.61    0.87    0.84  0
  SBMS      322.64   -5.20    2.76    2.65    0.83    0.91  0
  SPLO      288.66  -17.70    2.73    2.78    1.56    1.57  0
  MHNO      270.82   14.43    3.37    3.72    1.40    1.57  0
