  CWAE      237.05   50.13    3.72    4.07    2.44    2.64  3
  CWLY      238.42   50.22    6.33    6.63    2.86    2.77  3
  CWSW      245.12   49.75    2.91    3.41    3.08    3.23  3
  CYBD      233.41   52.38    6.68    7.02    3.26    3.27  3
  CYBG      289.00   48.20    0.31    0.31    2.12    2.13  3
  CYBN      280.46   44.16   -1.03   -0.74    2.32    2.46  3
  CYCD      236.13   49.05    0.72    1.18    2.17    2.40  3
  CYCG      242.37   49.29    3.39    3.66    2.66    2.61  3
  CYCP      240.72   52.11    3.28    3.54    3.28    3.31  3
  CYDA      220.87   64.04   -0.66   -0.56    3.84    3.89  3
  CYDB      220.95   61.36   -2.19   -2.08    3.85    3.95  3
  CYDC      239.49   49.46    0.64    1.21    3.17    3.38  3
  CYDL      230.00   58.42    1.02    1.13    2.30    2.44  3
  CYEN      257.04   49.21   -2.24   -1.94    2.47    2.46  3
  CYGE      243.02   51.30    3.32    3.71    3.03    3.09  3
  CYGP      295.53   48.77   -0.49   -0.34    2.34    2.35  3
  CYHE      238.52   49.36    5.46    5.77    2.33    2.15  3
  CYIN      238.32   51.26   -1.05   -0.83    2.83    2.95  3
  CYJF      236.54   60.23    0.13    0.28    2.13    2.04  3
  CYKA      239.56   50.70    1.80    2.02    2.43    2.38  3
  CYLW      240.63   49.95    1.58    1.89    2.69    2.78  3
  CYMA      224.14   63.61   -0.05    0.06    2.98    3.04  3
  CYOJ      242.84   58.61   -0.78   -0.53    2.18    2.20  3
  CYPA      254.34   53.21   -1.31   -1.17    2.38    2.36  3
  CYPQ      281.64   44.23   -0.68   -0.41    2.25    2.40  3
  CYPW      235.50   49.83   -0.47   -0.01    2.10    1.94  3
  CYPY      248.89   58.76   -0.98   -0.82    2.13    2.28  3
  CYQH      231.18   60.11   -0.73   -0.63    2.11    2.23  3
  CYQL      247.20   49.63   -1.53   -0.94    2.17    2.35  3
  CYQW      251.75   52.77   -1.11   -0.91    2.12    2.06  3
  CYQZ      237.49   53.02   -0.38   -0.24    2.63    2.56  3
  CYRV      241.82   50.96    3.81    4.04    2.97    2.95  3
  CYSJ      294.12   45.31   -1.06   -0.85    2.36    2.47  3
  CYXQ      219.14   62.41   -0.51   -0.29    2.38    2.40  3
  CYXY      224.94   60.71    0.79    0.81    2.36    2.42  3
  CYYD      232.82   54.82    0.92    1.09    2.59    2.71  3
  CYYF      240.40   49.46    2.67    3.01    2.45    2.48  3
  CYYW      271.46   50.17   -0.28   -0.15    2.82    2.86  3
  CYZW      227.26   60.17   -0.16    0.00    2.50    2.62  3
  CZFA      226.63   62.20    1.96    2.11    3.75    3.88  3
  CZPC      246.02   49.51   -1.02   -0.57    2.57    2.61  3
  CZST      230.03   55.93    3.65    3.79    3.01    3.12  3
  DAAE        5.07   36.72    0.62    0.73    2.28    2.31  3
  DAAG        3.25   36.72   -1.22   -1.02    2.64    2.64  3
  DAAJ        9.47   24.28    0.03    0.04    2.55    2.52  3
  DAAP        8.61   26.72   -0.15   -0.15    2.38    2.33  3
  DAAS        5.33   36.18   -0.85   -0.72    2.19    2.19  3
  DAAT        5.47   22.82   -0.76   -0.65    2.63    2.56  3
  DABT        6.32   35.75   -0.05    0.07    3.03    3.03  3
  DAOB        1.47   35.33   -1.43   -1.31    3.11    3.08  3
  DAOF      351.87   27.67   -1.92   -1.84    2.17    2.08  3
  DAOI        1.33   36.22    1.48    1.58    2.61    2.61  3
  DAOL      359.47   35.54   -0.29   -0.22    2.62    2.65  3
  DAON      358.53   35.02   -0.11   -0.02    2.75    2.81  3
  DAOO      359.40   35.63   -0.79   -0.71    2.26    2.29  3
  DAOR      357.77   31.62   -1.32   -1.02    2.30    2.12  3
  DAOV        0.15   35.20   -0.78   -0.70    2.95    2.94  3
  DAUA      359.82   27.83   -2.04   -1.94    2.53    2.54  3
  DAUB        5.73   34.79   -0.16    0.02    2.32    2.33  3
  DAUE        2.87   30.57   -1.18   -1.00    2.42    2.43  3
  DAUI        2.52   27.25   -1.20   -1.05    2.46    2.50  3
  DAUK        6.13   33.11   -0.82   -0.64    2.14    2.13  3
  DAUT        0.28   29.25   -1.86   -1.70    2.34    2.32  3
  DAUU        5.40   31.92   -1.21   -1.02    2.25    2.26  3
  DAUZ        9.63   28.05   -0.85   -0.83    2.17    2.14  3
  DFOO      355.68   11.17    0.12    0.13    2.15    2.13  3
  DRRN        2.17   13.48   -1.92   -1.39    2.22    2.17  3
  DTTF        8.82   34.42   -0.82   -0.60    2.12    2.13  3
  EBLB        6.18   50.47   -1.42   -1.35    2.76    2.91  3
  EDDF        8.60   50.05   -0.79   -0.58    2.36    2.35  3
  EDDM       11.82   48.35   -0.48   -0.50    2.13    2.15  3
  EDSB        8.08   48.78   -0.68   -0.56    2.33    2.34  3
  EPKT       19.07   50.47   -1.78   -1.49    2.28    2.38  3
  EPZG       15.80   52.13   -1.79   -1.63    2.55    2.48  3
  ETAR        7.60   49.43   -0.31   -0.18    3.32    3.46  3
  ETHF        9.27   51.13    0.13    0.27    2.37    2.33  3
  ETHS       10.18   52.92   -1.18   -0.96    2.12    2.09  3
  ETIC       11.95   49.70    0.08    0.28    2.26    2.07  3
  ETSN       11.22   48.72   -0.09   -0.10    2.23    2.13  3
  FABL       26.30  -29.10   -2.36   -2.02    3.53    3.62  3
  FAJB       28.00  -26.15   -1.33   -0.52    3.07    3.18  3
  FAKM       24.77  -28.80   -1.38   -1.03    3.14    3.25  3
  FAMM       25.53  -25.78   -1.39   -1.03    2.76    2.89  3
  FAOB       20.28  -34.60    0.01    0.06    2.89    2.97  3
  FAUP       21.27  -28.40   -1.29   -1.07    2.95    3.03  3
  FBSK       25.92  -24.55   -1.95   -1.62    2.67    2.80  3
  FDBB       31.91  -26.85   -0.27   -0.01    2.51    2.72  3
  FMEP       55.42  -21.32    0.73    0.74    2.12    2.14  3
  GANR      350.65   15.23   -1.59   -1.15    2.20    2.16  3
  GMAD      350.60   30.33   -3.37   -3.19    2.27    2.32  3
  GMFF      355.01   33.94   -0.49   -0.21    2.64    2.76  3
  GMFO      358.06   34.78    0.03    0.14    2.90    2.96  3
  GMMB      352.37   33.65    1.65    2.03    3.37    3.48  3
  GMME      353.23   34.04   -2.01   -1.59    2.35    2.43  3
  GMMW      356.98   34.97   -0.95   -0.78    2.30    2.37  3
  GMMX      351.98   31.62   -0.70   -0.31    2.22    2.22  3
  GMMZ      353.10   30.94    0.72    0.83    2.35    2.36  3
  GOSM      346.67   15.60   -0.39    0.04    2.38    2.25  3
  GOSP      345.03   16.68   -0.81   -0.57    2.34    2.36  3
  HESC       34.07   28.68    0.11    0.21    2.35    2.51  3
  HSSS       32.54   15.60   -3.22   -2.97    2.27    2.16  3
  HTKA       29.63   -4.88   -0.50   -0.44    2.58    2.66  3
  HTSU       31.63   -7.97    1.24    1.35    2.29    2.44  3
  K04V      253.83   38.10    1.60    1.74    2.36    2.38  3
  K05U      244.00   39.60   -1.76   -1.83    5.55    5.44  3
  K0E0      254.00   34.97   -1.23   -0.89    3.74    3.91  3
  K1AM      249.20   47.28   -0.44    0.01    2.31    2.32  3
  K1BW      256.00   41.52   -2.10   -1.73    2.48    2.75  3
  K1DW      256.20   41.37   -2.07   -1.69    2.38    2.56  3
  K1KM      250.20   46.45   -1.38   -0.90    2.54    2.70  3
  K1MM      250.37   47.02   -1.80   -1.36    2.17    2.27  3
  K1ON      258.72   48.82   -2.66   -2.30    2.37    2.33  3
  K1S5      240.04   46.33   -3.10   -2.90    3.46    3.64  3
  K20U      256.02   46.92   -3.09   -2.60    2.80    2.92  3
  K20V      253.63   40.04    1.35    1.52    3.58    3.56  3
  K2V5      257.77   40.10   -1.64   -1.15    2.61    2.76  3
  K2WX      256.47   45.58   -1.46   -1.04    2.21    2.31  3
  K33V      253.74   40.75   -0.96   -0.77    3.31    3.36  3
  K3K3      258.25   38.00   -2.45   -2.10    2.45    2.57  3
  K4V0      251.24   40.10   -1.93   -2.08    4.08    4.25  3
  K65S      243.70   48.73    2.22    2.58    2.13    2.02  3
  K82V      255.87   41.15   -2.48   -2.07    3.58    3.71  3
  KAAT      239.43   41.49   -2.04   -1.80    4.79    4.95  3
  KACV      235.90   40.98   -2.47   -2.40    2.84    2.79  3
  KAEG      253.20   35.14   -2.63   -2.24    3.16    3.31  3
  KAEJ      253.88   38.81    2.84    2.97    2.79    2.74  3
  KAFO      249.07   42.71   -1.64   -1.68    4.21    4.46  3
  KAIA      257.20   42.05   -2.38   -1.97    3.25    3.44  3
  KAJO      242.40   33.90   -1.02   -0.05    3.42    3.68  3
  KAJZ      251.94   38.78    3.51    3.31    2.73    2.79  3
  KAKO      256.78   40.17   -1.43   -0.99    2.35    2.46  3
  KALK      249.58   31.60   -1.13   -0.91    2.52    2.39  3
  KALM      254.02   32.83   -0.32   -0.10    2.79    2.65  3
  KALS      254.13   37.45   -1.85   -1.74    3.33    3.42  3
  KANK      253.95   38.53    4.63    4.82    2.29    2.24  3
  KAPC      237.72   38.22   -2.03   -0.85    2.53    2.13  3
  KARB      276.25   42.22   -0.44   -0.28    2.10    2.06  3
  KASE      253.13   39.22    4.36    4.43    2.83    2.85  3
  KATS      255.53   32.85   -1.33   -1.08    2.19    2.14  3
  KAXX      254.72   36.42   -0.35   -0.20    4.08    4.18  3
  KAZC      246.99   36.96   -1.69   -1.67    5.32    5.30  3
  KBAM      243.09   40.56   -2.04   -1.98    5.73    5.54  3
  KBAN      240.49   38.35    1.26    1.62    5.38    5.61  3
  KBCE      247.85   37.70   -2.06   -2.11    4.37    4.36  3
  KBDN      238.80   44.09    0.09    0.41    2.46    2.73  3
  KBDU      254.77   40.03    0.10    0.74    2.13    1.86  3
  KBFF      256.40   41.87   -1.05   -0.63    2.88    3.11  3
  KBHK      255.75   46.35   -2.11   -1.66    2.75    2.85  3
  KBIH      241.63   37.36    1.03    1.14    5.25    5.31  3
  KBKE      242.18   44.83   -0.56   -0.25    3.91    4.09  3
  KBKF      255.25   39.72   -1.16   -0.34    2.10    1.82  3
  KBLH      245.28   33.61   -0.44   -0.20    3.07    3.10  3
  KBMC      247.94   41.55   -0.23   -0.57    2.97    3.41  3
  KBML      288.82   44.58    1.01    1.31    2.29    2.50  3
  KBNO      241.05   43.58   -2.99   -2.75    4.42    4.62  3
  KBOI      243.78   43.57   -0.72   -0.38    2.15    2.35  3
  KBOK      235.71   42.07   -1.49   -1.26    3.25    3.21  3
  KBPC      258.97   35.88   -0.93   -0.49    2.45    2.39  3
  KBTM      247.50   45.95    1.55    1.90    2.99    3.17  3
  KBVO      263.99   36.76   -0.53   -0.40    2.37    2.26  3
  KBVU      245.14   35.94   -1.39   -1.31    2.65    2.58  3
  KBXK      247.31   33.40   -1.63   -1.03    2.63    2.45  3
  KBYS      243.38   35.28    1.14    1.23    2.29    2.45  3
  KBZN      248.85   45.78   -0.58   -0.19    2.37    2.51  3
  KCAG      252.48   40.50   -0.72   -0.81    3.77    4.02  3
  KCAO      256.85   36.45   -1.29   -1.08    2.35    2.51  3
  KCDC      246.90   37.70    0.90    0.80    3.26    3.22  3
  KCDR      256.90   42.83   -1.61   -1.21    2.86    3.06  3
  KCEC      235.77   41.78   -2.98   -2.74    2.55    2.39  3
  KCEZ      251.37   37.29   -1.71   -1.79    4.43    4.60  3
  KCGZ      248.23   32.95   -1.85   -1.07    2.46    2.16  3
  KCIN      265.22   42.05    0.30    0.36    2.33    2.32  3
  KCLM      236.50   48.12   -0.43    0.27    2.54    2.48  3
  KCMR      247.80   35.29   -1.27   -1.03    3.21    3.21  3
  KCMY      269.26   43.96   -1.87   -1.85    2.66    2.69  3
  KCNM      255.73   32.33   -1.34   -1.08    2.32    2.26  3
  KCNO      242.37   33.97    0.85    1.82    3.01    3.29  3
  KCNY      250.25   38.77   -1.09   -1.28    3.05    3.13  3
  KCOD      250.98   44.52   -1.66   -1.37    2.38    2.48  3
  KCPR      253.53   42.92   -2.83   -2.50    3.44    3.51  3
  KCQC      254.33   35.00   -0.91   -0.60    2.70    2.91  3
  KCTB      247.63   48.60   -1.60   -1.05    2.21    2.27  3
  KCUT      256.38   43.73   -1.09   -0.73    2.89    3.20  3
  KCVH      238.59   36.89   -1.48    0.85    2.97    2.73  3
  KCVN      256.92   34.43   -1.59   -1.24    2.12    2.23  3
  KCXP      240.27   39.18    0.97    1.20    3.41    3.48  3
  KD07      257.98   45.03   -1.98   -1.55    2.17    2.27  3
  KD55      261.61   48.75   -1.07   -0.61    2.15    2.20  3
  KDAG      243.22   34.85    1.43    1.62    2.28    2.47  3
  KDEW      242.59   47.97   -1.21   -0.74    2.85    2.90  3
  KDGW      254.62   42.79   -2.04   -1.68    3.39    3.54  3
  KDHT      257.45   36.02   -0.98   -0.69    2.66    2.70  3
  KDIK      257.20   46.80   -1.94   -1.50    2.27    2.35  3
  KDLN      247.45   45.25   -1.57   -1.24    2.57    2.76  3
  KDLS      238.83   45.62    2.46    2.81    2.59    2.52  3
  KDMA      249.12   32.17   -0.10    0.37    3.19    2.89  3
  KDMN      252.28   32.27   -1.56   -1.36    3.16    3.02  3
  KDPG      247.07   40.20   -0.76   -0.63    4.55    4.53  3
  KDRA      243.98   36.61    1.24    1.07    3.40    3.32  3
  KDRO      252.25   37.15   -0.31   -0.34    2.94    3.04  3
  KDTA      247.48   39.38   -2.18   -2.42    2.91    3.05  3
  KDUG      250.40   31.47   -1.78   -1.71    2.95    2.88  3
  KDVO      237.44   38.14   -0.20    0.73    2.95    2.95  3
  KDVT      247.93   33.68   -0.81   -0.03    2.30    2.11  3
  KDWX      252.50   41.03   -0.86   -0.91    3.39    3.59  3
  KE38      256.32   30.38    0.07    0.28    2.27    2.25  3
  KE80      253.17   34.64   -2.04   -1.68    2.77    2.83  3
  KECS      255.68   43.88   -1.47   -1.13    2.22    2.31  3
  KEED      245.38   34.77    1.44    1.68    2.47    2.44  3
  KEEO      252.11   40.04    1.14    0.97    3.23    3.49  3
  KEGE      253.08   39.65    3.43    3.49    3.35    3.32  3
  KEHA      258.10   37.00   -0.32   -0.04    2.38    2.39  3
  KEHY      253.54   41.73   -0.46   -0.37    2.68    2.70  3
  KEIK      254.95   40.02   -2.16   -1.42    2.96    2.93  3
  KEKO      244.22   40.83   -2.26   -2.20    5.15    5.00  3
  KEKS      248.35   45.26    2.43    2.72    2.90    2.95  3
  KELY      245.15   39.28   -0.61   -0.74    5.10    5.04  3
  KEMM      249.44   41.82   -1.94   -1.98    3.48    3.69  3
  KENV      245.97   40.72   -2.21   -2.17    3.32    3.38  3
  KEUL      243.37   43.63   -2.37   -1.99    2.94    3.20  3
  KF70      242.87   33.57   -1.26   -0.56    2.56    2.66  3
  KFEW      255.13   41.15   -1.53   -1.05    2.78    2.99  3
  KFHR      236.98   48.52   -0.72   -0.09    2.69    2.73  3
  KFHU      249.65   31.60   -0.40   -0.19    2.29    2.15  3
  KFKS      273.80   44.63   -0.11   -0.23    2.18    2.21  3
  KFLG      248.33   35.13   -2.73   -2.51    3.51    3.58  3
  KFMM      256.20   40.33   -2.13   -1.60    2.72    2.76  3
  KFMN      251.77   36.75   -1.94   -1.94    3.36    3.45  3
  KFOT      235.87   40.54   -1.80   -1.80    2.82    2.85  3
  KFTW      262.63   32.82   -1.83   -1.05    2.17    2.10  3
  KGCC      254.46   44.35   -1.92   -1.50    2.53    2.66  3
  KGCD      241.04   44.40    2.08    2.35    2.23    2.24  3
  KGCN      247.85   35.95   -3.66   -3.51    5.41    5.48  3
  KGDP      255.20   31.83    0.39    0.62    2.54    2.48  3
  KGDV      255.20   47.13   -2.77   -2.28    2.29    2.36  3
  KGEU      247.70   33.53    0.46    1.31    2.24    1.73  3
  KGEY      251.92   44.52   -2.22   -1.92    3.67    3.66  3
  KGGW      253.38   48.22   -1.73   -1.26    2.41    2.32  3
  KGJT      251.47   39.11    1.11    0.86    2.34    2.32  3
  KGLD      258.30   39.36   -1.50   -0.98    2.24    2.39  3
  KGNB      254.09   40.08    0.30    0.62    3.75    3.74  3
  KGNC      257.35   32.68   -1.44   -1.09    2.12    2.11  3
  KGNT      252.10   35.17   -1.49   -1.24    3.45    3.50  3
  KGPI      245.73   48.30    0.66    1.00    2.81    3.08  3
  KGUC      253.07   38.53   -0.31   -0.28    3.84    3.89  3
  KGUP      251.22   35.52   -2.00   -1.92    4.30    4.35  3
  KGUY      258.49   36.68   -1.47   -1.09    2.45    2.49  3
  KGXA      242.34   34.56   -0.26    0.39    3.15    3.52  3
  KGXF      247.29   32.88   -0.78   -0.32    2.53    2.41  3
  KGYR      247.62   33.42   -0.33    0.40    2.21    1.92  3
  KHAF      237.50   37.50   -1.82   -0.79    2.28    1.95  3
  KHCR      248.57   40.47    2.29    1.79    4.41    4.91  3
  KHEI      257.34   46.01   -2.35   -1.92    2.57    2.66  3
  KHEQ      257.74   40.56   -0.79   -0.32    2.93    3.07  3
  KHHF      259.60   35.90    0.39    0.78    2.38    2.33  3
  KHIE      288.45   44.35    1.33    1.67    2.43    2.68  3
  KHLN      248.00   46.60    1.66    2.08    2.37    2.39  3
  KHMN      253.90   32.85    0.40    0.62    3.35    3.27  3
  KHND      244.87   35.97   -0.23   -0.20    2.68    2.55  3
  KHOB      256.78   32.68   -1.38   -1.06    2.29    2.31  3
  KHRI      240.74   45.83   -1.64   -1.41    3.42    3.56  3
  KHTO      287.75   40.96   -1.17   -0.89    2.23    2.33  3
  KHVE      249.30   38.42   -1.13   -1.24    4.13    4.10  3
  KHVR      250.23   48.55   -2.42   -1.95    2.77    2.89  3
  KIBM      256.32   41.19   -1.65   -1.24    2.83    2.98  3
  KIEN      257.49   43.02   -0.98   -0.58    2.63    2.80  3
  KIFP      245.44   35.15    2.87    3.07    2.43    2.33  3
  KIGM      246.05   35.27    0.33    0.53    3.32    3.30  3
  KIML      258.38   40.52   -1.84   -1.36    2.44    2.54  3
  KINK      256.80   31.78   -1.09   -0.77    2.28    2.27  3
  KINS      244.33   36.59    2.07    1.90    3.71    3.57  3
  KINW      249.27   35.02   -1.26   -1.06    3.46    3.46  3
  KIPL      244.42   32.83   -1.12   -0.87    2.21    2.34  3
  KISN      256.36   48.18   -1.43   -1.02    2.37    2.36  3
  KITR      257.71   39.24   -1.41   -0.89    2.50    2.69  3
  KIWA      248.34   33.31   -1.84   -1.04    2.85    2.65  3
  KIZA      239.93   34.60   -3.41   -2.27    3.61    3.99  3
  KJAS      265.97   30.89   -1.29   -1.19    3.09    3.13  3
  KJDN      253.07   47.33   -2.72   -2.16    3.36    3.40  3
  KJFX      272.69   33.90    0.82    0.97    2.15    2.28  3
  KJTC      250.69   34.13   -0.06    0.08    3.19    3.24  3
  KL18      242.75   33.35   -1.59   -0.82    2.27    2.33  3
  KL35      243.14   34.26   -3.44   -3.22    4.81    5.03  3
  KLAA      257.32   38.07   -1.27   -0.90    3.08    3.15  3
  KLAR      254.33   41.32   -1.05   -0.76    2.75    2.78  3
  KLAS      244.83   36.08    1.25    1.24    2.14    1.93  3
  KLBF      259.32   41.13   -0.91   -0.41    2.40    2.39  3
  KLGD      242.00   45.28    1.22    1.50    3.36    3.41  3
  KLGU      248.15   41.78   -1.66   -1.94    3.79    4.17  3
  KLHX      256.48   38.04   -1.16   -0.80    2.49    2.64  3
  KLIC      256.33   39.27   -2.23   -1.67    3.50    3.61  3
  KLLJ      245.78   44.52    3.23    3.47    3.30    3.38  3
  KLMO      254.84   40.15   -0.18    0.45    2.95    2.99  3
  KLMT      238.27   42.15   -0.57   -0.34    2.76    3.01  3
  KLND      251.27   42.82   -0.89   -0.82    2.85    2.72  3
  KLOL      241.43   40.07   -3.44   -3.28    5.29    5.26  3
  KLRU      253.08   32.28   -1.07   -0.70    2.85    2.63  3
  KLUF      247.62   33.53   -0.34    0.41    2.48    2.20  3
  KLVK      238.18   37.70   -0.83    1.26    2.18    2.97  3
  KLVM      249.55   45.70    0.44    0.83    2.98    3.08  3
  KLVS      254.85   35.65   -1.93   -1.73    2.38    2.52  3
  KLWS      242.98   46.38   -0.47   -0.13    2.24    2.29  3
  KLWT      250.53   47.05   -1.21   -0.75    2.21    2.32  3
  KLXV      253.68   39.22    1.65    1.81    2.76    2.72  3
  KM63      253.85   32.04   -0.35    0.05    2.60    2.37  3
  KM75      252.09   48.36   -2.54   -2.10    2.94    2.98  3
  KMAN      243.48   43.58   -2.28   -1.91    3.11    3.32  3
  KMEH      241.60   45.52   -2.98   -2.68    5.22    5.46  3
  KMER      239.43   37.38    0.20    1.78    2.17    3.43  3
  KMEV      240.25   38.97   -0.45   -0.19    5.11    5.30  3
  KMFR      237.13   42.37    1.34    1.56    2.41    2.27  3
  KMHS      237.68   41.32    1.81    2.14    2.93    3.23  3
  KMLF      246.99   38.43    0.63    0.44    3.25    3.28  3
  KMLS      254.13   46.43   -2.27   -1.77    2.36    2.42  3
  KMMH      241.17   37.61    0.99    1.18    4.51    4.67  3
  KMQB      269.35   40.52   -0.87   -1.01    2.13    2.16  3
  KMRF      255.98   30.37   -0.91   -0.75    2.95    2.98  3
  KMSO      245.92   46.92    2.96    3.30    2.37    2.46  3
  KMTJ      252.10   38.50    1.15    0.99    2.22    2.25  3
  KMUO      244.13   43.05   -2.56   -2.24    3.69    3.95  3
  KMVH      251.07   46.83   -2.12   -1.57    2.39    2.58  3
  KMXO      268.83   42.23    0.16    0.12    2.14    2.15  3
  KMYJ      268.19   39.15   -1.03   -1.18    2.42    2.50  3
  KNFG      242.65   33.29   -1.12   -0.36    2.70    2.69  3
  KNFL      241.30   39.42   -2.61   -2.41    4.52    4.69  3
  KNID      242.32   35.68    0.30    0.30    3.17    3.25  3
  KNJK      244.32   32.82   -1.16   -0.89    2.39    2.53  3
  KNXP      243.86   34.28   -0.26   -0.16    2.60    2.75  3
  KOGA      258.23   41.12   -1.02   -0.55    2.53    2.62  3
  KOKB      242.65   33.22   -0.57    0.18    2.41    2.37  3
  KOLF      254.42   48.10   -1.98   -1.50    3.29    3.28  3
  KOLS      249.15   31.42   -0.30   -0.03    3.18    3.01  3
  KONM      253.10   34.02   -1.81   -1.56    2.70    2.65  3
  KONO      242.98   44.02   -1.68   -1.35    3.40    3.62  3
  KONP      235.95   44.58   -1.54   -1.01    2.27    2.14  3
  KONT      242.40   34.04    0.71    1.64    2.35    2.54  3
  KP08      248.57   32.93   -1.32   -0.64    2.26    2.05  3
  KP68      243.99   39.60   -1.99   -2.05    5.08    4.96  3
  KPAO      237.88   37.47    0.34    2.18    2.54    2.31  3
  KPEQ      256.49   31.38   -1.82   -1.52    2.42    2.40  3
  KPGA      248.55   36.93    0.25    0.28    2.23    2.16  3
  KPHP      258.40   44.05   -1.96   -1.56    2.58    2.70  3
  KPHX      247.98   33.43   -0.44    0.39    2.11    1.70  3
  KPIH      247.40   42.92   -1.82   -1.77    2.94    3.24  3
  KPLN      275.21   45.56    0.12    0.12    2.57    2.47  3
  KPOY      251.20   44.86   -2.06   -1.62    2.48    2.51  3
  KPPA      259.02   35.60    0.11    0.58    2.26    2.21  3
  KPRB      239.37   35.67   -2.36   -0.77    3.73    4.06  3
  KPSC      240.88   46.27   -1.48   -1.29    3.28    3.38  3
  KPSO      252.95   37.28    1.84    1.79    2.62    2.66  3
  KPSP      243.50   33.83    5.60    5.84    2.59    2.57  3
  KPUB      255.48   38.28   -1.29   -0.94    3.27    3.34  3
  KPVG      283.55   36.78   -1.47   -1.25    2.32    2.37  3
  KPVU      248.28   40.22    0.54    0.10    2.27    2.64  3
  KRAL      242.55   33.95    0.13    0.96    2.33    2.51  3
  KRAP      256.94   44.05   -3.04   -2.62    2.56    2.70  3
  KRBG      236.65   43.23    1.88    2.26    2.27    2.03  3
  KRCA      256.90   44.15   -1.84   -1.40    2.25    2.39  3
  KRDM      238.85   44.25   -0.84   -0.51    3.38    3.70  3
  KREO      242.12   42.58   -2.66   -2.52    4.78    4.89  3
  KRHV      238.18   37.33   -1.05    1.40    2.32    2.14  3
  KRIL      252.28   39.53    2.74    2.61    2.84    2.89  3
  KRIV      242.73   33.88   -1.03   -0.29    3.18    3.38  3
  KRNM      243.09   33.04   -1.20   -0.47    3.60    3.80  3
  KROW      255.47   33.29   -0.97   -0.72    2.40    2.39  3
  KRQE      250.93   35.65   -1.17   -1.11    4.36    4.40  3
  KRTN      255.50   36.74   -0.15    0.04    2.59    2.71  3
  KRTS      240.12   39.65   -0.36   -0.15    3.49    3.65  3
  KRYN      248.83   32.14    0.10    0.58    2.75    2.37  3
  KS25      256.75   47.79   -1.83   -1.40    2.37    2.37  3
  KS39      239.10   44.28   -1.44   -1.13    3.65    3.93  3
  KSAA      253.17   41.44   -0.51   -0.47    2.99    3.05  3
  KSAD      250.37   32.85    0.94    1.14    2.70    2.62  3
  KSAF      253.92   35.61   -0.18    0.09    2.81    2.88  3
  KSBA      240.17   34.43   -1.29   -0.39    2.32    2.45  3
  KSBD      242.77   34.10    2.93    3.50    3.11    3.19  3
  KSBP      239.37   35.22   -2.80   -1.49    2.96    2.94  3
  KSCR      280.50   35.70   -1.11   -0.83    2.19    2.19  3
  KSDB      241.27   34.75    1.34    1.62    2.24    2.68  3
  KSDL      248.08   33.61   -0.71    0.10    2.22    1.96  3
  KSDY      255.80   47.70   -2.44   -1.97    2.70    2.74  3
  KSEE      243.03   32.83    0.20    0.96    2.13    2.21  3
  KSGU      246.49   37.04    0.63    0.61    2.77    2.64  3
  KSHN      236.85   47.23    0.04    0.35    2.17    2.27  3
  KSHR      253.03   44.77   -2.13   -1.74    3.37    3.48  3
  KSIY      237.53   41.78   -0.24   -0.01    2.76    2.89  3
  KSJN      250.62   34.52   -1.46   -1.29    3.01    3.03  3
  KSKX      254.33   36.45    0.01    0.16    3.36    3.43  3
  KSLK      285.80   44.40   -0.70   -0.58    2.37    2.62  3
  KSMN      246.12   45.12    0.16    0.45    3.45    3.56  3
  KSMX      239.55   34.90   -1.52   -0.32    2.48    2.48  3
  KSNS      238.40   36.67   -1.25    1.07    3.28    2.62  3
  KSNT      245.07   44.17   -0.52   -0.28    4.92    5.08  3
  KSNY      257.02   41.10   -1.65   -1.22    2.78    2.96  3
  KSPD      257.38   37.28   -2.23   -1.95    2.45    2.56  3
  KSTK      256.74   40.61   -2.18   -1.72    3.08    3.18  3
  KSTS      237.18   38.50   -2.41   -1.70    3.28    3.22  3
  KSVC      251.85   32.63   -1.82   -1.67    3.23    3.18  3
  KSVE      239.43   40.38    0.74    1.01    3.23    3.44  3
  KSYF      258.20   39.77   -2.25   -1.74    2.25    2.44  3
  KSZT      243.44   48.30   -0.07    0.34    2.63    2.68  3
  KTCC      256.40   35.18   -0.49   -0.21    2.36    2.44  3
  KTCS      252.73   33.22   -0.41   -0.24    2.36    2.25  3
  KTIF      259.43   41.96   -0.81   -0.31    2.14    2.30  3
  KTMK      236.19   45.42   -0.64   -0.13    2.83    2.67  3
  KTOR      255.85   42.06   -1.95   -1.55    2.74    3.00  3
  KTPH      242.92   38.04   -1.52   -1.63    4.08    4.04  3
  KTRK      239.87   39.32   -1.64   -1.33    4.69    5.14  3
  KTRM      243.83   33.63    2.65    2.89    3.56    3.63  3
  KTUS      249.04   32.13   -0.55   -0.11    2.55    2.25  3
  KU68      251.55   44.91   -1.82   -1.36    3.16    3.13  3
  KUIL      235.45   47.95   -1.35   -0.94    2.51    2.37  3
  KUKI      236.80   39.13    0.93    1.28    3.36    3.37  3
  KVCB      238.04   38.38    0.25    1.67    2.28    2.79  3
  KVEL      250.48   40.43   -1.15   -1.35    3.51    3.67  3
  KVQQ      278.12   30.22   -0.71   -0.24    2.12    2.18  3
  KVTN      259.45   42.87   -0.47   -0.06    2.20    2.26  3
  KWMC      242.20   40.90   -2.89   -2.81    6.04    5.96  3
  KWRL      252.05   43.97   -2.94   -2.67    3.72    3.77  3
  KYKM      239.47   46.57   -0.97   -0.74    3.09    3.35  3
  LBGO       25.70   43.15   -1.19   -0.95    2.47    2.63  3
  LCLK       33.63   34.88   -0.69   -0.53    2.22    2.20  3
  LCPH       32.47   34.72    0.11    0.25    2.69    2.67  3
  LDPL       13.92   44.90   -1.55   -1.45    2.26    2.32  3
  LDZD       15.37   44.10   -1.61   -1.55    2.86    2.85  3
  LEAB      358.15   38.95   -1.08   -0.83    2.34    2.38  3
  LEAO      356.27   38.95   -1.95   -1.67    2.69    2.74  3
  LEBT      359.55   39.58   -0.53   -0.33    2.20    2.24  3
  LECH      358.70   40.86    3.38    3.58    2.36    2.33  3
  LEGR      356.22   37.18    0.97    1.27    3.13    3.18  3
  LEJR      353.93   36.75   -0.89   -0.45    2.41    2.65  3
  LELL        2.10   41.52    0.71    0.91    2.15    2.22  3
  LELN      354.35   42.58   -1.76   -1.41    2.14    2.38  3
  LEMD      356.45   40.45   -0.29    0.10    2.39    2.35  3
  LEPA        2.73   39.54    0.13    0.23    2.28    2.26  3
  LESA      354.50   40.95   -2.21   -1.90    3.07    3.22  3
  LETO      356.53   40.47   -0.65   -0.26    2.65    2.63  3
  LFBC      358.88   44.53   -0.88   -0.66    2.13    2.27  3
  LFBE        0.52   44.82   -0.71   -0.43    2.28    2.50  3
  LFKC        8.80   42.53    0.65    0.78    2.64    2.76  3
  LFKF        9.10   41.50    0.09    0.19    3.51    3.61  3
  LFKJ        8.80   41.92    0.68    0.79    2.40    2.53  3
  LFMC        6.38   43.38   -0.03    0.22    2.91    3.12  3
  LFMD        6.95   43.55   -0.95   -0.75    2.39    2.58  3
  LFMU        3.35   43.32   -0.36   -0.04    2.10    2.32  3
  LFMY        5.09   43.60   -1.38   -0.98    2.18    2.42  3
  LFOB        2.12   49.47   -0.07    0.11    2.34    2.36  3
  LFOC        1.38   48.05   -0.21   -0.05    2.27    2.33  3
  LFPN        2.12   48.75   -0.61   -0.45    2.36    2.39  3
  LFPT        2.02   49.10   -0.62   -0.43    2.43    2.45  3
  LFSN        6.22   48.68    0.45    0.55    2.11    2.17  3
  LFST        7.63   48.55   -0.45   -0.35    2.19    2.22  3
  LFSX        6.35   47.78    0.45    0.45    2.27    2.38  3
  LFTH        6.15   43.10   -0.04    0.21    2.28    2.46  3
  LFYR        1.68   47.32   -1.39   -1.21    3.18    3.33  3
  LGAD       21.28   37.92   -1.64   -1.69    2.55    2.51  3
  LGAV       23.93   37.93   -0.18   -0.16    2.12    2.07  3
  LGBL       22.80   39.22    0.31    0.34    2.13    2.18  3
  LGKF       20.50   38.11    0.87    0.86    2.26    2.20  3
  LGKO       27.07   36.78    0.68    0.78    2.29    2.33  3
  LGKR       19.92   39.61    0.49    0.53    2.48    2.48  3
  LGLM       25.23   39.92   -0.32   -0.26    2.36    2.39  3
  LGZA       20.88   37.75   -0.28   -0.30    2.70    2.63  3
  LHBC       21.13   46.70   -2.13   -1.81    2.26    2.37  3
  LHBP       19.27   47.43   -1.91   -1.38    2.24    2.36  3
  LIEA        8.27   40.63   -0.30   -0.21    2.45    2.50  3
  LIEB        9.72   39.93    0.62    0.71    2.40    2.46  3
  LIRS       11.07   42.75   -0.92   -0.70    2.12    2.26  3
  LIVE       10.50   46.83    4.31    4.40    2.20    2.26  3
  LJPZ       13.62   45.47   -0.68   -0.59    2.27    2.44  3
  LKLN       13.27   49.68   -0.17   -0.12    2.36    2.22  3
  LOWI       11.35   47.27    4.61    4.58    2.75    2.75  3
  LPOV      351.37   40.90   -3.48   -2.94    2.39    2.52  3
  LPPR      351.32   41.23   -2.77   -2.23    2.31    2.46  3
  LQSA       18.32   43.82    1.54    1.72    2.19    2.26  3
  LQTZ       18.73   44.47   -1.16   -0.97    2.32    2.58  3
  LRSB       24.08   45.78   -0.02    0.28    2.25    2.40  3
  LRSM       22.88   47.70   -0.86   -0.65    2.42    2.56  3
  LRTM       24.42   46.47   -0.38   -0.01    2.14    2.40  3
  LSGC        6.78   47.08   -0.99   -1.12    2.55    2.96  3
  LSGG        6.13   46.25    1.83    1.72    2.20    2.25  3
  LSGS        7.33   46.22    9.27    9.22    2.67    2.71  3
  LSMA        8.27   46.95    3.29    3.22    2.17    2.22  3
  LSMM        8.11   46.75    4.67    4.61    2.79    2.93  3
  LSMP        6.95   46.82    2.19    2.07    2.26    2.31  3
  LSZS        9.88   46.53    2.50    2.59    3.51    3.62  3
  LTAC       32.97   40.11    0.34    0.49    2.47    2.53  3
  LTAJ       37.47   36.95    0.30    0.39    2.99    3.10  3
  LTAN       32.54   37.97   -0.12    0.04    2.40    2.50  3
  LTAR       36.90   39.79   -2.55   -2.36    2.11    2.30  3
  LTAT       38.08   38.43    0.97    1.01    3.57    3.71  3
  LTAU       35.47   38.78   -0.14    0.08    3.22    3.49  3
  LTAY       29.70   37.78    0.53    0.67    2.76    2.86  3
  LTAZ       34.53   38.77    0.76    0.97    3.09    3.31  3
  LTBQ       30.08   40.72   -0.21   -0.11    2.27    2.28  3
  LTBR       29.55   40.25    1.60    1.73    2.21    2.28  3
  LTBY       30.52   39.82    0.60    0.75    2.26    2.34  3
  LTBZ       27.35   38.61   -4.83   -4.58    2.70    2.91  3
  LTCA       39.28   38.60    0.58    0.59    3.46    3.62  3
  LTCB       43.03   39.71    5.78    5.71    2.58    2.54  3
  LTCC       40.18   37.88   -1.15   -1.13    2.79    2.85  3
  LTCD       39.50   39.72    5.91    5.97    3.22    3.37  3
  LTCE       41.17   39.95    2.63    2.70    3.18    3.35  3
  LTCI       43.32   38.45    0.50    0.47    3.59    3.71  3
  LTCJ       41.12   37.93   -2.73   -2.72    3.76    3.87  3
  LTCK       41.67   38.75   -0.17   -0.13    4.24    4.41  3
  LTCR       40.63   37.22    0.43    0.47    3.23    3.26  3
  LTCT       43.86   39.97    3.22    3.27    2.21    2.39  3
  LTCV       42.06   37.36    0.49    0.54    2.74    2.76  3
  LTFC       30.37   37.85    1.38    1.52    2.51    2.64  3
  LTFE       27.68   37.22   -0.21   -0.05    2.23    2.31  3
  LTFG       32.29   36.29    0.41    0.46    3.93    4.03  3
  LWSK       21.65   41.97   -0.46   -0.33    2.21    2.43  3
  LYKV       20.58   43.82   -0.99   -0.86    2.30    2.59  3
  LYTV       18.73   42.40    1.72    1.74    2.83    3.06  3
  LYVR       21.32   45.15   -0.67   -0.43    2.59    2.67  3
  LZSL       19.13   48.63    0.91    1.25    2.50    2.59  3
  MMCU      254.03   28.70   -1.18   -0.95    2.71    2.79  3
  MMIO      259.07   25.55    2.01    2.37    2.40    2.60  3
  MMML      244.77   32.61   -2.45   -2.19    2.27    2.41  3
  NVVA      169.76  -20.25    0.24    0.19    2.86    2.85  3
  NVVV      168.30  -17.70   -0.76   -0.79    2.46    2.46  3
  NVVW      169.22  -19.45    0.47    0.43    2.89    2.87  3
  NWWW      166.22  -22.02    1.51    1.48    2.23    2.21  3
  OAJL       70.45   34.40    1.98    1.90    2.30    2.27  3
  OAKN       65.83   31.50   -2.33   -2.26    2.54    2.57  3
  OEAH       49.48   25.30   -1.04   -1.03    2.24    2.24  3
  OEBH       42.62   19.98   -0.81   -0.82    2.39    2.43  3
  OEDF       49.81   26.44   -1.96   -1.92    2.16    2.09  3
  OEDR       50.15   26.27   -0.73   -0.69    2.31    2.23  3
  OEGS       43.77   26.30   -0.26   -0.23    2.39    2.46  3
  OEHL       41.68   27.43   -0.13   -0.06    2.36    2.47  3
  OEKM       42.80   18.30    0.57    0.53    2.32    2.17  3
  OENG       44.42   17.62    0.09    0.05    2.23    2.26  3
  OERF       43.48   29.62   -1.68   -1.54    2.63    2.69  3
  OERK       46.72   24.94   -1.25   -1.15    2.30    2.38  3
  OERR       41.13   30.90   -0.03    0.06    3.14    3.20  3
  OESH       47.12   17.47    0.64    0.64    2.28    2.31  3
  OETR       38.72   31.68   -0.96   -0.94    2.13    2.15  3
  OEWD       45.20   20.50   -0.74   -0.73    2.51    2.59  3
  OIAA       48.25   30.37   -2.54   -2.30    3.09    3.20  3
  OIAG       49.67   30.77   -2.81   -2.66    3.70    3.77  3
  OIAH       50.83   30.33    0.73    0.74    3.05    3.04  3
  OIAM       49.15   30.55   -3.03   -2.83    2.70    2.79  3
  OIAW       48.77   31.32   -2.79   -2.62    2.91    3.00  3
  OIBP       52.73   27.38    1.08    1.03    3.31    3.22  3
  OICC       47.17   34.33    0.09    0.18    3.62    3.75  3
  OICI       46.40   33.58   -1.47   -1.28    3.59    3.72  3
  OICS       47.02   35.25    1.19    1.34    5.08    5.17  3
  OIFM       51.87   32.75   -2.86   -2.82    3.86    3.87  3
  OIFS       50.85   32.33   -1.57   -1.48    4.23    4.24  3
  OIHH       48.55   34.86   -0.09    0.03    4.36    4.42  3
  OIIE       51.15   35.40   -2.46   -2.35    2.96    2.92  3
  OIIK       50.00   36.25    1.50    1.39    2.96    2.99  3
  OIKK       56.97   30.25   -1.30   -1.46    4.06    3.98  3
  OIMB       59.28   32.90    1.59    1.15    3.28    3.05  3
  OIMC       61.05   36.50   -0.83   -0.74    2.92    3.04  3
  OIMD       58.68   34.35    1.76    1.35    2.97    2.88  3
  OIMM       59.63   36.27    1.29    1.15    2.44    2.52  3
  OIMN       57.33   37.47    2.85    2.89    3.04    3.05  3
  OINE       55.45   37.38    1.34    1.53    2.42    2.34  3
  OING       54.40   36.90    1.51    1.67    2.51    2.49  3
  OINN       51.45   36.65    1.60    1.62    2.17    2.16  3
  OISF       53.72   28.90   -1.49   -1.69    3.66    3.59  3
  OISL       54.37   27.67    1.13    0.98    3.09    3.03  3
  OISS       52.58   29.53    0.28    0.18    3.16    3.12  3
  OISY       51.55   30.68    1.77    1.75    3.08    3.06  3
  OITL       48.42   38.32   -1.34   -1.33    2.91    2.93  3
  OITM       46.13   37.34    0.85    0.82    2.32    2.39  3
  OITR       45.07   37.67   -1.69   -1.74    3.48    3.63  3
  OIYY       54.28   31.90    1.65    1.57    2.44    2.42  3
  OIZB       61.55   31.10   -0.20   -0.61    2.85    2.63  3
  OIZH       60.89   29.47   -0.01   -0.27    3.82    3.58  3
  OIZI       60.70   27.20    1.23    1.19    2.12    2.07  3
  OJAI       35.97   31.67   -0.83   -0.71    2.37    2.36  3
  OKBK       47.99   29.22   -0.76   -0.55    2.92    2.94  3
  OMRK       55.94   25.62   -0.96   -0.90    2.35    2.42  3
  ORBI       44.23   33.27   -3.11   -2.87    3.06    3.14  3
  ORER       43.97   36.22   -1.93   -1.89    2.91    2.94  3
  ORMM       47.67   30.57   -3.67   -3.41    3.81    3.93  3
  ORNI       44.40   31.98   -1.95   -1.64    2.30    2.41  3
  ORSU       45.32   35.57   -1.32   -1.23    4.55    4.62  3
  OSDI       36.52   33.42   -1.54   -1.44    2.63    2.66  3
  OSKL       41.22   37.04   -1.68   -1.64    2.77    2.79  3
  PAAQ      210.92   61.60    0.71    0.88    2.44    2.26  3
  PACV      214.50   60.50   -0.49   -0.40    3.21    3.16  3
  PAEG      218.85   64.78    0.44    0.53    4.18    4.23  3
  PAFE      226.09   56.96   -1.57   -1.49    2.84    2.91  3
  PAFR      210.35   61.27    0.03    0.25    2.96    2.76  3
  PAGK      214.56   62.15   -1.20   -1.10    2.62    2.59  3
  PAGS      224.28   58.42   -0.91   -0.95    3.40    3.62  3
  PAGY      224.70   59.47    4.61    4.71    2.97    3.07  3
  PAHN      224.48   59.25    4.65    4.70    2.36    2.47  3
  PAHO      208.50   59.63    1.33    1.42    2.38    2.36  3
  PAIN      211.09   63.73    1.57    1.56    2.79    2.79  3
  PAJN      225.42   58.37    3.18    3.14    2.45    2.70  3
  PALJ      205.68   60.20    3.75    3.82    2.81    2.88  3
  PAOH      224.56   58.12   -1.74   -1.79    3.62    3.85  3
  PAOR      218.07   62.97   -1.09   -1.00    2.19    2.26  3
  PAPT      207.26   62.09    3.13    3.17    3.06    3.15  3
  PASO      208.31   59.44   -0.42   -0.34    2.63    2.62  3
  PASX      208.97   60.48    0.02    0.06    2.84    2.77  3
  PATK      209.90   62.30   -0.05    0.00    2.20    2.10  3
  PAVD      213.73   61.13    3.65    3.78    2.74    2.70  3
  PAWS      210.46   61.57    1.20    1.34    2.19    2.05  3
  PAYA      220.34   59.52   -1.77   -1.73    3.47    3.48  3
  PHOG      203.57   20.90    2.89    2.97    2.25    2.41  3
  PHSF      204.45   19.78    0.23    0.29    3.14    3.29  3
  PTTP      158.22    6.97   -1.21   -1.18    2.43    2.38  3
  SACO      295.78  -31.32   -0.86   -1.04    2.51    2.42  3
  SAME      291.22  -32.83   -0.20   -0.20    2.89    2.85  3
  SASA      294.52  -24.85    0.76    0.86    3.37    3.36  3
  SASJ      294.92  -24.38    1.05    1.18    3.08    3.18  3
  SAZN      291.87  -38.95   -1.52   -1.29    3.34    3.30  3
  SAZS      288.83  -41.15    1.52    1.73    2.21    2.24  3
  SBAT      303.90   -9.86   -0.15    0.26    2.21    2.06  3
  SBBT      311.40  -20.58    3.27    3.31    3.31    3.31  3
  SBBW      307.62  -15.87    0.57    1.32    2.31    2.33  3
  SBCA      306.50  -25.00   -0.14    0.09    2.22    2.12  3
  SBCC      305.05   -9.33   -1.57   -1.27    2.51    2.63  3
  SBCG      305.33  -20.47   -1.42   -1.11    2.30    2.02  3
  SBCR      302.35  -19.00   -1.17   -0.54    2.18    1.60  3
  SBEK      302.22   -6.23   -0.57   -0.30    2.61    2.56  3
  SBNM      305.83  -28.27   -0.93   -0.59    3.09    3.01  3
  SBPP      304.30  -22.55   -0.91   -0.39    3.17    2.84  3
  SBSY      309.33  -11.57  -10.47  -10.02    3.63    3.74  3
  SBUL      311.77  -18.88   -1.13   -1.19    2.14    1.94  3
  SBVH      299.87  -12.73   -1.22   -0.49    2.35    2.06  3
  SCCF      291.10  -22.50   -1.34   -1.56    4.40    4.29  3
  SCCH      287.97  -36.57   -0.77   -0.66    2.15    2.13  3
  SCEL      289.22  -33.38   -2.46   -2.11    3.64    3.60  3
  SCGE      287.58  -37.38   -0.87   -0.76    2.16    2.10  3
  SCIC      288.77  -34.97   -2.17   -1.93    2.81    2.76  3
  SCSE      288.80  -29.92   -4.03   -3.77    2.49    2.51  3
  SCVM      288.52  -32.95   -2.30   -1.89    2.84    2.83  3
  SEAM      281.44   -1.20    9.98   10.22    2.04    2.17  3
  SECO      283.02   -0.45    0.14    0.33    2.43    2.14  3
  SENL      283.14    0.10    0.54    0.73    2.43    2.12  3
  SEQM      281.66   -0.11    2.83    2.99    2.77    2.91  3
  SERB      281.34   -1.61    7.53    7.69    2.48    2.61  3
  SGAS      302.48  -25.25   -0.76   -0.36    2.11    1.78  3
  SGEN      304.17  -27.32   -0.86   -0.50    2.44    2.21  3
  SGES      305.15  -25.45    1.81    2.04    3.57    3.72  3
  SLCA      296.47  -20.00    0.79    1.31    3.14    3.14  3
  SLCB      293.82  -17.42    5.38    5.43    3.00    3.09  3
  SLCO      291.22  -11.03   -0.19    0.28    2.18    2.07  3
  SLJE      299.25  -17.82    0.35    1.16    2.31    2.24  3
  SLLP      291.82  -16.52    1.16    1.17    2.97    3.04  3
  SLRB      300.25  -18.32    0.83    1.52    2.73    2.65  3
  SLSI      299.05  -16.37    0.83    1.52    2.44    2.52  3
  SLTJ      295.28  -21.53    2.11    2.25    3.65    3.68  3
  SPJL      289.85  -15.48    1.63    1.64    2.58    2.59  3
  SPJR      281.53   -7.13    6.40    6.70    2.10    2.30  3
  SPQU      288.45  -16.32    0.95    1.00    2.63    2.66  3
  SPZO      288.02  -13.55    3.86    3.94    2.28    2.38  3
  SVVG      288.33    8.63    1.25    1.47    2.23    2.30  3
  UAAA       77.03   43.35    0.10   -0.16    3.10    3.27  3
  UACC       71.47   51.02   -1.35   -1.22    2.50    2.49  3
  UADD       71.30   42.85   -1.44   -1.54    2.49    2.52  3
  UAII       69.48   42.37   -1.17   -1.27    2.46    2.45  3
  UAKD       67.73   47.70   -2.25   -2.17    3.17    3.10  3
  UAKK       73.33   49.67   -2.60   -2.52    4.41    4.44  3
  UAOO       65.59   44.70   -2.91   -2.71    3.67    3.50  3
  UARR       51.53   51.15   -1.93   -1.86    3.20    3.05  3
  UASK       82.50   50.03   -1.41   -1.11    2.84    2.86  3
  UASP       77.06   52.20   -1.52   -1.34    2.38    2.31  3
  UASS       80.23   50.35   -0.59   -0.40    2.36    2.34  3
  UATE       51.10   43.87   -2.90   -2.71    3.35    3.35  3
  UATG       51.82   47.12   -2.22   -2.12    3.25    2.97  3
  UATT       57.20   50.25   -1.51   -1.56    3.39    3.29  3
  UAUU       63.55   53.20   -1.01   -0.95    2.69    2.67  3
  UBBB       50.07   40.45   -0.18   -0.10    2.24    2.25  3
  UBBL       48.81   38.75   -1.19   -1.16    2.31    2.37  3
  UBBN       45.45   39.18   -0.83   -0.90    2.38    2.49  3
  UBBQ       47.73   40.81    0.20    0.19    2.24    2.34  3
  UCFM       74.48   43.06   -1.62   -1.84    2.55    2.64  3
  UDSG       43.85   40.75    1.21    1.18    2.24    2.33  3
  UDYZ       44.40   40.15    0.76    0.67    2.20    2.27  3
  UHMM      150.72   59.92    3.58    3.66    3.07    3.07  3
  UHPP      158.44   53.17   -0.06   -0.03    2.38    2.36  3
  UHSS      142.72   46.88    0.19    0.32    2.68    2.61  3
  UHWW      132.15   43.40    0.34    0.25    2.31    2.27  3
  UIAA      113.32   52.02   -0.27   -0.27    2.39    2.36  3
  UIUU      107.45   51.80    1.41    1.38    2.46    2.45  3
  UKLI       24.68   48.89   -0.70   -0.56    2.39    2.42  3
  UKLU       22.25   48.63    0.28    0.50    2.18    2.25  3
  UNAA       91.37   53.72   -0.21   -0.34    2.22    2.22  3
  URKA       37.35   45.00   -0.45   -0.41    2.35    2.41  3
  URML       47.65   42.82    0.22    0.38    2.15    2.21  3
  URMM       43.07   44.23   -0.05    0.11    2.25    2.26  3
  UTAA       58.33   37.97   -0.70   -0.62    2.73    2.82  3
  UTAK       53.00   40.04   -1.71   -1.50    2.75    2.74  3
  UTAT       59.83   41.75   -2.02   -1.90    2.18    2.23  3
  UTAV       63.60   39.08   -2.19   -1.92    2.36    2.50  3
  UTDD       68.78   38.54   -0.44   -0.60    2.62    2.70  3
  UTDL       69.68   40.22   -0.96   -1.03    2.58    2.65  3
  UTDT       68.86   37.86   -1.47   -1.66    2.44    2.53  3
  UTFA       72.33   40.72   -2.92   -3.04    2.20    2.31  3
  UTNN       59.63   42.48   -2.28   -2.12    2.47    2.50  3
  UTNU       60.63   41.58   -3.20   -3.10    2.35    2.45  3
  UTSA       65.17   40.11   -2.77   -2.64    2.99    3.08  3
  UTSB       64.47   39.77   -2.95   -2.74    2.43    2.57  3
  UTSK       65.77   38.83    4.10    4.23    4.89    5.07  3
  UTST       67.31   37.28   -3.84   -3.91    2.72    2.81  3
  UWOO       55.47   51.80   -1.35   -1.36    2.85    2.61  3
  UWOR       58.60   51.07   -1.41   -1.56    2.72    2.59  3
  VQPR       89.42   27.40   10.86   11.03    3.11    3.22  3
  WAMM      124.92    1.53    0.86    0.88    2.24    2.24  3
  YAMB      152.69  -27.63   -0.28   -0.15    2.62    2.83  3
  YAYE      130.97  -25.18   -0.38   -0.43    2.92    2.99  3
  YBAS      133.88  -23.80   -0.99   -1.00    2.88    2.98  3
  YBCV      146.26  -26.41   -1.74   -1.75    3.04    3.10  3
  YBDV      139.35  -25.90   -2.34   -2.39    3.13    3.11  3
  YBMA      139.47  -20.67   -1.36   -1.26    4.20    4.22  3
  YBMK      149.16  -21.16    0.12    0.11    2.58    2.56  3
  YBOK      151.74  -27.41   -0.03    0.06    3.08    3.29  3
  YBPN      148.55  -20.50   -0.14   -0.15    2.61    2.60  3
  YBUD      152.31  -24.90   -0.79   -0.72    2.49    2.62  3
  YCBA      145.80  -31.53   -0.97   -0.95    3.11    3.17  3
  YCBP      134.71  -29.03   -1.74   -1.82    2.56    2.51  3
  YCCY      140.50  -20.66    0.68    0.76    4.19    4.21  3
  YCIN      123.82  -17.57   -0.65   -0.59    3.47    3.56  3
  YCNM      148.38  -30.98   -0.27   -0.30    2.45    2.54  3
  YDBY      123.66  -17.36   -2.09   -2.01    2.48    2.54  3
  YEML      148.18  -23.56   -0.47   -0.49    2.39    2.41  3
  YFRT      128.12  -30.83   -2.05   -2.02    3.00    2.99  3
  YGEL      114.70  -28.80   -1.93   -1.87    2.84    2.83  3
  YGTE      136.46  -13.98   -1.55   -1.48    3.08    3.10  3
  YHUG      144.22  -20.81   -1.23   -1.16    2.81    2.85  3
  YLEC      138.43  -30.60   -0.87   -0.88    2.73    2.72  3
  YLRE      144.28  -23.43   -1.98   -1.98    3.39    3.43  3
  YMOR      149.85  -29.50   -0.50   -0.57    2.15    2.24  3
  YNBR      149.83  -30.31    0.57    0.49    2.12    2.19  3
  YNWN      119.80  -23.41   -1.27   -1.30    3.37    3.34  3
  YOLD      136.88  -30.48   -1.86   -1.88    3.16    3.15  3
  YPBO      117.75  -23.20    5.26    5.16    4.61    4.58  3
  YPGV      136.82  -12.27    0.69    0.73    2.53    2.52  3
  YPKU      128.69  -15.77   -2.34   -2.22    3.48    3.60  3
  YPLM      114.08  -22.23   -1.76   -1.66    2.96    2.95  3
  YPPD      118.62  -20.37   -2.22   -2.20    3.14    3.11  3
  YRMD      143.11  -20.70   -2.31   -2.23    3.60    3.64  3
  YTEF      122.22  -21.72   -0.75   -0.73    2.47    2.51  3
  YWGT      146.30  -36.42   -0.08   -0.12    2.59    2.61  3
  ZBHH      111.82   40.85    0.00    0.21    2.33    2.37  3
  ZBSJ      114.68   38.28    0.30    0.55    2.44    2.59  3
  ZLLL      103.62   36.52   -1.63   -1.37    2.12    2.24  3
  ZLXY      108.75   34.43   -2.08   -1.39    2.25    2.37  3
  ZMUB      106.78   47.83    0.05    0.06    3.12    3.19  3
  DAAD        4.20   35.33    1.64    1.78    2.31    2.26  3
  DATM        0.92   21.37   -0.85   -0.68    2.35    2.36  3
  DRZR        8.99   13.78   -0.97   -0.25    2.11    2.07  3
  FACV       19.72  -31.50    0.85    1.04    2.69    2.64  3
  FBFT       27.50  -21.22   -0.71   -0.60    2.44    2.53  3
  FKKL       14.25   10.45   -0.10    0.27    2.68    2.70  3
  FKKN       13.57    7.35    1.03    1.08    2.14    2.08  3
  FLKK       28.45  -15.32   -0.78   -0.43    2.18    2.42  3
  FNMA       16.30   -9.55   -1.84   -1.46    2.55    2.56  3
  FNUG       15.28   -7.60   -1.58   -1.38    2.30    2.24  3
  FVKB       28.89  -16.52    1.90    2.21    2.25    2.36  3
  FVMV       30.87  -20.07    0.45    0.58    2.59    2.66  3
  FXMM       27.55  -29.45    0.63    0.98    2.29    2.38  3
  FYGF       18.12  -19.60    0.50    0.69    2.68    2.80  3
  FYWH       17.47  -22.48   -1.69   -1.44    3.28    3.31  3
  FYWW       17.10  -22.57    1.86    2.12    2.18    2.17  3
  GMAG      349.95   29.01    0.14    0.15    2.52    2.48  3
  GMMI      350.32   31.39    0.18    0.36    2.76    2.74  3
  HSPN       37.21   19.41    1.24    1.19    2.22    2.17  3
  LEGA      356.38   37.11    3.06    3.42    2.81    2.85  3
  LFLB        5.88   45.65    2.12    2.09    2.25    2.44  3
  LGIO       20.82   39.70    2.71    2.83    2.41    2.43  3
  LIMY        7.80   44.25    9.97   10.05    2.81    2.94  3
  LIPB       11.33   46.47    5.67    5.79    2.58    2.54  3
  LIQO       11.17   42.38    2.59    2.79    2.39    2.45  3
  LIVD       12.22   46.73    4.80    4.99    2.26    2.18  3
  LOXZ       14.75   47.20    2.79    2.96    2.42    2.42  3
  LTCO       43.03   39.65    1.54    1.64    3.16    3.31  3
  LTCU       40.58   38.86    1.61    1.78    2.91    2.99  3
  OIBQ       50.32   29.27    1.14    1.13    2.16    2.11  3
  OICK       48.28   33.43    3.21    3.39    3.28    3.29  3
  OIIP       50.82   35.77   -0.05   -0.05    2.52    2.43  3
  OISR       53.18   27.36    3.37    3.23    2.68    2.60  3
  OITZ       48.37   36.77    3.88    3.82    2.13    2.02  3
  ETIK       10.38   49.47    0.62    0.84    2.77    2.51  3
  FAEO       29.99  -26.50   -0.22    0.34    2.22    2.05  3
  FYWE       17.07  -22.62    1.52    1.74    3.11    3.09  3
  LESU        1.40   42.33    4.10    4.44    2.49    2.53  3
  SBAA      310.70   -8.35   -0.15    0.25    2.97    2.82  3
  SBPG      311.48  -25.52   -2.13   -1.85    2.73    2.71  3
  SBUA      293.02   -0.15   -0.25   -0.03    2.46    2.46  3
  SLOR      292.92  -17.97    1.91    2.05    3.13    3.26  3
  SLPO      294.28  -19.53    0.53    0.71    2.66    2.81  3
  SLVM      296.55  -21.25    0.34    0.95    2.58    2.73  3
  DTTN        8.80   36.47    0.50    0.70    2.47    2.50  3
  SPGM      284.00   -9.27    2.18    2.68    2.55    2.57  3
  SPHO      285.78  -13.13    8.82    9.04    2.64    2.70  3
  SPJI      283.28   -7.22    1.07    1.86    2.96    3.08  3
  SPMS      283.92   -5.90    0.08    0.67    2.35    2.17  3
  SPTU      290.80  -12.63   -1.67   -1.48    2.51    2.50  3
  YPMQ      152.86  -31.43   -2.24   -2.30    3.13    3.12  3
  OIHR       49.84   34.14   -0.19   -0.02    4.41    4.40  3
  FAWB       28.21  -25.63    0.02    0.76    3.27    3.28  3
  SPJJ      284.53  -11.78    7.31    7.41    2.56    2.60  3
  KE16      238.40   37.08   -0.69    1.74    2.75    2.69  3
  KHTH      241.37   38.54    2.81    3.03    2.82    2.76  3
  K1MW      256.52   40.70   -2.80   -2.29    3.14    3.32  3
  K1V6      254.90   38.43    4.05    4.41    2.29    2.13  3
  HADR       41.87    9.60    3.03    2.94    2.46    2.43  3
  FAPN       27.17  -25.33   -1.51   -0.96    5.17    5.35  3
  K1GW      256.90   41.22   -1.82   -1.35    2.44    2.61  3
  K1HW      257.17   41.32   -2.18   -1.67    2.68    2.89  3
  FYKT       18.12  -26.53   -0.45   -0.19    2.17    2.25  3
  FYOA       15.95  -17.89    1.74    1.91    2.21    2.24  3
  FYRN       13.85  -20.01    2.74    2.98    4.74    4.75  3
  FYWB       14.65  -22.98   -4.46   -4.18    2.38    2.31  3
  FYGB       18.96  -22.50    2.10    2.38    2.27    2.29  3
  FYOO       15.91  -19.14   -2.12   -2.04    3.02    3.08  3
  FYML       17.93  -24.60    0.22    0.47    2.12    2.17  3
  CYMU       56.00    6.00  -14.99  -15.00    1.96    1.97  1
