AYMH           2  144.30   -5.83  159.00    2.81    2.93    1.29    1.24  500.00    0.00  0
                    2.80    3.12    1.33    1.33
                       2    2.58    2.65    1.38    1.94
AYNZ           3  146.72   -6.57  171.00    4.01    4.23    1.32    1.35  594.00    0.00  0
                    4.00    4.10    1.00    1.04
                       0    3.93    3.78    0.86    0.79
CYXT         231  231.43   54.46  227.00    2.77    2.94    1.68    1.64 1509.00    0.00  0
                    3.65    5.15    1.68    3.15
                       0    3.07    1.26    1.62    2.33
FGBT         659    9.80    1.90  216.00    2.67    2.64    1.11    1.12 1029.00    0.00  0
                    2.81    2.76    1.14    1.19
                       0    3.12    2.01    0.98    1.58
GCLA         693  342.25   28.62  231.00    3.44    3.44    1.15    1.19 2770.00    0.00  0
                    3.40    3.38    1.04    1.09
                       0    3.14    3.97    0.82    1.43
HTKJ         765   37.07   -3.42  231.00    2.61    2.80    1.27    1.38 1267.00    0.00  0
                    2.80    2.98    1.11    1.25
                       0    3.25    3.22    0.96    0.69
KMNI        2121  279.78   33.58  231.00   -3.42   -3.19    1.39    1.50 4115.00    0.00  0
                   -3.31   -3.09    1.38    1.50
                       0   -3.79   -4.38    1.30    1.42
KTOC        2714  276.71   34.59  228.00    2.70    2.89    1.24    1.39 4031.00    0.00  0
                    2.85    3.01    1.19    1.46
                       0    2.45    1.09    1.14    1.35
LIMJ        3076    8.85   44.42  231.00    4.29    4.37    1.07    1.02 2726.00    0.00  0
                    4.47    4.53    0.87    0.83
                       0    4.57    4.61    0.90    0.77
LLET        3122   34.95   29.55  204.00    3.61    3.75    1.33    1.41 1011.00    0.00  0
                    3.74    3.83    1.36    1.30
                       1    4.38    3.39    1.40    1.26
LSZA        3172    8.92   46.00  231.00    3.57    3.54    1.63    1.66 2772.00    0.00  0
                    3.75    3.68    1.35    1.71
                       0    3.77    3.11    1.32    1.75
LTCS        3214   38.88   37.47  181.00   13.75   13.80    1.61    1.60 2779.00 1115.00  0
                   14.30   14.00    0.91    1.10
                       0   13.66   13.46    1.52    1.13
MDST        3247  289.41   19.39  231.00    2.85    2.99    1.04    1.00 1381.00    0.00  0
                    3.15    3.67    0.84    0.91
                       0    3.34    2.11    0.98    1.56
MHCA        3253  274.22   14.90  112.00    2.54    2.70    1.29    1.35  553.00    0.00  0
                    2.55    2.84    1.08    1.21
                       8    2.49    2.92    1.09    0.99
MHLM        3255  272.07   15.45  231.00    2.89    3.19    1.27    1.18 1276.00    0.00  0
                    3.02    3.33    1.24    1.09
                       0    3.58    2.53    1.44    1.05
MHSC        3257  272.38   14.38  188.00    5.49    5.83    1.16    1.39 1422.00    0.00  0
                    5.59    5.76    1.03    1.36
                      29    5.86    5.47    0.42    1.12
MMOX        3297  263.27   16.97  177.00    2.78    2.89    1.45    1.49  925.00    0.00  0
                    2.92    2.98    1.40    1.49
                       0    3.39    2.91    1.65    1.11
MMTG        3311  266.97   16.57  229.00    3.16    3.12    1.24    1.24 1172.00    0.00  0
                    3.05    3.00    1.19    1.21
                       0    3.50    4.26    0.93    1.06
MROC        3335  275.78   10.00  231.00    3.35    3.37    1.14    1.12 1463.00    0.00  0
                    3.15    3.38    1.26    1.29
                       0    3.61    2.92    0.61    0.46
MRPV        3336  275.85    9.94  174.00    2.55    2.60    1.15    1.06  880.00    0.00  0
                    2.70    2.75    1.18    1.06
                       0    2.55    2.21    1.47    1.17
MSSA        3340  270.43   13.98  105.00    3.18    3.41    1.30    1.32  399.00    0.00  0
                    3.30    3.57    1.14    1.21
                       1    3.35    3.11    1.37    1.26
OJAQ        3466   35.02   29.63  231.00    2.88    3.00    1.48    1.52 1272.00    0.00  0
                    2.83    3.04    1.43    1.49
                       0    4.32    3.15    1.72    1.05
OLBA        3468   35.47   33.82  194.00    2.50    2.67    1.02    1.01 1099.00    0.00  0
                    3.56    3.08    1.43    1.01
                       0    2.32    2.10    0.86    1.07
OPLA        3480   74.40   31.52  231.00   -2.77   -2.60    1.64    1.67 2403.00    0.00  0
                   -2.56   -2.46    1.36    1.37
                       0   -2.92   -2.50    1.03    1.90
PHTO        3651  204.93   19.72  228.00    2.72    2.77    1.64    1.77 2298.00    0.00  0
                    2.61    2.65    1.42    1.52
                       1    3.16    2.25    1.52    1.46
RCFN        3666  121.08   22.77  175.00    3.28    3.28    1.35    1.35 1934.00    0.00  0
                    3.20    3.31    1.40    1.35
                       0    2.95    3.26    0.99    0.65
RCSS        3670  121.55   25.07  231.00    3.17    3.29    1.37    1.35 2804.00    0.00  0
                    3.13    3.24    1.28    1.17
                       0    2.83    2.93    1.08    1.27
SBJU        3842  320.73   -7.22  229.00    4.04    4.12    0.82    0.79 1205.00    0.00  0
                    3.97    4.14    0.82    0.80
                       0    3.97    3.66    0.71    0.61
SELT        3925  281.38   -0.92  231.00    6.44    6.58    1.58    1.67 1345.00    0.00  0
                    6.50    6.62    1.48    1.63
                       0    6.75    5.94    1.24    1.38
SEMC        3926  281.88   -2.29  174.00    2.65    2.98    1.62    1.73  782.00    0.00  0
                    2.47    2.88    1.72    1.96
                       0    2.51    2.61    1.21    2.01
SETU        3933  282.30    0.82  119.00    3.03    3.24    1.54    1.59  358.00    0.00  0
                    2.90    3.50    1.51    1.61
                       0    2.98    3.29    1.43    1.75
SKAR        3937  284.28    4.50  230.00    3.39    3.41    1.39    1.36 1040.00    0.00  0
                    3.34    3.43    1.22    1.32
                       0    2.96    3.17    1.80    0.67
SKIB        3945  284.85    4.43  180.00    4.10    4.11    1.48    1.59  851.00    0.00  0
                    4.33    4.28    1.32    1.33
                       0    5.12    2.77    1.25    1.36
SKLC        3947  283.30    7.80  171.00    2.55    2.64    1.29    1.33  744.00    1.00  0
                    2.58    2.75    1.08    1.08
                       0    2.18    2.88    1.05    0.91
SKMD        3949  284.41    6.22  172.00    5.61    5.75    1.65    1.66  703.00    0.00  0
                    5.87    6.03    1.26    1.04
                       0    5.73    5.13    1.19    1.66
SKSM        3959  285.77   11.13  229.00    4.05    4.13    1.30    1.32  992.00    2.00  0
                    4.03    4.05    1.37    1.46
                       0    5.22    3.25    1.98    1.20
SKVV        3964  286.38    4.17  176.00    3.20    3.15    1.61    1.64  758.00    1.00  0
                    3.23    3.18    1.56    1.65
                       0    3.97    3.66    2.01    1.58
SPHI        3989  280.17   -6.78  231.00    3.29    3.66    1.54    1.68 1368.00    0.00  0
                    3.25    3.73    1.68    1.85
                       0    4.67    2.03    0.64    1.09
SPRU        3995  280.88   -8.08  231.00    2.74    2.91    1.17    1.16 1380.00    0.00  0
                    2.73    2.99    1.29    1.36
                       0    3.93    2.38    0.53    0.79
SVMD        4012  288.82    8.60  185.00    7.17    7.32    2.06    2.18  494.00    0.00  0
                    7.75    7.90    2.36    2.82
                       0    6.32    6.85    2.59    2.52
SVMI        4014  293.02   10.60  214.00    4.11    4.14    1.20    1.22 1132.00    0.00  0
                    4.14    4.16    1.15    1.18
                       0    4.17    3.32    1.09    1.52
UBBY        4070   46.66   41.55  231.00    2.71    2.68    1.54    1.55 1362.00    0.00  0
                    2.78    2.75    1.53    1.66
                       0    1.46    2.63    1.64    3.10
UTDK        4141   69.80   37.97  231.00    2.51    2.26    1.64    1.70 2768.00    0.00  0
                    2.98    2.59    2.10    2.25
                       0    3.51    2.71    1.46    1.68
VLLB        4208  102.16   19.89  172.00    3.01    3.25    1.33    1.26  749.00    0.00  0
                    3.00    3.26    1.39    1.24
                       0    3.30    3.49    1.12    1.49
VLLN        4209  101.40   20.96  172.00    3.83    4.06    1.40    1.34  708.00    0.00  0
                    4.22    4.05    1.46    1.41
                       0    3.53    3.57    1.01    1.67
VNKT        4214   85.37   27.70  231.00    3.15    3.25    0.92    1.01 2456.00    0.00  0
                    3.17    3.26    0.94    1.01
                       0    3.21    3.51    1.34    1.01
VTCH        4235   97.98   19.30  172.00    2.79    3.04    1.21    1.12  744.00    0.00  0
                    3.14    3.18    1.09    0.96
                       0    3.32    2.48    1.14    1.05
VTCP        4238  100.15   18.14  172.00    3.32    3.37    1.66    1.66  645.00    0.00  0
                    3.81    3.27    1.72    1.63
                       0    3.38    3.28    1.06    1.93
VTUL        4260  101.73   17.45  168.00    2.50    2.53    1.48    1.51  703.00    0.00  0
                    2.98    3.10    1.12    1.15
                       0    3.10    2.55    1.31    1.12
VVCR        4266  109.21   12.00  231.00    2.97    3.03    1.21    1.25 2740.00    0.00  0
                    3.09    3.14    1.12    1.19
                       0    3.64    2.62    0.86    0.82
ENSD        4526    6.12   61.83  161.00    3.91    3.91    1.30    1.29 1466.00    0.00  0
                    4.01    4.00    1.02    1.08
                       0    4.17    3.96    1.18    1.66
FOOB        4567   11.48    2.08  158.00    2.60    2.59    1.41    1.41  458.00    0.00  0
                    2.55    2.43    1.04    1.22
                       0    2.57    2.77    1.02    1.09
LIPA        4638   12.60   46.03  127.00    3.36    3.54    1.54    1.42  697.00    0.00  0
                    4.12    4.32    1.30    1.36
                       0    4.29    2.60    1.33    1.87
LIRI        4649   14.92   40.61  165.00    2.88    3.25    1.32    1.12  612.00    0.00  0
                    3.00    3.33    0.82    0.77
                       0    3.03    3.32    0.62    0.72
VEIM        4706   93.90   24.76  168.00    2.70    2.82    1.18    1.17 1031.00    0.00  0
                    2.66    3.85    1.15    1.67
                       0    2.52    2.20    0.99    1.11
SBLP        4753  316.58  -13.27   78.00    2.96    2.61    0.87    0.84  273.00    0.00  0
                    3.10    2.71    0.74    0.67
                       0    2.89    3.51    0.53    0.57
SBMS        4755  322.64   -5.20  125.00    2.76    2.65    0.83    0.91  531.00    0.00  0
                    2.97    2.73    0.94    0.89
                       0    2.80    2.72    0.67    0.79
SPLO        4797  288.66  -17.70  135.00    2.73    2.78    1.56    1.57  374.00    0.00  0
                    2.80    2.83    1.06    1.09
                       0    2.60    3.33    0.89    1.10
MHNO        4898  270.82   14.43   78.00    3.37    3.72    1.40    1.57  291.00    0.00  0
                    3.45    3.75    1.27    1.30
                       0    3.91    3.45    1.13    1.06
