dtype=   t120  mean,std
    15    14    13    10    11     9     8     8     8     8     7     7
     6     6     6     6     6     6     6     6     6     7     7     6
     6     6     6     7     6     8     7    10     6     9     7    10
     8     6     6     7    10    15    29
    21    21    20    17    17    17    14    15    15    15    14    14
    11    13    13    12    12    12    12    12    10    12    12    12
    10    12    12    12    11    14    13    16    14    17    12    17
    14    14    14    15    18    21    25
  1.50  1.40  1.30  1.00  1.10  0.90  0.80  0.80  0.80  0.80  0.70  0.70
  0.60  0.60  0.60  0.60  0.60  0.60  0.60  0.60  0.60  0.70  0.70  0.60
  0.60  0.60  0.60  0.70  0.60  0.80  0.70  1.00  0.60  0.90  0.70  1.00
  0.80  0.60  0.60  0.70  1.00  1.50  2.90
  2.10  2.10  2.00  1.70  1.70  1.70  1.40  1.50  1.50  1.50  1.40  1.40
  1.10  1.30  1.30  1.20  1.20  1.20  1.20  1.20  1.00  1.20  1.20  1.20
  1.00  1.20  1.20  1.20  1.10  1.40  1.30  1.60  1.40  1.70  1.20  1.70
  1.40  1.40  1.40  1.50  1.80  2.10  2.50
dtype=   t180   mean,std
    22    23
  2.20  2.30
dtype=   t181   mean,std
    24    29
  2.40  2.90
dtype=   t187   mean,std
    20    26
  2.00  2.60
