  11120      11.35   47.27       4
    962.50  937.50   35.96   31.48    0.08    0.05   67.20   69.49    1.03    1.05  3
    937.50  912.50   26.28   23.79    1.31    1.30   79.90   82.83    1.40    1.46  3
    862.50  837.50   -5.70  -13.24    0.63    0.56   75.99   62.58    1.80    1.51  3
    812.50  787.50    2.37   -0.05    1.17    0.76   65.59   57.36    2.10    1.51  3
  16113       7.62   44.53       5
    937.50  912.50   -4.48  -10.39    0.12    0.23   77.70   68.80    1.47    1.24  3
    887.50  862.50    2.64   -4.04    0.23    0.27   73.12   67.19    1.40    1.14  3
    862.50  837.50   10.21    5.85    0.21    0.18   77.20   71.75    1.47    1.18  3
    812.50  787.50    1.84    7.73    0.25    0.21   67.09   62.58    1.83    1.46  3
    762.50  737.50    6.86   12.41    0.87    0.65   50.66   43.35    3.10    2.73  3
  17095      41.28   39.90       5
    837.50  812.50   17.12   15.45    1.47    1.49   83.88   83.84   11.50   11.56  3
    812.50  787.50   10.06    5.75    1.64    1.59   60.92   57.85    3.58    3.43  3
    787.50  762.50   13.89    4.56    1.41    1.42   58.62   43.89    2.56    1.90  3
    762.50  737.50   12.59    4.48    0.08    0.34   72.36   43.90    2.01    1.23  3
    737.50  712.50    7.13   -2.50    0.54    0.45   54.35   26.44    1.75    0.96  3
  17196      35.48   38.68       5
    912.50  887.50   16.67   28.43   -1.06   -1.26   88.60   83.23    1.22    1.21  3
    887.50  862.50   21.08   22.79    3.18    3.09   67.86   63.43    3.00    2.79  3
    787.50  762.50    8.50   11.98   -0.82   -0.38   62.59   50.39    1.95    1.28  3
    737.50  712.50    4.55   -0.08    0.63    0.64   51.86   30.18    1.66    1.32  3
    587.50  562.50   -5.97   -5.76   -0.10   -0.04   47.43   41.02    1.83    1.45  3
  17281      40.20   37.90       9
    937.50  912.50  -16.10  -16.84    0.23    0.21   73.32   55.25    1.58    1.28  3
    912.50  887.50  -10.48   -6.46    1.20    1.27   61.81   37.19    2.30    1.65  3
    887.50  862.50  -15.71   -7.28    0.48    0.73   63.99   36.55    2.39    1.40  3
    862.50  837.50   -5.40   -0.72    0.31    0.47   62.12   33.41    2.06    1.02  3
    837.50  812.50   -4.12   -0.56    0.21    0.39   66.68   32.90    1.92    0.99  3
    812.50  787.50    1.24   -0.88    0.35    0.49   61.59   32.51    1.73    0.97  3
    787.50  762.50    7.89    2.23    0.39    0.50   69.56   49.37    2.02    1.08  3
    762.50  737.50   15.90    5.17    0.59    0.52   57.67   45.68    1.70    1.18  3
    737.50  712.50   -4.90  -10.82    0.37    0.50   65.95   43.52    1.95    1.13  3
  17351      35.35   37.05       4
    887.50  862.50  -25.89  -17.69   -0.24    0.24   67.55   45.85    1.61    1.21  3
    862.50  837.50   -3.38   -2.10    0.43    0.20   60.20   40.23    2.05    1.27  3
    787.50  762.50    2.78   -0.01    1.69    1.27   56.99   51.31    2.19    1.54  3
    762.50  737.50    0.85    0.66    0.83    0.69   51.74   37.09    2.33    1.67  3
  34247      41.05   50.42      11
    937.50  912.50    6.79    2.77    0.81    0.80   71.11   28.23    2.74    2.62  3
    862.50  837.50   -4.68   -0.29    0.88    1.17   81.92   44.26    1.91    1.70  3
    712.50  687.50  -21.13   -5.63    1.38    1.63   81.50   68.34    2.68    2.29  3
    512.50  487.50  -29.27  -11.74    0.87    1.65   93.75   72.63    1.87    2.60  3
    412.50  387.50  -27.71  -30.91    0.50    1.44  100.44   81.54    2.21    2.79  3
    312.50  287.50  -52.46  -43.54    0.49    1.31   85.88   79.03    1.51    2.63  3
    262.50  237.50  -43.86  -40.96    0.77    1.32   87.62   85.51    2.64    2.94  3
    237.50  212.50  -33.48  -31.98    0.40    0.89   80.36   78.79    2.66    3.04  3
    212.50  187.50  -29.38  -31.17   -0.52    0.14   94.64   90.03    2.01    2.31  3
    187.50  162.50  -37.46  -36.21   -0.78   -0.12   90.28   89.51    2.61    2.65  3
    162.50  137.50  -32.84  -32.88    0.02    0.30   82.14   82.01    3.15    2.98  3
  36872      77.00   43.36      12
    962.50  937.50   -1.97   13.31   -0.69   -0.76   81.81   76.17    0.96    0.98  3
    937.50  912.50   14.74   23.37    1.10    0.96   74.86   67.34    2.08    1.89  3
    912.50  887.50   -4.30    5.27    2.29    2.02   82.08   51.25    2.10    1.86  3
    887.50  862.50   16.04    7.73    1.55    0.99   71.67   44.17    2.31    1.69  3
    862.50  837.50   10.36   11.53    1.44    1.07   75.50   44.72    2.32    1.51  3
    837.50  812.50  -29.04  -20.99    1.98    1.10   72.73   42.15    2.38    1.42  3
    812.50  787.50    0.51   -7.43    1.67    1.49   75.42   52.72    2.20    1.66  3
    787.50  762.50  -18.84  -21.31    1.10    1.33   64.68   56.19    2.42    1.55  3
    762.50  737.50  -23.08  -17.87    1.01    0.89   56.22   45.04    2.07    1.58  3
    737.50  712.50  -11.43   -3.57    1.12    0.70   58.67   45.62    1.97    1.53  3
    712.50  687.50   -1.55   -0.95    1.24    1.05   51.16   36.72    2.48    1.75  3
    662.50  637.50   -5.83   -8.80    1.57    1.26   56.69   39.78    3.23    2.41  3
  38341      71.23   42.51      11
    962.50  937.50   -3.42    5.69    0.67    0.71   65.66   68.09    1.29    1.30  3
    912.50  887.50  -18.53  -17.08    3.54    3.56   73.57   70.22    3.74    3.68  3
    887.50  862.50  -42.17  -35.29    3.38    3.42   91.08   90.96    3.40    3.41  3
    862.50  837.50  -22.67  -19.17    3.90    3.93   85.38   83.48    3.25    3.20  3
    837.50  812.50  -24.53  -23.77    3.44    3.46   93.64   89.65    2.87    2.81  3
    812.50  787.50   -2.69    0.77    3.27    3.23   83.13   79.28    2.77    2.76  3
    787.50  762.50   12.85   19.39    4.36    4.28   57.09   58.78    4.00    3.95  3
    762.50  737.50   25.69   18.45    4.02    3.99   65.64   60.91    3.94    3.99  3
    737.50  712.50   25.41   24.53    4.83    4.74   66.78   60.84    3.96    3.87  3
    712.50  687.50   17.88   14.84    5.32    5.21   63.65   60.70    4.03    3.97  3
    687.50  662.50   20.24   16.82    4.52    4.45   51.52   52.70    3.77    3.74  3
  42027      74.83   34.08      12
    862.50  837.50   82.58   42.22    0.66    0.30   72.76   98.07    0.96    0.90  3
    837.50  812.50   55.61  -13.55    2.10    1.63   62.89   82.68    2.42    2.19  3
    812.50  787.50   52.60    8.95    3.04    2.55   63.93   63.25    2.87    2.42  3
    787.50  762.50   35.50    6.66    2.84    2.17   58.29   46.59    2.81    2.15  3
    762.50  737.50   37.71    0.38    2.52    1.52   82.53   50.97    2.46    1.45  3
    737.50  712.50   55.86    1.58    2.32    1.29   72.17   46.96    2.06    1.17  3
    712.50  687.50   33.46    1.90    2.28    1.32   79.73   40.62    2.31    1.69  3
    662.50  637.50  -10.53  -15.40    1.38    0.81   74.69   46.34    1.87    1.32  3
    637.50  612.50   -7.46   -6.36    0.91    0.45   72.39   54.15    1.95    0.99  3
    612.50  587.50   -4.54   -4.12    1.30    0.81   69.63   50.32    2.37    1.21  3
    587.50  562.50    7.47    4.01    1.71    1.03   58.83   35.72    2.94    1.62  3
    537.50  512.50    0.37    2.88    1.94    1.13   52.92   28.06    2.66    1.74  3
  42314      95.02   27.48      14
   1200.00  987.50   24.70   34.14   -0.33   -0.22   70.12   58.26    1.56    1.31  3
    987.50  962.50    0.57    1.67    0.89    0.98   79.45   52.70    2.12    1.32  3
    962.50  937.50   -5.46    1.01    1.15    0.83   69.41   32.86    2.33    1.34  3
    937.50  912.50    7.40    1.79    0.94    0.67   77.68   43.23    2.16    1.06  3
    912.50  887.50    4.50    3.22    0.93    0.59   64.55   33.38    2.20    1.17  3
    887.50  862.50   12.36    9.97    1.17    0.62   64.49   43.65    2.06    1.01  3
    762.50  737.50    7.75    7.56    1.06    0.44   51.81   30.89    2.02    0.96  3
    737.50  712.50    6.00    6.73    1.10    0.49   50.12   26.47    1.87    0.96  3
    612.50  587.50   -5.34   -2.08    0.07    0.25   48.37   30.55    2.00    1.26  3
    587.50  562.50   -0.03    0.92   -0.23    0.11   48.52   29.78    2.34    1.55  3
    562.50  537.50   -1.86    4.20   -0.18    0.17   45.97   36.56    3.44    2.06  3
    537.50  512.50   -3.80    2.83   -0.29    0.16   50.83   36.81    2.62    1.51  3
    512.50  487.50   -5.51   -2.13   -0.15    0.29   48.81   34.97    2.74    1.68  3
    387.50  362.50    8.21    5.33    0.55    0.44   44.05   36.40    2.58    1.81  3
  42339      73.02   26.30       7
    787.50  762.50    1.60    1.55    0.48    0.52   57.25   30.58    2.15    1.34  3
    762.50  737.50    1.26   -1.94    0.66    0.61   50.99   31.75    2.17    1.36  3
    737.50  712.50    6.22    1.66    0.33    0.61   57.55   35.52    1.95    1.12  3
    712.50  687.50   -0.49   -1.88    0.44    0.69   51.27   31.81    2.08    1.31  3
    687.50  662.50   10.34    3.00    0.14    0.65   53.41   36.33    1.95    1.41  3
    537.50  512.50    4.52   -0.02    0.71    0.72   51.75   34.31    2.56    1.84  3
    512.50  487.50    1.27    0.79    0.73    0.62   45.70   31.71    2.25    1.64  3
  42361      78.25   26.23       7
    612.50  587.50  -11.37   -3.14    0.81    0.68   48.00   28.08    2.43    1.87  3
    587.50  562.50   -7.48   -2.02    0.81    0.63   47.81   28.66    2.34    1.78  3
    562.50  537.50   -0.57    2.50    1.70    1.29   54.96   44.06    2.38    1.98  3
    537.50  512.50    0.03    2.12    0.97    0.59   51.17   27.14    2.00    1.58  3
    487.50  462.50   -2.64    2.56    1.20    0.87   54.47   28.68    2.19    1.69  3
    462.50  437.50    2.19    5.94    1.01    0.84   52.86   37.59    2.38    1.61  3
    387.50  362.50    5.96    3.17    0.33    0.22   42.88   27.07    2.63    1.64  3
  42369      80.88   26.75       5
    662.50  637.50    7.56    3.90    0.63    0.41   51.19   28.64    2.19    1.49  3
    587.50  562.50   -0.44   -1.19    1.04    0.72   47.53   32.92    2.40    1.68  3
    562.50  537.50   -3.11   -5.06    1.57    1.33   46.72   37.31    2.69    2.17  3
    412.50  387.50    3.03    7.41    0.44    0.45   40.32   40.79    2.26    2.12  3
    162.50  137.50    4.96    6.27   -0.27   -0.03   35.67   33.57    4.97    4.96  3
  42399      88.72   26.53       7
   1200.00  987.50   58.27   62.92   -1.17   -0.98   48.24   46.90    1.17    0.92  3
    787.50  762.50   12.12    5.96    1.71    0.86   56.95   36.30    2.41    1.39  3
    762.50  737.50   12.75    5.68    1.63    0.73   54.07   26.94    2.42    1.51  3
    737.50  712.50   11.21    4.83    1.56    0.71   50.03   36.86    2.39    1.38  3
    387.50  362.50    7.02    3.94    0.47    0.70   44.08   33.34    2.34    1.84  3
    362.50  337.50   13.54    8.42    0.26    0.69   42.18   28.80    2.73    2.08  3
    337.50  312.50    3.35   -2.34   -0.18    0.47   40.30   31.13    2.62    2.16  3
  42410      91.58   26.10       7
   1200.00  987.50   74.53   67.25   -0.79   -0.73   57.92   69.18    0.98    0.92  3
    987.50  962.50  -12.17  -24.90   -0.15   -0.05   74.02   46.74    1.64    1.22  3
    812.50  787.50    7.74    0.33    0.92    0.34   57.45   38.67    2.16    1.13  3
    537.50  512.50  -11.84   -3.69   -0.06    0.11   50.30   36.65    1.72    1.18  3
    487.50  462.50   -7.74   -3.54   -0.10    0.17   49.99   36.60    2.06    1.46  3
    437.50  412.50   -0.54    1.15    0.44    0.53   53.18   44.52    1.75    1.27  3
    387.50  362.50    6.79    6.47   -0.13    0.07   41.78   30.29    2.63    1.93  3
  42667      77.35   23.28       5
    537.50  512.50   -0.75   -1.39   -0.07    0.35   48.26   43.85    1.95    1.38  3
    512.50  487.50   -6.47   -9.26    0.43    0.75   45.38   31.41    1.90    1.09  3
    487.50  462.50   -0.18    3.52    0.39    0.60   52.16   35.70    2.37    1.59  3
    462.50  437.50   -6.51    9.87    0.39    0.46   46.14   38.59    2.37    1.23  3
    437.50  412.50   -5.64    8.68    0.41    0.49   51.03   46.52    2.62    1.75  3
  42701      85.32   23.32       8
    787.50  762.50   -0.84    8.38    0.73    0.54   64.71   60.54    1.77    1.91  3
    762.50  737.50   -3.29    7.94    0.72    0.51   55.67   50.75    2.05    1.94  3
    737.50  712.50    0.17    5.23    0.71    0.49   53.02   48.95    1.76    1.69  3
    712.50  687.50   -4.05   -1.18    0.91    0.68   51.96   45.92    1.91    1.79  3
    612.50  587.50   -2.22    3.43    0.71    0.52   46.98   43.38    1.93    1.97  3
    587.50  562.50    2.23    4.43    0.49    0.36   45.45   43.74    2.00    2.02  3
    562.50  537.50    0.90    8.55    0.47    0.43   46.80   41.84    3.01    3.06  3
    537.50  512.50   -1.51   -1.46    0.57    0.55   49.05   47.20    2.74    2.74  3
  42809      88.45   22.65       6
    562.50  537.50    3.92   -1.92    0.77    0.61   47.04   33.29    1.83    1.44  3
    537.50  512.50   20.11    7.01    0.61    0.50   54.27   37.65    2.15    1.74  3
    512.50  487.50   10.48    5.40    0.48    0.37   52.48   35.74    1.88    1.28  3
    487.50  462.50    3.47    3.77    0.36    0.36   63.24   50.77    1.90    1.30  3
    462.50  437.50   10.53    6.02    0.04    0.09   57.08   44.15    2.18    1.64  3
    387.50  362.50   -4.65   -2.47    0.56    0.57   49.43   35.12    2.31    1.71  3
  42867      79.05   21.10       6
    562.50  537.50    1.35    0.90    0.82    0.81   45.29   28.36    2.65    1.87  3
    537.50  512.50   -6.42  -11.27   -0.03    0.18   50.31   37.15    1.93    1.47  3
    487.50  462.50  -14.85   -7.07    0.48    0.61   53.92   40.81    2.67    1.91  3
    462.50  437.50   -3.30    4.38    0.04    0.34   52.47   39.32    1.90    1.52  3
    437.50  412.50    5.65    8.60    0.24    0.31   46.96   36.79    2.18    1.60  3
    387.50  362.50   -4.89   -2.16    0.49    0.51   41.86   30.52    2.12    1.66  3
  43003      72.85   19.12      10
    687.50  662.50  -10.81   -1.07    0.95    0.65   50.55   25.15    2.29    1.63  3
    587.50  562.50   -1.14    0.58    0.45    0.41   49.64   36.86    2.05    1.47  3
    562.50  537.50  -16.54   -3.44    0.28    0.38   65.61   55.57    2.10    1.65  3
    537.50  512.50  -10.51   -5.88    0.31    0.50   60.70   50.16    2.05    1.15  3
    512.50  487.50  -12.67   -3.65    0.63    0.51   52.64   35.71    1.74    1.16  3
    487.50  462.50   -3.75   -5.66    0.22    0.24   58.58   45.58    1.78    1.46  3
    462.50  437.50   -0.55   -0.43    0.59    0.55   47.09   37.31    1.79    1.33  3
    437.50  412.50    1.73    0.23    0.10    0.35   46.92   40.13    1.96    1.51  3
    412.50  387.50    2.56    1.27    0.20    0.43   42.88   34.36    1.76    1.28  3
    387.50  362.50    2.47    3.50    0.05    0.22   54.58   45.34    1.92    1.58  3
  43128      78.46   17.45       6
    537.50  512.50   -0.07    0.35    0.54    0.56   49.10   28.74    1.91    1.30  3
    487.50  462.50   -4.01   -2.12    0.62    0.56   49.49   36.23    2.18    1.30  3
    437.50  412.50   -0.72   -1.31    0.37    0.41   49.73   29.91    1.97    1.49  3
    412.50  387.50    7.56    2.21    0.31    0.49   45.32   28.42    1.95    1.33  3
    387.50  362.50    4.55    0.85    0.04    0.18   43.05   33.36    2.12    1.48  3
    362.50  337.50   -1.71    1.17    0.31    0.36   40.11   26.69    2.24    1.75  3
  43185      81.15   16.20       8
    562.50  537.50   11.66    2.58    0.51    0.69   45.13   47.93    1.94    1.51  3
    537.50  512.50   -3.40   -1.50    0.32    0.50   47.02   36.74    2.12    1.48  3
    512.50  487.50    2.10    1.83    0.51    0.64   47.39   37.33    2.80    1.72  3
    487.50  462.50    2.73    6.31    0.63    0.76   47.18   25.15    2.79    1.64  3
    462.50  437.50   10.92    3.41    0.86    0.99   48.66   32.40    2.65    1.67  3
    437.50  412.50    3.19   -1.02    0.54    0.90   53.43   39.93    3.01    2.03  3
    412.50  387.50    9.75    7.58    0.35    0.60   44.98   28.34    2.74    1.58  3
    387.50  362.50    8.85    9.87    0.38    0.65   45.86   35.20    3.00    1.80  3
  43279      80.18   13.00       9
    537.50  512.50   22.08    3.51    0.67    0.58   51.30   30.19    2.95    2.21  3
    437.50  412.50    9.28    2.07    0.27    0.33   51.59   33.67    2.36    1.92  3
    387.50  362.50   14.81    6.59    0.61    0.57   59.84   42.36    2.75    1.92  3
    362.50  337.50   13.80    2.06    0.25    0.55   59.98   35.33    2.36    1.67  3
    337.50  312.50   10.54    6.87    0.33    0.58   47.62   30.62    2.53    1.45  3
    312.50  287.50   11.13    6.19   -0.41    0.31   46.96   29.15    3.38    2.32  3
    287.50  262.50    8.77    6.46   -1.03    0.10   46.73   33.99    3.26    2.21  3
    262.50  237.50    1.37    0.82   -0.91   -0.46   38.93   24.21    3.19    2.02  3
    237.50  212.50   -0.64    1.07    0.06    0.01   37.88   24.18    3.70    2.01  3
  43285      74.83   12.95       5
    437.50  412.50   -1.99   -1.96    0.37    0.54   46.77   33.22    2.00    1.55  3
    412.50  387.50   -0.17    3.27    0.74    0.95   49.38   33.09    1.72    1.36  3
    387.50  362.50   -3.72    1.60    0.54    0.74   45.12   31.15    2.24    1.74  3
    362.50  337.50    5.42    2.35    0.63    0.78   57.11   36.77    2.61    2.12  3
    337.50  312.50   15.85   12.99    0.28    0.38   45.42   42.27    2.43    1.82  3
  43295      77.58   12.97       6
    437.50  412.50   -0.42   -4.08    0.47    0.62   46.45   32.81    2.26    1.48  3
    412.50  387.50    1.43   -2.40    0.72    0.75   40.46   24.29    2.17    1.38  3
    387.50  362.50    2.21   -1.80    0.93    0.91   45.78   29.96    2.40    1.59  3
    362.50  337.50   20.88   10.78    0.83    0.75   41.72   35.78    2.52    1.60  3
    337.50  312.50   10.84    3.16    0.65    0.79   42.05   35.17    2.63    1.94  3
    312.50  287.50   13.48    6.57    0.11    0.55   44.63   30.32    2.50    1.70  3
  43311      72.73   11.12       5
    462.50  437.50   -1.17    1.71    0.65    0.58   45.56   27.93    2.24    1.40  3
    412.50  387.50   -1.65    0.70    1.24    1.01   42.53   23.05    2.36    1.57  3
    387.50  362.50    5.38    4.46    0.89    0.81   46.46   29.45    2.46    1.83  3
    362.50  337.50    0.45    5.73    0.29    0.33   44.71   33.76    2.88    1.83  3
    337.50  312.50    3.19    7.64    0.16    0.36   46.95   34.08    2.95    1.94  3
  43333      92.72   11.67       7
    562.50  537.50  -12.75   -7.38    1.06    0.91   52.46   29.86    3.05    2.19  3
    487.50  462.50    4.38    5.41    1.21    0.89   45.72   31.51    2.35    1.61  3
    412.50  387.50    8.34    4.48    1.31    0.95   52.56   29.97    2.56    1.42  3
    387.50  362.50   13.41    3.68    1.36    1.19   55.31   31.36    2.70    1.64  3
    362.50  337.50   17.17    9.14    1.03    1.05   50.62   32.63    3.36    2.09  3
    337.50  312.50   13.15    1.13    0.47    0.67   50.29   25.32    2.89    1.98  3
    312.50  287.50   12.70    4.60    0.45    0.72   40.32   24.26    3.11    1.96  3
  44373     104.42   43.58      10
    862.50  837.50    6.07   -0.74   -0.96   -1.10   60.39   47.51    2.09    1.90  3
    837.50  812.50   21.87    9.50    2.47    2.30   57.57   39.18    3.97    3.05  3
    812.50  787.50    6.97   -4.66   -0.67   -0.50   60.78   38.39    3.35    2.14  3
    787.50  762.50   -2.01   -3.65    0.26    0.26   57.92   33.95    3.85    2.56  3
    762.50  737.50   17.74    2.92    0.26    0.25   52.54   29.99    2.83    2.17  3
    737.50  712.50   -3.30   -1.53   -0.95   -0.19   53.98   27.87    2.50    1.94  3
    687.50  662.50  -10.40   -9.98    1.10    1.29   51.50   37.72    5.09    4.34  3
    637.50  612.50   -1.20   -7.86    0.42    0.71   50.40   39.98    3.80    2.37  3
    287.50  262.50   -6.84   -6.13   -1.27   -0.78   41.59   41.54    8.05    7.78  3
    237.50  212.50  -12.02  -11.90   -2.68   -2.49   40.82   40.79   11.70   11.64  3
  47918     124.17   24.33       5
    462.50  437.50    2.36    3.59    0.75    0.84   50.48   36.84    2.35    1.66  3
    437.50  412.50    4.54    6.37    0.23    0.26   45.43   34.22    2.06    1.39  3
    337.50  312.50    2.65   -1.81    0.65    0.78   45.46   34.07    2.65    2.10  3
    237.50  212.50   -3.04   -0.20    1.08    0.74   42.62   19.44    3.64    3.01  3
    187.50  162.50    1.75   -0.11    0.60    0.37   37.14   25.80    2.90    1.55  3
  48327      98.98   18.78      24
    987.50  962.50   60.00   50.45   -0.15   -0.24   62.59   64.00    0.93    0.83  3
    962.50  937.50  -10.42   -4.75    0.91    0.81   80.92   54.58    1.52    1.03  3
    937.50  912.50   -3.18    1.91    0.77    0.77   71.91   45.72    1.58    0.98  3
    912.50  887.50    5.09    9.95    0.32    0.49   63.77   49.26    1.98    1.21  3
    712.50  687.50   -4.54   -4.11    1.12    0.80   57.93   40.18    2.60    1.67  3
    687.50  662.50    5.08    9.05    1.51    1.27   69.67   56.21    2.72    2.45  3
    662.50  637.50    0.10    1.97    2.37    2.02   61.61   43.59    2.99    2.75  3
    637.50  612.50    6.79   -6.63    1.92    1.54   62.94   36.66    2.80    2.29  3
    612.50  587.50    0.26    2.55    2.03    1.68   49.84   31.09    3.09    2.29  3
    587.50  562.50    9.92    2.13    1.98    1.69   61.35   43.23    3.47    2.89  3
    562.50  537.50   22.95    5.81    3.13    2.82   63.72   49.33    3.00    2.42  3
    512.50  487.50   28.87   18.56    1.92    2.06   62.66   51.03    4.18    3.66  3
    487.50  462.50   26.60   20.02    2.11    2.33   57.90   33.74    6.05    5.57  3
    462.50  437.50   20.68   20.67    2.73    2.90   57.95   49.14    3.63    2.99  3
    437.50  412.50   27.15   16.56    2.30    2.30   51.63   42.71    4.23    3.69  3
    412.50  387.50   18.24   14.14    1.49    1.52   48.24   42.24    3.25    2.74  3
    387.50  362.50    7.62    4.71    1.78    1.78   47.14   41.74    3.02    2.82  3
    362.50  337.50   17.09    7.08    2.39    2.31   40.19   37.15    4.32    3.79  3
    337.50  312.50   17.48   14.41    1.98    1.85   47.87   46.88    3.85    3.04  3
    312.50  287.50   14.25   11.97    1.37    1.14   41.54   40.42    4.12    4.00  3
    287.50  262.50    1.01    5.30    2.52    2.07   38.75   33.97    4.10    3.75  3
    262.50  237.50    8.45    7.09    2.36    1.75   36.22   32.32    5.79    5.03  3
    237.50  212.50   12.94    8.97    2.57    2.04   39.70   33.73    5.07    4.38  3
    212.50  187.50   10.90    6.65    2.08    1.79   35.37   29.95    4.79    3.71  3
  51463      87.65   43.80       7
    937.50  912.50   19.28    5.17    0.97    0.80   70.27   66.75    1.88    1.88  3
    912.50  887.50   18.63    2.18    0.89    0.61   65.83   60.86    1.91    1.59  3
    762.50  737.50  -19.89    1.52    2.20    1.56   54.71   43.57    3.16    2.14  3
    737.50  712.50  -33.46   -6.18    1.34    0.99   60.29   38.43    3.14    1.98  3
    712.50  687.50  -24.77   -6.58    1.05    1.00   59.71   37.75    2.76    1.88  3
    687.50  662.50  -12.86    4.35    0.85    1.04   57.70   36.77    2.71    1.77  3
    662.50  637.50   -9.58    0.18    0.74    1.08   50.17   43.66    2.80    2.17  3
  51709      75.75   39.48      15
    887.50  862.50   -1.59   -7.11    0.72    0.85   68.02   52.70    1.59    1.16  3
    862.50  837.50  -16.62  -12.30    0.62    0.88   61.75   47.48    2.12    1.52  3
    837.50  812.50  -29.93  -14.73   -0.19    0.50   72.27   58.58    3.25    1.87  3
    812.50  787.50   -4.06   -0.29   -0.06    0.30   66.71   47.73    2.74    1.46  3
    787.50  762.50  -19.02   -2.11    0.18    0.35   72.56   47.06    2.23    1.21  3
    762.50  737.50  -10.32    7.83   -0.58    0.13   77.69   50.27    2.08    1.21  3
    737.50  712.50   10.40    5.03   -0.33    0.38   71.15   37.25    2.26    1.30  3
    712.50  687.50    8.82    2.85    0.00    0.37   61.28   34.21    2.43    1.28  3
    687.50  662.50   17.11   10.43    0.14    0.50   65.34   46.00    2.21    1.20  3
    662.50  637.50    2.50    0.15   -0.17    0.31   71.95   45.86    2.64    1.64  3
    637.50  612.50    1.13   -1.07   -0.09    0.28   69.44   48.27    2.43    1.70  3
    612.50  587.50    4.03   -0.32    0.21    0.50   69.01   52.02    2.17    1.67  3
    587.50  562.50    5.30    0.42    0.74    0.82   64.54   38.81    2.78    1.94  3
    562.50  537.50   -1.66   -4.13    0.61    0.49   50.82   31.88    2.80    1.95  3
    287.50  262.50    6.36   -0.13    0.38    0.43   42.72   18.48    3.71    2.07  3
  52533      98.48   39.77      11
    862.50  837.50    8.30   11.98   -0.86   -0.43   78.21   69.22    1.71    1.48  3
    837.50  812.50   15.62   13.47   -0.34    0.04   60.09   49.10    2.49    1.70  3
    787.50  762.50   11.42    3.33   -0.47    0.02   74.34   42.99    2.71    1.96  3
    762.50  737.50   14.81   10.31    0.26    0.36   62.48   42.62    2.65    1.61  3
    737.50  712.50    9.01   -2.94   -0.28    0.06   52.49   33.56    2.00    1.10  3
    712.50  687.50   10.61    2.05    0.87    0.67   52.37   31.91    2.75    1.40  3
    687.50  662.50    4.74   -1.51    0.69    0.66   59.76   40.30    2.78    1.54  3
    662.50  637.50    9.84    4.63    0.96    0.94   56.99   42.25    2.30    1.50  3
    637.50  612.50   12.21    6.30    0.76    0.65   57.21   49.19    2.40    1.69  3
    612.50  587.50   11.80   -3.79    0.51    0.38   49.47   46.64    2.54    1.61  3
    587.50  562.50   15.20    2.82    1.39    1.03   46.15   39.71    2.77    1.98  3
  52681     103.10   38.72       8
    812.50  787.50    9.08    2.59    0.39    0.66   60.18   39.01    1.91    1.24  3
    787.50  762.50   -1.52   -3.30    0.26    0.52   63.92   31.09    2.33    0.94  3
    737.50  712.50   15.39    5.14    0.62    0.49   64.29   35.48    1.83    1.08  3
    687.50  662.50    5.96    4.25    0.24    0.34   57.13   43.68    2.01    1.22  3
    662.50  637.50    0.64   -4.37    0.46    0.53   53.36   36.22    2.46    1.46  3
    637.50  612.50   -7.39   -9.09    0.53    0.61   61.21   39.47    2.28    1.21  3
    612.50  587.50    0.83    3.74    0.31    0.47   55.36   36.00    1.93    1.49  3
    587.50  562.50    1.57   -0.10    0.85    0.66   55.54   37.23    2.38    1.52  3
  52983     104.15   35.87      11
    837.50  812.50   69.92   59.07   -0.29    0.05   76.49   84.60    1.23    1.13  3
    812.50  787.50   52.16   45.59   -0.07    0.37   62.27   65.38    1.46    1.31  3
    762.50  737.50   20.94   25.54   -0.79   -0.02   82.32   68.20    2.09    1.24  3
    737.50  712.50   12.89   13.04   -0.79   -0.10   63.91   44.35    2.01    1.24  3
    712.50  687.50    0.09    3.46   -0.34    0.15   59.53   40.30    2.18    1.26  3
    687.50  662.50    0.53    1.03    0.05    0.39   57.72   36.64    2.49    1.57  3
    662.50  637.50    2.49    3.13    0.90    0.88   55.32   43.54    2.80    1.77  3
    637.50  612.50   -0.87   -2.19    0.50    0.60   61.02   46.11    1.91    1.37  3
    612.50  587.50    4.73    5.35    0.52    0.51   51.58   41.29    2.37    1.59  3
    587.50  562.50    5.39    3.62    0.19    0.32   55.31   40.72    1.98    1.45  3
    562.50  537.50    8.07    6.43    0.25    0.33   58.37   43.65    2.10    1.62  3
  55299      92.05   31.48      12
    612.50  587.50   88.64   81.83   -1.03   -0.96   51.66   50.97    1.71    1.47  3
    587.50  562.50    8.33    9.34    0.43    0.64   82.76   63.38    2.08    1.97  3
    562.50  537.50    9.86    4.79   -0.53    0.15   58.32   41.83    2.68    1.81  3
    537.50  512.50    1.44   -1.24   -0.10    0.29   45.63   27.10    2.50    1.54  3
    512.50  487.50    3.14    0.98   -0.06    0.38   47.75   28.59    2.75    1.39  3
    487.50  462.50   -4.24   -0.82    0.19    0.63   47.12   23.30    2.72    1.44  3
    462.50  437.50    1.59    5.90    0.81    0.65   48.90   30.06    2.48    1.63  3
    437.50  412.50   -0.07   -1.99    0.26    0.54   50.41   25.45    2.98    1.66  3
    387.50  362.50   -2.15    0.48    0.36    0.68   49.95   24.79    3.61    1.99  3
    362.50  337.50    1.83   -1.97   -0.62   -0.10   52.35   26.44    3.54    2.07  3
    337.50  312.50    3.86    2.01    0.33    0.63   46.78   30.14    3.53    1.91  3
    287.50  262.50    5.39    6.92   -0.10    0.26   45.32   23.56    3.83    2.30  3
  56187     103.83   30.70      19
    962.50  937.50   20.79   16.82   -0.34   -0.18   74.84   57.87    1.05    0.88  3
    937.50  912.50   14.03    6.34    0.34    0.66   69.60   48.36    1.62    1.17  3
    912.50  887.50   27.58   20.94   -0.04    0.45   66.58   48.85    1.59    0.97  3
    887.50  862.50   14.16    9.38    0.56    0.81   72.55   44.27    1.47    1.01  3
    862.50  837.50   11.25   10.66    0.51    0.48   62.14   47.55    1.76    1.14  3
    837.50  812.50    0.01   -2.16    0.80    0.72   63.85   47.13    1.88    1.26  3
    812.50  787.50    3.11   -1.58    0.69    0.56   68.13   48.48    1.81    1.23  3
    787.50  762.50    6.54    3.60    0.62    0.62   63.87   49.07    1.66    1.46  3
    762.50  737.50    4.15   -1.84    0.36    0.49   73.00   57.49    1.89    1.32  3
    737.50  712.50   23.50   15.30    0.30    0.31   60.51   49.03    2.10    1.48  3
    712.50  687.50   13.10    7.72    0.59    0.46   58.85   44.92    1.85    1.29  3
    687.50  662.50   15.65   17.24    0.30    0.20   63.81   50.61    2.16    1.62  3
    637.50  612.50    7.31    2.01    0.88    0.75   60.75   43.12    1.90    1.51  3
    612.50  587.50    5.37   -0.62    1.14    0.98   55.98   48.84    2.21    1.75  3
    587.50  562.50   -0.30   -2.80    0.67    0.57   55.53   47.82    1.99    1.61  3
    562.50  537.50   16.10    3.99    0.25    0.26   54.37   38.55    2.18    1.59  3
    537.50  512.50    5.30    0.31    0.71    0.63   53.11   38.26    2.50    1.84  3
    487.50  462.50   10.16    3.03    0.84    0.60   51.12   34.75    2.65    1.85  3
    462.50  437.50    4.19   -0.78    0.43    0.23   49.43   37.92    2.18    1.72  3
  56778     102.68   25.02       4
    812.50  787.50    6.72    4.31    0.70    0.59   57.30   52.58    1.34    1.22  3
    587.50  562.50   -4.10   -1.89    0.76    0.74   50.95   35.31    2.08    1.45  3
    537.50  512.50   -6.36   -2.03    0.36    0.40   49.26   36.37    1.94    1.40  3
    237.50  212.50    0.83   -0.90    0.27    0.22   39.36   32.61    2.14    1.40  3
  57127     107.03   33.07      11
    962.50  937.50   30.62   34.53    0.74    0.40   79.80   70.72    1.00    0.92  3
    937.50  912.50   26.54   22.73    1.72    1.33   69.35   60.16    1.76    1.49  3
    887.50  862.50   13.69    3.88    0.91    0.56   62.14   45.57    1.52    1.05  3
    762.50  737.50    4.26    2.76    0.53    0.61   51.97   39.27    1.77    1.32  3
    737.50  712.50   10.09    1.80    0.69    0.74   51.47   29.81    1.61    1.01  3
    687.50  662.50   -3.06   -8.69    0.58    0.47   51.67   37.20    1.64    1.16  3
    662.50  637.50    0.25    5.19    0.67    0.56   52.46   35.17    1.90    1.38  3
    637.50  612.50   -6.24   -4.75    1.01    0.88   50.99   39.94    2.09    1.45  3
    612.50  587.50   -6.16  -10.04    0.42    0.47   46.08   38.73    1.93    1.49  3
    587.50  562.50   -0.05   -5.44   -0.02    0.22   46.95   40.37    1.74    1.41  3
    537.50  512.50   -1.18   -3.02   -0.37    0.02   47.57   41.70    1.96    1.40  3
  58968     121.52   25.03       4
   1200.00  987.50    3.43    8.31   -0.20   -0.24   75.49   71.66    1.37    1.31  3
    262.50  237.50   -2.23   -0.21    0.68    0.44   36.76   21.69    2.69    2.20  3
    212.50  187.50    3.36   -0.07    0.81    0.55   39.06   30.53    2.64    1.87  3
    162.50  137.50    2.64    1.80    0.58    0.56   38.06   29.80    2.72    2.04  3
  59280     113.08   23.70       5
    587.50  562.50    2.96    5.55    0.15    0.31   48.19   36.81    1.90    1.55  3
    562.50  537.50   -4.04    0.68    0.15    0.29   46.34   40.36    1.73    1.40  3
    387.50  362.50   -9.27   -7.64   -0.01    0.26   43.93   31.67    1.75    1.79  3
    287.50  262.50   10.48    3.28    0.28    0.30   38.49   28.62    2.54    1.89  3
    237.50  212.50    3.81    6.63    0.62    0.38   41.34   28.85    2.91    1.92  3
  59431     108.22   22.63       6
    787.50  762.50    9.87   10.23    0.30    0.14   57.63   47.32    1.80    1.46  3
    737.50  712.50   14.43   14.88    0.19    0.20   55.49   36.82    2.28    1.33  3
    587.50  562.50   13.19   13.32    0.74    0.60   47.06   40.44    2.00    1.53  3
    562.50  537.50   -5.81   -4.45    0.67    0.54   48.07   31.34    1.69    1.21  3
    537.50  512.50    5.79    4.38    0.17    0.21   45.22   26.84    1.82    1.41  3
    487.50  462.50   -4.55    2.20    0.44    0.54   48.37   41.46    2.12    1.44  3
  60680       5.45   22.81       9
    887.50  862.50   21.49    0.86   -0.04    0.37   62.47   39.46    2.34    1.64  3
    512.50  487.50    1.49    3.45    0.46    0.38   50.09   25.86    2.94    1.72  3
    437.50  412.50   11.90   15.00    1.63    1.32   49.35   41.16    3.10    1.88  3
    412.50  387.50    5.65    5.18    0.53    0.38   42.10   29.06    2.64    1.88  3
    387.50  362.50   13.25    7.89    1.26    0.93   54.62   35.88    3.10    2.29  3
    362.50  337.50    2.76   -2.47    1.34    0.92   46.76   30.46    2.77    2.05  3
    312.50  287.50   12.50    5.59    1.36    0.95   40.77   32.36    2.88    1.99  3
    287.50  262.50   15.53    3.57    1.24    0.75   39.27   19.13    3.10    2.38  3
    262.50  237.50    5.52    1.50    1.20    0.65   40.18   24.87    3.12    1.90  3
  64700      15.03   12.13       9
    987.50  962.50   23.69   18.70    0.18   -0.08   79.36   56.59    1.99    1.42  3
    962.50  937.50    2.13    1.36    0.96    0.54   70.43   28.81    2.87    1.86  3
    937.50  912.50   -0.42   -5.95    1.03    0.67   72.75   35.92    2.50    1.29  3
    912.50  887.50   -1.07    0.56    1.55    0.75   73.34   27.36    1.93    1.16  3
    887.50  862.50  -14.02    0.12    1.48    0.98   70.54   31.45    3.10    1.28  3
    862.50  837.50  -14.26   -2.22    1.77    0.76   64.64   30.64    3.04    1.26  3
    287.50  262.50    4.66    6.88   -0.98   -0.18   37.92   33.07    3.29    1.95  3
    212.50  187.50    7.18    0.66    0.10    0.17   36.67   17.40    3.26    1.97  3
    162.50  137.50    9.66    2.30    1.46    0.96   38.97   22.37    3.75    1.86  3
  72240     266.78   30.13       4
    412.50  387.50    3.71    3.28    0.19    0.24   44.36   38.72    1.89    1.50  3
    287.50  262.50   -3.91   -2.26    1.13    1.02   36.00   30.90    2.50    1.77  3
    262.50  237.50   -4.54   -0.49    0.58    0.34   35.57   25.42    2.25    1.66  3
    187.50  162.50    2.16    4.54    1.61    1.02   36.83   28.55    3.08    2.47  3
  72261     259.08   29.37       4
    712.50  687.50   12.58    9.64   -0.09    0.08   50.78   37.90    2.03    1.42  3
    562.50  537.50   -5.38   -1.86    1.39    0.76   45.59   38.17    2.77    1.85  3
    387.50  362.50   -1.63    0.68    0.58    0.21   40.33   40.87    2.55    1.89  3
    137.50  112.50    3.06    6.35    1.04    0.79   40.42   35.33    2.77    2.12  3
  72274     249.04   32.23       4
    937.50  912.50   30.79   21.54   -0.91   -1.10   65.55   62.69    1.39    1.25  3
    912.50  887.50  -12.79  -17.40    1.02    0.82   67.29   59.25    1.98    1.71  3
    887.50  862.50    1.38   -9.18    0.88    0.50   65.31   52.12    2.14    1.68  3
    387.50  362.50   11.13   11.37    0.18    0.24   41.56   40.87    2.86    2.38  3
  72365     253.38   35.04       5
    862.50  837.50    9.73    8.26   -0.16    0.17   83.33   80.69    1.89    1.92  3
    837.50  812.50    9.64    7.44    0.50    1.00   64.81   51.22    2.16    1.70  3
    812.50  787.50    4.42   -2.05    0.46    0.69   63.95   34.95    2.50    1.62  3
    787.50  762.50   -2.66    0.65    0.15    0.49   58.03   34.28    2.41    1.73  3
    762.50  737.50    0.13   -5.87   -0.12    0.38   51.78   38.26    2.19    1.31  3
  72469     255.13   39.77       7
    862.50  837.50   16.30    5.46   -0.14   -0.15   69.77   68.48    1.47    1.35  3
    837.50  812.50    4.38   -0.56    0.48    0.33   57.64   43.59    2.09    1.48  3
    787.50  762.50   -5.44   -1.88    1.07    0.69   57.42   33.14    2.95    1.71  3
    762.50  737.50   -3.22   -1.33    1.11    0.64   55.20   37.23    2.50    1.96  3
    737.50  712.50   -1.40    1.27    1.29    1.00   52.08   32.67    2.73    1.76  3
    712.50  687.50   -3.07   -0.27    0.91    0.75   50.04   34.17    2.64    1.70  3
    687.50  662.50   -0.32    1.56    0.55    0.65   61.06   40.39    2.61    2.05  3
  72672     251.52   43.07       5
    837.50  812.50    4.77    3.08   -0.13    0.02   64.55   51.98    2.26    1.69  3
    812.50  787.50    9.37   -0.13    0.46    0.60   71.60   44.25    3.35    1.88  3
    787.50  762.50    4.66    4.94    0.38    0.59   58.25   43.73    2.98    2.10  3
    762.50  737.50    3.88   -3.34    0.10    0.35   56.09   39.51    3.03    1.93  3
    737.50  712.50    1.24   -5.26    0.20    0.22   56.13   37.61    2.99    2.05  3
  76679     260.87   19.43       8
    787.50  762.50   50.73   13.76    1.07    1.02   63.86   69.87    1.36    1.31  3
    762.50  737.50   35.01    2.50    1.15    1.18   60.25   52.88    1.94    1.72  3
    737.50  712.50   47.86   15.88    1.26    1.01   68.73   63.93    2.16    1.80  3
    712.50  687.50   27.49    8.27    1.42    1.12   62.25   52.96    1.71    1.47  3
    687.50  662.50    5.88   -4.37    0.94    0.91   65.49   49.75    1.94    1.65  3
    662.50  637.50    8.70   12.79    1.37    1.11   63.75   41.35    2.05    1.75  3
    287.50  262.50    5.63    2.35    0.96    0.81   35.40   27.48    2.39    1.73  3
    262.50  237.50   -1.36   -0.80    1.13    0.89   41.63   26.96    2.58    1.98  3
  78384     278.63   19.30       7
    487.50  462.50   11.83    7.57    0.73    0.63   49.76   34.65    2.05    1.51  3
    412.50  387.50    3.23    0.54    0.73    0.66   42.32   24.49    2.01    1.51  3
    387.50  362.50    1.15    2.88    0.63    0.57   42.46   30.93    1.93    1.63  3
    337.50  312.50   -2.44   -1.38    0.31    0.35   43.21   27.55    1.82    1.36  3
    287.50  262.50    7.89    6.83    0.52    0.46   47.18   35.63    2.24    1.67  3
    237.50  212.50    0.51    2.16    0.65    0.44   42.99   31.17    2.24    1.62  3
    162.50  137.50   -1.39   -0.63    1.74    1.01   36.24   23.26    2.93    1.87  3
  78397     283.22   17.93       9
    487.50  462.50   -8.38  -12.62    0.37    0.47   47.26   27.03    2.10    1.67  3
    462.50  437.50    7.78    2.54    0.39    0.52   50.57   42.79    2.15    1.65  3
    412.50  387.50    4.60    3.10    0.54    0.58   44.48   38.80    1.72    1.32  3
    387.50  362.50   -2.58   -3.29    0.66    0.73   47.40   33.96    1.91    1.47  3
    362.50  337.50   -6.24   -0.21    0.28    0.49   61.76   54.78    1.87    1.55  3
    337.50  312.50   -0.44   -0.18    0.30    0.41   40.44   32.21    1.83    1.54  3
    287.50  262.50  -14.40  -11.21    0.14    0.21   49.96   44.27    3.03    2.11  3
    237.50  212.50   -8.70   -9.63    0.37    0.29   37.76   35.80    2.51    2.20  3
    187.50  162.50   -3.30   -2.53    1.49    0.86   37.74   29.93    3.52    2.37  3
  78486     290.12   18.47       7
    537.50  512.50    3.83    5.16    0.36    0.36   47.98   41.86    2.02    1.45  3
    487.50  462.50   12.76   19.01    0.27    0.32   54.06   53.60    1.99    1.54  3
    437.50  412.50   -1.92   -1.93    0.09    0.32   51.93   37.88    1.88    1.52  3
    412.50  387.50   -4.68   -1.65    0.55    0.63   44.43   34.28    1.82    1.47  3
    387.50  362.50  -11.35   -4.61    0.28    0.37   53.24   39.84    2.21    1.74  3
    287.50  262.50    2.76    3.97    0.18    0.18   35.07   28.06    2.44    1.87  3
    237.50  212.50    1.89   -3.59    1.12    0.70   42.23   27.60    2.49    2.00  3
  78583     271.70   17.53       4
    487.50  462.50   -5.23    2.06    0.84    0.66   46.63   44.78    1.71    1.19  3
    362.50  337.50   -5.15   -4.55    0.76    0.63   47.00   28.91    1.84    1.45  3
    287.50  262.50   -0.82   -6.14    0.64    0.47   42.21   26.45    1.71    1.36  3
    162.50  137.50    7.25   -0.54    1.82    1.13   39.52   23.28    3.13    2.09  3
  78897     298.47   16.27       6
    437.50  412.50   19.92   23.74    0.52    0.63   71.70   59.04    2.54    1.92  3
    412.50  387.50    2.33   -1.39    0.65    0.63   45.04   39.58    2.06    1.73  3
    387.50  362.50   13.94   10.88    0.19    0.16   51.80   46.05    2.47    2.37  3
    287.50  262.50   16.22   16.85    0.13    0.21   49.33   49.05    2.44    2.08  3
    237.50  212.50    3.79    6.86    1.33    1.29   38.79   39.68    2.58    2.60  3
    137.50  112.50    5.71    8.90    0.76    0.65   41.22   38.78    3.05    2.40  3
  78988     291.03   12.20       6
    537.50  512.50   -3.91   -1.06    0.03    0.04   48.98   33.16    1.90    1.35  3
    462.50  437.50    3.28    1.38    0.73    0.60   45.21   38.41    1.96    1.60  3
    387.50  362.50   -0.17    1.86    0.72    0.77   42.99   41.22    1.62    1.40  3
    362.50  337.50   -1.14    3.96    0.96    0.92   40.39   24.17    2.07    1.30  3
    337.50  312.50    3.69    0.85    0.70    0.73   43.05   32.58    2.03    1.55  3
    187.50  162.50    7.56    3.00    1.72    1.26   40.20   27.45    3.35    2.35  3
  83208     299.90  -12.70       6
    637.50  612.50   -3.53    1.17    0.69    0.49   58.04   34.49    2.24    1.39  3
    612.50  587.50    4.86    7.30    1.83    1.13   49.25   29.99    2.33    1.49  3
    587.50  562.50    8.91   13.26    1.65    1.14   56.13   41.95    2.49    1.94  3
    537.50  512.50    8.03   10.16    0.83    0.54   52.14   38.67    2.28    1.82  3
    512.50  487.50    1.85    4.37    0.56    0.47   46.62   37.16    2.50    1.69  3
    412.50  387.50   13.92    7.26    0.08    0.29   41.47   30.16    2.61    1.99  3
  83378     312.07  -15.87      11
    912.50  887.50   22.00   19.78   -0.08   -0.01   64.56   60.00    1.87    1.58  3
    762.50  737.50   10.84    7.67    1.18    0.60   50.89   31.33    2.22    1.25  3
    737.50  712.50   12.45    8.29    0.65    0.24   53.69   39.36    2.15    1.12  3
    712.50  687.50    2.45    5.76    0.31    0.24   60.45   30.63    2.20    1.13  3
    687.50  662.50   11.96   13.23    0.93    0.58   58.82   38.06    2.55    1.47  3
    662.50  637.50    6.65    7.49    1.06    0.62   55.50   33.77    2.81    1.71  3
    637.50  612.50    3.83    5.68    1.29    0.51   50.11   31.95    2.75    1.76  3
    512.50  487.50    4.25   -1.70    0.38    0.43   49.43   36.13    2.56    1.78  3
    487.50  462.50    6.21    1.58    0.33    0.47   46.85   35.59    2.77    1.88  3
    462.50  437.50   10.96    4.96    0.16    0.54   46.01   32.80    2.64    1.87  3
    412.50  387.50    1.47   -0.81   -0.06    0.18   45.03   29.31    2.65    1.76  3
  87418     291.22  -32.83       6
    962.50  937.50    5.28   13.21   -0.88   -0.61   71.01   67.61    1.25    1.18  3
    937.50  912.50   18.31   18.31    0.25    0.20   69.03   61.60    1.83    1.66  3
    812.50  787.50    3.32    4.29    0.91    1.17   64.07   35.77    3.18    2.07  3
    787.50  762.50   -8.62   -1.76    1.93    1.64   61.18   50.68    3.61    2.99  3
    712.50  687.50  -22.54  -14.61    0.79    0.73   54.69   46.93    4.19    2.55  3
    687.50  662.50    1.31    2.55    1.10    1.26   61.02   38.80    3.32    2.22  3
  91212     144.80   13.48       7
    412.50  387.50    7.29    7.81    0.66    0.36   42.59   28.54    2.50    1.50  3
    362.50  337.50    4.77    2.11    0.24    0.32   46.29   33.45    2.93    2.00  3
    287.50  262.50    1.78    2.49    0.08    0.07   36.17   25.48    2.73    1.77  3
    262.50  237.50   -5.25   -2.25    0.23    0.38   39.10   26.77    3.16    1.59  3
    237.50  212.50   -4.29   -2.15    0.11    0.43   38.47   32.07    3.86    2.18  3
    212.50  187.50   -2.95    1.47    0.76    0.46   35.17   14.37    3.65    1.75  3
    187.50  162.50    1.35   -2.39    1.30    1.04   37.01   18.77    4.18    2.11  3
  91765     189.29  -14.34       5
    662.50  637.50   20.87   16.90    0.51    0.58   62.98   55.57    2.92    2.20  3
    637.50  612.50    3.83    0.09    0.59    0.53   54.42   42.07    2.10    1.64  3
    587.50  562.50    0.92    3.05    0.61    0.48   51.64   45.19    2.33    1.94  3
    412.50  387.50    2.58    1.63    0.33    0.33   40.95   36.99    2.50    1.92  3
    387.50  362.50    0.82   -3.49    0.89    0.98   52.21   42.20    2.38    1.97  3
  91938     210.38  -17.55       4
   1200.00  987.50   34.08   35.65   -3.10   -2.24   77.95   72.61    3.74    3.38  3
    937.50  912.50   18.57   16.89   -2.23   -1.34   69.24   60.24    3.80    3.20  3
    687.50  662.50    5.13    8.06    1.29    0.78   64.11   51.52    3.17    2.27  3
    587.50  562.50   22.62   18.19    0.89    0.63   56.34   43.37    2.40    1.96  3
  98223     120.53   18.18      10
    437.50  412.50   -2.35   -3.74    0.85    0.71   49.16   30.49    2.51    1.68  3
    412.50  387.50   -6.08   -2.99    1.03    0.83   46.47   27.00    2.54    1.95  3
    387.50  362.50   -1.60   -1.35    1.09    0.90   50.49   32.12    2.66    2.15  3
    362.50  337.50    1.29    1.14    1.00    1.02   48.15   26.58    2.33    1.77  3
    337.50  312.50   -1.16    3.31    0.57    0.54   51.90   33.87    2.59    1.78  3
    312.50  287.50    2.49   -0.99    0.61    0.62   49.78   27.19    2.92    2.06  3
    287.50  262.50    1.89   -0.52    0.37    0.41   48.19   33.26    3.20    2.05  3
    262.50  237.50   17.61    3.80    0.75    0.73   49.30   32.33    2.98    2.03  3
    237.50  212.50   13.20    6.07    0.41    0.55   50.57   28.76    2.92    1.94  3
    212.50  187.50   13.83    3.67    0.86    0.76   41.03   22.51    3.45    1.90  3
  98233     121.75   17.63      10
   1200.00  987.50   47.79   50.16   -0.46   -0.82   73.50   70.21    1.05    1.19  3
    912.50  887.50   -1.83    0.24    0.48    0.27   68.71   57.78    1.52    1.25  3
    887.50  862.50    9.78   11.24    1.22    0.96   63.81   44.01    1.93    1.27  3
    387.50  362.50   -5.13    1.19    0.40    0.47   46.95   31.93    2.47    1.68  3
    362.50  337.50    8.80    3.51    0.86    0.55   51.52   38.59    2.47    1.91  3
    337.50  312.50    1.09    2.39    0.56    0.37   45.24   38.23    2.45    1.75  3
    312.50  287.50   -3.51    4.28    0.55    0.41   50.48   34.17    2.67    1.82  3
    287.50  262.50   -1.87   -1.54    0.62    0.56   43.62   29.49    3.20    1.99  3
    262.50  237.50    4.01   -0.09    0.44    0.38   43.43   22.88    2.82    1.73  3
    237.50  212.50    6.90    0.42   -0.15   -0.12   41.83   24.86    2.60    1.90  3
  98444     123.73   13.13       5
    512.50  487.50   -2.35   -0.70    0.84    0.56   46.37   35.87    2.34    1.38  3
    462.50  437.50   11.36   11.21    0.66    0.55   49.36   44.51    2.27    1.44  3
    412.50  387.50    7.98    2.19    0.07    0.19   41.09   30.53    2.42    1.56  3
    287.50  262.50   -3.84    0.92    0.39    0.28   35.17   24.47    2.67    1.64  3
    262.50  237.50   -2.86    1.32    0.49    0.26   35.27   20.96    3.05    2.05  3
  17607      33.40   35.15       4
   1200.00  987.50   17.74   11.55   -0.11   -0.34   73.81   61.17    1.36    1.08  3
    862.50  837.50    6.93    3.89    1.35    0.86   62.79   54.87    1.85    1.59  3
    837.50  812.50    2.11    0.97    2.38    1.76   64.28   56.41    3.37    3.05  3
    762.50  737.50   -8.94   -4.26    1.44    1.12   55.37   41.40    2.31    2.24  3
  42182      77.20   28.58       6
    612.50  587.50   -9.22   -7.02   -1.40   -0.52   45.09   43.27    1.77    1.04  3
    587.50  562.50   -8.48    0.42   -1.81   -0.74   46.35   36.78    1.93    1.16  3
    562.50  537.50  -11.68   -3.21   -1.47   -0.43   51.07   42.79    2.28    1.25  3
    437.50  412.50    2.78    3.36   -3.04   -1.55   46.43   39.78    3.27    1.97  3
    362.50  337.50    5.46   -1.04   -2.75   -1.34   51.40   30.41    3.95    2.36  3
    287.50  262.50    1.67    0.87   -5.02   -2.42   43.49   29.11    4.70    2.89  3
  60630       2.50   27.23       4
    862.50  837.50   13.64   -3.42    0.81    0.64   62.78   23.10    2.46    1.17  3
    712.50  687.50   12.78   -7.56    0.47    0.59   65.54   32.34    2.39    1.23  3
    612.50  587.50   -1.49    1.49    0.86    0.90   62.15   43.02    3.10    1.65  3
    412.50  387.50    0.97    1.96    0.79    0.63   43.77   33.71    2.23    1.47  3
  72251     262.49   27.78       5
    612.50  587.50    6.92    6.77    0.94    0.70   46.35   30.08    2.65    2.10  3
    587.50  562.50    2.48    2.25    0.25    0.19   45.63   33.72    2.04    1.52  3
    437.50  412.50    7.41    6.46    0.99    0.77   45.14   34.89    2.24    1.89  3
    287.50  262.50    1.84    3.32    0.58    0.39   36.06   36.53    2.46    1.55  3
    262.50  237.50   -2.92   -3.26    0.69    0.40   35.64   27.39    2.56    1.63  3
  76405     249.70   24.17       8
   1200.00  987.50  -47.01  -35.36    0.11    0.03   34.28   31.59    1.61    1.63  3
    512.50  487.50    1.30    3.24    0.07    0.32   49.64   33.85    1.76    0.91  3
    337.50  312.50   10.98    5.25    0.21    0.27   42.00   35.77    1.97    1.40  3
    312.50  287.50    6.96    1.54    0.03    0.14   44.12   39.13    2.09    1.50  3
    287.50  262.50    0.71    2.99   -0.11    0.11   40.44   33.16    2.55    1.64  3
    262.50  237.50    1.83    8.47    0.52    0.48   36.71   28.43    2.86    1.74  3
    237.50  212.50    5.58    2.38    0.62    0.29   35.44   28.59    2.45    1.75  3
    162.50  137.50   10.69    6.65   -0.05    0.21   40.97   29.62    2.75    1.92  3
  76458     253.58   23.20      16
    987.50  962.50   30.25   19.16    1.10    0.81   70.86   51.52    2.20    1.53  3
    962.50  937.50    3.26   -6.80    0.95    0.61   71.10   41.44    1.74    0.96  3
    887.50  862.50   12.09   10.84    1.05    0.71   76.51   44.54    1.92    1.20  3
    862.50  837.50   10.91    6.17    0.93    0.53   61.09   29.87    1.88    1.31  3
    837.50  812.50   11.70    1.85    0.61    0.29   55.83   30.06    1.62    1.08  3
    812.50  787.50   24.11   11.76    0.59    0.31   65.22   49.82    1.56    1.19  3
    787.50  762.50   14.92    7.74    0.74    0.41   56.40   32.36    1.76    1.23  3
    712.50  687.50    2.87   -0.82    0.93    0.62   50.80   27.07    2.62    1.53  3
    512.50  487.50    7.40    6.49    1.41    1.01   51.01   33.31    2.40    1.57  3
    312.50  287.50    6.71   -1.58    0.08    0.23   52.59   38.67    2.85    1.97  3
    287.50  262.50    5.93    6.01   -0.31    0.18   47.72   30.95    2.68    1.90  3
    262.50  237.50    6.52    2.74   -0.46   -0.04   39.06   29.18    2.87    2.14  3
    237.50  212.50    9.08    3.29    0.47    0.50   52.04   30.82    2.46    1.98  3
    212.50  187.50    2.77    2.13    1.60    1.28   38.23   23.73    3.51    2.47  3
    187.50  162.50    6.49    3.51    2.77    2.10   41.39   20.92    4.61    3.48  3
    162.50  137.50    8.70    2.04    2.52    1.74   35.49   10.18    2.62    1.48  3
  76612     256.62   20.67      10
    862.50  837.50   75.96   78.71   -0.29   -0.58   71.19   75.62    0.59    0.59  3
    837.50  812.50    3.79    5.62    1.27    0.75   78.35   59.19    1.88    1.41  3
    812.50  787.50  -13.24   14.70    1.71    1.20   78.38   47.19    1.92    1.65  3
    787.50  762.50   -7.66   12.70    1.23    0.76   74.11   32.31    1.77    1.68  3
    762.50  737.50   24.59   16.94    1.58    0.82   71.18   38.92    2.35    1.64  3
    412.50  387.50   -6.76   -7.51    0.43    0.37   40.17   29.55    2.50    1.86  3
    287.50  262.50    0.88    1.07    0.48    0.64   36.33   26.45    2.22    1.61  3
    237.50  212.50   -4.41   -5.29    0.05    0.22   36.80   31.67    2.31    1.57  3
    212.50  187.50   -5.02   -3.75    0.57    0.68   42.08   26.26    2.58    1.70  3
    187.50  162.50    9.74    4.36    1.88    1.62   37.95   17.70    3.71    2.18  3
  76654     255.68   19.05       5
    987.50  962.50   51.65   39.14    0.49    0.42   57.61   50.66    1.51    1.23  3
    837.50  812.50    4.38    7.14    0.65    0.18   59.33   40.44    2.05    1.33  3
    412.50  387.50    3.38    1.45   -0.63   -0.13   43.79   36.86    2.11    1.61  3
    287.50  262.50   16.32    6.40    0.31    0.28   37.48   32.95    2.72    2.16  3
    262.50  237.50    8.08    0.89    0.60    0.41   37.37   26.20    2.82    1.89  3
  80001     278.30   12.58      12
    562.50  537.50   11.44   -4.33    0.57    0.64   46.39   27.88    3.11    2.17  3
    462.50  437.50    0.48    0.52    0.98    0.79   49.62   44.30    1.75    1.31  3
    387.50  362.50   -4.27    0.44   -0.44   -0.20   51.63   43.49    2.11    1.54  3
    362.50  337.50  -11.66   -6.65    0.00    0.15   42.23   34.78    1.94    1.47  3
    337.50  312.50   -3.80   -3.07    0.17    0.24   48.42   35.80    2.00    1.53  3
    312.50  287.50   -0.47   -0.71    0.21    0.36   43.68   28.17    2.06    1.58  3
    287.50  262.50   -4.68   -4.11    0.02    0.29   45.91   32.13    1.97    1.49  3
    262.50  237.50    1.42   -0.99    0.16    0.33   36.08   27.92    2.18    1.59  3
    237.50  212.50    1.26   -3.47    0.37    0.57   52.91   40.58    2.22    1.69  3
    212.50  187.50    2.56    0.09    1.13    0.64   40.79   31.34    2.74    1.73  3
    187.50  162.50   11.21    5.33    1.65    1.00   44.42   26.55    3.15    2.16  3
    162.50  137.50   12.67    3.06    2.08    1.28   41.55   24.65    3.03    1.97  3
  76225     253.97   28.67       5
    862.50  837.50   21.65   18.32    0.66    0.80   82.33   64.72    2.38    2.02  3
    837.50  812.50   31.33   24.69    0.35    0.81   85.01   52.95    2.23    1.67  3
    812.50  787.50   16.79    2.46   -0.45    0.07   61.92   38.65    2.48    1.13  3
    787.50  762.50    3.23   -9.26   -0.78   -0.07   56.35   36.97    2.43    1.39  3
    737.50  712.50    8.32   10.00    1.20    1.04   50.50   24.38    2.33    1.64  3
  43110      73.33   16.98       9
   1200.00  987.50   45.38   30.77   -0.03    0.04   45.88   47.94    1.41    1.24  3
    737.50  712.50  -10.63   -2.00    0.70    0.58   58.54   46.29    2.58    1.47  3
    587.50  562.50   11.79    6.54    0.60    0.63   49.01   32.32    2.14    1.41  3
    537.50  512.50   13.84    5.84    0.90    0.82   46.15   25.99    2.10    1.41  3
    487.50  462.50   -1.78   -0.38    0.70    0.55   51.45   34.06    2.13    1.55  3
    462.50  437.50   -9.05   -6.92    0.88    0.72   47.61   27.98    1.90    1.44  3
    437.50  412.50    9.76   14.11    1.20    0.93   45.89   26.93    1.69    1.12  3
    412.50  387.50   11.73   12.01    0.80    0.56   40.63   41.26    1.53    1.06  3
    387.50  362.50   16.92    9.48    0.70    0.64   41.00   36.40    1.46    1.20  3
  43063      73.85   18.53       6
    587.50  562.50   -3.94    3.32    0.91    0.85   46.24   37.67    1.98    1.29  3
    562.50  537.50   -7.50   -2.13    1.18    0.99   51.75   38.65    2.00    1.72  3
    537.50  512.50   -8.43   -4.01    0.71    0.70   50.97   33.39    1.84    1.29  3
    437.50  412.50    7.25    6.12    0.26    0.24   45.58   41.68    1.69    1.32  3
    412.50  387.50    4.84    4.75    0.52    0.63   44.60   33.14    1.53    1.00  3
    387.50  362.50    0.87    3.65    0.23    0.43   45.94   37.19    1.90    1.54  3
  76526     257.49   22.75       8
    787.50  762.50   12.92   12.51   -0.56   -0.28   55.23   43.95    1.50    1.11  3
    762.50  737.50    6.20   -0.61   -0.72   -0.42   61.72   45.80    2.49    1.69  3
    712.50  687.50   13.69    5.57    1.00    0.48   51.15   29.07    2.30    1.22  3
    687.50  662.50   19.03    5.28    1.04    0.75   53.16   25.50    2.09    1.20  3
    587.50  562.50   10.47   -4.42    0.76    0.26   49.16   24.84    1.87    1.47  3
    412.50  387.50   -2.74    4.04    0.48    0.22   47.71   35.36    1.85    1.35  3
    337.50  312.50   -0.73   -4.90    0.41    0.34   40.07   30.49    1.91    1.58  3
    262.50  237.50   -6.68   -1.39    0.21    0.39   37.63   30.29    2.11    1.62  3
  42079      76.90   31.53      13
    912.50  887.50  -17.27   -9.05    0.11    0.25   64.95   66.17    1.20    1.05  3
    887.50  862.50  -15.90   -7.90    0.50    0.66   60.38   48.98    1.36    1.04  3
    862.50  837.50  -23.52   -5.45    0.57    0.72   73.25   54.36    1.89    1.47  3
    837.50  812.50  -15.41   -3.28    0.14    0.42   55.51   30.74    1.99    1.65  3
    812.50  787.50  -11.18   -4.91    0.45    0.89   66.33   41.88    2.61    2.00  3
    787.50  762.50  -18.96  -15.16    0.55    0.89   63.36   44.85    2.27    1.78  3
    762.50  737.50   -1.33    6.92    0.17    0.69   60.35   34.12    1.83    1.11  3
    737.50  712.50   -5.77   -2.96    0.74    0.88   62.59   44.82    2.26    1.27  3
    712.50  687.50   -9.69   -1.74    1.03    1.19   60.57   30.42    2.24    1.44  3
    662.50  637.50   -7.97   -6.11    1.19    0.87   64.61   39.23    2.87    1.74  3
    637.50  612.50  -21.48  -18.88    0.97    0.52   60.19   40.29    2.54    1.33  3
    612.50  587.50  -16.40   -5.50    1.02    0.56   62.10   38.09    2.69    1.51  3
    587.50  562.50  -13.98   -4.75    0.75    0.38   53.61   31.81    2.92    1.77  3
