  17600      32.48   34.72       4
    862.50  837.50    4.81    7.49    0.96    0.59   62.11   41.92    1.99    1.48  3
    837.50  812.50    1.89    8.27    1.04    0.89   64.03   43.89    2.11    1.65  3
    812.50  787.50   -2.13    0.68    0.43    0.38   62.43   49.40    1.64    1.42  3
    787.50  762.50   -4.21    0.93    0.50    0.39   69.56   57.97    2.22    1.66  3
  41943      91.42   23.03       5
    962.50  937.50   -8.80    0.83   -1.17    0.07   70.95   43.50    2.26    1.41  3
    912.50  887.50  -13.02  -11.00   -1.70    0.08   63.03   61.48    3.03    2.10  3
    862.50  837.50   -1.69    6.22   -1.13   -0.09   81.54   63.22    3.01    2.32  3
    812.50  787.50   10.64    9.36    0.18    0.55   74.29   48.96    2.76    2.27  3
    712.50  687.50    1.75   -1.26   -0.13    0.20   72.70   65.07    3.49    3.33  3
  42123      73.88   29.92      10
    962.50  937.50  -12.65   -6.44   -0.79    0.84   71.22   38.94    2.78    1.71  3
    912.50  887.50    0.82   -1.78   -1.34    0.03   63.98   38.37    3.11    1.57  3
    862.50  837.50   -4.75   -5.26   -0.48    0.39   62.03   50.40    2.19    1.50  3
    812.50  787.50    3.68    0.85    0.12    0.90   63.59   48.79    2.11    1.75  3
    712.50  687.50   -0.41   -2.40    0.02    0.67   54.93   33.78    2.55    1.69  3
    687.50  662.50   -7.14   -0.47   -1.28   -0.05   59.17   55.00    2.52    1.73  3
    662.50  637.50   10.93    6.40   -0.41    0.52   51.62   35.58    2.56    1.71  3
    637.50  612.50   -1.08  -13.29   -0.66    0.44   53.28   37.07    3.39    1.86  3
    612.50  587.50    5.88   -3.70   -0.65    0.15   68.43   43.67    2.97    2.30  3
    537.50  512.50   -4.92   -1.94    0.54    0.57   57.74   33.84    3.68    2.53  3
  43201      75.63   15.42       4
    712.50  687.50   -1.78   -1.22    1.13    1.03   53.86   46.10    3.43    2.41  3
    687.50  662.50   13.08    7.94    0.89    0.89   56.62   45.08    4.00    2.94  3
    662.50  637.50  -14.69   -9.33    1.51    1.35   58.31   45.69    4.04    2.73  3
    612.50  587.50  -28.82  -24.30    1.41    1.37   69.37   64.38    3.12    2.35  3
  48870     109.22   13.77       5
    637.50  612.50   28.61   20.10    0.60    0.98   61.32   41.62    5.59    5.33  3
    562.50  537.50    6.42    4.08   -1.22   -0.74   50.21   44.35    3.03    2.29  3
    512.50  487.50   17.67   10.89   -0.58   -0.16   62.07   52.19    2.84    2.28  3
    437.50  412.50   17.43    7.64   -0.51   -0.27   52.16   40.71    3.23    2.68  3
    412.50  387.50   26.75   24.34   -0.65   -0.34   56.96   54.37    3.60    3.12  3
  41712      64.40   28.88       4
    912.50  887.50    1.60    4.86   32.38   32.52   78.34   74.95   55.04   54.94  3
    862.50  837.50  -14.32   -8.41   53.13   53.22   96.14   93.87   78.20   78.04  3
    812.50  787.50  -27.83  -38.44   38.26   38.39   97.70   94.01   68.03   67.84  3
    712.50  687.50  -28.34  -34.28   46.53   46.59   84.02   81.81   73.02   72.96  3
  41768      69.78   25.52       4
    812.50  787.50   33.49   17.22    0.11    0.15   74.15   80.24    2.71    2.70  3
    712.50  687.50   32.18   33.37    2.04    2.27   81.98   81.54   25.31   25.44  3
    612.50  587.50  -26.35  -11.24   -2.12   -1.86   88.53   92.23    2.80    2.69  3
    512.50  487.50  -69.29  -68.63   -2.32   -2.49   80.62   81.00    3.45    3.68  3
  42410      91.58   26.10       8
   1200.00  987.50   78.20   82.60   -1.31   -0.99   65.05   68.30    1.03    0.74  3
    987.50  962.50    4.59    7.29   -0.80   -0.26   71.39   56.11    1.75    1.11  3
    962.50  937.50   -5.91  -10.07   -0.89   -0.03   71.03   30.79    2.05    1.03  3
    937.50  912.50  -18.36   -3.18   -0.48   -0.07   69.32   49.13    2.29    1.04  3
    912.50  887.50  -20.67   -8.73    1.80    2.25   65.05   40.20   17.30   17.10  3
    862.50  837.50  -11.65   -0.10   -0.14    0.33   65.16   48.42    3.05    1.70  3
    837.50  812.50  -14.20   -2.30   -0.21    0.31   70.69   38.59    2.98    1.61  3
    812.50  787.50   -5.96    1.37    0.10    0.63   64.45   50.14    1.96    1.20  3
  48327      98.98   18.78       6
    962.50  937.50   54.73   57.64   -0.37   -0.34  102.55   96.43    0.86    0.80  3
    687.50  662.50   -2.34   11.08   -0.04   -0.02   67.29   55.81    1.52    1.22  3
    637.50  612.50   -5.58   -8.50    0.65    0.58   64.13   39.87    2.01    1.28  3
    587.50  562.50   -4.84    1.32    0.76    0.79   68.53   54.06    2.32    1.51  3
    512.50  487.50    1.65   -0.81    0.44    0.65   58.58   29.45    2.29    1.58  3
    412.50  387.50   -4.53    2.42   -0.08   -0.04   40.08   25.37    2.19    1.40  3
  48407     104.87   15.25       4
   1200.00  987.50   29.95   33.36   -1.60   -0.80   72.50   63.21    1.58    1.22  3
    787.50  762.50   -6.74   -6.48    0.62    0.52   55.16   25.02    2.26    1.40  3
    712.50  687.50    8.88   10.16    1.11    0.83   53.04   35.59    2.60    1.78  3
    412.50  387.50    5.56   -2.61    1.42    1.09   42.94   25.20    3.20    2.20  3
  64700      15.03   12.13       4
    962.50  937.50   -1.32    2.99   -0.38    0.15   68.25   37.52    2.46    1.73  3
    912.50  887.50   15.61   -5.16    0.59    1.12   67.25   27.08    3.01    2.15  3
    862.50  837.50   33.32    9.55    0.32    0.80   72.73   39.42    3.34    1.90  3
    812.50  787.50   21.31    6.40   -0.57    0.38   67.90   47.26    3.70    2.06  3
  41640      74.33   31.55       6
    987.50  962.50   47.36   25.12   -1.03    0.01   69.95   48.18    1.57    0.87  3
    962.50  937.50   30.75    0.48   -1.36    0.22   82.97   53.61    2.16    1.11  3
    937.50  912.50   14.76    8.31   -0.34    0.46   85.80   33.89    1.70    0.87  3
    912.50  887.50   15.31    3.83   -0.57    0.40   85.74   36.79    1.81    0.93  3
    862.50  837.50  -14.35  -19.26   -0.18    0.37   77.35   60.65    1.84    1.38  3
    812.50  787.50  -22.51  -27.56   -1.32   -0.43   65.85   54.25    1.71    1.17  3
  41718      70.68   28.65       7
   1200.00  987.50   76.81   70.42   -2.48   -1.58   66.66   52.85    1.88    1.31  3
    987.50  962.50   27.65   25.88   -1.16    0.06   72.81   51.14    2.47    1.24  3
    962.50  937.50    6.84   12.83   -0.40    0.56   65.21   28.00    2.41    1.01  3
    912.50  887.50   10.53    8.91   -0.60    0.59   61.55   32.30    2.04    1.12  3
    862.50  837.50  -11.69   -1.08    0.25    0.79   71.41   39.92    2.25    1.41  3
    712.50  687.50  -28.09    0.40    0.96    1.52   86.74   48.31    2.69    1.86  3
    612.50  587.50  -29.56  -28.96   -0.59    0.52   82.61   47.74    3.24    2.58  3
  41891      91.88   24.90       7
    987.50  962.50  -28.85  -10.91   -0.47    0.24   85.79   60.49    1.26    0.91  3
    962.50  937.50  -37.25  -14.97   -0.54    0.20   84.81   61.27    1.18    1.08  3
    937.50  912.50  -26.74   -4.02   -0.68    0.37  101.85   57.57    1.42    0.86  3
    912.50  887.50  -37.34  -36.60   -0.89   -0.01   95.38   76.57    1.58    1.43  3
    862.50  837.50  -25.87  -17.20   -1.87   -0.80   94.39   87.90    1.77    1.37  3
    812.50  787.50  -16.11  -16.53   -1.22   -0.56   91.45   84.01    1.52    1.19  3
    712.50  687.50    1.46   -0.59   -2.17   -1.25   94.91   85.56    1.93    1.73  3
  41715      68.47   28.30       8
   1200.00  987.50   50.79   48.87   -2.49   -2.28  118.88  116.22    1.44    1.24  3
    987.50  962.50  -73.21  -70.56   -2.52   -2.25   68.11   69.53    3.98    3.73  3
    962.50  937.50  -70.42  -60.27   -1.87   -1.75   78.24   84.29    3.58    3.41  3
    937.50  912.50  -75.82  -73.50   -2.84   -2.26   55.02   55.17    4.33    4.21  3
    912.50  887.50  -60.96  -59.20   -1.34   -1.00   97.65   97.95    3.03    2.86  3
    862.50  837.50  -38.09  -42.55    0.29    0.44  104.44  105.46    2.37    2.33  3
    812.50  787.50  -58.40  -55.79    6.93    6.96  102.87  100.33   31.98   32.02  3
    712.50  687.50  -19.63  -18.71    0.59    0.72  101.67  102.04    4.05    3.98  3
  41529      71.93   34.03       6
    937.50  912.50   -2.90    5.23    0.24    0.46   86.33   59.53    1.14    0.76  3
    912.50  887.50  -16.89  -13.12    0.27    0.37   83.38   53.24    1.39    0.89  3
    862.50  837.50  -32.51  -14.84    0.08    0.31   89.56   62.81    1.52    1.31  3
    812.50  787.50  -45.34  -34.85    1.74    2.17   83.09   65.63   13.08   13.04  3
    712.50  687.50  -39.92  -37.12   -0.93    0.10   73.90   63.57    2.19    1.52  3
    662.50  637.50  -53.09  -46.37   -1.71   -0.29   74.02   67.95    2.99    2.31  3
  41506      71.83   35.85       6
    762.50  737.50  131.47  131.47    4.93    4.93   61.20   61.20   14.09   14.09  3
    712.50  687.50    1.80   -3.09    1.14    1.11   72.16   67.31    1.76    1.77  3
    662.50  637.50   28.60   36.40    2.53    2.42   88.15   87.29    2.35    2.33  3
    612.50  587.50  -16.89   -0.23    1.62    1.58   67.16   60.61    2.45    2.23  3
    512.50  487.50  -32.05  -23.94   -0.45   -0.20   75.57   80.90    3.53    3.45  3
    412.50  387.50  -16.51  -15.81   -6.01   -5.94   76.09   74.35    6.96    7.21  3
