  48870         20  109.22   13.77    6.00
     42.00    7.06   -2.97   31.42    4.66   45.00    3.00  3
         2   10.14   -1.08   13.04    4.97
     17.24   12.02   15.28    9.58    6.87   -0.76   25.99    2.41
     28.00   -2.22   -1.12   25.81    4.30   28.00    0.00  3
         3   -1.24   -0.02   14.52    3.84
      0.88   -4.05   13.34    7.74    2.86   -0.25   11.93    2.15
     43.00   -5.86   -4.97   29.52    5.80   85.00    2.00  3
         5   -1.60   -3.92   15.07    7.65
     -6.09    3.29    8.82   19.74   -2.03   -3.35   12.32    4.09
     46.00   -5.29   -0.71   33.08    4.40   46.00    0.00  3
         7   -5.41   -0.67   14.85    3.79
     -6.25  -11.43    5.98   52.47   -3.28   -0.37   26.88    3.07
     40.00   -2.19    3.19   31.00    4.29   43.00    3.00  3
         9   -2.70    2.16   23.92    3.72
    -10.77  -14.28   13.73   49.81   -2.90    2.71   21.76    3.33
     40.00   18.62    2.75   45.71    5.38   46.00    6.00  3
        13   15.64    1.96   47.56    2.65
     24.67    4.43   26.59   64.64   13.07    2.50   39.04    5.41
  67027         25   46.35  -15.67    5.00
    104.00   12.81   -0.43   46.84    4.69  105.00    1.00  3
         3    6.85    0.22   23.65    4.16
     -1.97    0.68   18.04    9.27    8.24    0.01   33.02    3.20
     99.00    7.30   -0.72   43.47    4.59  105.00    6.00  3
         4    4.52   -0.65   35.18    4.22
     -6.24    3.07   15.09   28.48    4.43   -0.26   29.56    2.92
    212.00   13.74   -0.49   47.38    3.88  227.00   15.00  3
         7    7.01   -0.55   31.80    3.42
      5.93   13.48   22.91   41.70    9.80    0.05   40.53    2.94
     65.00    1.18   -0.94   29.51    4.31   66.00    1.00  3
         9   -3.01   -1.51   21.90    3.97
      6.08   14.03   28.67   15.17    0.84   -0.42   24.45    3.28
     71.00    5.72    0.48   40.27    3.69   73.00    2.00  3
        13    2.55    0.67   19.14    3.71
     -1.06   -4.91   13.25   24.26    7.94    0.84   33.35    2.92
  15420         62   26.21   44.50    4.00
     30.00   18.05    2.68   36.52    3.25   30.00    0.00  3
         2   12.23    2.34   22.40    3.07
      9.35   15.96   21.29   29.64   12.73    1.56   29.61    1.99
     39.00   -0.17    2.40   35.52    4.19   40.00    0.00  3
         3    2.79    2.00   28.31    3.16
     -9.64   13.75   29.30   39.39   -0.28    1.46   22.27    2.70
     46.00    1.75    1.63   45.80    3.10   48.00    1.00  3
         7    3.79    1.49   19.46    2.87
     -1.72    2.99   24.52   24.70   -2.93    1.16   28.05    2.15
     29.00    4.56    1.79   36.28    3.68   33.00    2.00  3
        13    9.12    1.81   33.74    3.28
     13.30   -3.73   17.19   27.85    2.73    1.41   25.87    2.52
  43150         70   83.30   17.70    5.00
     81.00    2.55    0.64   47.80    3.09  118.00    0.00  3
         4   -5.99    0.32   26.47    2.51
    -18.16    9.95   22.04   31.16   -1.84    0.85   24.60    1.73
     55.00   -9.89    0.98   40.41    3.80   57.00    1.00  3
         5   -9.84    0.57   26.63    2.96
     -8.13   13.73   15.54   44.01   -6.48    1.17   17.87    2.10
     80.00    6.86   -1.40   54.53    3.22   93.00    1.00  3
         7   -0.82   -1.34   33.63    2.97
    -10.46   12.06   23.70   29.04    2.47   -0.48   40.19    2.19
     63.00    9.74   -0.92   52.68    3.25   65.00    1.00  3
         9    2.74   -1.18   46.50    2.04
     19.45   -0.32   33.35   29.63    5.45   -0.12   41.98    2.26
     54.00    3.86    0.53   44.90    3.44   63.00    0.00  3
        13    1.31    0.07   33.18    2.80
     15.11  -19.17   19.41   24.46   -2.63    0.79   26.57    2.61
  87860        132  292.55  -45.78    7.00
     53.00    2.88   -1.38   23.80    4.10   55.00    1.00  3
         2    6.27   -1.43   16.40    4.55
     10.52    8.31    9.04   16.79    1.92   -0.56   14.53    1.95
     42.00    2.90   -0.81   24.52    3.84   45.00    2.00  3
         3    0.70   -0.48   14.16    4.13
      1.91    9.26   11.43   20.95    2.79    0.03   14.59    2.24
     43.00   -2.29   -0.11   16.98    4.51   43.00    0.00  3
         4    0.00    0.45   15.48    3.55
      1.91   -1.30   14.04   13.64    0.35    0.31    7.87    2.40
     65.00   -3.76   -0.61   27.88    3.65   89.00    0.00  3
         7   -4.13   -0.05   14.88    3.39
    -12.28   -4.00   18.97    9.02   -0.37   -0.10   16.29    1.77
     56.00   -4.06   -0.63   19.71    3.47   57.00    0.00  3
        10   -5.87   -0.83   15.64    3.79
     -9.18    0.97   14.11   13.54   -1.00   -0.10   12.46    1.44
     62.00   -5.16   -0.03   17.42    3.45   63.00    0.00  3
        11   -7.04   -0.11   15.86    3.99
    -10.94    4.60   11.73   19.27   -3.03    0.20   13.18    1.78
     65.00   -6.57    0.26   13.07    3.21   88.00    0.00  3
        13   -8.76   -0.09   10.23    3.57
     -6.39   -1.11   11.52   11.12   -2.72    0.20    9.52    1.87
