  0324BRO   262.58   25.92       9
    837.50  812.50   -1.82   -0.59    1.93    1.54   57.11   56.77    2.36    2.31  3
    812.50  787.50   11.48   11.78    2.42    2.13   67.80   66.37    2.55    2.46  3
    787.50  762.50   16.04   15.33    2.82    2.62   77.79   77.17    2.68    2.63  3
    762.50  737.50    9.85   11.63    3.15    3.05   79.54   78.67    2.91    2.82  3
    737.50  712.50    9.31   10.11    3.68    3.57   86.18   85.05    3.15    3.13  3
    712.50  687.50   17.28   17.15    3.96    3.81   78.38   76.16    3.17    3.09  3
    662.50  637.50   11.38   11.74    4.64    4.49   72.89   69.99    3.32    3.26  3
    637.50  612.50   10.48   11.31    5.55    5.51   65.80   61.25    3.72    3.75  3
    337.50  312.50   -9.74   -8.17    2.17    2.20   42.58   33.55    3.13    2.95  3
  0332GRK   262.62   30.72       5
    762.50  737.50   -8.91   -8.80    2.16    1.99   59.67   55.70    3.07    2.87  3
    737.50  712.50    4.72    3.82    2.09    2.02   58.31   55.50    2.73    2.61  3
    712.50  687.50    3.62    2.04    2.19    2.04   56.04   54.02    2.84    2.70  3
    662.50  637.50    3.59    3.03    3.16    3.10   61.85   55.91    2.86    2.76  3
    637.50  612.50   -2.63   -1.31    4.46    4.34   60.86   56.38    3.48    3.45  3
  0333CLX   278.96   32.66       4
    762.50  737.50   -8.39   -7.95    3.07    2.86   53.89   48.10    2.91    2.84  3
    737.50  712.50   -8.95   -9.09    3.60    3.42   60.41   52.72    3.32    3.23  3
    712.50  687.50    3.46   -0.07    3.06    2.82   58.97   46.66    3.09    2.97  3
    687.50  662.50  -10.52   -7.73    3.83    3.71   54.87   51.26    3.40    3.35  3
  0343CRP   262.49   27.78       7
    762.50  737.50  -37.72  -35.47    2.13    2.02   62.25   60.25    2.83    2.76  3
    737.50  712.50  -34.86  -33.56    2.44    2.30   62.08   59.00    2.83    2.86  3
    712.50  687.50  -28.01  -26.54    2.74    2.57   60.69   58.38    2.92    2.83  3
    687.50  662.50  -49.06  -45.80    3.76    4.00   61.62   57.94    3.26    3.15  3
    662.50  637.50  -18.20  -16.86    3.16    3.09   62.11   59.69    3.11    2.97  3
    637.50  612.50  -16.04  -14.74    3.64    3.72   50.30   46.61    3.05    2.91  3
    337.50  312.50  -11.06   -5.63    2.25    2.23   40.02   26.55    3.44    3.07  3
  0345FWS   262.70   32.57       6
    762.50  737.50    1.47    1.90    2.18    2.09   51.96   49.70    2.69    2.53  3
    737.50  712.50    9.22    8.43    2.66    2.54   56.83   54.74    2.76    2.62  3
    712.50  687.50    1.84    0.46    2.39    2.29   60.90   58.40    2.73    2.66  3
    687.50  662.50    7.53    9.20    3.02    3.07   56.32   55.48    3.32    3.20  3
    662.50  637.50   -5.30   -4.00    2.63    2.59   60.05   56.37    2.88    2.78  3
    637.50  612.50   -3.86   -2.53    3.24    3.16   55.84   50.88    3.10    2.97  3
  0393YUX   245.34   32.50       6
    812.50  787.50   46.76   36.92    2.81    2.73   52.18   47.19    2.87    2.64  3
    787.50  762.50   51.17   44.46    2.55    2.54   56.54   50.47    3.41    3.20  3
    762.50  737.50   48.32   40.79    2.88    2.93   64.92   56.16    3.53    3.39  3
    737.50  712.50   48.38   45.14    2.96    2.98   63.29   56.79    3.81    3.54  3
    712.50  687.50   47.71   43.98    1.42    1.50   60.45   55.68    4.32    4.16  3
    662.50  637.50   46.43   43.25    0.33    0.34   62.26   60.08    5.83    5.71  3
  0394DFX   259.72   29.27       4
    712.50  687.50   -3.11   -5.87    2.30    2.09   52.31   45.58    2.90    2.63  3
    662.50  637.50   -3.88   -3.38    2.84    2.63   60.02   54.85    2.77    2.67  3
    637.50  612.50   -5.48   -3.37    3.47    3.28   56.63   53.26    2.84    2.84  3
    587.50  562.50  -12.97   -8.94    3.09    2.71   45.02   40.69    2.63    2.63  3
  0500MAX   237.28   42.08       6
    862.50  837.50  -14.31  -11.49    2.80    2.85   64.55   51.96    2.89    2.47  3
    612.50  587.50   -4.88   -4.53   -1.99   -1.45   45.55   46.13    4.66    4.38  3
    587.50  562.50  -15.24  -13.06   -3.62   -3.03   47.66   46.17    5.35    5.09  3
    537.50  512.50  -19.24  -18.59   -6.79   -6.16   63.26   61.86    6.21    6.27  3
    512.50  487.50  -16.76  -16.82   -3.06   -2.30   58.49   59.17    5.31    4.93  3
    487.50  462.50  -36.01  -36.49   -8.19   -7.55   57.97   58.09    6.44    6.56  3
  0502JUA   293.92   18.12       4
    512.50  487.50   10.52   15.32    0.25    0.33   52.13   50.42    2.99    2.75  3
    412.50  387.50   -0.45    0.46    1.55    1.47   41.04   41.43    2.38    2.15  3
    337.50  312.50    2.16    5.95   -0.02    0.08   51.34   45.43    3.32    3.19  3
    262.50  237.50  -11.62  -10.38   -0.30   -0.29   44.45   43.41    4.80    4.51  3
  0508MSX   246.01   47.04       5
    812.50  787.50   16.45   13.29    3.77    3.55   56.83   50.35    3.86    3.53  3
    562.50  537.50  -52.97  -52.13   -6.71   -6.10   54.64   54.99    6.83    6.79  3
    537.50  512.50  -77.80  -75.29   -8.49   -7.98   60.63   61.98    8.51    8.52  3
    512.50  487.50  -47.73  -47.80   -5.87   -5.09   55.28   55.85    6.91    6.85  3
    487.50  462.50  -45.36  -43.43   -6.11   -5.61   63.72   63.51    8.07    8.07  3
  0539EWX   261.97   29.70       7
    787.50  762.50  -26.40  -22.80    1.96    1.68   55.08   54.38    2.61    2.61  3
    762.50  737.50  -24.47  -21.94    1.88    1.74   58.29   57.40    2.77    2.73  3
    737.50  712.50  -24.10  -21.63    2.30    2.17   58.39   55.81    2.64    2.66  3
    712.50  687.50  -17.11  -14.69    2.35    2.24   52.81   52.16    2.92    2.91  3
    687.50  662.50  -33.96  -29.32    3.02    3.11   67.22   61.53    3.51    3.44  3
    662.50  637.50  -12.48  -11.55    2.92    2.81   61.88   59.08    2.94    2.80  3
    637.50  612.50  -18.47  -16.99    3.64    3.49   61.33   59.07    3.00    3.02  3
  0540NKX   242.96   32.92       7
    937.50  912.50   56.72   60.17    4.25    4.05   53.70   54.25    2.84    2.90  3
    887.50  862.50   53.31   49.55    4.04    4.13   43.69   47.63    3.28    3.22  3
    862.50  837.50   48.85   42.97    4.38    4.54   44.55   44.56    3.25    3.16  3
    812.50  787.50   47.72   46.38    4.24    4.25   49.29   47.72    3.37    3.36  3
    787.50  762.50   50.31   48.65    5.18    5.14   52.83   52.33    3.44    3.33  3
    762.50  737.50   48.59   45.54    4.43    4.37   52.24   49.30    3.37    3.29  3
    687.50  662.50   31.53   26.35    5.00    5.00   51.53   48.58    3.77    3.47  3
  0574SOX   242.36   33.82       7
    937.50  912.50   73.60   71.98    7.36    7.28   57.69   60.51    3.21    3.19  3
    787.50  762.50   39.07   40.30    6.73    6.58   57.40   56.10    2.93    2.90  3
    762.50  737.50   40.60   42.29    5.92    5.75   57.00   55.97    3.13    3.24  3
    737.50  712.50   44.90   46.56    5.50    5.39   51.09   49.18    2.98    2.98  3
    712.50  687.50   36.10   38.31    4.60    4.42   58.03   57.80    3.46    3.45  3
    662.50  637.50   14.98   14.56    4.79    4.73   56.79   53.80    3.46    3.33  3
    537.50  512.50  -49.38  -55.33   -3.20   -3.27   78.44   76.02    5.42    5.45  3
  0394DFX   259.72   29.27       4
    212.50  187.50 -999.00 -999.00 -999.00 -999.00 -999.00 -999.00 -999.00 -999.00  1
    187.50  162.50 -999.00 -999.00 -999.00 -999.00 -999.00 -999.00 -999.00 -999.00  1
    162.50  137.50 -999.00 -999.00 -999.00 -999.00 -999.00 -999.00 -999.00 -999.00  1
    137.50  112.50 -999.00 -999.00 -999.00 -999.00 -999.00 -999.00 -999.00 -999.00  1
