  04270         21  314.58   61.18    7.00
     28.00    5.07    4.86   43.18    4.74   34.00    0.00  3
         2   -5.57    3.95   35.43    3.38
      1.66   -8.61   29.49   38.55   -1.09    4.15   40.33    4.64
     58.00    2.42    0.51   56.81    3.79   78.00    1.00  3
         6    8.28    2.17   37.11    2.62
     -8.32    9.05   56.42   37.57    5.88    0.70   27.86    2.55
    114.00   -2.94   -0.13   57.26    3.17  148.00    1.00  3
         7    2.65    0.18   38.52    2.21
    -11.66   21.99   91.72   72.05    2.73    0.13   46.76    1.74
     40.00  -10.14   -0.46   36.41    4.08   41.00    0.00  3
         8   -8.31    0.01   25.76    3.88
     -7.81   -3.32   37.33   16.51   -6.93   -0.11   34.47    2.12
    114.00   -8.26   -0.88   44.74    3.57  162.00    2.00  3
         9   -2.26   -0.11   26.58    2.46
      1.76    7.83   56.19   26.52   -4.35   -0.34   39.80    1.94
     39.00    6.96   -1.51   23.71    3.49   41.00    0.00  3
        10    2.53   -0.57   21.12    2.67
      3.33    0.06   37.98   18.12    3.58   -0.67   18.07    1.97
     49.00   -1.36   -0.16   25.21    3.83   51.00    1.00  3
        11    2.22    0.38   16.87    1.89
     15.93    5.73   42.38   10.47   -1.85    0.45   18.52    2.76
  27459        135   44.00   56.27    4.00
    103.00    1.76   -3.46   46.84    2.44  164.00    1.00  3
         1   -2.67   -3.58   27.61    2.38
      7.18   12.24   21.76   37.14    2.12   -2.54   44.74    1.97
     42.00    0.18   -1.95   20.78    3.42   50.00    3.00  3
         2    0.52   -0.50   20.59    3.27
      9.00   -5.85   16.19   23.38   -1.25   -0.77   18.13    2.78
     39.00   -4.46    2.79   16.02    5.70   42.00    0.00  3
        30   -1.85    1.32   13.84    2.98
     -5.70    2.92   12.74    9.86   -5.28    2.63   15.28    5.61
     48.00   -0.75    1.30   14.01    5.29   61.00    1.00  3
        34   -2.12    0.70   13.73    3.75
     -5.48    2.87   10.54   14.03   -0.25    1.34   14.37    4.88
  28445        143   61.07   56.73    4.00
    114.00   -1.24    1.06   23.71    4.40  158.00    0.00  3
         7    1.71    0.59   12.63    1.71
      3.62   -0.35    9.90    8.86    1.12    0.85   14.28    4.17
     41.00   -2.32    1.25   20.30    4.50   45.00    0.00  3
         8   -1.24    0.76   17.89    1.79
      4.81   -0.98   21.65   15.49   -0.26    1.05   16.87    4.23
     35.00    0.38    0.25   23.19    4.26   35.00    0.00  3
        10    1.33   -0.99    8.06    2.17
      6.04   -2.80    8.85    8.07    3.85    0.17   20.76    4.03
     38.00   -8.77    0.42   32.19    3.43   41.00    0.00  3
        11    2.24    0.03   11.97    3.07
      2.57    2.77   20.77    7.02   -7.85    0.31   30.03    2.90
  31977        177  132.05   43.27    4.00
     34.00   -3.33    1.19   22.53    4.45   34.00    0.00  3
        23   -1.27   -0.14   11.79    3.01
     -7.64    1.23    8.16   11.22   -1.37    1.07   10.36    3.51
     55.00    2.42   -0.49   12.02    4.53  151.00   77.00  3
        25    1.09   -0.31    9.55    2.50
     -1.72    2.39   12.04   11.41    2.73   -0.36   10.89    3.62
     32.00   -0.54   -1.24   15.11    6.50   47.00   12.00  3
        27    0.22   -0.82    8.16    3.21
      1.05    0.50   12.89    5.17    2.67   -1.09   15.99    6.11
     99.00    0.61   -0.64    7.73    4.36  151.00   12.00  3
        29    0.69   -0.25    4.95    2.47
      2.87    0.86    7.17    3.82    0.95   -0.70    7.27    4.18
  32098        179  143.10   49.22   11.00
     51.00  -12.27   -0.50   37.73    3.29   51.00    0.00  3
         2    0.00    0.30   27.85    2.99
     -2.75  -21.59   27.34   47.36   -3.75    0.10   24.52    2.26
     56.00   -1.03    0.79   38.62    3.84   58.00    0.00  3
         3    2.86    0.62   17.79    4.06
     -4.94   -5.17   30.08   49.96    2.88    0.96   27.11    2.21
    113.00   -2.38    0.33   36.84    3.02  150.00    1.00  3
         4    0.44    0.41   20.09    2.72
      9.32  -26.00   14.26   36.00   -1.26    0.47   26.70    1.85
     46.00    2.71    0.58   34.49    3.61   50.00    1.00  3
         8    0.90    0.44   22.96    2.80
      8.41   -8.03   22.80   20.21   -0.81    0.82   22.93    2.70
     47.00    0.22   -0.03   16.99    4.09   55.00    2.00  3
        20    1.49    0.31   16.78    4.57
     12.45    2.47    8.80   15.33    0.27   -0.11   12.88    3.18
    101.00    1.25   -0.39    8.06    5.39  156.00    2.00  3
        29    1.41   -0.50    6.90    2.82
      4.92    1.89   12.28    4.43   -0.01   -0.68    5.98    4.26
     57.00    0.61   -0.92    8.41    9.52   70.00    1.00  3
        30    1.48   -0.04    8.14    2.87
     -0.63    3.92    7.91    5.15   -0.76   -0.95    6.34    8.89
     99.00    0.77   -0.59    6.90    8.15  179.00    2.00  3
        31    0.92   -0.15    4.57    3.25
     -0.51    1.47    7.10    4.56    0.04   -0.76    5.51    7.54
     98.00   -0.90   -0.38    6.99    8.15  189.00    2.00  3
        33   -0.75    0.58    5.38    2.12
     -1.44   -0.44    4.58    4.77   -0.82   -0.62    5.97    7.96
     66.00   -1.00    0.65    8.86    7.47   91.00    1.00  3
        34   -1.58    1.80    6.75    3.18
     -1.06    3.58    7.02    8.84   -0.82    0.32    8.03    6.79
     95.00   -0.75    0.74    6.12    5.16  193.00    4.00  3
        35    0.00    0.87    3.95    2.64
     -1.13   -1.27    3.37    4.14   -0.60    0.43    5.76    4.69
  32215        181  156.23   50.70    9.00
     43.00    0.10   -1.78   32.67    4.17   46.00    3.00  3
         3    2.82   -1.57   19.50    3.20
     14.29   -0.37   15.82   14.78    4.63   -0.77   14.57    2.53
    110.00   -3.48   -1.45   34.24    3.77  177.00    4.00  3
         4   -0.27   -1.59   22.23    3.18
     -8.84   -7.21   35.72   13.95    0.46   -0.52   21.63    2.18
     50.00   -1.86   -1.00   28.64    3.54   52.00    2.00  3
         5   -0.14   -0.30   23.52    3.22
     -5.28    3.88   22.85   21.54    1.39    0.14   20.69    2.28
    112.00    3.27   -0.11   28.44    3.03  164.00    0.00  3
         7    1.02    0.18   15.17    2.34
      1.03   -0.48   22.06   17.07    2.31    0.26   15.75    2.05
     35.00   -6.15   -0.29   37.91    3.47   38.00    1.00  3
        10   -5.36    0.20   11.32    2.17
     -4.16   -5.52   22.81    8.42   -1.71    0.08   22.62    2.19
     37.00   -4.55    0.00   24.71    3.45   40.00    0.00  3
        15   -2.46    0.04   17.27    2.92
      2.20   -5.57   12.48   20.47   -1.83    0.52   11.96    2.17
     28.00   -1.77    1.67   12.03    9.78   28.00    0.00  3
        27   -2.56   -0.16   12.07    4.35
      1.75   -4.73    9.35    9.09   -0.20    2.11   11.53   10.14
     69.00   -1.93    0.86    8.42    5.10   88.00    0.00  3
        32   -0.57    1.25    6.98    3.61
      1.78   -1.79    4.11   12.41   -1.23    0.50    5.98    3.47
     63.00   -0.40   -1.32    9.69    4.49   84.00    1.00  3
        36    0.91   -0.37    9.08    2.35
      2.10   -4.03   12.03    8.99    0.37   -1.15    8.66    3.93
  32389        182  160.83   56.32    5.00
    114.00   -4.04    1.54   47.40    3.09  163.00    1.00  3
         7   -3.93    1.74   24.16    2.48
      1.02   -8.42   32.40   11.66   -0.30    0.81   29.56    2.06
     57.00   -0.54    1.49   49.91    3.64   61.00    0.00  3
         8   -4.67    1.45   32.18    3.71
     -2.69  -10.91   35.37   21.66    2.45    0.97   35.06    2.31
     56.00    7.23    0.67   23.02    3.91   73.00    4.00  3
        17    7.37    0.53   20.84    2.37
      8.20    9.63   26.49   18.08    3.01    0.63   18.72    3.18
     53.00   -3.17    0.86   26.41    5.22   67.00    2.00  3
        19   -0.60    0.33   17.24    2.34
      2.99    0.48   17.05   17.30   -3.67    0.80   22.02    5.44
     56.00    2.30    0.97   31.67    5.60   64.00    1.00  3
        20   -1.18    0.17   15.79    2.41
     -1.81    1.49   15.85   11.17    2.90    0.98   25.90    4.85
  32540        184  158.72   53.02    4.00
    105.00   15.37   -1.43   62.16    2.76  189.00    1.00  3
         1   17.86    0.17   45.13    1.99
     12.26   22.95   41.59   25.55   15.74   -1.20   57.38    2.28
    114.00   -0.49    0.01   40.93    3.32  167.00    1.00  3
         4    6.05    1.08   23.81    1.96
     -7.63    6.80   25.89   12.73   -1.28    0.37   27.41    1.91
     37.00    9.54    0.03   30.57    4.00   39.00    1.00  3
         5   11.40    0.96   23.43    3.21
      6.19   11.90   34.42   15.32    2.24    0.46   21.07    1.98
     33.00    6.13   -1.32   18.85    6.61   33.00    0.00  3
        26    2.91   -0.45   12.87    2.11
     -0.31    3.03   22.04    8.22    2.41   -1.02   17.16    6.18
  36003        204   76.95   52.28   13.00
     45.00   -0.49    0.77   42.50    3.30   49.00    3.00  3
         3    0.24    0.26   30.89    3.07
      5.39   -2.41   25.91   11.20    3.26    0.78   16.06    1.88
    110.00    2.90    0.78   37.41    3.86  153.00    6.00  3
         4    2.74    0.33   19.39    2.02
     -4.89   -2.20   21.95   12.01    2.17    0.66   18.86    3.33
    110.00    5.72    0.58   38.80    3.02  151.00    5.00  3
         7    1.03    0.58   13.54    2.19
      4.47    1.13   19.83   10.98    3.72    0.33   23.89    2.42
     58.00   10.68    0.76   46.21    3.79   66.00    3.00  3
         8   31.80    1.14   48.84    2.18
      6.52   -5.14   14.23   23.45    7.52    0.51   28.91    3.50
     41.00    8.53    0.93   37.41    3.56   47.00    3.00  3
         9    2.72    0.34   19.99    2.00
      1.24   -2.91   26.41   12.90   10.72    0.88   37.12    3.23
     43.00    8.26    1.22   34.32    4.53   49.00    2.00  3
        10   -2.19    0.54   19.50    3.26
     -0.61    6.50   14.16   28.30    3.43    0.68   17.59    3.79
     49.00    1.23    0.21   34.15    3.76   53.00    0.00  3
        14   -3.07    0.59   16.10    2.33
     -7.85   -6.42   15.57   14.37    2.11    0.15   23.85    3.28
    109.00    4.16    0.75   23.74    3.70  154.00    2.00  3
        25    1.47    0.58    8.96    2.16
      2.25    2.56    6.47   10.76    3.27    0.42   18.53    2.44
     44.00    4.09   -0.31   27.22    5.15   50.00    1.00  3
        26    0.19   -0.40   15.71    2.08
     -5.70    2.91   14.97    7.65   -1.12   -0.28   12.27    3.27
     44.00    1.49    0.40   16.28    4.95   48.00    2.00  3
        27    1.43    0.44   12.38    2.69
      1.43    1.83   12.50    8.02    2.44    0.51   11.35    2.86
    103.00    1.01    0.38   27.54    4.26  165.00    7.00  3
        29    0.48    0.25    9.27    2.55
      0.26   -1.17   10.44   10.45    2.47    0.21   18.93    2.82
     99.00    2.52    0.28   25.90    4.62  176.00    5.00  3
        31    0.56    0.39   10.17    2.20
     -0.75    0.62    9.85    5.86    2.19    0.10   21.57    3.65
     72.00    3.90    0.81   28.09    5.43  107.00    5.00  3
        32    0.22    0.55    9.28    3.88
     -2.92   -0.40    5.46    9.26    3.88    0.80   25.31    4.31
  37259        209   47.48   43.01    6.00
     40.00   -6.94    1.66   50.62    3.46   41.00    0.00  3
         2   -1.55    1.35   15.17    2.90
     -1.94   -0.99   16.41   17.13   -5.23    1.52   28.79    2.60
    113.00    9.16    1.10   39.22    5.22  144.00    1.00  3
         4    0.00    0.77   13.04    2.16
     -1.73    0.57   22.72   19.92    1.33    0.85   25.75    4.82
     40.00    3.94    2.47   36.16    4.34   44.00    1.00  3
        14   -0.51    1.78   31.82    2.00
      8.29   -5.25   26.47   32.96   -3.79    1.93   27.94    4.10
     29.00    5.68    2.08   41.66    5.82   32.00    1.00  3
        15   -3.65    1.18   30.50    5.47
     13.81   -5.46   35.65   27.44    0.56    1.76   34.32    5.30
     32.00   -4.11    2.63   49.32    4.22   35.00    2.00  3
        16   -7.84    1.88   33.40    2.25
     -9.72   -6.00   38.65   24.33   -7.00    2.15   41.79    3.76
     38.00   -2.32    1.62   40.29    3.89   40.00    1.00  3
        17   -1.38    1.38   36.93    2.17
      2.59  -10.87   37.98   28.79   -4.71    1.37   35.32    3.36
  38064        210   65.52   44.77    6.00
     74.00    3.50   -0.16   26.73    3.43   95.00    6.00  3
         2    3.86   -0.57   18.09    3.32
     -2.72    3.39   31.84   15.50   -0.45    0.22   18.22    2.51
     59.00    3.55    1.87   18.87    3.66   75.00    6.00  3
         3    2.97    1.25   10.16    3.39
      1.23    3.29   23.34   12.27    1.20    1.65   10.55    2.41
    113.00   -1.29    1.25   21.88    3.47  185.00    3.00  3
         4   -0.16    0.44   11.16    2.13
     -3.99   -3.38   27.45    8.17   -2.36    1.18   12.35    2.66
     68.00    0.63    0.73   35.98    4.40   75.00    0.00  3
         8   10.40    0.17   20.27    2.66
    -10.96   10.84   14.59   13.54    2.01    0.74   30.32    3.89
     59.00    0.24    0.62   41.78    3.95   69.00    2.00  3
         9    1.14    0.00   14.88    1.92
      1.74    0.08    9.50   19.15    5.33    0.62   35.48    3.60
    112.00    1.49    0.07   13.52    4.86  191.00    1.00  3
        29    1.13   -0.17    7.74    2.62
      2.84   -1.31    7.76   11.94   -0.28    0.34    9.10    4.04
  38341        211   71.23   42.51    9.00
     61.00    5.18    4.49   40.53    4.05   69.00    0.00  3
        15   11.05    5.85   26.77    4.69
     18.97  -16.86   20.30   39.85    2.28    4.33   37.99    4.05
     61.00    0.80    2.53   31.66    4.03   68.00    0.00  3
        18    3.49    2.04   18.65    2.25
      4.00    1.06   25.95   19.10    2.33    2.43   31.07    4.07
    115.00   -0.53    0.89   22.89    5.76  168.00    0.00  3
        29    3.69    0.54    7.59    2.88
      7.67   -7.91   10.76   16.87   -0.61    0.93   22.42    5.76
     64.00    1.21    0.22   27.14    5.13   76.00    0.00  3
        30    4.86    0.12    8.28    3.83
      7.87   -8.72    4.70   22.91    1.33    0.21   27.19    4.97
    114.00    1.24    0.68   19.54    4.48  182.00    0.00  3
        31    3.66    0.64    6.59    2.63
      5.31   -8.85    6.27   23.68    1.04    0.70   18.80    4.41
     77.00    1.14    1.09   13.64    5.18  104.00    0.00  3
        32   11.03    0.85   15.03    3.01
      1.02    2.88    4.44   21.95    1.17    1.00   10.65    5.28
    115.00    1.28    0.55   12.33    4.53  220.00    0.00  3
        33    3.28    0.28    6.23    2.96
      1.25    3.24    4.03   25.05    0.68    0.36   12.07    4.64
    114.00    2.41   -0.25    8.03    5.27  200.00    0.00  3
        35    2.37    0.19    4.45    2.44
      2.61    2.58    4.42    6.28    2.05   -0.64    8.39    5.37
     77.00    2.14   -0.20    8.50    6.03  115.00    0.00  3
        36    1.65    0.90    5.45    2.43
      4.53    2.38    2.40    5.64    1.86   -0.73    8.41    6.09
  44373        261  104.42   43.58   14.00
     52.00   -4.08    0.54   29.89    3.61   52.00    0.00  3
        17    2.81    0.16   19.84    2.34
     -1.99    8.23   18.91   29.68   -6.00    0.57   29.91    2.26
     49.00   -5.80    0.27   31.33    5.06   52.00    0.00  3
        22   -0.25    1.00   16.10    2.26
     -1.70   -3.15   14.70   12.22   -7.26   -0.05   29.72    3.76
     46.00   -4.38   -0.91   30.25    6.43   54.00    1.00  3
        23    0.44    0.78   15.94    4.67
      8.65    0.68   22.38    9.82   -3.46   -0.71   29.23    5.16
     40.00  -12.61    0.76   34.84    8.03   47.00    1.00  3
        24   -4.59   -0.46   17.88    2.63
     -7.56   -3.71   18.53   14.23  -10.75    1.08   33.45    7.61
    111.00   -5.20   -0.75   19.42    5.12  155.00    3.00  3
        25   -1.98    0.06    9.63    2.79
      1.03   -1.80    9.86    9.16   -3.67   -0.74   18.31    4.68
     35.00   -7.89    1.42   37.57    4.98   38.00    0.00  3
        26   -1.38    0.99   15.42    2.97
     -8.21    1.14   10.73   20.92   -5.49    1.57   36.63    4.70
     37.00   -6.70   -1.71   37.39    7.91   39.00    0.00  3
        27   -3.63   -0.39   13.42    3.22
      4.31   -2.66   19.76   13.58   -6.31   -1.93   37.08    7.89
     43.00  -10.67   -0.37   38.96    9.96   47.00    0.00  3
        28    0.07    0.53    9.37    3.31
     -6.69    1.61   11.39   11.79  -11.74   -0.38   39.12    9.68
    114.00   -3.02   -0.82   28.10    8.62  166.00    0.00  3
        29    1.16    0.59    7.28    3.07
      0.02   -1.23    8.24   12.94   -2.42   -0.63   27.52    8.39
    113.00   -5.27   -2.25   32.68    9.51  177.00    0.00  3
        31   -0.15   -0.60    5.69    3.40
      2.03   -3.31    6.35    6.21   -4.74   -2.02   32.75    9.32
    110.00   -3.11   -1.60   22.28    9.30  181.00    0.00  3
        33   -0.94   -0.03    3.66    2.21
     -0.13   -2.28    5.03    3.31   -2.68   -1.50   22.40    9.48
     49.00   -3.19   -1.84   23.16   11.36   63.00    0.00  3
        34    0.72    0.84    5.59    2.96
      0.19   -2.08    4.74    8.31   -3.09   -1.74   23.21   11.57
    110.00   -2.58   -1.41   14.02    9.68  168.00    0.00  3
        35   -0.69    0.94    3.62    1.92
     -0.74   -2.25    1.73    6.74   -2.08   -1.58   13.98    9.78
     71.00   -3.96   -1.40   21.27   10.40  113.00    0.00  3
        36   -1.11    1.92    7.48    2.22
     -0.08   -5.98    7.57    5.55   -3.71   -1.81   21.16   10.45
  47169        268  125.45   34.69    5.00
    110.00    3.03   -2.45   37.25    2.50  218.00    3.00  3
         1    1.65   -1.95   20.25    1.88
      8.14    4.08   22.48   14.55    7.39   -1.63   31.64    1.93
     45.00   -9.83   -0.42   35.77    3.77   51.00    2.00  3
         2   -0.70   -0.02   19.64    2.74
      2.02    1.29   18.21   18.01   -4.61    0.27   24.81    2.37
     46.00    3.71    0.28   36.39    3.58   53.00    0.00  3
        12    0.59    0.20   17.72    1.78
      2.68   -2.09   14.59   16.83    7.88    0.48   33.65    1.58
     49.00    0.58    0.03   14.33    4.39   50.00    0.00  3
        16   -0.11    0.75   14.27    2.20
      4.73   -1.92   15.46    8.19    1.33    0.41   11.93    2.13
     45.00   -3.47    0.72   13.36    3.79   46.00    0.00  3
        17   -3.91    0.85   10.72    1.97
     -5.33    3.54    6.51    8.68   -3.24    0.83   13.94    2.05
  47186        269  126.68   33.33    4.00
     39.00   -8.18   -2.80   43.79    3.25   53.00    1.00  3
         1  -20.45   -2.36   31.73    3.73
    -27.07  -22.79   26.23   31.70   -9.55   -1.67   36.86    2.87
     85.00    2.70   -2.90   51.26    3.54  129.00    5.00  3
         2   -1.06   -2.59   36.70    2.06
    -23.70  -12.56   27.27   14.90    3.78   -1.20   47.61    3.06
     56.00  -18.09    0.41   35.23    3.74   62.00    2.00  3
         3  -11.57    1.41   19.71    3.34
     -0.24  -22.58   11.56   12.47  -16.16    1.76   26.53    2.87
     53.00   -0.65    0.75   20.11    3.64   61.00    0.00  3
        17    1.88    0.67   11.55    2.37
      2.28    1.13    7.58   10.58   -0.44    0.69   13.82    2.97
  47600        275  136.90   37.38    5.00
     66.00   11.43    0.01   37.90    3.42   74.00    1.00  3
         3    5.01    0.17   29.94    2.26
      4.44    5.74   42.03   21.86    1.89    0.14   22.91    1.58
    118.00   10.15    0.45   35.02    3.04  198.00    1.00  3
         4    2.87    0.55   23.34    2.10
     -0.15    9.86   21.07   25.80    0.40    0.29   20.97    1.47
     47.00   -2.07    1.48   33.61    3.43   53.00    0.00  3
        12    2.23    1.01   20.04    2.81
      2.28   -8.43   17.58   29.98   -1.94    1.09   18.02    2.05
    119.00    4.25    0.47   22.60    3.25  191.00    0.00  3
        13    3.50    0.52   10.76    2.20
      0.41    2.34    8.01    8.99    1.54    0.33   16.93    2.02
     55.00    0.06    0.10   37.78    3.52   62.00    0.00  3
        15   -0.43   -0.27   16.46    2.58
     -2.77   -2.69   19.27    6.70   -4.01    0.31   30.85    2.17
  68994        411   37.87  -46.88   11.00
    100.00    3.78   -2.43   36.10    3.32  296.00    5.00  3
         1    0.62   -2.39   18.03    3.55
     -6.31   -1.75    9.42   11.21    0.38   -1.18   33.10    2.06
     98.00    0.57   -2.46   34.38    4.16  144.00    5.00  3
         2    1.78   -1.63   12.93    4.47
      1.95    1.59    8.47   10.10   -2.03   -1.19   31.31    1.99
     68.00    2.56   -1.75   28.96    3.93   86.00    2.00  3
         3    2.36   -1.59   11.27    4.56
      2.14    5.23    4.56   10.99   -0.65   -0.52   23.53    1.95
    107.00    1.42   -1.10   21.48    4.40  228.00    6.00  3
         4    3.55   -0.53   10.40    4.29
      1.77    3.56    6.43    7.12    0.02   -0.22   18.73    1.76
     97.00    1.25   -0.84   16.72    4.11  120.00    2.00  3
         5    6.24   -0.26    9.86    3.85
      2.39    3.46    7.71    3.64   -0.13   -0.04   14.20    1.74
     39.00   -4.85   -1.55   17.33    4.67   47.00    0.00  3
         6   -0.45   -0.55    9.58    2.76
     -2.20   -2.13    5.93   13.40   -5.47   -0.66   15.25    2.03
    110.00    0.69   -0.30    9.67    3.88  139.00    0.00  3
         7    1.52   -0.07    7.34    3.28
     -0.69    0.23   10.89    8.03   -0.55    0.09    6.13    1.80
     37.00    1.50   -1.16    9.27    3.46   42.00    0.00  3
         9    0.17    1.57    7.88    3.85
     -1.37   -0.06   11.45    6.65    1.36   -0.19    7.23    2.03
    101.00   -1.64   -0.16   13.43    3.49  129.00    0.00  3
        11    0.18    0.09    8.62    2.89
      2.22   -0.96    9.30    5.49   -1.18    0.03    9.57    1.56
     49.00   -1.57   -0.91   17.24    4.19   58.00    0.00  3
        12   -0.44   -0.23   11.72    3.75
     -0.17    4.29    4.02    6.88   -0.27   -0.32   13.09    1.80
    108.00   -1.78   -0.23   13.47    3.27  136.00    2.00  3
        13   -1.97   -0.28    7.41    2.53
      0.33   -1.49    8.62    6.18   -1.23   -0.05   10.14    1.54
  70316        421  197.28   55.20    8.00
     82.00    1.23    3.43   33.80    2.87  157.00    2.00  3
         1   -2.01    3.05   22.11    2.81
      2.48   -0.23   20.05   30.51   -4.29    3.11   31.86    3.02
     70.00    2.03    3.36   37.54    4.09   71.00    1.00  3
         2    3.60    2.74   15.04    4.16
      4.62    4.97   13.04   15.07   -1.95    3.06   37.79    3.59
     62.00    4.70    1.34   17.33    3.88   64.00    2.00  3
         3    5.85    1.12   14.89    3.08
      3.93   10.37   15.36    5.64    0.90    1.04   17.39    2.82
     86.00    5.68    0.94   15.68    3.87  142.00    0.00  3
         4    7.59    1.22   12.90    3.45
      8.62    8.87    8.50   10.43    2.60    0.65   13.18    2.59
     62.00    3.79    0.81   17.62    3.41   62.00    0.00  3
         5    4.19    0.86   12.62    3.24
      4.45    4.70   19.33    6.27    0.26    0.27   12.22    2.30
     75.00    5.04    0.11   18.36    3.55   75.00    0.00  3
         6    2.97    0.57   12.83    2.68
     -0.05    6.53   13.31    5.58    2.16    0.05   13.24    2.07
     84.00    2.11   -0.12   18.44    3.25  107.00    0.00  3
         7    1.28    0.27   11.18    2.71
     -1.07    2.94   10.54    9.87   -0.50   -0.22   13.22    1.91
     31.00    2.49    0.47   20.53    3.62   32.00    0.00  3
        16    3.12    1.24   11.69    3.64
      3.31    2.84   15.04    6.68    0.17    0.18   12.07    1.95
  83768        568  308.87  -23.33    5.00
     31.00    7.45    1.32   22.03    3.67   38.00    0.00  3
        12    6.14    1.19   23.16    3.24
     -1.90    8.37   13.90   21.94    2.99    0.79   12.96    2.03
     32.00   -6.59    1.32   20.54    3.92   54.00    1.00  3
        19   -8.00    1.81   14.43    3.50
    -16.29   -6.45   13.47   15.78   -0.65    1.22   16.09    1.67
     36.00   -3.70    1.38   10.35    6.40   79.00    0.00  3
        32   -3.94    0.79   12.99    7.78
     -0.96   -5.77    9.80   10.68   -3.05    1.19    7.37    4.43
     55.00   -2.31    0.71    8.99    4.49  133.00    0.00  3
        33   -3.23    1.29    9.18    4.47
     -6.05   -4.48    6.56    8.92   -2.08    0.46    6.41    2.97
     46.00    0.39    2.29   10.92    4.96  102.00    0.00  3
        34   -1.46    2.43   11.33    5.26
      0.98   -4.56    6.65   13.46    0.89    1.68    8.26    3.32
  83899        572  311.45  -27.67    4.00
     67.00    1.53    0.51   19.98    3.51  117.00    0.00  3
        17    1.74    0.49   14.52    2.81
      0.77    6.34   20.08   17.37   -0.17    0.47   12.35    1.99
     52.00    0.59    0.92   20.70    3.93   96.00    0.00  3
        19    0.32    1.58   13.33    2.49
     -1.46    1.21   11.80    6.95    0.09    0.55   14.47    2.47
     70.00   -2.23    1.09    8.04    4.90  169.00    0.00  3
        32   -2.45    0.93    9.11    3.81
      2.09   -4.40   14.09    7.97   -0.34    0.88    5.88    3.99
     95.00   -1.77    2.65    9.24    4.89  273.00    0.00  3
        34   -1.87    2.38    9.47    3.90
      2.99   -5.14   10.18    7.03   -0.65    1.83    6.53    3.41
  83928        573  302.97  -29.78    6.00
     45.00   -6.73    1.05   41.76    4.28   50.00    0.00  3
        14   -3.67    0.43   20.13    2.73
      6.89    0.21   16.75   35.47   -5.49    0.50   30.17    1.84
     75.00   -1.12    0.73   28.11    3.53   99.00    0.00  3
        17    3.44    0.40   15.16    3.09
      6.81    3.29   14.10   18.04    2.10    0.63   11.87    2.03
     51.00   -3.39    0.76   17.09    4.10   60.00    0.00  3
        20   -5.17    0.62   18.99    3.74
      1.92    1.73   12.73   15.49   -2.68    0.59   12.49    2.65
     52.00    3.32    0.39   18.90    5.42   56.00    0.00  3
        28    0.58    0.12   10.20    3.49
     -1.78    2.16    8.48    9.83    1.75   -0.07   19.65    3.06
    111.00    0.61    0.86   10.22    4.87  170.00    0.00  3
        29   -0.94    0.68    5.39    4.03
     -2.45    0.58    1.70    4.88    0.06    0.38    5.75    2.75
     60.00   -0.22    0.91   14.37    5.27   66.00    0.00  3
        30   -0.61    0.71    8.11    3.96
     -4.11   -1.03    9.48    5.64   -0.11    0.50    8.36    3.06
  83937        574  306.32  -29.70    7.00
    113.00   -4.79    0.16   33.55    3.03  258.00    0.00  3
         4   -4.07    0.20   20.79    2.43
      1.23    2.50   13.99   11.29   -1.21    0.08   12.36    1.74
     71.00   -6.78    1.07   22.25    3.50  118.00    0.00  3
        15   -4.81    0.64   15.17    2.86
     -4.26   -6.30   11.33   19.37   -2.20    0.37   12.55    1.75
     89.00   -5.49    0.71   26.17    3.58  148.00    0.00  3
        17   -1.75    0.18   14.87    2.55
     -1.42    1.98   16.56   25.97   -3.93    0.46   17.56    1.80
     54.00    2.34    0.11   19.55    3.91  103.00    0.00  3
        19    3.70   -0.42   12.63    2.83
      8.79   -3.06   10.13   20.00    1.85    0.12   13.20    1.92
     45.00    0.17    0.80   23.77    5.00   92.00    0.00  3
        30   -3.54    0.85   10.64    2.59
     -3.54   -0.67    9.53    7.87    0.55    0.39   15.11    2.39
     86.00   -1.89    1.58   14.72    6.01  200.00    0.00  3
        32    0.40    1.07    6.65    4.32
     -1.83    1.77    4.77    6.16   -0.48    0.83    6.20    3.45
    113.00   -1.72    1.23   13.60    4.86  352.00    0.00  3
        33   -0.84    1.00    6.68    4.00
     -2.94    1.54    3.32    5.78   -1.25    0.15    6.49    2.83
  83971        575  308.82  -30.00   11.00
    111.00    0.44    0.70   35.30    3.40  166.00    0.00  3
         9    0.40    0.41   26.55    2.62
      2.66   -2.01   17.94   16.02    2.40    0.45   31.11    1.78
    114.00   -2.85    0.76   29.27    3.41  208.00    0.00  3
        13    0.66    0.52   17.11    3.04
     -1.93    4.27   13.67   13.00   -0.72    0.36   18.15    1.58
     91.00   -4.60    0.28   25.29    3.80  154.00    0.00  3
        16   -4.18    0.13   15.59    3.62
     -6.14   -3.91   13.93   12.67   -3.88    0.22   13.36    1.97
     89.00   -5.36    0.85   29.33    3.70  143.00    0.00  3
        17   -4.00    0.80   13.85    3.42
      1.52   -1.18   12.52   17.03   -2.96    0.70   13.13    2.09
     52.00    0.28   -0.20   11.55    4.19   96.00    0.00  3
        23    0.34   -0.36   10.67    2.34
      5.88   -0.27    9.44   11.99   -0.77    0.04    8.94    2.13
    114.00   -1.18    1.15   10.91    4.30  203.00    0.00  3
        29   -1.01    1.10    9.40    3.50
      2.13   -1.50    7.08    8.20   -0.56    0.71    9.81    2.54
     53.00   -6.43    0.74   12.29    5.48  105.00    0.00  3
        30   -5.34    3.97   11.67    6.49
     -0.85   -7.40   16.79   13.15   -4.55    0.61    9.13    3.26
    114.00   -2.46    0.79   12.51    4.46  250.00    0.00  3
        31   -0.37    0.42    6.43    3.89
     -0.66   -0.14    8.69    7.28   -1.88    0.27    9.52    2.98
     77.00   -2.42    1.46    9.76    5.81  179.00    0.00  3
        32   -2.04    0.63    7.53    4.28
     -7.21   -2.94   13.29    7.95   -1.56    0.82    8.12    3.89
    114.00   -1.00    2.17    7.83    4.51  344.00    0.00  3
        33   -1.00    2.06    5.14    4.14
     -1.21   -1.74    5.39    3.06   -0.66    1.15    6.28    2.63
    105.00    0.05    1.74    7.74    4.90  297.00    0.00  3
        34   -0.50    1.93    6.51    5.32
     -0.49    1.19    5.51    4.11    0.04    0.98    6.04    3.40
  85586        577  288.38  -33.65    5.00
     39.00   -3.49    0.26   35.18    3.38   44.00    0.00  3
         2   -6.59    1.16   20.09    2.84
    -11.74  -10.33   16.51   18.09   -1.34    0.07   35.03    2.13
     99.00    2.56    0.99   43.60    3.05  154.00    0.00  3
         4    3.41    0.67   19.16    2.48
     -1.70   -0.48   15.51   14.35   -1.85    0.39   23.31    1.86
     98.00   24.47    1.05   59.64    3.17  137.00    0.00  3
         7   21.38    0.79   39.63    2.57
     43.03   14.18  106.28   28.20    7.23    0.86   47.60    1.70
     98.00  -19.15   -0.91   37.66    3.20  141.00    0.00  3
        13  -12.55   -0.52   15.67    2.60
     -8.02  -16.56   10.99   25.75   -4.89   -0.03   28.86    1.79
     32.00   -0.04    1.58   14.01    4.05   33.00    0.00  3
        22   -0.75    1.18    9.58    3.11
      0.32   -0.75   18.75    5.92    0.50    0.90   10.64    2.73
  87155        578  300.95  -27.45    5.00
     59.00    3.45    1.39   21.75    3.54   83.00    0.00  3
         2    3.24    0.91   16.35    3.39
      8.59   -1.04    8.25   18.62    0.78    0.43   11.83    2.47
     69.00   -4.79    0.89   40.24    3.35  112.00    0.00  3
         7    1.51    1.00   21.17    2.61
      4.21  -11.81   23.97   25.66   -0.99    0.36   26.60    1.40
     39.00    0.17    1.53   10.91    5.08   80.00    0.00  3
        32    1.37    1.45    8.74    5.20
      0.80    2.36   10.72    9.91    0.08    0.99    7.56    3.10
     69.00    0.30    1.11    8.13    4.52  189.00    0.00  3
        33    0.01    1.26    5.87    4.40
      0.37    0.71    7.00    7.41    0.36    0.60    5.45    2.93
     66.00    0.84   -0.29    8.56    4.54  255.00    0.00  3
        36    0.97   -0.03    8.12    3.25
      0.97    3.95    6.02   11.04    0.39   -0.12    7.59    3.28
  87344        579  295.79  -31.31    5.00
     50.00  -11.22    1.80   41.36    3.47   69.00    0.00  3
        11   -7.77    1.68   17.05    3.52
     -9.21    0.32   28.41   16.02   -6.32    0.70   19.49    2.17
     76.00    0.12    1.05   39.05    3.60  129.00    0.00  3
        13    5.15    0.49   17.11    3.18
      4.99   17.63   14.83   20.40    2.94    0.33   26.53    1.95
     37.00   -5.31    0.62   29.35    4.25   59.00    0.00  3
        14   -4.06    0.41   21.10    3.52
     -2.12    1.59   25.12   20.57   -1.53    0.19   22.38    2.43
     36.00   -0.19    0.53   26.58    3.56   61.00    0.00  3
        15    6.09    0.00   28.60    2.68
     -8.76    9.96   33.39   24.91   -1.79    0.24   23.41    2.33
     44.00  -11.01    1.06   33.89    4.17   69.00    0.00  3
        16   -2.05    0.84   18.70    3.72
     -6.26   -0.48   22.79   14.23   -9.07    0.64   26.85    2.71
  87418        580  291.22  -32.83    6.00
     31.00    5.82   -1.52   17.47    5.35   32.00    0.00  3
        18    5.79   -0.54   20.70    4.45
      8.37    2.21   20.29   23.19    3.82   -1.09   17.06    3.40
     79.00   -1.48    1.08   11.73    4.03  111.00    0.00  3
        21   -1.61    1.83    6.33    3.69
     -3.02   -2.00    4.67    4.27   -2.41    0.63   11.28    2.72
     79.00    1.11    0.53    9.47    4.46  107.00    0.00  3
        29    0.14    0.04    5.56    3.10
      2.45    0.27    5.39    5.24    0.87   -0.08    6.12    2.85
     79.00    0.83    0.80    7.51    5.62  121.00    0.00  3
        31    1.71    0.01    7.07    4.04
      0.13    1.23    5.08    4.86    1.15    0.19    5.65    3.25
     45.00   -2.91    3.02   11.71    6.99   63.00    0.00  3
        32   -1.70    1.24    9.18    7.08
     -1.74    0.75    9.79    7.57   -2.17    2.11   11.19    4.56
     61.00    1.97    1.59    8.94    5.49   93.00    0.00  3
        34    2.43    2.28    7.50    5.48
      5.65   -2.74    4.03    6.33    2.14    1.19    7.46    4.19
  87623        581  295.73  -36.57    4.00
     55.00    8.94    0.64   30.01    3.50   77.00    1.00  3
        11    6.06    0.08   20.14    2.79
     -9.10   11.35   15.42   17.70    4.18    0.20   13.55    1.51
     33.00    2.47    0.81   23.31    3.46   49.00    0.00  3
        12   -0.67   -0.09   19.13    3.64
     -7.26    4.33   10.48   15.19    0.14    0.14   15.66    1.98
     35.00    2.01   -0.39   31.55    4.04   58.00    0.00  3
        16   -0.67   -0.21   22.02    3.30
     -0.10    4.96   18.10   15.92    3.49   -0.07   18.20    1.77
     33.00    2.15   -0.26   17.50    3.95   54.00    0.00  3
        20    2.75   -0.15   11.91    3.39
     11.88    3.64   23.54    8.73    1.07   -0.20   11.74    2.91
  94998        632  158.95  -54.50    6.00
     45.00    0.12    0.26    8.59    3.44   75.00    0.00  3
        15   -2.63   -0.02    6.85    3.04
     -0.43   -2.21    4.80    7.90    0.67   -0.03    5.96    2.09
     42.00    0.47    0.27    8.72    3.50   62.00    0.00  3
        17   -0.66    0.78    8.22    2.86
      6.07   -1.25    9.30    5.67    0.91    0.20    6.37    2.13
     45.00   -0.22   -0.39    7.90    3.98   73.00    0.00  3
        20    0.70    0.24    9.39    3.06
     -0.04    4.85   15.38    4.98    1.11   -0.56    5.83    2.52
    112.00   -0.69    0.42    7.06    3.49  183.00    0.00  3
        21    0.21    0.69    5.55    2.64
     -1.58    0.53    9.09    3.67   -0.06    0.15    4.91    2.08
     36.00   -4.35    0.19    7.92    4.71   65.00    0.00  3
        26   -1.61    1.49    6.22    6.27
     -3.92   -1.03    7.40    5.28   -2.54    0.34    5.69    3.01
     31.00   -0.23    1.02    8.49    5.29   58.00    0.00  3
        27    0.24    0.39    6.59    4.05
     -1.26    2.18   10.12    4.97    0.57    0.61    5.92    2.93
  42182        689   77.20   28.58    8.00
    101.00   -0.22   -3.42   30.80    3.64  258.00    0.00  3
        25   -0.78   -2.74   12.37    3.97
      4.73   -4.08   27.80    5.11   -3.23   -1.98   24.25    2.31
    100.00   -1.23   -4.83   37.17    4.80  166.00    0.00  3
        28    1.55   -3.85    9.82    5.22
     -5.89    1.64   43.36    4.44   -0.93   -2.91   27.44    3.10
    101.00    3.45   -5.36   37.40    5.23  176.00    0.00  3
        29    0.44   -4.39   13.02    5.47
     -3.36    1.47   31.01    5.44    1.60   -3.18   30.53    3.60
    100.00    4.85   -6.59   33.32    5.98  272.00    0.00  3
        31    0.81   -4.81    8.00    6.31
      4.85    0.94   16.59    2.03    2.53   -4.12   24.14    4.63
     56.00    0.89   -5.90   33.04    5.31   70.00    1.00  3
        32    0.00   -4.45   17.38    4.66
     -9.20   -0.62   12.61    7.91    0.90   -3.34   18.49    3.25
     98.00    1.77   -6.54   27.92    5.34  163.00    3.00  3
        33    0.20   -5.48   12.28    5.61
      0.01    0.90   26.73    3.18    1.14   -3.84   19.86    3.79
     46.00    1.80   -6.67   28.61    5.03   66.00    1.00  3
        34   -1.40   -6.65   10.13    5.14
     -1.15   -1.20   15.80    4.29    0.67   -3.52   24.38    3.09
    100.00    5.33   -6.07   23.14    4.96  182.00    3.00  3
        35    0.88   -6.81   13.10    5.30
     -4.18    1.64   19.76    3.86    4.20   -3.49   19.87    3.22
  85934        725  289.03  -53.00    4.00
     43.00    5.36    0.18   31.95    2.66   89.00    0.00  3
         1    1.57    3.13   13.17    4.30
      2.89    1.13   12.69   12.21   -0.86    0.65   25.14    1.80
     51.00    2.82   -0.10   20.69    3.56   67.00    0.00  3
         4    0.00    0.15    8.96    2.49
      0.33   -4.06    9.24   14.15   -0.18    0.47   13.01    2.00
     51.00   -1.99   -0.94   15.74    4.24   68.00    0.00  3
         7   -1.18   -0.38   10.64    3.35
     -0.84   -2.65    6.35   14.79   -1.71   -0.27    9.88    2.50
     51.00   -3.18   -0.52   17.70    3.88   73.00    0.00  3
        13   -3.26   -0.52    6.98    2.88
     -4.71   -4.46    4.81    8.77   -1.74   -0.01   20.42    2.36
  86218        726  302.37  -25.27    4.00
     36.00    0.20    1.66   24.35    3.80   41.00    0.00  3
         3   -1.84    0.99   18.69    4.22
     -9.50    7.22   17.93   13.65   -0.15    1.08   10.15    2.28
     56.00    4.64    1.25   38.72    3.39   85.00    0.00  3
         7    6.66    1.30   14.88    3.15
      5.54    9.40   19.83   17.24    0.66    0.68   18.62    1.96
     35.00   -1.70    0.76   37.49    3.59   38.00    0.00  3
         9    3.63    0.50   15.50    3.99
      0.71    8.39   11.31   46.28    2.82    0.32   16.09    1.94
     41.00   -4.40    1.39    9.37    5.28   53.00    0.00  3
        32   -2.22    0.19    7.85    4.27
     -0.67   -6.34   14.20    9.87   -2.54    0.93    5.15    3.26
  87715        727  291.87  -38.95    8.00
     33.00   36.36   -1.73   52.14    4.54   37.00    0.00  3
         2   28.43   -1.49   44.28    2.81
     57.17   23.98   48.63   24.78   42.60   -1.54   55.81    2.72
     51.00   12.36   -0.78   43.12    3.34   68.00    1.00  3
         3    8.03   -0.80   29.94    3.07
     14.04    9.13   41.58   11.75    5.68   -0.44   23.38    1.47
     55.00    6.96    0.66   40.25    3.87  110.00    0.00  3
         4   -0.32    1.22   14.96    3.32
      4.31    1.17   13.43   15.13    2.18    0.53   26.77    1.56
     35.00    3.52    1.21   26.63    4.39   46.00    1.00  3
         5   -0.58    1.88   17.27    3.59
     -1.12   -0.06   14.55   12.77   -1.21    1.25    9.94    1.60
     55.00    7.68   -0.02   33.56    3.14   91.00    0.00  3
         7    4.97    0.27   16.20    2.18
     10.98    1.80   14.95   16.53    4.62    0.09   16.23    1.61
     36.00   -1.88    0.01   31.87    3.29   51.00    1.00  3
         9    3.17   -0.48   18.50    3.07
      4.87   -0.68   15.70   24.39    1.25    0.38   26.99    1.74
     38.00   -0.79   -0.48   15.49    3.68   56.00    1.00  3
        10   -0.83   -1.16   13.60    4.13
      0.43   -3.40    8.83   10.27   -0.44    0.08   10.98    1.78
     53.00   -4.31   -0.72   23.23    3.51   71.00    0.00  3
        17   -0.79   -0.29    8.77    2.90
      0.07   -6.30    6.88   10.52   -3.42   -0.32   20.54    1.90
  87576        780  301.47  -34.82    4.00
     49.00   -2.25    1.76   30.63    3.36   66.00    0.00  3
         2    0.00    1.98   17.09    3.96
      4.91   -0.34   19.00   14.25   -0.88    1.29   19.46    2.21
     28.00    1.62    2.98    9.50    5.83   58.00    0.00  3
        32    1.06    4.10    7.07    5.81
      0.99   -1.02    7.83    5.00    1.41    1.60    6.08    4.67
     58.00    1.32    0.15    5.80    4.40  155.00    0.00  3
        35    2.09    0.81    5.98    3.49
      0.95    2.91    5.25    5.26    0.64   -0.19    5.23    3.58
     45.00    1.74    0.56    5.56    4.64  116.00    0.00  3
        36    0.06    0.26    5.73    5.79
      3.07   -0.86    6.97    5.34    1.10   -0.28    4.51    4.31
  61052        817    2.17   13.48    7.00
     99.00  -10.38    2.19   52.83    3.17  153.00    0.00  3
         7   -5.33    2.27   33.75    2.24
     16.90  -53.55   67.85   61.29    0.59    0.90   19.76    1.43
     94.00    6.77    1.65   34.84    3.37   95.00    0.00  3
         9    8.49    1.54   19.84    3.04
     19.95   -4.04   31.88   23.40    3.66    0.36   13.28    1.30
     37.00   11.36    0.85   34.11    3.86   38.00    0.00  3
        10    8.69    0.59   27.49    3.07
     27.35   10.31   35.87   15.05    5.65    0.11   14.70    1.22
     39.00   11.18    0.81   20.50    3.46   40.00    0.00  3
        11   10.35    1.43   18.75    3.62
     10.96   11.07   20.72   11.58    6.70    0.10   19.18    1.51
     38.00    4.21    0.81   24.27    3.86   38.00    0.00  3
        16    1.35    0.79   11.71    4.23
      4.69    2.66   12.64   18.51    4.49    0.95   14.03    1.96
     94.00    5.40    0.61   28.35    3.40   95.00    0.00  3
        17    1.88    0.91   14.18    3.64
     10.10   -0.95   20.28   11.81    1.03    0.41   11.68    1.43
     40.00    4.20    1.23   23.77    4.02   40.00    0.00  3
        18    0.61    1.27   17.28    4.50
      8.44   -0.09   15.40   25.53    0.01    0.92   11.76    2.17
