  0309ABR   261.59   45.46       5
    812.50  787.50   15.71   11.41    2.41    1.92   34.93   29.23    3.36    2.94  3
    787.50  762.50   10.50    6.42    2.61    2.03   27.73   19.35    3.69    3.06  3
    762.50  737.50   13.73    9.85    2.56    2.05   29.46   19.56    3.54    2.98  3
    712.50  687.50   10.64    8.24    2.39    1.80   23.86   15.45    3.25    2.70  3
    612.50  587.50    2.70    4.52    2.21    1.83   20.21   14.48    3.56    3.12  3
  0313AMA   258.29   35.23       7
    637.50  612.50    5.36    4.51    3.57    3.31   38.84   32.03    3.62    3.46  3
    612.50  587.50    7.86    6.02    2.83    2.69   31.91   24.88    3.64    3.15  3
    587.50  562.50    1.94    2.92    3.16    2.93   41.46   39.78    4.23    3.93  3
    537.50  512.50   -1.92    0.27    2.91    2.81   44.30   37.65    5.09    4.91  3
    487.50  462.50  -10.91   -8.42    1.07    1.09   44.28   40.15    4.57    4.20  3
    412.50  387.50   -6.32   -6.24   -0.12   -0.16   37.81   33.23    3.82    3.69  3
    337.50  312.50   -4.69   -2.57    0.16    0.08   28.06   26.99    5.09    4.83  3
  0319BGM   284.01   42.20       4
    712.50  687.50    6.91    5.34    0.18    0.12   23.28   15.57    3.29    2.98  3
    662.50  637.50    3.17    3.24   -0.47   -0.32   23.14   18.84    4.52    4.27  3
    612.50  587.50    6.36    5.82   -0.32   -0.16   27.48   25.22    4.30    4.05  3
    537.50  512.50   -3.74   -3.14    0.82    0.78   22.56   21.61    4.55    4.29  3
  0321BIS   259.24   46.77       8
    937.50  912.50    3.45    2.12    2.14    1.40   36.74   28.66    3.04    2.58  3
    862.50  837.50    8.72    5.19    2.89    2.11   25.94   18.21    3.23    2.58  3
    787.50  762.50   11.09    7.75    3.08    2.21   27.69   19.53    3.53    2.75  3
    762.50  737.50   11.54    8.52    3.43    2.51   32.01   23.85    3.65    3.20  3
    737.50  712.50    9.88    7.63    3.55    2.67   23.37   17.78    3.45    3.04  3
    712.50  687.50    6.33    5.76    3.31    2.54   22.90   16.39    3.60    3.19  3
    662.50  637.50    8.38    7.56    3.14    2.62   26.28   19.54    3.56    3.13  3
    612.50  587.50    0.19    0.58    2.12    1.79   20.11   13.82    3.92    3.26  3
  0322CBX   243.76   43.49       6
    662.50  637.50   13.11   14.26    1.33    1.39   23.84   23.31    3.57    3.34  3
    612.50  587.50    4.34    5.55   -0.78   -0.59   23.01   22.80    5.35    5.12  3
    587.50  562.50   -3.05   -1.97   -3.66   -3.57   32.83   32.68    6.79    6.60  3
    562.50  537.50    3.21    3.91   -5.39   -4.91   27.31   27.37    7.46    7.29  3
    537.50  512.50    2.72    3.73   -2.33   -2.09   43.62   44.77    6.47    6.39  3
    487.50  462.50   12.63   13.63   -7.43   -7.07   42.69   42.89    7.81    7.70  3
  0344AHG   208.65   60.73       7
    862.50  837.50    6.65    8.06    1.94    1.66   37.60   33.20    3.20    3.04  3
    812.50  787.50   -4.77   -2.97    1.78    1.87   31.11   25.20    3.49    3.24  3
    787.50  762.50    2.06    3.86    1.68    1.77   34.09   28.44    3.56    3.22  3
    762.50  737.50    0.80    0.37    1.86    1.98   38.02   34.42    3.83    3.46  3
    737.50  712.50   -0.75    1.15    2.05    2.16   34.34   28.01    3.45    3.07  3
    712.50  687.50   -0.42    2.94    1.95    2.01   40.14   35.19    3.83    3.45  3
    387.50  362.50   -2.74   -1.28   -2.44   -2.29   20.67   19.56    5.09    4.81  3
  0348DMX   266.28   41.73       4
    662.50  637.50    5.83    5.02    2.43    1.94   26.68   24.82    3.63    3.40  3
    612.50  587.50    1.96    0.83    1.24    0.66   24.30   22.83    5.00    4.65  3
    537.50  512.50   -3.03   -0.59    1.13    0.84   18.70   19.84    4.21    3.73  3
    262.50  237.50   -1.74   -2.63   -0.83   -0.39   12.30   12.08    5.28    4.21  3
  0350DDC   260.03   37.76       5
    637.50  612.50    2.03   -0.77    0.93    0.78   34.22   29.34    4.18    3.81  3
    612.50  587.50    1.69    0.81   -0.44   -0.67   31.03   29.32    4.52    4.04  3
    587.50  562.50   -1.36   -1.94    1.90    1.75   29.61   23.76    4.71    4.31  3
    537.50  512.50   -7.34   -7.85    1.76    1.76   30.13   28.20    3.95    3.28  3
    487.50  462.50   -5.22   -4.43   -0.15    0.02   30.00   28.30    4.41    4.02  3
  0360MVX   262.67   47.53       6
    862.50  837.50    7.82    5.78    3.14    2.20   21.76   13.91    3.03    2.43  3
    787.50  762.50    6.24    4.51    2.72    1.87   21.47   17.58    3.78    3.09  3
    762.50  737.50    9.49    7.53    3.01    2.25   20.45   18.70    3.68    3.01  3
    737.50  712.50    6.18    5.67    2.69    2.03   19.10   17.50    3.80    3.10  3
    712.50  687.50    6.14    6.65    2.56    2.01   21.52   17.53    3.43    2.64  3
    662.50  637.50    5.59    5.53    1.89    1.61   19.13   14.79    3.51    2.94  3
  0361FSX   248.80   34.57       4
    737.50  712.50   19.66   18.94    2.70    2.72   43.43   34.62    3.64    3.26  3
    712.50  687.50   13.37   11.57    1.73    1.79   35.07   30.69    3.24    3.16  3
    637.50  612.50   -3.03   -2.95    3.30    2.87   48.55   43.71    3.61    3.52  3
    612.50  587.50    3.50    2.28    2.46    2.31   43.81   36.62    3.49    3.36  3
  0363HNX   240.37   36.31       6
    987.50  962.50    5.87    3.99    3.25    2.70   25.67   24.02    3.40    3.32  3
    962.50  937.50   13.16   13.12    4.05    3.51   28.35   27.72    3.43    3.17  3
    937.50  912.50    4.23    7.27    3.19    2.60   37.23   36.20    3.36    2.98  3
    912.50  887.50   23.69   24.01    3.95    3.38   37.76   33.65    3.58    3.32  3
    737.50  712.50   28.96   25.80    3.64    3.07   44.66   41.06    3.56    3.56  3
    662.50  637.50   21.55   23.44    3.27    2.70   44.52   44.91    3.74    3.74  3
  0365GGW   253.37   48.21       6
    862.50  837.50   13.63    9.39    2.49    2.02   36.52   28.73    3.36    2.74  3
    787.50  762.50    9.81    7.15    3.11    2.40   29.67   22.78    3.55    3.00  3
    762.50  737.50    8.44    8.23    3.16    2.41   26.03   19.75    3.68    3.14  3
    737.50  712.50    9.03    8.50    3.27    2.56   27.59   20.80    3.93    3.44  3
    712.50  687.50    8.52    7.18    3.14    2.57   26.66   20.53    4.13    3.54  3
    662.50  637.50    3.97    3.13    2.84    2.39   23.90   16.12    4.26    3.68  3
  0370TFX   248.61   47.46       7
    712.50  687.50   14.78   11.65    2.85    2.27   32.09   21.99    3.40    2.93  3
    687.50  662.50    9.68    6.91    1.57    1.15   32.55   23.14    4.14    3.63  3
    662.50  637.50   12.71   10.12    2.61    2.16   32.46   23.52    3.44    2.96  3
    637.50  612.50    5.63    4.21    2.10    1.74   26.55   20.77    4.02    3.49  3
    612.50  587.50    2.73    1.25    0.92    0.77   22.21   18.16    3.89    3.21  3
    587.50  562.50    0.11   -1.11    0.45    0.37   22.79   19.06    3.87    3.09  3
    387.50  362.50   -4.58   -4.17   -1.05   -0.95   16.08   16.65    4.95    4.57  3
  0374CCX   282.00   40.92       7
    662.50  637.50    3.67    3.80    0.28    0.19   25.59   20.99    3.84    3.68  3
    637.50  612.50    5.20    4.72   -0.70   -0.62   32.51   30.61    4.04    3.85  3
    612.50  587.50    0.62    0.59   -1.03   -1.11   21.68   18.29    4.91    4.63  3
    587.50  562.50    4.98    5.12   -1.52   -1.42   30.48   29.26    4.83    4.57  3
    537.50  512.50   13.34   13.48   -3.79   -3.66   37.03   37.01    6.05    5.72  3
    487.50  462.50   -1.89   -1.23    0.25    0.34   16.13   16.15    3.91    3.66  3
    262.50  237.50   -3.49   -5.38   -2.79   -2.63   20.48   21.29    5.51    5.24  3
  0376HDX   253.88   33.08       6
    862.50  837.50  -39.06  -35.36    5.29    4.85   58.79   56.93    3.29    3.30  3
    712.50  687.50   11.29    9.45    2.99    2.53   39.87   36.79    3.24    3.22  3
    662.50  637.50    4.74    3.83    3.32    2.94   41.79   39.82    3.67    3.49  3
    637.50  612.50   -5.31   -4.64    4.25    4.00   37.27   35.99    3.65    3.44  3
    587.50  562.50   -8.44   -7.89    4.00    3.81   43.70   42.81    4.31    4.07  3
    537.50  512.50   -4.26   -3.58    2.11    1.97   35.76   31.85    3.97    3.55  3
  0380BBX   238.37   39.50       4
    762.50  737.50   33.22   31.40    2.41    2.46   47.79   45.45    3.41    3.25  3
    737.50  712.50   38.15   34.36    2.13    2.17   44.53   43.19    3.51    3.40  3
    712.50  687.50   33.39   29.60    2.42    2.44   46.73   44.78    3.25    3.22  3
    662.50  637.50   25.53   20.67    2.07    2.05   46.14   45.57    3.72    3.59  3
  0389ARX   268.81   43.82       7
    737.50  712.50   10.26    9.12    1.57    1.30   23.15   19.08    3.57    3.25  3
    712.50  687.50   11.58   10.47    1.13    0.97   22.80   19.18    3.85    3.64  3
    612.50  587.50    5.62    5.17    1.05    0.92   21.42   17.60    3.94    3.65  3
    587.50  562.50    8.70    8.52    1.70    1.57   33.18   30.24    4.15    3.88  3
    537.50  512.50   -0.91   -0.14    0.08   -0.05   37.44   36.02    4.96    4.72  3
    412.50  387.50   -4.30   -2.37   -0.72   -0.49   11.20   10.27    3.61    3.38  3
    262.50  237.50   -6.33   -6.02   -3.01   -2.46   23.49   23.57    5.22    5.06  3
  0392RIW   251.52   43.07       8
    812.50  787.50   12.20   11.42    2.82    2.75   45.64   38.65    3.29    2.81  3
    787.50  762.50    6.57    4.93    2.73    2.45   47.30   38.32    3.41    2.93  3
    712.50  687.50   19.22   16.09    1.93    1.84   32.22   29.00    3.23    2.69  3
    612.50  587.50    7.59    7.48   -1.09   -0.96   27.03   24.08    4.73    4.49  3
    587.50  562.50    1.59    0.97   -3.98   -3.86   31.73   29.23    6.43    6.20  3
    562.50  537.50  -10.06  -10.45   -7.42   -7.14   35.61   35.08    8.22    8.37  3
    537.50  512.50   -6.94   -7.34   -4.89   -4.60   36.18   34.30    7.08    7.01  3
    412.50  387.50   -4.94   -4.02   -2.51   -2.02   12.82   11.86    4.38    4.10  3
  0396VTX   240.82   34.41       4
    762.50  737.50   21.60   20.30    2.68    2.59   43.00   39.89    3.73    3.57  3
    737.50  712.50   26.64   27.83    1.30    1.29   42.63   41.86    4.31    4.19  3
    712.50  687.50   27.47   28.42    1.37    1.38   49.33   48.61    4.34    4.14  3
    662.50  637.50    4.87    8.55   -0.07   -0.17   38.28   38.38    4.57    4.30  3
  0505AIH   213.70   59.46       9
    962.50  937.50   -4.62   -3.32    2.06    1.97   36.77   31.13    3.80    3.39  3
    937.50  912.50  -11.22  -10.47    1.88    1.63   29.64   22.02    3.69    3.29  3
    887.50  862.50   -5.22   -2.28    3.35    2.87   45.52   40.84    4.38    4.21  3
    862.50  837.50   -0.92   -3.18    3.45    2.82   52.72   49.81    4.25    4.17  3
    812.50  787.50    0.16    2.50    2.72    2.04   46.72   43.10    3.83    3.66  3
    787.50  762.50    6.12    5.89    3.23    2.54   46.99   45.21    4.44    4.24  3
    762.50  737.50   -1.14    1.15    3.06    2.28   41.91   40.51    3.80    3.49  3
    737.50  712.50   -0.44   -1.50    2.52    1.80   37.96   34.76    3.66    3.26  3
    712.50  687.50   -4.82   -1.49    2.38    1.68   29.99   29.07    3.53    3.15  3
  0507MBX   259.14   48.39       7
    937.50  912.50    3.75    1.38    2.92    2.14   23.59   18.97    3.08    2.52  3
    862.50  837.50    6.36    4.52    3.07    2.05   24.56   14.88    3.34    2.44  3
    787.50  762.50   11.50    7.29    3.26    2.20   22.40   16.24    3.55    2.77  3
    762.50  737.50    9.06    6.61    2.84    1.89   21.52   16.45    3.53    2.73  3
    737.50  712.50    9.42    7.06    3.08    2.28   20.57   16.57    3.83    3.12  3
    712.50  687.50    9.29    8.16    2.92    2.15   20.22   15.83    3.30    2.72  3
    662.50  637.50    3.11    4.08    2.36    1.70   19.44   13.18    3.47    2.98  3
  0508MSX   246.01   47.04       4
    787.50  762.50   24.82   19.11    4.19    3.81   44.14   37.53    3.81    3.50  3
    737.50  712.50   20.63   17.40    2.68    2.28   34.80   32.06    3.56    3.33  3
    612.50  587.50   -6.32   -6.36   -1.07   -0.73   34.38   31.99    4.22    3.85  3
    387.50  362.50   -6.29   -5.40   -2.62   -2.49   17.99   17.64    7.34    7.33  3
  0522PDT   241.15   45.69       9
    937.50  912.50    8.00   11.43    2.51    2.30   40.09   28.37    3.34    2.88  3
    862.50  837.50   15.33   14.06    3.05    3.03   49.08   37.82    3.44    3.10  3
    837.50  812.50   16.34   15.02    3.11    3.25   46.50   35.51    3.64    3.29  3
    812.50  787.50    7.58    7.18    3.14    3.30   47.29   38.12    3.73    3.32  3
    787.50  762.50   19.11   19.38    2.37    2.65   47.70   42.66    4.01    3.59  3
    762.50  737.50   13.97   13.89    1.53    2.00   44.03   38.45    4.26    3.98  3
    737.50  712.50   12.78   13.19    0.05    0.51   45.20   42.15    4.65    4.17  3
    712.50  687.50   10.84   10.98   -1.72   -1.24   44.64   42.17    5.01    4.56  3
    662.50  637.50   -6.43   -6.71   -4.49   -4.05   48.25   47.54    5.48    5.14  3
  0527RTX   237.03   45.72       4
    712.50  687.50    2.32    2.91    0.99    1.17   30.79   26.38    3.79    3.49  3
    662.50  637.50   -5.10   -3.35   -0.46   -0.19   30.34   28.25    4.44    4.28  3
    612.50  587.50   -5.11   -2.90   -0.84   -0.70   17.83   16.29    5.38    5.36  3
    487.50  462.50  -11.05   -8.49   -4.88   -4.94   20.05   20.38   10.08   10.15  3
  0532UDX   257.17   44.13       5
    812.50  787.50   21.31   12.53    1.94    1.91   36.14   29.35    3.23    2.73  3
    712.50  687.50   19.14   10.20    2.70    2.12   27.75   17.33    3.32    2.89  3
    662.50  637.50   15.74   11.20    2.83    2.27   24.31   18.04    3.55    3.17  3
    612.50  587.50   11.56    8.02    2.67    2.00   22.83   19.92    3.75    3.31  3
    587.50  562.50    4.90    1.68    3.19    2.66   26.50   21.36    4.08    3.67  3
  0537MTX   247.55   41.26       6
    762.50  737.50   31.88   26.47    3.28    3.35   37.59   35.51    3.45    2.95  3
    712.50  687.50   26.79   24.18    3.57    3.69   31.60   28.38    3.36    2.88  3
    662.50  637.50   22.01   20.10    2.54    2.71   27.66   24.76    3.87    3.71  3
    612.50  587.50   15.36   14.77   -0.78   -0.45   35.75   34.55    4.54    4.40  3
    487.50  462.50  -21.36  -20.74   -9.74   -9.22   41.43   41.21    7.89    7.90  3
    412.50  387.50   -4.18   -2.75   -2.20   -1.89   19.26   18.89    5.88    5.80  3
  0542ATX   237.50   48.20       7
   1200.00  987.50   28.69   26.86    2.85    3.00   47.34   39.43    3.33    3.12  3
    962.50  937.50   19.07   15.02    2.75    2.87   42.60   38.46    3.22    2.90  3
    737.50  712.50   11.65   11.81    2.71    2.35   35.63   35.41    3.72    3.67  3
    712.50  687.50    7.03    7.69    2.10    1.72   33.64   33.85    3.74    3.56  3
    662.50  637.50    0.94    1.78    2.20    1.91   24.87   25.00    4.44    4.28  3
    612.50  587.50   -3.44   -2.68    1.49    1.19   19.24   17.47    3.84    3.74  3
    562.50  537.50   -2.15   -0.50   -0.41   -0.57   18.43   17.14    4.09    4.07  3
  0553ACG   224.47   56.85      13
   1200.00  987.50   12.37   10.79    2.49    2.71   35.13   28.11    2.76    2.35  3
    937.50  912.50   10.77    8.72    2.44    2.44   37.45   32.12    3.40    2.98  3
    862.50  837.50   11.15    9.84    2.09    2.19   37.44   33.54    3.36    3.09  3
    812.50  787.50   10.46    8.70    1.34    1.38   34.53   33.80    3.38    3.24  3
    787.50  762.50   13.30   12.96    1.32    1.52   36.54   33.55    3.68    3.47  3
    762.50  737.50    9.29    8.69    0.90    1.06   35.01   32.01    4.12    3.86  3
    737.50  712.50    8.22    9.22   -0.38   -0.17   32.75   31.80    4.69    4.43  3
    712.50  687.50    9.82   10.92   -1.10   -0.90   38.58   36.59    5.28    5.01  3
    612.50  587.50    3.36    5.24   -5.04   -4.93   33.82   34.41    6.39    6.23  3
    562.50  537.50   -9.31   -7.70   -1.75   -1.60   30.59   30.79    4.84    4.47  3
    512.50  487.50   -2.25    0.99   -1.20   -0.77   18.37   14.65    5.02    4.38  3
    487.50  462.50    0.30    1.42   -2.22   -1.90   24.51   23.98    6.34    5.96  3
    387.50  362.50    2.57    3.47   -3.95   -3.48   29.67   28.76    7.70    7.24  3
  0870LGX   235.89   47.12      11
   1200.00  987.50    9.61    6.41    2.41    2.19   31.90   30.50    3.06    2.91  3
    862.50  837.50   12.86   11.16    3.27    2.85   35.61   31.61    3.01    2.80  3
    812.50  787.50    6.74    7.52    3.02    2.53   29.55   27.29    3.23    2.95  3
    787.50  762.50   10.22   10.29    3.28    2.85   29.26   27.41    3.60    3.51  3
    762.50  737.50   11.40   11.05    3.26    2.89   26.79   25.27    3.45    3.43  3
    737.50  712.50    8.28    9.01    2.96    2.57   27.98   24.28    3.64    3.50  3
    712.50  687.50    5.04    6.78    3.17    2.72   26.73   26.60    3.78    3.56  3
    662.50  637.50    1.44    3.14    2.26    1.85   20.19   20.32    3.96    3.70  3
    612.50  587.50   -4.70   -2.22    1.32    1.00   19.58   17.88    3.68    3.43  3
    562.50  537.50   -3.69   -1.97   -0.89   -1.02   17.19   17.41    5.22    5.21  3
    487.50  462.50  -10.27   -6.10   -2.44   -2.57   25.87   27.65    8.21    8.18  3
  0327KSG   127.29   37.21       5
    712.50  687.50    3.59    2.75    1.95    1.88   33.51   29.88    3.36    3.02  3
    537.50  512.50   -5.51   -4.73   -1.29   -1.25   27.45   26.00    6.14    5.89  3
    487.50  462.50   -1.47   -1.54   -1.25   -1.16   21.78   20.91    6.62    6.45  3
    412.50  387.50   -2.81   -3.56   -1.60   -1.47   21.00   20.40    6.06    5.93  3
    337.50  312.50  -13.22  -13.36   -4.67   -4.49   37.04   36.65   12.03   11.79  3
