  17600          1   32.48   34.72    4.00
    123.00    4.81    0.96   62.11    1.99  124.00    1.00  3
         7    1.00    1.00   39.83    1.51
    -10.94   -2.30    7.85   91.59    7.49    0.59   41.92    1.48
    111.00    1.89    1.04   64.03    2.11  113.00    2.00  3
         8   -2.37    0.98   44.97    1.58
     -7.16  -20.75   16.19  103.31    8.27    0.89   43.89    1.65
     47.00   -2.13    0.43   62.43    1.64   47.00    0.00  3
         9   -7.67    0.32   46.87    1.53
    -12.62    5.19   34.31   44.78    0.68    0.38   49.40    1.42
     30.00   -4.21    0.50   69.56    2.22   30.00    0.00  3
        10    1.33    0.39   47.83    1.44
     25.74    1.22   53.29   43.99    0.93    0.39   57.97    1.66
  41943          5   91.42   23.03    5.00
     41.00   -8.80   -1.17   70.95    2.26   41.00    0.00  3
         3   10.08   -1.07   61.27    1.41
     -3.46  -52.89   24.14   87.73    0.83    0.07   43.50    1.41
     55.00  -13.02   -1.70   63.03    3.03   55.00    0.00  3
         5  -10.13   -1.11   41.38    2.30
      7.82  -54.03   23.54   64.25  -11.00    0.08   61.48    2.10
     55.00   -1.69   -1.13   81.54    3.01   55.00    0.00  3
         7    4.40   -0.53   57.54    2.20
     28.82  -33.48   33.12  100.75    6.22   -0.09   63.22    2.32
     52.00   10.64    0.18   74.29    2.76   53.00    1.00  3
         9   26.86    0.44   57.37    1.60
     25.10  -19.75   18.63  112.15    9.36    0.55   48.96    2.27
     43.00    1.75   -0.13   72.70    3.49   44.00    1.00  3
        13   -4.79    1.39   89.66    4.52
     57.29  -22.89   54.39   98.95   -1.26    0.20   65.07    3.33
  42123          8   73.88   29.92   10.00
     52.00  -12.65   -0.79   71.22    2.78   54.00    0.00  3
         3   -3.25   -0.47   59.55    2.57
     -4.01  -25.03   58.41   77.41   -6.44    0.84   38.94    1.71
     94.00    0.82   -1.34   63.98    3.11   97.00    0.00  3
         5    5.62   -0.76   47.56    2.37
     17.89   -6.98   50.73  112.56   -1.78    0.03   38.37    1.57
     99.00   -4.75   -0.48   62.03    2.19  132.00    0.00  3
         7   14.94   -0.47   53.50    2.02
     -0.22   -6.14   33.41   92.93   -5.26    0.39   50.40    1.50
     73.00    3.68    0.12   63.59    2.11   76.00    0.00  3
         9    3.19   -0.03   49.39    1.87
      7.79  -26.12   40.74   73.42    0.85    0.90   48.79    1.75
     78.00   -0.41    0.02   54.93    2.55  144.00    0.00  3
        13    1.90   -0.05   40.53    2.41
      5.73    6.06   28.39   42.27   -2.40    0.67   33.78    1.69
     29.00   -7.14   -1.28   59.17    2.52   29.00    0.00  3
        14   -8.23   -1.63   49.81    2.29
     -5.73  -14.79   59.86   43.12   -0.47   -0.05   55.00    1.73
     53.00   10.93   -0.41   51.62    2.56   70.00    0.00  3
        15    3.56   -0.49   40.22    2.26
      4.70   -8.92   55.63   45.85    6.40    0.52   35.58    1.71
     28.00   -1.08   -0.66   53.28    3.39   33.00    0.00  3
        16   -6.74   -0.96   42.53    2.99
    -11.02   -3.40   67.74   28.50  -13.29    0.44   37.07    1.86
     46.00    5.88   -0.65   68.43    2.97   48.00    0.00  3
        17    2.02   -0.92   62.22    2.01
      3.69   10.77   60.81   66.75   -3.70    0.15   43.67    2.30
     38.00   -4.92    0.54   57.74    3.68   41.00    1.00  3
        20  -16.03    0.06   42.87    3.96
    -32.48    3.10   35.09   41.84   -1.94    0.57   33.84    2.53
  43201         12   75.63   15.42    4.00
     74.00   -1.78    1.13   53.86    3.43   86.00    1.00  3
        13   -7.47    0.82   32.00    2.69
     -4.18  -13.12   16.65   19.34   -1.22    1.03   46.10    2.41
     35.00   13.08    0.89   56.62    4.00   36.00    0.00  3
        14    3.35   -0.06   57.04    2.64
      8.01   -4.36   37.20   26.58    7.94    0.89   45.08    2.94
     41.00  -14.69    1.51   58.31    4.04   50.00    0.00  3
        15   -9.78    1.02   43.32    3.96
     -3.22   -3.76   31.36   43.11   -9.33    1.35   45.69    2.73
     28.00  -28.82    1.41   69.37    3.12   28.00    0.00  3
        17  -10.98    1.92   40.71    2.35
    -57.58   -0.98  100.38   19.98  -24.30    1.37   64.38    2.35
  48870         20  109.22   13.77    5.00
     36.00   28.61    0.60   61.32    5.59   37.00    1.00  3
        16   34.74   -0.31   60.41    2.85
     42.50   -8.24   33.16   52.04   20.10    0.98   41.62    5.33
     31.00    6.42   -1.22   50.21    3.03   31.00    0.00  3
        19   -1.11    1.43   46.74    4.18
     -3.64    3.46   35.19   44.27    4.08   -0.74   44.35    2.29
     31.00   17.67   -0.58   62.07    2.84   31.00    0.00  3
        21   20.60   -0.18   51.43    2.44
     38.62   -8.34   21.49   31.92   10.89   -0.16   52.19    2.28
     28.00   17.43   -0.51   52.16    3.23   28.00    0.00  3
        24   11.50   -0.51   60.83    4.63
     21.89    0.93   38.95   68.52    7.64   -0.27   40.71    2.68
     28.00   26.75   -0.65   56.96    3.60   28.00    0.00  3
        25   12.86   -0.47   45.73    3.67
     20.73    7.13   49.24   46.64   24.34   -0.34   54.37    3.12
  41712         64   64.40   28.88    4.00
     45.00    1.60   32.38   78.34   55.04   61.00    0.00  3
         5  -12.79    0.01   72.86   42.97
    -14.13   -1.34   71.10   61.92    4.86   32.52   74.95   54.94
     50.00  -14.32   53.13   96.14   78.20   51.00    0.00  3
         7  -16.42    0.56  111.08   75.23
      5.03   -8.03   89.55   55.72   -8.41   53.22   93.87   78.04
     36.00  -27.83   38.26   97.70   68.03   37.00    0.00  3
         9  -32.47    0.66   88.59   39.46
     45.72  -33.98  143.40   44.27  -38.44   38.39   94.01   67.84
     32.00  -28.34   46.53   84.02   73.02   33.00    0.00  3
        13  -25.93    1.55   99.09   38.33
     -0.18  -12.91  117.30   53.41  -34.28   46.59   81.81   72.96
  41768         65   69.78   25.52    4.00
     64.00   33.49    0.11   74.15    2.71   64.00    0.00  3
         9   26.61   -0.36   76.33    2.13
    126.71   15.88   71.89   50.08   17.22    0.15   80.24    2.70
     67.00   32.18    2.04   81.98   25.31   67.00    0.00  3
        13   40.91   -0.82   78.43    2.98
     82.48   -7.32   47.47  143.74   33.37    2.27   81.54   25.44
     41.00  -26.35   -2.12   88.53    2.80   41.00    0.00  3
        17  -21.62   -2.36  111.07    2.47
     29.43  -87.59   70.18   90.24  -11.24   -1.86   92.23    2.69
     38.00  -69.29   -2.32   80.62    3.45   69.00    0.00  3
        21  -92.22   -2.64   98.97    3.56
      3.61  -78.31   79.63  106.45  -68.63   -2.49   81.00    3.68
  42410         68   91.58   26.10    8.00
     57.00   78.20   -1.31   65.05    1.03   57.00    0.00  3
         1   80.22   -1.12   76.53    0.72
     54.22   86.48   80.38   73.34   82.60   -0.99   68.30    0.74
     85.00    4.59   -0.80   71.39    1.75   98.00    0.00  3
         2   -4.31   -0.99   47.81    1.64
     44.44  -18.82   96.75   25.13    7.29   -0.26   56.11    1.11
     56.00   -5.91   -0.89   71.03    2.05   56.00    0.00  3
         3   -8.82   -0.52   53.65    1.99
    -20.29   -6.22   74.84   47.09  -10.07   -0.03   30.79    1.03
     51.00  -18.36   -0.48   69.32    2.29   52.00    0.00  3
         4  -23.09   -0.57   72.66    2.14
     -2.46  -25.15   70.46   39.96   -3.18   -0.07   49.13    1.04
     80.00  -20.67    1.80   65.05   17.30   81.00    0.00  3
         5  -15.33   -0.18   45.12    2.36
    -10.40   -0.44   44.67   37.01   -8.73    2.25   40.20   17.10
     83.00  -11.65   -0.14   65.16    3.05   84.00    0.00  3
         7   -1.85   -0.05   43.08    2.62
      7.64  -13.36   62.88   51.25   -0.10    0.33   48.42    1.70
     39.00  -14.20   -0.21   70.69    2.98   39.00    0.00  3
         8  -12.22    0.07   44.22    3.51
    -10.19  -16.84   45.90   22.58   -2.30    0.31   38.59    1.61
     30.00   -5.96    0.10   64.45    1.96   31.00    0.00  3
         9    0.12    0.81   52.87    2.62
      1.46  -10.65   41.38   39.93    1.37    0.63   50.14    1.20
  48327         73   98.98   18.78    6.00
    120.00   54.73   -0.37  102.55    0.86  121.00    0.00  3
         3   90.00   -0.50   99.67    0.63
     63.55   78.50   99.27   75.39   57.64   -0.34   96.43    0.80
     30.00   -2.34   -0.04   67.29    1.52   30.00    0.00  3
        14   -2.19   -0.10   58.29    1.36
    -13.73    8.11   46.01   64.24   11.08   -0.02   55.81    1.22
     59.00   -5.58    0.65   64.13    2.01   62.00    2.00  3
        16    1.01    0.40   42.39    1.57
      2.64   -5.77   40.27   79.60   -8.50    0.58   39.87    1.28
     57.00   -4.84    0.76   68.53    2.32   58.00    0.00  3
        18   35.48    0.17   93.42    3.00
     -9.02   -6.26   31.26   64.95    1.32    0.79   54.06    1.51
     54.00    1.65    0.44   58.58    2.29  107.00    0.00  3
        21   -2.06    0.54   35.94    1.89
     -7.15   -5.19   42.43   49.61   -0.81    0.65   29.45    1.58
     50.00   -4.53   -0.08   40.08    2.19  100.00    0.00  3
        25   -2.95   -0.08   29.21    1.44
     -2.29   -6.52   23.47   41.41    2.42   -0.04   25.37    1.40
  48407         75  104.87   15.25    4.00
    123.00   29.95   -1.60   72.50    1.58  124.00    0.00  3
         1   13.03   -1.56   60.36    1.69
    -14.04   20.65   22.51   30.10   33.36   -0.80   63.21    1.22
     57.00   -6.74    0.62   55.16    2.26   57.00    0.00  3
        10   -8.97    0.77   35.52    1.72
      5.48  -16.83   17.04   25.77   -6.48    0.52   25.02    1.40
     68.00    8.88    1.11   53.04    2.60   78.00    0.00  3
        13   -0.13    1.05   26.18    2.68
      7.87    5.19   14.13   34.34   10.16    0.83   35.59    1.78
     28.00    5.56    1.42   42.94    3.20   57.00    0.00  3
        25    5.17    1.06   29.74    3.24
     10.69    7.97   36.99   22.93   -2.61    1.09   25.20    2.20
  64700         81   15.03   12.13    4.00
     59.00   -1.32   -0.38   68.25    2.46   60.00    0.00  3
         3   -5.27   -0.94   46.60    2.07
    -11.23  -11.45   38.13   55.44    2.99    0.15   37.52    1.73
     37.00   15.61    0.59   67.25    3.01   37.00    0.00  3
         5   11.09    0.62   86.29    2.05
     25.60    3.26   69.58   56.14   -5.16    1.12   27.08    2.15
     64.00   33.32    0.32   72.73    3.34   66.00    2.00  3
         7   21.01    0.18   82.24    2.42
     27.36   68.51   78.70   95.32    9.55    0.80   39.42    1.90
     48.00   21.31   -0.57   67.90    3.70   48.00    0.00  3
         9   15.37   -0.84   60.24    2.85
     25.21   35.65   70.61   62.27    6.40    0.38   47.26    2.06
  41640        116   74.33   31.55    6.00
     80.00   47.36   -1.03   69.95    1.57  155.00    1.00  3
         2   46.54   -0.98   74.00    1.33
     42.75   37.15  101.20   51.66   25.12    0.01   48.18    0.87
     55.00   30.75   -1.36   82.97    2.16   55.00    0.00  3
         3   27.32   -1.01  107.35    1.88
     26.73    1.48  108.58   67.35    0.48    0.22   53.61    1.11
     35.00   14.76   -0.34   85.80    1.70   36.00    0.00  3
         4    3.37   -0.26   67.82    1.62
     12.50    4.54  144.93   42.04    8.31    0.46   33.89    0.87
     67.00   15.31   -0.57   85.74    1.81   68.00    0.00  3
         5   15.52   -0.41   86.89    1.41
    -21.29  -16.78  124.97   88.65    3.83    0.40   36.79    0.93
     79.00  -14.35   -0.18   77.35    1.84   80.00    0.00  3
         7   -9.94   -0.51   71.84    1.29
      2.35   -5.72  110.70   48.40  -19.26    0.37   60.65    1.38
     28.00  -22.51   -1.32   65.85    1.71   28.00    0.00  3
         9  -12.31   -0.82   58.09    1.68
    -12.31    0.71   42.24   50.10  -27.56   -0.43   54.25    1.17
  41718        118   70.68   28.65    7.00
     56.00   76.81   -2.48   66.66    1.88   57.00    0.00  3
         1   87.28   -2.52   86.59    1.75
    140.76   57.18   48.59   62.48   70.42   -1.58   52.85    1.31
     71.00   27.65   -1.16   72.81    2.47   84.00    0.00  3
         2   51.45   -1.21   65.17    2.49
     94.94   -8.09   70.14   69.56   25.88    0.06   51.14    1.24
     56.00    6.84   -0.40   65.21    2.41   56.00    0.00  3
         3   15.16    0.16   72.27    2.08
     31.73   -9.63   35.54   60.59   12.83    0.56   28.00    1.01
     60.00   10.53   -0.60   61.55    2.04   61.00    0.00  3
         5   18.33   -0.36   48.42    1.93
     17.63   -4.63   30.41   85.26    8.91    0.59   32.30    1.12
     71.00  -11.69    0.25   71.41    2.25   73.00    1.00  3
         7   -2.10    0.35   47.31    1.92
      0.83  -29.50   29.87   90.51   -1.08    0.79   39.92    1.41
     47.00  -28.09    0.96   86.74    2.69   49.00    1.00  3
        13  -33.15    0.86   73.34    2.47
    -72.69   -7.07  121.77   51.47    0.40    1.52   48.31    1.86
     36.00  -29.56   -0.59   82.61    3.24   37.00    0.00  3
        17  -37.50   -0.13   67.83    2.66
    -74.45  -10.90   93.79   39.62  -28.96    0.52   47.74    2.58
  41891        156   91.88   24.90    7.00
     61.00  -28.85   -0.47   85.79    1.26   62.00    0.00  3
         2    8.80   -0.54  100.60    1.14
    -25.84   -2.73   68.94   61.69  -10.91    0.24   60.49    0.91
     41.00  -37.25   -0.54   84.81    1.18   41.00    0.00  3
         3   25.74   -0.60  101.47    1.26
    -35.06  -72.94  102.67  117.57  -14.97    0.20   61.27    1.08
     31.00  -26.74   -0.68  101.85    1.42   32.00    0.00  3
         4  -35.78   -0.47  123.85    1.23
    -25.66  -59.35  117.79  158.07   -4.02    0.37   57.57    0.86
     59.00  -37.34   -0.89   95.38    1.58   60.00    0.00  3
         5  -33.06   -1.08  156.09    1.54
     -7.65 -129.88  100.54   45.41  -36.60   -0.01   76.57    1.43
     55.00  -25.87   -1.87   94.39    1.77   56.00    0.00  3
         7  -33.37   -1.50   98.23    1.47
     10.70 -102.84  109.11   70.34  -17.20   -0.80   87.90    1.37
     46.00  -16.11   -1.22   91.45    1.52   46.00    0.00  3
         9  -23.50   -1.28   86.95    1.56
      2.35  -47.10   34.15   63.29  -16.53   -0.56   84.01    1.19
     48.00    1.46   -2.17   94.91    1.93   50.00    1.00  3
        13  -17.43   -1.99  132.55    1.61
     73.13  -35.19   90.81   48.12   -0.59   -1.25   85.56    1.73
  41715        193   68.47   28.30    8.00
    137.00   50.79   -2.49  118.88    1.44  138.00    0.00  3
         1   90.00   -2.33  120.50    1.33
    -77.33   63.48   92.95   75.98   48.87   -2.28  116.22    1.24
    140.00  -73.21   -2.52   68.11    3.98  142.00    0.00  3
         2  -89.73   -1.30   57.50    2.96
   -104.33  -38.28   27.93   91.73  -70.56   -2.25   69.53    3.73
     94.00  -70.42   -1.87   78.24    3.58   94.00    0.00  3
         3  -90.44   -1.06   69.73    2.83
    -80.89  -47.62   48.97   78.24  -60.27   -1.75   84.29    3.41
     57.00  -75.82   -2.84   55.02    4.33   58.00    0.00  3
         4  -82.91   -0.83   55.23    2.87
    -78.55  -58.25   56.32   92.18  -73.50   -2.26   55.17    4.21
    131.00  -60.96   -1.34   97.65    3.03  132.00    0.00  3
         5  -82.20   -0.72   90.21    2.82
    -70.74  -40.93   71.37   95.01  -59.20   -1.00   97.95    2.86
    144.00  -38.09    0.29  104.44    2.37  145.00    0.00  3
         7  -65.80    0.10  115.04    2.64
    -18.66  -81.00   85.30   86.62  -42.55    0.44  105.46    2.33
    129.00  -58.40    6.93  102.87   31.98  130.00    0.00  3
         9  -80.07    2.87  120.85    3.40
    -44.07   17.65  123.65   88.94  -55.79    6.96  100.33   32.02
    109.00  -19.63    0.59  101.67    4.05  110.00    0.00  3
        13  -31.98    0.19  129.29    2.79
     10.23  -71.82  118.41  103.35  -18.71    0.72  102.04    3.98
  41529        199   71.93   34.03    6.00
     58.00   -2.90    0.24   86.33    1.14   59.00    0.00  3
         4  -10.74    0.24   78.52    0.88
     31.45   -5.82  124.38  119.45    5.23    0.46   59.53    0.76
     63.00  -16.89    0.27   83.38    1.39   64.00    0.00  3
         5  -28.07    0.30   71.59    1.13
     25.73   -6.50  117.63   60.07  -13.12    0.37   53.24    0.89
     66.00  -32.51    0.08   89.56    1.52   67.00    0.00  3
         7  -35.89   -0.24  109.19    1.51
     12.93   -8.36  107.59   77.72  -14.84    0.31   62.81    1.31
     61.00  -45.34    1.74   83.09   13.08   62.00    0.00  3
         9  -40.96   -0.17   90.66    1.51
    -26.57    3.08   83.28   88.93  -34.85    2.17   65.63   13.04
     62.00  -39.92   -0.93   73.90    2.19   64.00    1.00  3
        13  -42.78   -1.48   90.68    2.02
    -79.06   31.93   73.83   50.71  -37.12    0.10   63.57    1.52
     41.00  -53.09   -1.71   74.02    2.99   42.00    0.00  3
        15  -52.63   -1.29  107.11    2.72
    -93.61   -1.47   66.44   64.71  -46.37   -0.29   67.95    2.31
  41506        206   71.83   35.85    6.00
     52.00  131.47    4.93   61.20   14.09   53.00    0.00  3
        11  164.05    2.12   20.61    1.66
    160.43  162.78   27.33   23.43  131.47    4.93   61.20   14.09
     58.00    1.80    1.14   72.16    1.76  112.00    0.00  3
        13  -12.70    0.68   46.45    1.74
    -14.67   20.82   13.22   96.55   -3.09    1.11   67.31    1.77
     37.00   28.60    2.53   88.15    2.35   38.00    0.00  3
        15   15.58    2.02  166.54    2.27
    -12.11   27.45   38.94  113.95   36.40    2.42   87.29    2.33
     48.00  -16.89    1.62   67.16    2.45   49.00    0.00  3
        17   -9.74    1.65   44.74    3.06
    -13.77   10.95   47.92   61.77   -0.23    1.58   60.61    2.23
     54.00  -32.05   -0.45   75.57    3.53   93.00    0.00  3
        21  -33.87    0.18   77.96    2.74
     -8.29  -60.26   62.40   72.77  -23.94   -0.20   80.90    3.45
     30.00  -16.51   -6.01   76.09    6.96   31.00    0.00  3
        25  -12.07   -6.39   60.96    7.84
     10.82  -43.43   73.85  101.07  -15.81   -5.94   74.35    7.21
