  48870     109.22   13.77       6
    987.50  962.50    7.06    6.87   -2.97   -0.76   31.42   25.99    4.66    2.41  3
    962.50  937.50   -2.22    2.86   -1.12   -0.25   25.81   11.93    4.30    2.15  3
    912.50  887.50   -5.86   -2.03   -4.97   -3.35   29.52   12.32    5.80    4.09  3
    862.50  837.50   -5.29   -3.28   -0.71   -0.37   33.08   26.88    4.40    3.07  3
    812.50  787.50   -2.19   -2.90    3.19    2.71   31.00   21.76    4.29    3.33  3
    712.50  687.50   18.62   13.07    2.75    2.50   45.71   39.04    5.38    5.41  3
  67027      46.35  -15.67       5
    962.50  937.50   12.81    8.24   -0.43    0.01   46.84   33.02    4.69    3.20  3
    937.50  912.50    7.30    4.43   -0.72   -0.26   43.47   29.56    4.59    2.92  3
    862.50  837.50   13.74    9.80   -0.49    0.05   47.38   40.53    3.88    2.94  3
    812.50  787.50    1.18    0.84   -0.94   -0.42   29.51   24.45    4.31    3.28  3
    712.50  687.50    5.72    7.94    0.48    0.84   40.27   33.35    3.69    2.92  3
  15420      26.21   44.50       4
    987.50  962.50   18.05   12.73    2.68    1.56   36.52   29.61    3.25    1.99  3
    962.50  937.50   -0.17   -0.28    2.40    1.46   35.52   22.27    4.19    2.70  3
    862.50  837.50    1.75   -2.93    1.63    1.16   45.80   28.05    3.10    2.15  3
    712.50  687.50    4.56    2.73    1.79    1.41   36.28   25.87    3.68    2.52  3
  43150      83.30   17.70       5
    937.50  912.50    2.55   -1.84    0.64    0.85   47.80   24.60    3.09    1.73  3
    912.50  887.50   -9.89   -6.48    0.98    1.17   40.41   17.87    3.80    2.10  3
    862.50  837.50    6.86    2.47   -1.40   -0.48   54.53   40.19    3.22    2.19  3
    812.50  787.50    9.74    5.45   -0.92   -0.12   52.68   41.98    3.25    2.26  3
    712.50  687.50    3.86   -2.63    0.53    0.79   44.90   26.57    3.44    2.61  3
  87860     292.55  -45.78       7
    987.50  962.50    2.88    1.92   -1.38   -0.56   23.80   14.53    4.10    1.95  3
    962.50  937.50    2.90    2.79   -0.81    0.03   24.52   14.59    3.84    2.24  3
    937.50  912.50   -2.29    0.35   -0.11    0.31   16.98    7.87    4.51    2.40  3
    862.50  837.50   -3.76   -0.37   -0.61   -0.10   27.88   16.29    3.65    1.77  3
    787.50  762.50   -4.06   -1.00   -0.63   -0.10   19.71   12.46    3.47    1.44  3
    762.50  737.50   -5.16   -3.03   -0.03    0.20   17.42   13.18    3.45    1.78  3
    712.50  687.50   -6.57   -2.72    0.26    0.20   13.07    9.52    3.21    1.87  3
