  0324BRO       20  262.58   25.92    9.00
    223.00   -1.82    1.93   57.11    2.36 2000.00    3.00  3
         8    0.44    1.52   31.91    1.87
     -2.86   -0.57   11.18   23.04   -0.59    1.54   56.77    2.31
    211.00   11.48    2.42   67.80    2.55 1793.00    5.00  3
         9    4.13    1.83   50.16    2.15
     -0.42    5.02   24.33   59.48   11.78    2.13   66.37    2.46
    210.00   16.04    2.82   77.79    2.68 1645.00    4.00  3
        10    4.22    2.18   59.91    2.43
      6.83    2.79   34.02   36.67   15.33    2.62   77.17    2.63
    165.00    9.85    3.15   79.54    2.91 1087.00    1.00  3
        11    1.64    2.88   82.52    2.81
      0.35    1.60   74.31   30.23   11.63    3.05   78.67    2.82
    169.00    9.31    3.68   86.18    3.15 1171.00    3.00  3
        12   19.04    8.09  100.53    7.43
    -16.69   -0.19  174.44   52.48   10.11    3.57   85.05    3.13
    148.00   17.28    3.96   78.38    3.17 1047.00    2.00  3
        13    4.28    3.04   71.83    2.83
    -29.94   19.27   92.91   77.97   17.15    3.81   76.16    3.09
    144.00   11.38    4.64   72.89    3.32  983.00    2.00  3
        15   -0.34    4.06   55.94    3.62
    -27.15    0.70  111.89   41.11   11.74    4.49   69.99    3.26
    124.00   10.48    5.55   65.80    3.72  715.00    1.00  3
        16    0.46    5.53   50.67    4.58
      7.30   -2.75   99.66   16.27   11.31    5.51   61.25    3.75
     62.00   -9.74    2.17   42.58    3.13  377.00    1.00  3
        28   -7.16    4.07   21.30    4.11
    -13.51    1.58   23.12   49.82   -8.17    2.20   33.55    2.95
  0332GRK       26  262.62   30.72    5.00
    156.00   -8.91    2.16   59.67    3.07 1253.00    1.00  3
        11    9.87    1.45   43.48    2.23
      8.39   12.85   19.30   40.54   -8.80    1.99   55.70    2.87
    151.00    4.72    2.09   58.31    2.73 1153.00    2.00  3
        12    4.40    1.61   34.24    1.95
      5.76    8.05   49.78   29.37    3.82    2.02   55.50    2.61
    126.00    3.62    2.19   56.04    2.84  939.00    0.00  3
        13    2.56    1.73   30.79    2.23
      4.02   17.06   18.47   69.03    2.04    2.04   54.02    2.70
    122.00    3.59    3.16   61.85    2.86  905.00    0.00  3
        15   -1.31    2.60   26.86    2.64
      8.78   -3.09   28.76   23.43    3.03    3.10   55.91    2.76
    108.00   -2.63    4.46   60.86    3.48  772.00    0.00  3
        16   -4.20    3.77   31.56    3.30
    -11.02   -9.94   30.06   35.29   -1.31    4.34   56.38    3.45
  0333CLX       27  278.96   32.66    4.00
    187.00   -8.39    3.07   53.89    2.91 1501.00    2.00  3
        11   -6.69    2.30   44.44    2.26
     -1.55   -5.75   21.29   40.91   -7.95    2.86   48.10    2.84
    179.00   -8.95    3.60   60.41    3.32 1211.00    2.00  3
        12   -7.71    2.97   36.54    3.39
     -1.29   -7.66   11.56   38.92   -9.09    3.42   52.72    3.23
     72.00    3.46    3.06   58.97    3.09  468.00    5.00  3
        13    5.03    2.44   22.84    2.46
      8.22    5.89   41.85   22.98   -0.07    2.82   46.66    2.97
     96.00  -10.52    3.83   54.87    3.40  490.00    0.00  3
        14   -6.94    3.18   32.86    3.15
    -12.37   -6.20   32.34   26.76   -7.73    3.71   51.26    3.35
  0343CRP       37  262.49   27.78    7.00
    180.00  -37.72    2.13   62.25    2.83 1448.00    6.00  3
        11  -30.06    1.98   57.62    2.49
    -64.73  -18.15   87.27   57.75  -35.47    2.02   60.25    2.76
    193.00  -34.86    2.44   62.08    2.83 1533.00    5.00  3
        12  -23.34    1.95   61.25    2.38
    -70.94  -15.67   94.84   45.18  -33.56    2.30   59.00    2.86
    156.00  -28.01    2.74   60.69    2.92 1203.00   11.00  3
        13  -15.76    2.39   55.82    2.35
    -81.36  -13.76   70.37   32.53  -26.54    2.57   58.38    2.83
     61.00  -49.06    3.76   61.62    3.26  432.00    1.00  3
        14  -52.07    3.65   43.31    3.38
    -61.15  -45.33   51.46   60.24  -45.80    4.00   57.94    3.15
    159.00  -18.20    3.16   62.11    3.11 1143.00    5.00  3
        15  -13.36    2.81   47.36    2.68
    -64.38  -13.52   43.09   40.01  -16.86    3.09   59.69    2.97
    133.00  -16.04    3.64   50.30    3.05  893.00    1.00  3
        16  -23.21    3.26   39.81    2.99
    -39.71   -4.12   47.87   51.25  -14.74    3.72   46.61    2.91
     84.00  -11.06    2.25   40.02    3.44  510.00    0.00  3
        28   -2.86    2.11   24.89    3.62
     -6.35   -6.00   44.20   20.51   -5.63    2.23   26.55    3.07
  0345FWS       39  262.70   32.57    6.00
    196.00    1.47    2.18   51.96    2.69 1733.00    4.00  3
        11    7.97    2.17   30.86    2.28
     20.18   12.44   31.26   19.35    1.90    2.09   49.70    2.53
    182.00    9.22    2.66   56.83    2.76 1502.00    3.00  3
        12   10.07    2.29   32.87    2.54
     22.59   23.14   23.01   37.16    8.43    2.54   54.74    2.62
    163.00    1.84    2.39   60.90    2.73 1329.00    1.00  3
        13    5.47    2.06   40.09    2.39
     17.81    9.91   19.59   25.51    0.46    2.29   58.40    2.66
     61.00    7.53    3.02   56.32    3.32  512.00    0.00  3
        14   15.33    2.89   48.62    3.16
      6.55  -13.99   21.46   77.04    9.20    3.07   55.48    3.20
    162.00   -5.30    2.63   60.05    2.88 1246.00    0.00  3
        15   -0.91    2.23   35.96    2.46
      7.36   -1.18   17.86   37.69   -4.00    2.59   56.37    2.78
    145.00   -3.86    3.24   55.84    3.10 1098.00    1.00  3
        16  101.44    2.96  155.28    2.86
      5.34   10.51   19.01   66.40   -2.53    3.16   50.88    2.97
  0393YUX       80  245.34   32.50    6.00
    215.00   46.76    2.81   52.18    2.87 1975.00   98.00  3
         9   36.14    2.42   53.41    2.71
    100.67   23.03   72.42   30.36   36.92    2.73   47.19    2.64
    187.00   51.17    2.55   56.54    3.41 1671.00   43.00  3
        10   48.44    2.15   58.32    3.16
    104.42   22.69   75.31   60.51   44.46    2.54   50.47    3.20
    156.00   48.32    2.88   64.92    3.53 1227.00   45.00  3
        11   39.02    2.29   75.14    3.60
    108.28   19.09   78.59   37.02   40.79    2.93   56.16    3.39
    178.00   48.38    2.96   63.29    3.81 1320.00   30.00  3
        12   38.10    2.37   62.91    3.64
     89.45    5.65  106.78   40.10   45.14    2.98   56.79    3.54
    176.00   47.71    1.42   60.45    4.32 1401.00   27.00  3
        13   44.45    1.10   58.90    4.43
    127.61   20.22   55.69   47.69   43.98    1.50   55.68    4.16
    133.00   46.43    0.33   62.26    5.83  810.00   11.00  3
        15   43.81   -0.52   58.81    6.22
     66.98   20.67   88.48   24.07   43.25    0.34   60.08    5.71
  0394DFX       81  259.72   29.27    4.00
    182.00   -3.11    2.30   52.31    2.90 1494.00    3.00  3
        13    1.51    2.22   28.11    2.83
      1.54    4.07   21.02   38.65   -5.87    2.09   45.58    2.63
    179.00   -3.88    2.84   60.02    2.77 1429.00    2.00  3
        15   -5.33    5.95   35.77    4.98
     -1.32   -4.13   29.32  120.01   -3.38    2.63   54.85    2.67
    150.00   -5.48    3.47   56.63    2.84 1079.00    3.00  3
        16  -13.65    2.86   38.63    2.55
    -15.26    4.40   29.70   81.82   -3.37    3.28   53.26    2.84
    121.00  -12.97    3.09   45.02    2.63  806.00    2.00  3
        18   -9.79    2.83   27.99    2.30
    -11.81   -4.64   25.11   15.20   -8.94    2.71   40.69    2.63
  0500MAX       87  237.28   42.08    6.00
    229.00  -14.31    2.80   64.55    2.89 2643.00  139.00  3
         7  -24.54    2.54   59.50    2.97
    -42.29    3.24   62.00   30.41  -11.49    2.85   51.96    2.47
    191.00   -4.88   -1.99   45.55    4.66 1000.00    9.00  3
        17   -3.52   -1.48   25.18    4.42
     -4.12   -1.34   20.66   16.33   -4.53   -1.45   46.13    4.38
    154.00  -15.24   -3.62   47.66    5.35  803.00   23.00  3
        18   -9.15   -1.23   29.65    4.65
    -11.56   -2.85   24.83   11.30  -13.06   -3.03   46.17    5.09
    176.00  -19.24   -6.79   63.26    6.21  876.00   49.00  3
        20  -14.73   -6.84   55.48    7.14
     -6.42    1.14   41.45   11.49  -18.59   -6.16   61.86    6.27
     69.00  -16.76   -3.06   58.49    5.31  382.00    2.00  3
        21   -6.28   -1.76   22.98    4.40
    -11.34   -5.16   45.87   10.91  -16.82   -2.30   59.17    4.93
    143.00  -36.01   -8.19   57.97    6.44  695.00   30.00  3
        22  -33.05   -6.46   48.51    7.04
    -19.83   -1.87   56.10    8.43  -36.49   -7.55   58.09    6.56
  0502JUA       89  293.92   18.12    4.00
     77.00   10.52    0.25   52.13    2.99  291.00    1.00  3
        21    1.48    0.23   25.28    2.36
      7.30   -3.01   43.77   22.38   15.32    0.33   50.42    2.75
    110.00   -0.45    1.55   41.04    2.38  668.00    2.00  3
        25   -1.65    1.20   33.87    1.98
     -5.79   -6.52   49.67   26.73    0.46    1.47   41.43    2.15
    123.00    2.16   -0.02   51.34    3.32  658.00    1.00  3
        28    2.41    0.80   30.28    3.51
     10.97   -1.76   71.12   23.13    5.95    0.08   45.43    3.19
     92.00  -11.62   -0.30   44.45    4.80  431.00    1.00  3
        31   -5.06   -1.32   22.41    3.66
    -15.52    0.83   28.86   20.57  -10.38   -0.29   43.41    4.51
  0508MSX       94  246.01   47.04    5.00
     84.00   16.45    3.77   56.83    3.86  868.00    8.00  3
         9   23.91    2.72   62.82    3.96
      0.11   50.04   34.96   74.38   13.29    3.55   50.35    3.53
    154.00  -52.97   -6.71   54.64    6.83 1371.00   27.00  3
        19  -41.25   -1.49   61.66    7.93
     -8.46  -15.39   32.78   27.53  -52.13   -6.10   54.99    6.79
    126.00  -77.80   -8.49   60.63    8.51 1046.00   43.00  3
        20  -88.02   -4.92   82.92    8.41
   -104.12  -98.45   65.66   67.85  -75.29   -7.98   61.98    8.52
     79.00  -47.73   -5.87   55.28    6.91  681.00   15.00  3
        21  -20.97   -4.16   34.35    5.70
    -14.84   -5.14   23.85   13.00  -47.80   -5.09   55.85    6.85
    143.00  -45.36   -6.11   63.72    8.07  876.00    6.00  3
        22   -8.46   -2.43   19.67    4.61
    -28.10   -1.43   65.72    7.01  -43.43   -5.61   63.51    8.07
  0539EWX      122  261.97   29.70    7.00
    218.00  -26.40    1.96   55.08    2.61 2081.00    4.00  3
        10  -16.84    1.51   45.05    2.23
     -6.07  -10.47   32.44   41.33  -22.80    1.68   54.38    2.61
    184.00  -24.47    1.88   58.29    2.77 1517.00    1.00  3
        11  -14.68    1.84   46.32    2.64
     -2.79  -15.17   33.77   45.99  -21.94    1.74   57.40    2.73
    190.00  -24.10    2.30   58.39    2.64 1577.00    1.00  3
        12   -4.66    1.86   46.49    2.25
     -6.24  -10.93   49.87   44.47  -21.63    2.17   55.81    2.66
    161.00  -17.11    2.35   52.81    2.92 1296.00    2.00  3
        13   -9.48    2.20   42.22    2.65
     -6.50   -3.79   49.46   37.21  -14.69    2.24   52.16    2.91
     60.00  -33.96    3.02   67.22    3.51  461.00    1.00  3
        14  -43.23    2.61   45.13    3.73
    -43.95  -39.59   67.57   62.29  -29.32    3.11   61.53    3.44
    166.00  -12.48    2.92   61.88    2.94 1279.00    2.00  3
        15   -6.26    2.55   39.47    2.76
      1.99   -8.55   29.85   96.58  -11.55    2.81   59.08    2.80
    156.00  -18.47    3.64   61.33    3.00 1114.00    2.00  3
        16  -13.74    2.98   39.02    3.16
      1.62  -16.17   51.84   84.18  -16.99    3.49   59.07    3.02
  0540NKX      123  242.96   32.92    7.00
    207.00   56.72    4.25   53.70    2.84 2270.00  105.00  3
         4   55.24    2.99   65.79    2.79
     27.60   41.66   50.14   44.65   60.17    4.05   54.25    2.90
    231.00   53.31    4.04   43.69    3.28 2548.00   93.00  3
         6   45.22    3.83   45.74    3.94
     42.19   45.66   48.99   38.21   49.55    4.13   47.63    3.22
    230.00   48.85    4.38   44.55    3.25 2397.00   79.00  3
         7   42.87    4.25   40.58    4.27
     26.69   42.15   41.62   33.26   42.97    4.54   44.56    3.16
    191.00   47.72    4.24   49.29    3.37 1598.00   35.00  3
         9   44.30    5.85   45.86    3.95
     61.75   39.02   76.78   35.26   46.38    4.25   47.72    3.36
    136.00   50.31    5.18   52.83    3.44 1023.00   33.00  3
        10   35.07    5.55   52.08    3.55
     76.59   23.27   86.13   62.11   48.65    5.14   52.33    3.33
    141.00   48.59    4.43   52.24    3.37  927.00   30.00  3
        11   35.65    4.59   52.35    4.22
     83.11   16.37   47.55   29.85   45.54    4.37   49.30    3.29
     88.00   31.53    5.00   51.53    3.77  479.00   10.00  3
        14   22.41    6.18   32.60    3.77
     22.44   13.69   50.71   36.10   26.35    5.00   48.58    3.47
  0574SOX      149  242.36   33.82    7.00
    134.00   73.60    7.36   57.69    3.21 1033.00  376.00  3
         4   82.30    7.21   53.96    3.67
     84.24   87.57   56.59   65.35   71.98    7.28   60.51    3.19
    111.00   39.07    6.73   57.40    2.93  778.00   94.00  3
        10   28.37    6.72   53.81    2.83
     73.51   18.92   87.47   47.89   40.30    6.58   56.10    2.90
    128.00   40.60    5.92   57.00    3.13  809.00   59.00  3
        11   33.01    6.16   49.34    3.43
     86.76   20.41   30.48   34.56   42.29    5.75   55.97    3.24
    142.00   44.90    5.50   51.09    2.98  927.00   44.00  3
        12   30.29    5.37   40.82    3.27
     89.79   15.09   55.58   26.10   46.56    5.39   49.18    2.98
    147.00   36.10    4.60   58.03    3.46  984.00   24.00  3
        13   23.08    4.36   51.48    3.78
     63.90    5.41   69.20   21.00   38.31    4.42   57.80    3.45
    106.00   14.98    4.79   56.79    3.46  521.00   21.00  3
        15   10.56    5.11   37.79    3.47
     20.42    5.75   56.51   21.83   14.56    4.73   53.80    3.33
     78.00  -49.38   -3.20   78.44    5.42  153.00    9.00  3
        20  -72.35    0.92   70.47    6.59
    -50.02  -75.42   61.61   69.54  -55.33   -3.27   76.02    5.45
  0394DFX       81  259.72   29.27    4.00
      0.00 -999.00 -999.00 -999.00 -999.00  222.00  222.00  1
        33 -999.00 -999.00 -999.00 -999.00
   -999.00 -999.00 -999.00 -999.00 -999.00 -999.00 -999.00 -999.00
      0.00 -999.00 -999.00 -999.00 -999.00   90.00   90.00  1
        34 -999.00 -999.00 -999.00 -999.00
   -999.00 -999.00 -999.00 -999.00 -999.00 -999.00 -999.00 -999.00
      0.00 -999.00 -999.00 -999.00 -999.00    7.00    7.00  1
        35 -999.00 -999.00 -999.00 -999.00
   -999.00 -999.00 -999.00 -999.00 -999.00 -999.00 -999.00 -999.00
      0.00 -999.00 -999.00 -999.00 -999.00    8.00    8.00  1
        36 -999.00 -999.00 -999.00 -999.00
   -999.00 -999.00 -999.00 -999.00 -999.00 -999.00 -999.00 -999.00
