  04270     314.58   61.18       7
    987.50  962.50    5.07   -1.09    4.86    4.15   43.18   40.33    4.74    4.64  3
    887.50  862.50    2.42    5.88    0.51    0.70   56.81   27.86    3.79    2.55  3
    862.50  837.50   -2.94    2.73   -0.13    0.13   57.26   46.76    3.17    1.74  3
    837.50  812.50  -10.14   -6.93   -0.46   -0.11   36.41   34.47    4.08    2.12  3
    812.50  787.50   -8.26   -4.35   -0.88   -0.34   44.74   39.80    3.57    1.94  3
    787.50  762.50    6.96    3.58   -1.51   -0.67   23.71   18.07    3.49    1.97  3
    762.50  737.50   -1.36   -1.85   -0.16    0.45   25.21   18.52    3.83    2.76  3
  27459      44.00   56.27       4
   1200.00  987.50    1.76    2.12   -3.46   -2.54   46.84   44.74    2.44    1.97  3
    987.50  962.50    0.18   -1.25   -1.95   -0.77   20.78   18.13    3.42    2.78  3
    287.50  262.50   -4.46   -5.28    2.79    2.63   16.02   15.28    5.70    5.61  3
    187.50  162.50   -0.75   -0.25    1.30    1.34   14.01   14.37    5.29    4.88  3
  28445      61.07   56.73       4
    862.50  837.50   -1.24    1.12    1.06    0.85   23.71   14.28    4.40    4.17  3
    837.50  812.50   -2.32   -0.26    1.25    1.05   20.30   16.87    4.50    4.23  3
    787.50  762.50    0.38    3.85    0.25    0.17   23.19   20.76    4.26    4.03  3
    762.50  737.50   -8.77   -7.85    0.42    0.31   32.19   30.03    3.43    2.90  3
  31977     132.05   43.27       4
    462.50  437.50   -3.33   -1.37    1.19    1.07   22.53   10.36    4.45    3.51  3
    412.50  387.50    2.42    2.73   -0.49   -0.36   12.02   10.89    4.53    3.62  3
    362.50  337.50   -0.54    2.67   -1.24   -1.09   15.11   15.99    6.50    6.11  3
    312.50  287.50    0.61    0.95   -0.64   -0.70    7.73    7.27    4.36    4.18  3
  32098     143.10   49.22      11
    987.50  962.50  -12.27   -3.75   -0.50    0.10   37.73   24.52    3.29    2.26  3
    962.50  937.50   -1.03    2.88    0.79    0.96   38.62   27.11    3.84    2.21  3
    937.50  912.50   -2.38   -1.26    0.33    0.47   36.84   26.70    3.02    1.85  3
    837.50  812.50    2.71   -0.81    0.58    0.82   34.49   22.93    3.61    2.70  3
    537.50  512.50    0.22    0.27   -0.03   -0.11   16.99   12.88    4.09    3.18  3
    312.50  287.50    1.25   -0.01   -0.39   -0.68    8.06    5.98    5.39    4.26  3
    287.50  262.50    0.61   -0.76   -0.92   -0.95    8.41    6.34    9.52    8.89  3
    262.50  237.50    0.77    0.04   -0.59   -0.76    6.90    5.51    8.15    7.54  3
    212.50  187.50   -0.90   -0.82   -0.38   -0.62    6.99    5.97    8.15    7.96  3
    187.50  162.50   -1.00   -0.82    0.65    0.32    8.86    8.03    7.47    6.79  3
    162.50  137.50   -0.75   -0.60    0.74    0.43    6.12    5.76    5.16    4.69  3
  32215     156.23   50.70       9
    962.50  937.50    0.10    4.63   -1.78   -0.77   32.67   14.57    4.17    2.53  3
    937.50  912.50   -3.48    0.46   -1.45   -0.52   34.24   21.63    3.77    2.18  3
    912.50  887.50   -1.86    1.39   -1.00    0.14   28.64   20.69    3.54    2.28  3
    862.50  837.50    3.27    2.31   -0.11    0.26   28.44   15.75    3.03    2.05  3
    787.50  762.50   -6.15   -1.71   -0.29    0.08   37.91   22.62    3.47    2.19  3
    662.50  637.50   -4.55   -1.83    0.00    0.52   24.71   11.96    3.45    2.17  3
    362.50  337.50   -1.77   -0.20    1.67    2.11   12.03   11.53    9.78   10.14  3
    237.50  212.50   -1.93   -1.23    0.86    0.50    8.42    5.98    5.10    3.47  3
    137.50  112.50   -0.40    0.37   -1.32   -1.15    9.69    8.66    4.49    3.93  3
  32389     160.83   56.32       5
    862.50  837.50   -4.04   -0.30    1.54    0.81   47.40   29.56    3.09    2.06  3
    837.50  812.50   -0.54    2.45    1.49    0.97   49.91   35.06    3.64    2.31  3
    612.50  587.50    7.23    3.01    0.67    0.63   23.02   18.72    3.91    3.18  3
    562.50  537.50   -3.17   -3.67    0.86    0.80   26.41   22.02    5.22    5.44  3
    537.50  512.50    2.30    2.90    0.97    0.98   31.67   25.90    5.60    4.85  3
  32540     158.72   53.02       4
   1200.00  987.50   15.37   15.74   -1.43   -1.20   62.16   57.38    2.76    2.28  3
    937.50  912.50   -0.49   -1.28    0.01    0.37   40.93   27.41    3.32    1.91  3
    912.50  887.50    9.54    2.24    0.03    0.46   30.57   21.07    4.00    1.98  3
    387.50  362.50    6.13    2.41   -1.32   -1.02   18.85   17.16    6.61    6.18  3
  36003      76.95   52.28      13
    962.50  937.50   -0.49    3.26    0.77    0.78   42.50   16.06    3.30    1.88  3
    937.50  912.50    2.90    2.17    0.78    0.66   37.41   18.86    3.86    3.33  3
    862.50  837.50    5.72    3.72    0.58    0.33   38.80   23.89    3.02    2.42  3
    837.50  812.50   10.68    7.52    0.76    0.51   46.21   28.91    3.79    3.50  3
    812.50  787.50    8.53   10.72    0.93    0.88   37.41   37.12    3.56    3.23  3
    787.50  762.50    8.26    3.43    1.22    0.68   34.32   17.59    4.53    3.79  3
    687.50  662.50    1.23    2.11    0.21    0.15   34.15   23.85    3.76    3.28  3
    412.50  387.50    4.16    3.27    0.75    0.42   23.74   18.53    3.70    2.44  3
    387.50  362.50    4.09   -1.12   -0.31   -0.28   27.22   12.27    5.15    3.27  3
    362.50  337.50    1.49    2.44    0.40    0.51   16.28   11.35    4.95    2.86  3
    312.50  287.50    1.01    2.47    0.38    0.21   27.54   18.93    4.26    2.82  3
    262.50  237.50    2.52    2.19    0.28    0.10   25.90   21.57    4.62    3.65  3
    237.50  212.50    3.90    3.88    0.81    0.80   28.09   25.31    5.43    4.31  3
  37259      47.48   43.01       6
    987.50  962.50   -6.94   -5.23    1.66    1.52   50.62   28.79    3.46    2.60  3
    937.50  912.50    9.16    1.33    1.10    0.85   39.22   25.75    5.22    4.82  3
    687.50  662.50    3.94   -3.79    2.47    1.93   36.16   27.94    4.34    4.10  3
    662.50  637.50    5.68    0.56    2.08    1.76   41.66   34.32    5.82    5.30  3
    637.50  612.50   -4.11   -7.00    2.63    2.15   49.32   41.79    4.22    3.76  3
    612.50  587.50   -2.32   -4.71    1.62    1.37   40.29   35.32    3.89    3.36  3
  38064      65.52   44.77       6
    987.50  962.50    3.50   -0.45   -0.16    0.22   26.73   18.22    3.43    2.51  3
    962.50  937.50    3.55    1.20    1.87    1.65   18.87   10.55    3.66    2.41  3
    937.50  912.50   -1.29   -2.36    1.25    1.18   21.88   12.35    3.47    2.66  3
    837.50  812.50    0.63    2.01    0.73    0.74   35.98   30.32    4.40    3.89  3
    812.50  787.50    0.24    5.33    0.62    0.62   41.78   35.48    3.95    3.60  3
    312.50  287.50    1.49   -0.28    0.07    0.34   13.52    9.10    4.86    4.04  3
  38341      71.23   42.51       9
    662.50  637.50    5.18    2.28    4.49    4.33   40.53   37.99    4.05    4.05  3
    587.50  562.50    0.80    2.33    2.53    2.43   31.66   31.07    4.03    4.07  3
    312.50  287.50   -0.53   -0.61    0.89    0.93   22.89   22.42    5.76    5.76  3
    287.50  262.50    1.21    1.33    0.22    0.21   27.14   27.19    5.13    4.97  3
    262.50  237.50    1.24    1.04    0.68    0.70   19.54   18.80    4.48    4.41  3
    237.50  212.50    1.14    1.17    1.09    1.00   13.64   10.65    5.18    5.28  3
    212.50  187.50    1.28    0.68    0.55    0.36   12.33   12.07    4.53    4.64  3
    162.50  137.50    2.41    2.05   -0.25   -0.64    8.03    8.39    5.27    5.37  3
    137.50  112.50    2.14    1.86   -0.20   -0.73    8.50    8.41    6.03    6.09  3
  44373     104.42   43.58      14
    612.50  587.50   -4.08   -6.00    0.54    0.57   29.89   29.91    3.61    2.26  3
    487.50  462.50   -5.80   -7.26    0.27   -0.05   31.33   29.72    5.06    3.76  3
    462.50  437.50   -4.38   -3.46   -0.91   -0.71   30.25   29.23    6.43    5.16  3
    437.50  412.50  -12.61  -10.75    0.76    1.08   34.84   33.45    8.03    7.61  3
    412.50  387.50   -5.20   -3.67   -0.75   -0.74   19.42   18.31    5.12    4.68  3
    387.50  362.50   -7.89   -5.49    1.42    1.57   37.57   36.63    4.98    4.70  3
    362.50  337.50   -6.70   -6.31   -1.71   -1.93   37.39   37.08    7.91    7.89  3
    337.50  312.50  -10.67  -11.74   -0.37   -0.38   38.96   39.12    9.96    9.68  3
    312.50  287.50   -3.02   -2.42   -0.82   -0.63   28.10   27.52    8.62    8.39  3
    262.50  237.50   -5.27   -4.74   -2.25   -2.02   32.68   32.75    9.51    9.32  3
    212.50  187.50   -3.11   -2.68   -1.60   -1.50   22.28   22.40    9.30    9.48  3
    187.50  162.50   -3.19   -3.09   -1.84   -1.74   23.16   23.21   11.36   11.57  3
    162.50  137.50   -2.58   -2.08   -1.41   -1.58   14.02   13.98    9.68    9.78  3
    137.50  112.50   -3.96   -3.71   -1.40   -1.81   21.27   21.16   10.40   10.45  3
  47169     125.45   34.69       5
   1200.00  987.50    3.03    7.39   -2.45   -1.63   37.25   31.64    2.50    1.93  3
    987.50  962.50   -9.83   -4.61   -0.42    0.27   35.77   24.81    3.77    2.37  3
    737.50  712.50    3.71    7.88    0.28    0.48   36.39   33.65    3.58    1.58  3
    637.50  612.50    0.58    1.33    0.03    0.41   14.33   11.93    4.39    2.13  3
    612.50  587.50   -3.47   -3.24    0.72    0.83   13.36   13.94    3.79    2.05  3
  47186     126.68   33.33       4
   1200.00  987.50   -8.18   -9.55   -2.80   -1.67   43.79   36.86    3.25    2.87  3
    987.50  962.50    2.70    3.78   -2.90   -1.20   51.26   47.61    3.54    3.06  3
    962.50  937.50  -18.09  -16.16    0.41    1.76   35.23   26.53    3.74    2.87  3
    612.50  587.50   -0.65   -0.44    0.75    0.69   20.11   13.82    3.64    2.97  3
  47600     136.90   37.38       5
    962.50  937.50   11.43    1.89    0.01    0.14   37.90   22.91    3.42    1.58  3
    937.50  912.50   10.15    0.40    0.45    0.29   35.02   20.97    3.04    1.47  3
    737.50  712.50   -2.07   -1.94    1.48    1.09   33.61   18.02    3.43    2.05  3
    712.50  687.50    4.25    1.54    0.47    0.33   22.60   16.93    3.25    2.02  3
    662.50  637.50    0.06   -4.01    0.10    0.31   37.78   30.85    3.52    2.17  3
  68994      37.87  -46.88      11
   1200.00  987.50    3.78    0.38   -2.43   -1.18   36.10   33.10    3.32    2.06  3
    987.50  962.50    0.57   -2.03   -2.46   -1.19   34.38   31.31    4.16    1.99  3
    962.50  937.50    2.56   -0.65   -1.75   -0.52   28.96   23.53    3.93    1.95  3
    937.50  912.50    1.42    0.02   -1.10   -0.22   21.48   18.73    4.40    1.76  3
    912.50  887.50    1.25   -0.13   -0.84   -0.04   16.72   14.20    4.11    1.74  3
    887.50  862.50   -4.85   -5.47   -1.55   -0.66   17.33   15.25    4.67    2.03  3
    862.50  837.50    0.69   -0.55   -0.30    0.09    9.67    6.13    3.88    1.80  3
    812.50  787.50    1.50    1.36   -1.16   -0.19    9.27    7.23    3.46    2.03  3
    762.50  737.50   -1.64   -1.18   -0.16    0.03   13.43    9.57    3.49    1.56  3
    737.50  712.50   -1.57   -0.27   -0.91   -0.32   17.24   13.09    4.19    1.80  3
    712.50  687.50   -1.78   -1.23   -0.23   -0.05   13.47   10.14    3.27    1.54  3
  70316     197.28   55.20       8
   1200.00  987.50    1.23   -4.29    3.43    3.11   33.80   31.86    2.87    3.02  3
    987.50  962.50    2.03   -1.95    3.36    3.06   37.54   37.79    4.09    3.59  3
    962.50  937.50    4.70    0.90    1.34    1.04   17.33   17.39    3.88    2.82  3
    937.50  912.50    5.68    2.60    0.94    0.65   15.68   13.18    3.87    2.59  3
    912.50  887.50    3.79    0.26    0.81    0.27   17.62   12.22    3.41    2.30  3
    887.50  862.50    5.04    2.16    0.11    0.05   18.36   13.24    3.55    2.07  3
    862.50  837.50    2.11   -0.50   -0.12   -0.22   18.44   13.22    3.25    1.91  3
    637.50  612.50    2.49    0.17    0.47    0.18   20.53   12.07    3.62    1.95  3
  83768     308.87  -23.33       5
    737.50  712.50    7.45    2.99    1.32    0.79   22.03   12.96    3.67    2.03  3
    562.50  537.50   -6.59   -0.65    1.32    1.22   20.54   16.09    3.92    1.67  3
    237.50  212.50   -3.70   -3.05    1.38    1.19   10.35    7.37    6.40    4.43  3
    212.50  187.50   -2.31   -2.08    0.71    0.46    8.99    6.41    4.49    2.97  3
    187.50  162.50    0.39    0.89    2.29    1.68   10.92    8.26    4.96    3.32  3
  83899     311.45  -27.67       4
    612.50  587.50    1.53   -0.17    0.51    0.47   19.98   12.35    3.51    1.99  3
    562.50  537.50    0.59    0.09    0.92    0.55   20.70   14.47    3.93    2.47  3
    237.50  212.50   -2.23   -0.34    1.09    0.88    8.04    5.88    4.90    3.99  3
    187.50  162.50   -1.77   -0.65    2.65    1.83    9.24    6.53    4.89    3.41  3
  83928     302.97  -29.78       6
    687.50  662.50   -6.73   -5.49    1.05    0.50   41.76   30.17    4.28    1.84  3
    612.50  587.50   -1.12    2.10    0.73    0.63   28.11   11.87    3.53    2.03  3
    537.50  512.50   -3.39   -2.68    0.76    0.59   17.09   12.49    4.10    2.65  3
    337.50  312.50    3.32    1.75    0.39   -0.07   18.90   19.65    5.42    3.06  3
    312.50  287.50    0.61    0.06    0.86    0.38   10.22    5.75    4.87    2.75  3
    287.50  262.50   -0.22   -0.11    0.91    0.50   14.37    8.36    5.27    3.06  3
  83937     306.32  -29.70       7
    937.50  912.50   -4.79   -1.21    0.16    0.08   33.55   12.36    3.03    1.74  3
    662.50  637.50   -6.78   -2.20    1.07    0.37   22.25   12.55    3.50    1.75  3
    612.50  587.50   -5.49   -3.93    0.71    0.46   26.17   17.56    3.58    1.80  3
    562.50  537.50    2.34    1.85    0.11    0.12   19.55   13.20    3.91    1.92  3
    287.50  262.50    0.17    0.55    0.80    0.39   23.77   15.11    5.00    2.39  3
    237.50  212.50   -1.89   -0.48    1.58    0.83   14.72    6.20    6.01    3.45  3
    212.50  187.50   -1.72   -1.25    1.23    0.15   13.60    6.49    4.86    2.83  3
  83971     308.82  -30.00      11
    812.50  787.50    0.44    2.40    0.70    0.45   35.30   31.11    3.40    1.78  3
    712.50  687.50   -2.85   -0.72    0.76    0.36   29.27   18.15    3.41    1.58  3
    637.50  612.50   -4.60   -3.88    0.28    0.22   25.29   13.36    3.80    1.97  3
    612.50  587.50   -5.36   -2.96    0.85    0.70   29.33   13.13    3.70    2.09  3
    462.50  437.50    0.28   -0.77   -0.20    0.04   11.55    8.94    4.19    2.13  3
    312.50  287.50   -1.18   -0.56    1.15    0.71   10.91    9.81    4.30    2.54  3
    287.50  262.50   -6.43   -4.55    0.74    0.61   12.29    9.13    5.48    3.26  3
    262.50  237.50   -2.46   -1.88    0.79    0.27   12.51    9.52    4.46    2.98  3
    237.50  212.50   -2.42   -1.56    1.46    0.82    9.76    8.12    5.81    3.89  3
    212.50  187.50   -1.00   -0.66    2.17    1.15    7.83    6.28    4.51    2.63  3
    187.50  162.50    0.05    0.04    1.74    0.98    7.74    6.04    4.90    3.40  3
  85586     288.38  -33.65       5
    987.50  962.50   -3.49   -1.34    0.26    0.07   35.18   35.03    3.38    2.13  3
    937.50  912.50    2.56   -1.85    0.99    0.39   43.60   23.31    3.05    1.86  3
    862.50  837.50   24.47    7.23    1.05    0.86   59.64   47.60    3.17    1.70  3
    712.50  687.50  -19.15   -4.89   -0.91   -0.03   37.66   28.86    3.20    1.79  3
    487.50  462.50   -0.04    0.50    1.58    0.90   14.01   10.64    4.05    2.73  3
  87155     300.95  -27.45       5
    987.50  962.50    3.45    0.78    1.39    0.43   21.75   11.83    3.54    2.47  3
    862.50  837.50   -4.79   -0.99    0.89    0.36   40.24   26.60    3.35    1.40  3
    237.50  212.50    0.17    0.08    1.53    0.99   10.91    7.56    5.08    3.10  3
    212.50  187.50    0.30    0.36    1.11    0.60    8.13    5.45    4.52    2.93  3
    137.50  112.50    0.84    0.39   -0.29   -0.12    8.56    7.59    4.54    3.28  3
  87344     295.79  -31.31       5
    762.50  737.50  -11.22   -6.32    1.80    0.70   41.36   19.49    3.47    2.17  3
    712.50  687.50    0.12    2.94    1.05    0.33   39.05   26.53    3.60    1.95  3
    687.50  662.50   -5.31   -1.53    0.62    0.19   29.35   22.38    4.25    2.43  3
    662.50  637.50   -0.19   -1.79    0.53    0.24   26.58   23.41    3.56    2.33  3
    637.50  612.50  -11.01   -9.07    1.06    0.64   33.89   26.85    4.17    2.71  3
  87418     291.22  -32.83       6
    587.50  562.50    5.82    3.82   -1.52   -1.09   17.47   17.06    5.35    3.40  3
    512.50  487.50   -1.48   -2.41    1.08    0.63   11.73   11.28    4.03    2.72  3
    312.50  287.50    1.11    0.87    0.53   -0.08    9.47    6.12    4.46    2.85  3
    262.50  237.50    0.83    1.15    0.80    0.19    7.51    5.65    5.62    3.25  3
    237.50  212.50   -2.91   -2.17    3.02    2.11   11.71   11.19    6.99    4.56  3
    187.50  162.50    1.97    2.14    1.59    1.19    8.94    7.46    5.49    4.19  3
  87623     295.73  -36.57       4
    762.50  737.50    8.94    4.18    0.64    0.20   30.01   13.55    3.50    1.51  3
    737.50  712.50    2.47    0.14    0.81    0.14   23.31   15.66    3.46    1.98  3
    637.50  612.50    2.01    3.49   -0.39   -0.07   31.55   18.20    4.04    1.77  3
    537.50  512.50    2.15    1.07   -0.26   -0.20   17.50   11.74    3.95    2.91  3
  94998     158.95  -54.50       6
    662.50  637.50    0.12    0.67    0.26   -0.03    8.59    5.96    3.44    2.09  3
    612.50  587.50    0.47    0.91    0.27    0.20    8.72    6.37    3.50    2.13  3
    537.50  512.50   -0.22    1.11   -0.39   -0.56    7.90    5.83    3.98    2.52  3
    512.50  487.50   -0.69   -0.06    0.42    0.15    7.06    4.91    3.49    2.08  3
    387.50  362.50   -4.35   -2.54    0.19    0.34    7.92    5.69    4.71    3.01  3
    362.50  337.50   -0.23    0.57    1.02    0.61    8.49    5.92    5.29    2.93  3
  42182      77.20   28.58       8
    412.50  387.50   -0.22   -3.23   -3.42   -1.98   30.80   24.25    3.64    2.31  3
    337.50  312.50   -1.23   -0.93   -4.83   -2.91   37.17   27.44    4.80    3.10  3
    312.50  287.50    3.45    1.60   -5.36   -3.18   37.40   30.53    5.23    3.60  3
    262.50  237.50    4.85    2.53   -6.59   -4.12   33.32   24.14    5.98    4.63  3
    237.50  212.50    0.89    0.90   -5.90   -3.34   33.04   18.49    5.31    3.25  3
    212.50  187.50    1.77    1.14   -6.54   -3.84   27.92   19.86    5.34    3.79  3
    187.50  162.50    1.80    0.67   -6.67   -3.52   28.61   24.38    5.03    3.09  3
    162.50  137.50    5.33    4.20   -6.07   -3.49   23.14   19.87    4.96    3.22  3
  85934     289.03  -53.00       4
   1200.00  987.50    5.36   -0.86    0.18    0.65   31.95   25.14    2.66    1.80  3
    937.50  912.50    2.82   -0.18   -0.10    0.47   20.69   13.01    3.56    2.00  3
    862.50  837.50   -1.99   -1.71   -0.94   -0.27   15.74    9.88    4.24    2.50  3
    712.50  687.50   -3.18   -1.74   -0.52   -0.01   17.70   20.42    3.88    2.36  3
  86218     302.37  -25.27       4
    962.50  937.50    0.20   -0.15    1.66    1.08   24.35   10.15    3.80    2.28  3
    862.50  837.50    4.64    0.66    1.25    0.68   38.72   18.62    3.39    1.96  3
    812.50  787.50   -1.70    2.82    0.76    0.32   37.49   16.09    3.59    1.94  3
    237.50  212.50   -4.40   -2.54    1.39    0.93    9.37    5.15    5.28    3.26  3
  87715     291.87  -38.95       8
    987.50  962.50   36.36   42.60   -1.73   -1.54   52.14   55.81    4.54    2.72  3
    962.50  937.50   12.36    5.68   -0.78   -0.44   43.12   23.38    3.34    1.47  3
    937.50  912.50    6.96    2.18    0.66    0.53   40.25   26.77    3.87    1.56  3
    912.50  887.50    3.52   -1.21    1.21    1.25   26.63    9.94    4.39    1.60  3
    862.50  837.50    7.68    4.62   -0.02    0.09   33.56   16.23    3.14    1.61  3
    812.50  787.50   -1.88    1.25    0.01    0.38   31.87   26.99    3.29    1.74  3
    787.50  762.50   -0.79   -0.44   -0.48    0.08   15.49   10.98    3.68    1.78  3
    612.50  587.50   -4.31   -3.42   -0.72   -0.32   23.23   20.54    3.51    1.90  3
  87576     301.47  -34.82       4
    987.50  962.50   -2.25   -0.88    1.76    1.29   30.63   19.46    3.36    2.21  3
    237.50  212.50    1.62    1.41    2.98    1.60    9.50    6.08    5.83    4.67  3
    162.50  137.50    1.32    0.64    0.15   -0.19    5.80    5.23    4.40    3.58  3
    137.50  112.50    1.74    1.10    0.56   -0.28    5.56    4.51    4.64    4.31  3
  61052       2.17   13.48       7
    862.50  837.50  -10.38    0.59    2.19    0.90   52.83   19.76    3.17    1.43  3
    812.50  787.50    6.77    3.66    1.65    0.36   34.84   13.28    3.37    1.30  3
    787.50  762.50   11.36    5.65    0.85    0.11   34.11   14.70    3.86    1.22  3
    762.50  737.50   11.18    6.70    0.81    0.10   20.50   19.18    3.46    1.51  3
    637.50  612.50    4.21    4.49    0.81    0.95   24.27   14.03    3.86    1.96  3
    612.50  587.50    5.40    1.03    0.61    0.41   28.35   11.68    3.40    1.43  3
    587.50  562.50    4.20    0.01    1.23    0.92   23.77   11.76    4.02    2.17  3
