  0309ABR        8  261.59   45.46    5.00
    182.00   15.71    2.41   34.93    3.36 1602.00   11.00  3
         9    9.13    2.53   15.55    2.51
      4.21    8.86   16.38   11.77   11.41    1.92   29.23    2.94
    173.00   10.50    2.61   27.73    3.69 1510.00   14.00  3
        10    7.05    1.25   15.21    3.32
     10.22    3.37   10.31   11.17    6.42    2.03   19.35    3.06
    199.00   13.73    2.56   29.46    3.54 1724.00   27.00  3
        11    8.99    4.51   18.22    4.64
      2.99    6.13   16.06   13.82    9.85    2.05   19.56    2.98
    192.00   10.64    2.39   23.86    3.25 1599.00   19.00  3
        13    8.45    3.52   16.69    3.62
      4.68    2.70   21.44   10.59    8.24    1.80   15.45    2.70
    128.00    2.70    2.21   20.21    3.56  875.00    4.00  3
        17    0.50    1.75   16.23    2.86
     -4.40   -2.32   25.59    5.43    4.52    1.83   14.48    3.12
  0313AMA       12  258.29   35.23    7.00
    150.00    5.36    3.57   38.84    3.62 1436.00    0.00  3
        16    5.77    2.67   22.68    3.13
     -4.71   10.01   26.27   32.69    4.51    3.31   32.03    3.46
     91.00    7.86    2.83   31.91    3.64  817.00    2.00  3
        17    6.51    2.48   16.00    2.32
      2.39   17.56   11.64   13.56    6.02    2.69   24.88    3.15
    205.00    1.94    3.16   41.46    4.23 1672.00    9.00  3
        18    4.77    2.43   25.22    2.68
      8.57   14.12   21.08   27.75    2.92    2.93   39.78    3.93
    139.00   -1.92    2.91   44.30    5.09  919.00    3.00  3
        20   -1.44    2.22   25.15    3.23
     16.45    6.25   30.87   13.72    0.27    2.81   37.65    4.91
     70.00  -10.91    1.07   44.28    4.57  447.00    3.00  3
        22   -4.71    0.90   20.14    3.25
     -8.62    1.80   18.94   11.55   -8.42    1.09   40.15    4.20
     82.00   -6.32   -0.12   37.81    3.82  567.00    1.00  3
        25   -3.54    0.33   16.05    2.64
      1.71   -0.25   16.25   12.66   -6.24   -0.16   33.23    3.69
     77.00   -4.69    0.16   28.06    5.09  534.00    0.00  3
        28   -3.84    0.44   11.62    3.05
     -4.48   -2.30   15.75    7.01   -2.57    0.08   26.99    4.83
  0319BGM       15  284.01   42.20    4.00
    174.00    6.91    0.18   23.28    3.29 1640.00   18.00  3
        13    6.58    1.29   14.19    1.82
     10.13    8.19   23.47   10.62    5.34    0.12   15.57    2.98
    190.00    3.17   -0.47   23.14    4.52 1610.00   16.00  3
        15    4.10    0.16   14.75    2.26
      7.90    3.40   26.88   14.61    3.24   -0.32   18.84    4.27
    135.00    6.36   -0.32   27.48    4.30  957.00    5.00  3
        17    2.72    0.23   14.32    2.76
      1.94    1.50   10.09   14.63    5.82   -0.16   25.22    4.05
    118.00   -3.74    0.82   22.56    4.55  808.00    2.00  3
        20   -3.86    1.05   11.17    2.35
     -4.18   -2.55   13.28    7.37   -3.14    0.78   21.61    4.29
  0321BIS       17  259.24   46.77    8.00
    102.00    3.45    2.14   36.74    3.04  738.00    3.00  3
         4    0.29    1.23   17.61    2.20
      0.57    4.91   18.05   11.51    2.12    1.40   28.66    2.58
    226.00    8.72    2.89   25.94    3.23 2351.00   25.00  3
         7    6.00    2.32   13.00    2.90
      5.57    3.64   10.86    8.92    5.19    2.11   18.21    2.58
    182.00   11.09    3.08   27.69    3.53 1581.00   16.00  3
        10    8.03    2.67   16.67    3.47
     16.14   -1.09   24.76   13.17    7.75    2.21   19.53    2.75
    196.00   11.54    3.43   32.01    3.65 1682.00   21.00  3
        11    8.43    2.87   17.34    3.47
      7.25    0.63   14.28   11.09    8.52    2.51   23.85    3.20
    199.00    9.88    3.55   23.37    3.45 1661.00   20.00  3
        12    8.38    2.79   16.75    3.02
     11.28   -0.02   16.27   13.92    7.63    2.67   17.78    3.04
    182.00    6.33    3.31   22.90    3.60 1453.00   22.00  3
        13    5.74    2.43   17.16    2.88
      9.48   -6.43   20.17   13.97    5.76    2.54   16.39    3.19
    157.00    8.38    3.14   26.28    3.56 1140.00    8.00  3
        15    4.77    2.57   17.62    3.18
     16.02   -5.27   17.80    9.80    7.56    2.62   19.54    3.13
    113.00    0.19    2.12   20.11    3.92  805.00    4.00  3
        17   -1.76    1.67    9.66    3.23
     -1.63   -2.78   14.89    6.39    0.58    1.79   13.82    3.26
  0322CBX       18  243.76   43.49    6.00
    198.00   13.11    1.33   23.84    3.57 1856.00   16.00  3
        15    9.16    0.65   19.92    3.76
      8.29   -1.38   31.21    6.92   14.26    1.39   23.31    3.34
    159.00    4.34   -0.78   23.01    5.35 1206.00   35.00  3
        17    0.24   -0.85   15.29    4.78
     -1.30   -1.77   12.54    8.33    5.55   -0.59   22.80    5.12
     94.00   -3.05   -3.66   32.83    6.79  714.00   40.00  3
        18   -5.90   -4.56   34.40    8.17
     -6.58   11.63   27.61   57.23   -1.97   -3.57   32.68    6.60
     99.00    3.21   -5.39   27.31    7.46  836.00   27.00  3
        19   -1.06   -2.11   11.97    5.86
     -0.99   -0.14   20.08    7.35    3.91   -4.91   27.37    7.29
    112.00    2.72   -2.33   43.62    6.47  561.00    6.00  3
        20   -2.72   -0.02   18.33    3.12
     -1.72   -4.64   30.30   18.33    3.73   -2.09   44.77    6.39
    177.00   12.63   -7.43   42.69    7.81 1121.00   11.00  3
        22    3.57   -3.93   23.54    8.79
      5.68   -1.51   21.15    7.35   13.63   -7.07   42.89    7.70
  0344AHG       38  208.65   60.73    7.00
    154.00    6.65    1.94   37.60    3.20 1383.00  351.00  3
         7   -0.30    1.72   19.30    3.05
     -2.69   -2.73   14.54   30.87    8.06    1.66   33.20    3.04
    134.00   -4.77    1.78   31.11    3.49 1160.00  172.00  3
         9   -2.70    1.09   17.10    3.36
      4.79   -5.24   18.19    8.12   -2.97    1.87   25.20    3.24
    149.00    2.06    1.68   34.09    3.56 1400.00  210.00  3
        10   -2.69    1.21   17.54    2.96
      0.97   -1.00   19.77   10.80    3.86    1.77   28.44    3.22
    167.00    0.80    1.86   38.02    3.83 1499.00  219.00  3
        11   -1.41    1.11   18.26    2.87
      1.52   -2.23   15.70    8.00    0.37    1.98   34.42    3.46
    154.00   -0.75    2.05   34.34    3.45 1396.00  181.00  3
        12   -1.22    1.45   13.20    2.35
     -1.15   -1.43   11.99    9.56    1.15    2.16   28.01    3.07
    149.00   -0.42    1.95   40.14    3.83 1278.00  129.00  3
        13   -2.47    1.02   14.73    2.35
     -0.30   -2.55   14.31    9.12    2.94    2.01   35.19    3.45
     76.00   -2.74   -2.44   20.67    5.09  458.00    1.00  3
        26   -1.52   -1.86    6.88    2.75
     -4.55    0.38    7.80    5.60   -1.28   -2.29   19.56    4.81
  0348DMX       42  266.28   41.73    4.00
    167.00    5.83    2.43   26.68    3.63 1334.00    1.00  3
        15    2.59    1.97   16.72    3.26
     -2.29    1.82   14.92    6.24    5.02    1.94   24.82    3.40
    115.00    1.96    1.24   24.30    5.00  837.00    3.00  3
        17    1.06    1.56   15.37    3.40
      0.85   -1.09   20.10    5.91    0.83    0.66   22.83    4.65
    101.00   -3.03    1.13   18.70    4.21  717.00    2.00  3
        20   -2.47    0.86   11.18    2.66
     -2.79   -2.76   18.53    6.90   -0.59    0.84   19.84    3.73
     58.00   -1.74   -0.83   12.30    5.28  314.00    0.00  3
        31   -2.78   -0.90    7.79    4.84
     -6.26   -0.04    8.21    9.15   -2.63   -0.39   12.08    4.21
  0350DDC       44  260.03   37.76    5.00
    118.00    2.03    0.93   34.22    4.18  953.00   13.00  3
        16    2.87    0.81   20.75    4.01
      0.17    2.87   16.52   18.04   -0.77    0.78   29.34    3.81
    114.00    1.69   -0.44   31.03    4.52  838.00   13.00  3
        17    4.15    0.17   18.17    3.72
      4.67    3.73   13.42   18.42    0.81   -0.67   29.32    4.04
    114.00   -1.36    1.90   29.61    4.71  720.00    0.00  3
        18    3.76    1.44   20.47    3.38
      7.08    2.67   23.71   14.97   -1.94    1.75   23.76    4.31
     80.00   -7.34    1.76   30.13    3.95  558.00    1.00  3
        20   -2.69    1.73   19.02    2.74
     -5.66   -6.96   27.81   16.39   -7.85    1.76   28.20    3.28
     61.00   -5.22   -0.15   30.00    4.41  450.00    2.00  3
        22   -2.00    0.34   16.78    3.23
     -1.19    2.86   19.74   20.20   -4.43    0.02   28.30    4.02
  0360MVX       51  262.67   47.53    6.00
    225.00    7.82    3.14   21.76    3.03 2316.00   16.00  3
         7    6.10    2.66   12.80    3.13
      1.80   -0.22   11.46   10.02    5.78    2.20   13.91    2.43
    182.00    6.24    2.72   21.47    3.78 1544.00   23.00  3
        10    5.57    2.82   14.25    3.71
     18.53   -3.53   22.09   13.69    4.51    1.87   17.58    3.09
    187.00    9.49    3.01   20.45    3.68 1546.00   28.00  3
        11    6.88    2.94   14.96    3.66
      6.77   -1.64   16.99    9.48    7.53    2.25   18.70    3.01
    188.00    6.18    2.69   19.10    3.80 1509.00   26.00  3
        12    6.36    2.14   14.61    3.60
     11.53   -1.37   17.40   13.15    5.67    2.03   17.50    3.10
    178.00    6.14    2.56   21.52    3.43 1376.00   34.00  3
        13    5.82    2.10   14.12    3.19
      8.88   -3.95   18.63   16.84    6.65    2.01   17.53    2.64
    156.00    5.59    1.89   19.13    3.51 1048.00   13.00  3
        15    3.28    1.23   12.83    2.77
     11.94   -0.93   16.57    7.73    5.53    1.61   14.79    2.94
  0361FSX       52  248.80   34.57    4.00
    186.00   19.66    2.70   43.43    3.64 1879.00    7.00  3
        12   16.43    1.87   30.80    3.48
      9.63   17.20   44.16   28.47   18.94    2.72   34.62    3.26
     75.00   13.37    1.73   35.07    3.24  739.00    0.00  3
        13    7.54    0.53   21.46    2.41
     16.72    1.03   32.98   18.66   11.57    1.79   30.69    3.16
    138.00   -3.03    3.30   48.55    3.61  891.00    3.00  3
        16   -2.66    2.16   29.96    3.18
     -9.06   -4.34   31.03   39.21   -2.95    2.87   43.71    3.52
     76.00    3.50    2.46   43.81    3.49  550.00    1.00  3
        17    0.18    2.09   19.63    2.73
      4.61   -3.30   26.61   11.33    2.28    2.31   36.62    3.36
  0363HNX       54  240.37   36.31    6.00
    221.00    5.87    3.25   25.67    3.40 2302.00   20.00  3
         2    5.51    2.03   12.04    3.13
     -1.98    3.03    9.11   19.12    3.99    2.70   24.02    3.32
    221.00   13.16    4.05   28.35    3.43 2561.00   19.00  3
         3   26.65    3.36   35.56    4.00
      4.53   18.39    8.75   54.47   13.12    3.51   27.72    3.17
     97.00    4.23    3.19   37.23    3.36  943.00    9.00  3
         4   -0.29    2.12   20.09    3.53
     -3.55   -2.13   14.71   21.60    7.27    2.60   36.20    2.98
    154.00   23.69    3.95   37.76    3.58 1625.00   18.00  3
         5   13.90    3.12   22.69    4.21
     11.90   20.72   15.97   49.33   24.01    3.38   33.65    3.32
    155.00   28.96    3.64   44.66    3.56 1122.00    9.00  3
        12   21.93    3.60   38.14    3.90
     36.59    4.68   51.06   19.60   25.80    3.07   41.06    3.56
     68.00   21.55    3.27   44.52    3.74  402.00    1.00  3
        15   11.21    3.16   29.18    4.84
     44.60    1.88   53.86   16.74   23.44    2.70   44.91    3.74
  0365GGW       56  253.37   48.21    6.00
    229.00   13.63    2.49   36.52    3.36 2432.00   49.00  3
         7    5.98    1.78   18.60    2.52
      6.29    5.98   16.55   21.22    9.39    2.02   28.73    2.74
    188.00    9.81    3.11   29.67    3.55 1618.00   29.00  3
        10    8.27    3.09   17.77    3.82
      7.54    3.92   21.40   16.88    7.15    2.40   22.78    3.00
    194.00    8.44    3.16   26.03    3.68 1651.00   58.00  3
        11    6.19    2.12   17.60    3.24
      3.18    4.36   15.48   22.45    8.23    2.41   19.75    3.14
    199.00    9.03    3.27   27.59    3.93 1682.00   64.00  3
        12    6.08    2.57   17.38    3.93
      4.07    5.67   17.55   21.65    8.50    2.56   20.80    3.44
    189.00    8.52    3.14   26.66    4.13 1475.00   67.00  3
        13    3.34    2.31   18.92    4.21
      7.80    2.38   24.47   18.10    7.18    2.57   20.53    3.54
    148.00    3.97    2.84   23.90    4.26 1179.00   34.00  3
        15    4.38    1.49   15.80    3.37
      7.32    3.98   26.58   14.00    3.13    2.39   16.12    3.68
  0370TFX       61  248.61   47.46    7.00
    213.00   14.78    2.85   32.09    3.40 1967.00   26.00  3
        13   11.45    2.29   24.31    3.62
     12.90    0.89   13.52   23.57   11.65    2.27   21.99    2.93
    218.00    9.68    1.57   32.55    4.14 1862.00   45.00  3
        14    9.16    4.06   24.82    4.57
      9.54   -3.76   16.80   18.05    6.91    1.15   23.14    3.63
    193.00   12.71    2.61   32.46    3.44 1564.00   34.00  3
        15    7.60    2.05   24.24    4.06
     19.33    1.13   31.82   17.77   10.12    2.16   23.52    2.96
    168.00    5.63    2.10   26.55    4.02 1287.00   43.00  3
        16    5.29    1.43   17.11    3.36
      6.99   -1.55   31.93   14.03    4.21    1.74   20.77    3.49
    148.00    2.73    0.92   22.21    3.89 1202.00   22.00  3
        17    3.49    0.43   13.24    3.10
      2.05    1.01   14.90   13.47    1.25    0.77   18.16    3.21
    129.00    0.11    0.45   22.79    3.87 1066.00    7.00  3
        18    1.30    0.11   11.39    2.90
     -0.52    8.06   20.60   12.49   -1.11    0.37   19.06    3.09
     63.00   -4.58   -1.05   16.08    4.95  402.00    0.00  3
        26   -2.23   -0.50    6.38    2.14
     -3.15   -0.85    5.75    4.49   -4.17   -0.95   16.65    4.57
  0374CCX       64  282.00   40.92    7.00
    185.00    3.67    0.28   25.59    3.84 1709.00   16.00  3
        15    7.29    0.87   12.49    2.34
      7.49   11.04   18.89    9.88    3.80    0.19   20.99    3.68
    104.00    5.20   -0.70   32.51    4.04  876.00   23.00  3
        16    6.82    0.05   19.76    2.69
      9.09    4.17   13.69   18.01    4.72   -0.62   30.61    3.85
    128.00    0.62   -1.03   21.68    4.91 1096.00   23.00  3
        17    1.22    0.17   12.23    3.09
      1.08    5.63   15.77   17.33    0.59   -1.11   18.29    4.63
    199.00    4.98   -1.52   30.48    4.83 1377.00   18.00  3
        18    0.79    1.36   20.35    3.34
      2.41    1.98   21.15   38.04    5.12   -1.42   29.26    4.57
    211.00   13.34   -3.79   37.03    6.05 1392.00   31.00  3
        20    3.34   -0.36   19.69    4.58
      2.09   15.59   13.94   29.66   13.48   -3.66   37.01    5.72
    114.00   -1.89    0.25   16.13    3.91 1508.00    2.00  3
        22   -1.25    0.55    8.70    2.22
     -3.20   -1.68   13.83    5.06   -1.23    0.34   16.15    3.66
     62.00   -3.49   -2.79   20.48    5.51  259.00    2.00  3
        31   -1.37   -2.83    7.97    4.70
     -1.19    0.01   10.09    9.58   -5.38   -2.63   21.29    5.24
  0376HDX       66  253.88   33.08    6.00
    148.00  -39.06    5.29   58.79    3.29  661.00   47.00  3
         7  -45.43    4.93   58.65    3.23
    -34.95  -44.99   48.75   65.78  -35.36    4.85   56.93    3.30
    189.00   11.29    2.99   39.87    3.24 1914.00    3.00  3
        13    5.82    2.70   30.10    3.14
      1.38   16.30   39.50   67.26    9.45    2.53   36.79    3.22
    190.00    4.74    3.32   41.79    3.67 1789.00   15.00  3
        15    1.54    2.32   22.14    4.02
     -2.82   16.41   15.24   26.27    3.83    2.94   39.82    3.49
    165.00   -5.31    4.25   37.27    3.65 1346.00    4.00  3
        16   -3.53    3.73   26.58    4.00
      0.85   -1.70   23.63   35.52   -4.64    4.00   35.99    3.44
    181.00   -8.44    4.00   43.70    4.31 1212.00    5.00  3
        18   -7.18    3.49   26.88    4.62
     -4.18  -13.76   20.45   26.39   -7.89    3.81   42.81    4.07
    119.00   -4.26    2.11   35.76    3.97  724.00    2.00  3
        20   -6.81    1.34   23.29    2.78
     14.99   -7.90   62.06   14.05   -3.58    1.97   31.85    3.55
  0380BBX       69  238.37   39.50    4.00
    193.00   33.22    2.41   47.79    3.41 1772.00   14.00  3
        11   21.08    1.89   37.23    3.64
     31.29    1.08   31.92   14.22   31.40    2.46   45.45    3.25
    209.00   38.15    2.13   44.53    3.51 1884.00   10.00  3
        12   29.69    1.63   46.51    3.10
     39.18    8.66   51.55   14.45   34.36    2.17   43.19    3.40
    181.00   33.39    2.42   46.73    3.25 1460.00    2.00  3
        13   20.64    1.99   39.37    3.04
     40.87    1.76   35.52   10.64   29.60    2.44   44.78    3.22
    139.00   25.53    2.07   46.14    3.72  897.00    2.00  3
        15   16.11    1.54   30.98    3.87
     28.81    1.38   43.20   10.95   20.67    2.05   45.57    3.59
  0389ARX       77  268.81   43.82    7.00
    205.00   10.26    1.57   23.15    3.57 2105.00   17.00  3
        12    7.48    1.47   18.52    2.62
      0.37    2.31   20.10    9.87    9.12    1.30   19.08    3.25
    202.00   11.58    1.13   22.80    3.85 2006.00   18.00  3
        13    6.06    3.71   16.94    4.28
      0.92    3.27    9.18    9.55   10.47    0.97   19.18    3.64
    156.00    5.62    1.05   21.42    3.94 1307.00   20.00  3
        17    3.11    0.99   14.68    2.71
      6.06   -3.13   29.16    6.20    5.17    0.92   17.60    3.65
    117.00    8.70    1.70   33.18    4.15  881.00   11.00  3
        18    1.22    1.45   17.69    3.15
      1.69   -1.84   18.56   12.00    8.52    1.57   30.24    3.88
    130.00   -0.91    0.08   37.44    4.96  908.00    3.00  3
        20   -2.58    0.61   12.69    3.20
      6.54   -2.28   32.12    5.88   -0.14   -0.05   36.02    4.72
     94.00   -4.30   -0.72   11.20    3.61  688.00    0.00  3
        25   -2.32   -0.46    8.46    2.26
     -5.61   -1.25   11.14    5.25   -2.37   -0.49   10.27    3.38
     68.00   -6.33   -3.01   23.49    5.22  337.00    0.00  3
        31   -4.88   -1.98    9.40    3.63
     -5.81   -0.62    9.81   12.20   -6.02   -2.46   23.57    5.06
  0392RIW       79  251.52   43.07    8.00
    225.00   12.20    2.82   45.64    3.29 2336.00   23.00  3
         9    6.06    2.31   34.06    3.10
     -4.17   21.28   30.57   62.53   11.42    2.75   38.65    2.81
    146.00    6.57    2.73   47.30    3.41 1455.00    8.00  3
        10    5.48    2.18   42.30    3.19
     -3.59   24.07   35.09   44.55    4.93    2.45   38.32    2.93
    212.00   19.22    1.93   32.22    3.23 2198.00   12.00  3
        13   13.03    1.58   22.49    2.85
      7.25    7.71   27.31   22.44   16.09    1.84   29.00    2.69
    196.00    7.59   -1.09   27.03    4.73 1739.00   37.00  3
        17    5.16   -0.68   17.39    3.96
      5.88   -6.76   19.93   23.36    7.48   -0.96   24.08    4.49
    144.00    1.59   -3.98   31.73    6.43 1007.00   54.00  3
        18   -1.96   -3.41   22.83    6.95
      0.04   -6.34   20.78   34.41    0.97   -3.86   29.23    6.20
     89.00  -10.06   -7.42   35.61    8.22  607.00   14.00  3
        19   -5.68   -5.51   20.16    8.79
     -7.40   -9.12   30.26   14.76  -10.45   -7.14   35.08    8.37
    132.00   -6.94   -4.89   36.18    7.08  710.00    3.00  3
        20   -4.08   -1.31   15.89    4.92
     -4.92   -2.95   20.45    9.95   -7.34   -4.60   34.30    7.01
     72.00   -4.94   -2.51   12.82    4.38  436.00    0.00  3
        25   -5.72   -2.22    6.96    3.46
     -6.39   -6.11    6.26    5.03   -4.02   -2.02   11.86    4.10
  0396VTX       83  240.82   34.41    4.00
    185.00   21.60    2.68   43.00    3.73 1562.00   23.00  3
        11   13.13    3.29   29.86    3.80
     14.05    4.69   31.17   17.12   20.30    2.59   39.89    3.57
    216.00   26.64    1.30   42.63    4.31 1923.00   23.00  3
        12   19.81    0.74   37.69    4.05
     24.98   -1.74   70.58   16.23   27.83    1.29   41.86    4.19
    197.00   27.47    1.37   49.33    4.34 1525.00   21.00  3
        13   22.10    5.82   45.25    7.35
     29.58    4.05   55.47   20.45   28.42    1.38   48.61    4.14
     94.00    4.87   -0.07   38.28    4.57  454.00    5.00  3
        15    1.33   -0.31   23.26    3.50
     -7.61    2.89   22.43   21.75    8.55   -0.17   38.38    4.30
  0505AIH       91  213.70   59.46    9.00
    176.00   -4.62    2.06   36.77    3.80 1454.00  155.00  3
         3    8.43    0.83   22.61    2.41
      3.19   -0.16   26.69    7.15   -3.32    1.97   31.13    3.39
     70.00  -11.22    1.88   29.64    3.69  550.00   51.00  3
         4   -7.25    0.95   13.03    2.33
     -7.69   -3.30    6.91   12.96  -10.47    1.63   22.02    3.29
    134.00   -5.22    3.35   45.52    4.38 1106.00   92.00  3
         6    1.05    1.79   19.81    2.53
     -9.07    4.04   10.49   11.55   -2.28    2.87   40.84    4.21
    121.00   -0.92    3.45   52.72    4.25  904.00   44.00  3
         7   -5.45    2.06   19.05    2.50
     -8.34   -3.17   14.78    7.94   -3.18    2.82   49.81    4.17
    113.00    0.16    2.72   46.72    3.83  836.00   20.00  3
         9   -3.82    1.64   15.21    1.89
     -6.20   -0.79   14.64   11.43    2.50    2.04   43.10    3.66
    110.00    6.12    3.23   46.99    4.44  811.00   22.00  3
        10   -3.85    1.77   15.56    2.92
     -3.85   -1.44   13.16    7.89    5.89    2.54   45.21    4.24
    120.00   -1.14    3.06   41.91    3.80  899.00   21.00  3
        11   -2.62    2.19   13.12    2.65
     -5.25   -0.55   13.88   11.47    1.15    2.28   40.51    3.49
    111.00   -0.44    2.52   37.96    3.66  874.00    9.00  3
        12   -3.82    1.91   11.80    2.56
     -3.26   -2.00    9.17   12.81   -1.50    1.80   34.76    3.26
    105.00   -4.82    2.38   29.99    3.53  838.00    9.00  3
        13   -3.18    1.57   12.50    2.67
     -2.75   -2.34    5.95   15.50   -1.49    1.68   29.07    3.15
  0507MBX       93  259.14   48.39    7.00
    143.00    3.75    2.92   23.59    3.08 1315.00   22.00  3
         4    3.17    2.41   15.23    3.16
      3.27    3.53   16.24   18.24    1.38    2.14   18.97    2.52
    217.00    6.36    3.07   24.56    3.34 2133.00   36.00  3
         7    4.94    2.29   13.95    3.31
      7.42   -0.65   12.96   13.95    4.52    2.05   14.88    2.44
    177.00   11.50    3.26   22.40    3.55 1542.00   37.00  3
        10   11.13    2.37   16.37    3.56
      5.09    0.09   25.78   26.10    7.29    2.20   16.24    2.77
    183.00    9.06    2.84   21.52    3.53 1569.00   27.00  3
        11    8.91    2.39   17.82    3.38
      4.55    3.20   17.54   16.64    6.61    1.89   16.45    2.73
    184.00    9.42    3.08   20.57    3.83 1413.00   33.00  3
        12    6.26    2.41   16.81    3.56
      2.99    1.40   30.30   18.36    7.06    2.28   16.57    3.12
    170.00    9.29    2.92   20.22    3.30 1259.00   35.00  3
        13    7.03    2.17   18.40    3.06
      4.22    4.56   20.84   13.88    8.16    2.15   15.83    2.72
    135.00    3.11    2.36   19.44    3.47  961.00   11.00  3
        15    1.03    1.78   16.02    2.65
     13.52   -2.78   32.24   10.41    4.08    1.70   13.18    2.98
  0508MSX       94  246.01   47.04    4.00
    155.00   24.82    4.19   44.14    3.81 1604.00   52.00  3
        10   20.22    3.42   38.66    4.54
     11.27   22.03   33.18   29.51   19.11    3.81   37.53    3.50
    198.00   20.63    2.68   34.80    3.56 2002.00   50.00  3
        12   15.60    2.18   29.38    3.53
      2.05   14.04   37.92   19.31   17.40    2.28   32.06    3.33
    185.00   -6.32   -1.07   34.38    4.22 1371.00   20.00  3
        17   -0.95   -0.91   18.81    3.24
    -18.71   -0.08   47.70    7.85   -6.36   -0.73   31.99    3.85
     74.00   -6.29   -2.62   17.99    7.34  494.00    0.00  3
        26   -2.48   -1.20    5.95    2.26
     -0.91   -3.21    7.98    6.93   -5.40   -2.49   17.64    7.33
  0522PDT      105  241.15   45.69    9.00
    103.00    8.00    2.51   40.09    3.34  717.00    6.00  3
         4   14.80    1.94   27.39    2.66
     19.57    7.95   14.51   25.93   11.43    2.30   28.37    2.88
    229.00   15.33    3.05   49.08    3.44 2240.00    9.00  3
         7   15.05    2.95   40.59    3.74
      7.78    2.55   25.88   19.45   14.06    3.03   37.82    3.10
    212.00   16.34    3.11   46.50    3.64 2135.00   10.00  3
         8   16.24    3.86   39.83    3.74
     10.91    1.04   29.38   39.57   15.02    3.25   35.51    3.29
    152.00    7.58    3.14   47.29    3.73 1456.00   10.00  3
         9    6.09    2.77   35.30    4.43
     11.43   -0.45   48.54   20.86    7.18    3.30   38.12    3.32
    175.00   19.11    2.37   47.70    4.01 1594.00   11.00  3
        10   26.46    1.79   45.61    3.86
      5.60    7.80   53.70   28.33   19.38    2.65   42.66    3.59
    202.00   13.97    1.53   44.03    4.26 1856.00   14.00  3
        11   12.81    1.03   38.02    4.28
      4.64    2.05   52.30   23.14   13.89    2.00   38.45    3.98
    221.00   12.78    0.05   45.20    4.65 2069.00   46.00  3
        12   14.06   -0.65   38.57    4.29
      9.44    1.45   39.63   31.39   13.19    0.51   42.15    4.17
    222.00   10.84   -1.72   44.64    5.01 2075.00  107.00  3
        13   15.13   -1.83   36.12    5.21
     16.25    5.20   59.54   32.71   10.98   -1.24   42.17    4.56
    218.00   -6.43   -4.49   48.25    5.48 1702.00   91.00  3
        15    0.12   -4.59   37.90    6.09
     -8.70    2.18   31.78   15.77   -6.71   -4.05   47.54    5.14
  0527RTX      110  237.03   45.72    4.00
    199.00    2.32    0.99   30.79    3.79 1670.00   48.00  3
        13   -0.91    0.27   15.44    3.01
      2.54   -1.75   17.59    7.21    2.91    1.17   26.38    3.49
    155.00   -5.10   -0.46   30.34    4.44 1063.00   40.00  3
        15   -2.04   -0.99   16.75    3.88
     -0.74   -3.13   17.33   11.77   -3.35   -0.19   28.25    4.28
     72.00   -5.11   -0.84   17.83    5.38  481.00    1.00  3
        17   -3.42    0.19    7.89    3.35
     -4.09   -3.30    7.97   10.54   -2.90   -0.70   16.29    5.36
     60.00  -11.05   -4.88   20.05   10.08  345.00    2.00  3
        22   -9.38   -1.50   11.19    3.06
     -6.80  -12.37   12.65   12.63   -8.49   -4.94   20.38   10.15
  0532UDX      115  257.17   44.13    5.00
    165.00   21.31    1.94   36.14    3.23 1571.00    8.00  3
         9   11.24    1.37   21.28    2.96
      4.27    8.19   18.03   13.07   12.53    1.91   29.35    2.73
    205.00   19.14    2.70   27.75    3.32 2067.00   27.00  3
        13   14.79    2.24   20.90    2.73
     10.95   17.82   43.26   24.53   10.20    2.12   17.33    2.89
    208.00   15.74    2.83   24.31    3.55 1810.00   26.00  3
        15   13.45    3.41   19.82    3.10
     13.79   32.95   25.27   24.68   11.20    2.27   18.04    3.17
    144.00   11.56    2.67   22.83    3.75  935.00    8.00  3
        17    8.69    4.83   18.63    4.82
      2.98    0.92   18.68    7.93    8.02    2.00   19.92    3.31
     75.00    4.90    3.19   26.50    4.08  443.00    3.00  3
        18    6.08    2.75   16.82    3.69
      1.71   12.21   30.21   24.62    1.68    2.66   21.36    3.67
  0537MTX      120  247.55   41.26    6.00
    230.00   31.88    3.28   37.59    3.45 2640.00   88.00  3
        11   25.17    3.42   31.79    3.56
     42.40   14.31   48.40   24.06   26.47    3.35   35.51    2.95
    211.00   26.79    3.57   31.60    3.36 2156.00   55.00  3
        13   23.21    5.03   22.40    4.42
     36.00   14.05   37.70   26.66   24.18    3.69   28.38    2.88
    206.00   22.01    2.54   27.66    3.87 1926.00   17.00  3
        15   18.54    3.36   21.34    4.10
     21.36    6.09   31.12   20.73   20.10    2.71   24.76    3.71
    162.00   15.36   -0.78   35.75    4.54 1120.00    3.00  3
        17   16.18   -0.21   22.48    3.71
     13.99    3.24   18.87   17.78   14.77   -0.45   34.55    4.40
    177.00  -21.36   -9.74   41.43    7.89 1504.00   66.00  3
        22  -10.41   -9.34   32.61   10.18
     -6.57   -3.93   22.60   12.51  -20.74   -9.22   41.21    7.90
     56.00   -4.18   -2.20   19.26    5.88  327.00    0.00  3
        25   -1.05   -1.97   10.15    3.06
     -1.44   -0.47   10.14    9.69   -2.75   -1.89   18.89    5.80
  0542ATX      125  237.50   48.20    7.00
    230.00   28.69    2.85   47.34    3.33 2665.00  132.00  3
         1   16.21    1.84   29.77    2.72
     22.65   17.97   28.99   22.15   26.86    3.00   39.43    3.12
    218.00   19.07    2.75   42.60    3.22 2351.00   38.00  3
         3    8.77    2.45   20.22    2.83
      2.15   11.94   11.49   34.26   15.02    2.87   38.46    2.90
    182.00   11.65    2.71   35.63    3.72 1558.00   88.00  3
        12    6.57    1.92   15.68    3.03
      7.41   10.56   19.39   18.03   11.81    2.35   35.41    3.67
    176.00    7.03    2.10   33.64    3.74 1544.00  106.00  3
        13    4.45    2.57   17.86    4.02
      3.17    4.41   15.09   32.51    7.69    1.72   33.85    3.56
    132.00    0.94    2.20   24.87    4.44 1012.00   44.00  3
        15   -0.40    1.65   11.83    2.91
     -5.25   -0.88   23.67    5.68    1.78    1.91   25.00    4.28
    103.00   -3.44    1.49   19.24    3.84  787.00    9.00  3
        17   -2.41    0.95    9.79    2.59
     -4.96   -2.36    6.59   10.07   -2.68    1.19   17.47    3.74
     83.00   -2.15   -0.41   18.43    4.09  665.00    2.00  3
        19   -4.82    0.48    7.96    2.07
     -5.43   -2.96    6.68   10.56   -0.50   -0.57   17.14    4.07
  0553ACG      136  224.47   56.85   13.00
     99.00   12.37    2.49   35.13    2.76  988.00    7.00  3
         1    8.12    2.51   26.30    3.07
      0.11   16.63   19.75   44.18   10.79    2.71   28.11    2.35
    104.00   10.77    2.44   37.45    3.40 1028.00   10.00  3
         4    1.97    1.52   23.62    2.68
     -3.10    0.08   21.94   23.86    8.72    2.44   32.12    2.98
    201.00   11.15    2.09   37.44    3.36 2112.00   44.00  3
         7    1.12    1.01   17.48    2.39
     -3.65   -1.95   17.83   29.16    9.84    2.19   33.54    3.09
    129.00   10.46    1.34   34.53    3.38 1306.00   29.00  3
         9   -0.23    0.82   17.24    1.99
     -0.88   -2.30   15.98   18.79    8.70    1.38   33.80    3.24
    181.00   13.30    1.32   36.54    3.68 1873.00   58.00  3
        10    2.18    0.14   17.73    2.50
      0.10   -1.65   16.35   17.08   12.96    1.52   33.55    3.47
    193.00    9.29    0.90   35.01    4.12 1993.00  127.00  3
        11    0.72    0.31   17.80    2.79
     12.58    1.03   23.25   23.77    8.69    1.06   32.01    3.86
    195.00    8.22   -0.38   32.75    4.69 1947.00  157.00  3
        12    1.66   -0.49   20.46    3.73
     13.33   -2.63   24.65   23.98    9.22   -0.17   31.80    4.43
    190.00    9.82   -1.10   38.58    5.28 1832.00  140.00  3
        13    2.12    2.11   23.27    4.92
     12.15    0.12   22.86   33.38   10.92   -0.90   36.59    5.01
    174.00    3.36   -5.04   33.82    6.39 1343.00   32.00  3
        17   -0.88   -3.67   20.54    6.00
     11.49   -4.26   28.60   17.09    5.24   -4.93   34.41    6.23
    104.00   -9.31   -1.75   30.59    4.84  770.00    3.00  3
        19   -3.74   -0.91    7.84    3.76
     -3.50   -6.75   16.60    9.77   -7.70   -1.60   30.79    4.47
     76.00   -2.25   -1.20   18.37    5.02  527.00    0.00  3
        21   -1.80   -0.70   10.55    2.80
     -1.97   -4.03   11.28    7.96    0.99   -0.77   14.65    4.38
     98.00    0.30   -2.22   24.51    6.34  678.00    0.00  3
        22   -1.07   -1.00    7.93    3.30
     -1.97    0.77   12.67    4.22    1.42   -1.90   23.98    5.96
     80.00    2.57   -3.95   29.67    7.70  482.00    2.00  3
        26   -0.65   -1.64    9.25    4.08
     -3.18   -1.15    6.43    8.96    3.47   -3.48   28.76    7.24
  0870LGX      157  235.89   47.12   11.00
    114.00    9.61    2.41   31.90    3.06 1098.00   16.00  3
         1   10.31    2.18   21.57    3.06
     11.39   19.33   19.95   26.09    6.41    2.19   30.50    2.91
    225.00   12.86    3.27   35.61    3.01 2289.00    8.00  3
         7    6.63    2.86   20.14    3.02
      1.22    9.11   33.53   24.63   11.16    2.85   31.61    2.80
    154.00    6.74    3.02   29.55    3.23 1268.00    3.00  3
         9    3.50    2.22   12.33    2.93
      6.52    1.11   19.11   13.96    7.52    2.53   27.29    2.95
    163.00   10.22    3.28   29.26    3.60 1445.00    6.00  3
        10    3.00    2.02   15.22    2.95
     -2.54    3.72   25.20   17.37   10.29    2.85   27.41    3.51
    178.00   11.40    3.26   26.79    3.45 1560.00    4.00  3
        11    5.03    2.24   14.47    3.15
     24.15    3.95   21.18   18.64   11.05    2.89   25.27    3.43
    175.00    8.28    2.96   27.98    3.64 1456.00   21.00  3
        12    1.93    2.00   14.93    3.05
     11.07    1.79   21.72   16.62    9.01    2.57   24.28    3.50
    156.00    5.04    3.17   26.73    3.78 1284.00   38.00  3
        13    0.49    2.20   13.42    3.26
      3.41   -3.41   23.98   12.15    6.78    2.72   26.60    3.56
    106.00    1.44    2.26   20.19    3.96  809.00    4.00  3
        15   -2.98    4.88   10.77    5.49
     -2.86   -6.34    8.86   10.24    3.14    1.85   20.32    3.70
     73.00   -4.70    1.32   19.58    3.68  503.00    2.00  3
        17   -4.11    1.00   10.91    2.72
     -3.65   -4.34    8.68   15.57   -2.22    1.00   17.88    3.43
     60.00   -3.69   -0.89   17.19    5.22  422.00    0.00  3
        19   -3.75    0.16    9.13    2.26
     -6.34   -2.17   10.43    9.29   -1.97   -1.02   17.41    5.21
     60.00  -10.27   -2.44   25.87    8.21  405.00    0.00  3
        22   -5.14   -0.23    9.85    2.34
     -4.39   -5.54   10.53    8.15   -6.10   -2.57   27.65    8.18
  0327KSG      159  127.29   37.21    5.00
    181.00    3.59    1.95   33.51    3.36 1623.00    5.00  3
        13    2.76    1.19   14.01    3.03
     -1.37    0.30    9.16   15.79    2.75    1.88   29.88    3.02
     98.00   -5.51   -1.29   27.45    6.14  777.00    1.00  3
        20   -4.04    1.55   10.52    3.63
     -4.06   -6.71    9.21    7.56   -4.73   -1.25   26.00    5.89
    104.00   -1.47   -1.25   21.78    6.62  795.00    1.00  3
        22   -0.97   -0.38    9.43    1.95
     -0.67   -2.04   12.51   14.02   -1.54   -1.16   20.91    6.45
     96.00   -2.81   -1.60   21.00    6.06  704.00    0.00  3
        25   -1.11   -0.57    8.52    3.36
      0.82   -4.93   12.42    7.55   -3.56   -1.47   20.40    5.93
     77.00  -13.22   -4.67   37.04   12.03  516.00    0.00  3
        28   -0.84   -1.91   11.03    4.82
      1.95   -2.95    9.95   10.65  -13.36   -4.49   36.65   11.79
