  01362       8.36   61.67   -6.12   -6.66    4.51    4.04   37.02   36.65    3.97    3.89  3
  01431       6.90   58.92  -15.41  -15.09   -3.87   -3.37   42.71   43.66    3.01    2.60  3
  07560       3.58   44.12    8.51   13.26    6.28    6.35   50.84   47.27    4.12    4.25  3
  11916      19.57   48.93   34.02   36.72    5.60    5.63   47.11   47.67    3.59    3.76  3
  12510      15.73   50.73   35.87   38.87    6.35    6.70   39.53   39.00    4.44    4.68  3
  14652      18.27   43.72   16.15   17.01    6.75    6.58   43.78   44.84    6.42    6.39  3
  15317      22.53   45.28    4.78    3.02    4.87    4.60   44.77   45.78    3.90    3.87  3
  15640      26.32   42.67   27.89   28.53    0.15    0.05   35.34   35.34    3.60    3.57  3
  16134      10.70   44.20   22.24   16.84    4.12    4.16   41.81   45.30    3.71    3.81  3
  22529      35.88   64.23   -2.21   -1.94   -1.18   -1.25   53.20   52.77    7.85    7.89  3
  22805      30.95   61.38  -11.66  -10.86   -3.11   -2.99   37.88   36.94    6.17    6.15  3
  22917      32.32   60.12   -3.06   -2.82   -1.65   -1.49   33.80   32.94    3.08    3.08  3
  23606      53.80   63.57   21.99   22.39   -0.29   -0.37   52.71   52.48    3.34    3.34  3
  23711      56.20   62.70   -3.61   -3.73   -0.29   -0.37   32.66   31.61    4.68    4.68  3
  23758      77.31   62.15   -5.14   -4.25   -1.91   -1.83   26.72   26.20    3.23    3.23  3
  23884      90.00   61.60   16.96   18.22   -0.73   -0.76   59.18   59.46    3.73    3.74  3
  24725     111.23   62.53   24.99   25.07   -1.54   -1.49   49.74   48.76    3.17    3.19  3
  24807     100.47   61.32   23.68   22.90   -1.42   -1.43   53.61   53.25    4.51    4.51  3
  25745     166.21   62.46   21.43   24.37   -0.29   -0.31   50.00   48.87    3.52    3.53  3
  25919     153.33   59.10   14.07   14.92    0.00   -0.02   57.11   57.00    3.45    3.46  3
  25956     169.58   60.45   -2.14   -0.29    1.50    1.56   47.51   47.31    4.37    4.36  3
  26069      30.13   59.35   -6.46   -5.29   -0.04    0.16   35.49   34.44    3.91    3.92  3
  26072      31.05   59.93    4.13    4.42   -2.11   -1.90   52.40   52.00    3.42    3.39  3
  26258      28.42   57.80    6.31    5.59   -0.74   -0.69   46.33   47.07    5.25    5.27  3
  26359      28.90   57.02  -11.90  -12.95   -0.70   -0.60   33.52   32.75    3.18    3.18  3
  26393      34.57   57.58    4.21    3.96   -0.85   -0.73   53.76   53.31    3.17    3.18  3
  27252      43.38   58.35   -2.25   -2.16   -0.44   -0.37   27.42   26.98    4.08    4.09  3
  27675      46.33   55.18  -12.66  -11.71    0.77    0.97   44.96   44.36    5.25    5.31  3
  27857      42.62   53.50   14.01   13.39   -1.47   -1.34   44.61   45.33    3.29    3.30  3
  27858      43.32   53.33   -1.56   -2.03   -0.95   -0.84   23.49   23.40    3.32    3.33  3
  27906      36.03   53.00    2.25    0.77   -1.98   -1.78   34.74   35.81    3.40    3.37  3
  28044      60.53   59.60    0.10   -0.04   -0.39   -0.28   40.87   41.37    3.03    3.05  3
  28275      68.18   58.15   -9.23   -9.24   -0.89   -0.78   30.30   28.31    3.17    3.18  3
  28481      70.62   56.82   -9.50   -8.37   -1.04   -0.97   28.38   27.84    3.02    3.04  3
  28886      72.37   53.63  -25.61  -26.09   -0.58   -0.48   43.38   43.50    6.27    6.26  3
  29467      90.51   56.28   -7.42   -7.80   -0.89   -0.92   40.60   39.86    3.22    3.26  3
  29471      93.13   56.92    1.63    3.33   -0.37   -0.43   58.23   57.78    3.65    3.66  3
  30627     105.53   53.10  -17.59  -20.04   -0.37   -0.51   49.42   50.10    3.31    3.35  3
  31168     138.15   56.45  -16.97  -16.48    0.26    0.27   58.83   54.70    8.45    8.44  3
  31439     140.47   52.38  -19.01  -19.78    0.14    0.09   53.28   54.34    3.37    3.36  3
  31707     130.97   47.73    6.85    5.11   -0.28   -0.22   45.48   45.15    4.37    4.40  3
  31733     135.88   48.81   -1.03   -2.40   -0.03    0.10   38.52   35.88    3.31    3.32  3
  32099     144.73   48.65  -27.85  -28.03    0.29    0.61   46.47   45.53    4.58    4.62  3
  32389     160.83   56.32    2.93    0.84    0.99    0.79   52.15   50.99    5.48    5.56  3
  32509     159.94   54.08  -16.29  -16.93    0.98    1.06   48.11   48.89    3.67    3.68  3
  34555      43.10   48.37   -9.57   -9.60   -0.86   -0.76   40.48   41.81    3.16    3.18  3
  34646      42.11   47.63  -11.95  -11.29   -1.98   -1.76   28.56   29.93    3.17    3.16  3
  36003      76.95   52.28   10.31    8.72   -1.91   -1.85   35.13   35.76    3.25    3.26  3
  36859      80.06   44.17   44.36   43.32   -1.47   -1.67   49.98   50.98    3.46    3.49  3
  37036      41.97   44.63   -0.38   -0.75   -1.16   -1.02   46.39   48.12    4.07    4.12  3
  37085      46.55   44.39   -6.18   -7.02   -0.90   -0.84   30.76   30.05    3.17    3.10  3
  37545      44.76   41.75   27.63   32.31    3.04    2.87   40.83   40.57    6.33    6.30  3
  38396      60.57   41.57    1.79    2.26   -1.07   -1.10   35.87   36.30    3.05    3.02  3
  38599      69.73   40.22  -10.90   -9.43    1.78    1.73   44.32   45.18    3.08    3.08  3
  38806      64.36   38.46   -1.67   -4.19   -2.22   -2.24   39.10   37.94    3.22    3.20  3
  38838      68.34   38.04    8.97    7.96    1.51    1.49   57.82   58.03    5.00    5.01  3
  38957      71.65   36.72   30.78   35.24    0.72    0.85   54.88   52.28    7.63    7.63  3
  40080      36.52   33.42   25.33   24.27    0.28    0.30   57.99   58.20    3.58    3.62  3
  41749      68.37   26.25  -26.10  -12.97   -0.87   -0.12   54.78   48.83    3.29    3.20  3
  43226      74.45   14.28    1.23    6.41   -1.74   -1.38   44.74   45.00    3.13    2.95  3
  43353      76.27    9.94   18.88   17.44   -0.44   -0.37   38.83   37.47    3.40    3.46  3
  44287     100.68   46.13   -0.51   -2.10    0.69    0.69   57.97   56.58    3.41    3.40  3
  47162     128.43   34.83    8.55    9.44   -2.52   -1.95   47.52   46.81    3.30    2.84  3
  47185     126.17   33.28   27.03   30.20    2.25    2.99   44.27   41.38    3.50    3.72  3
  47909     129.50   28.38   13.42   13.38   -3.48   -2.94   50.73   51.82    3.00    2.92  3
  48826     106.63   20.80   32.04   30.89   -0.94   -0.89   57.58   57.72    3.52    3.50  3
  48839     107.72   20.13   -5.15   -4.41   -0.53   -0.51   32.38   32.18    3.29    3.25  3
  54826     117.10   36.25   21.30   22.98    3.52    3.82   56.80   62.11    3.21    3.26  3
  58931     118.10   25.72   10.40    4.96    5.12    5.14   49.72   53.64    3.59    3.64  3
  59997     114.38   10.38   17.45   16.81   -0.38   -0.35   39.35   39.42    4.28    4.29  3
  61986      59.62  -16.45   -1.44   -1.84   -2.86   -2.76   11.04   10.90    3.34    3.42  3
  63729      31.82   -1.33   39.88   39.39   -0.58   -0.62   50.66   50.43    4.08    4.08  3
  63733      33.79   -1.50   34.14   33.44   -0.49   -0.44   43.28   42.48    3.66    3.70  3
  63801      29.63   -4.88    7.51    9.06    0.44    0.54   46.76   47.86    3.15    3.18  3
  63962      35.58  -10.68   27.47   27.79    3.47    3.46   40.19   40.35    6.23    6.22  3
  65599     353.92    4.95   30.23   30.67   -1.63   -1.54   50.89   49.86    3.59    3.56  3
  68649      26.80  -31.12   29.63   27.40    1.14    1.03   58.72   56.93    3.97    3.96  3
  71482     232.54   52.18   -5.93   -7.49    4.19    4.00   51.49   51.03    3.48    3.37  3
  71641     284.33   62.17   18.83   19.53   -0.92   -0.74   52.75   52.91    4.67    4.64  3
  72201     278.25   24.55   15.26   13.94   -0.04    0.39   33.23   33.63    5.43    5.32  3
  72383     241.27   34.75  -28.35  -33.92    3.43    3.29   47.57   60.64    3.84    3.88  3
  76243     259.48   28.70   -2.96   -1.95   -2.22   -2.08   33.10   28.91    3.60    3.58  3
  78384     278.66   19.28   -4.99   -3.69   -1.43   -1.27   34.07   29.85    3.73    3.70  3
  78482     288.91   18.20    6.26   23.71    1.57    1.49   52.05   48.97    3.52    3.50  3
  80001     278.28   12.58    0.91    2.35   -1.48   -1.35   32.98   31.84    3.40    3.33  3
  80022     284.49   10.45   11.98   14.92    0.32    0.33   44.87   46.19    5.48    5.43  3
  85140     292.62  -14.31   43.83   45.56    0.74    0.77   59.66   59.05    3.63    3.65  3
  87774     291.27  -41.25   15.65   17.39   -2.78   -2.87   50.03   50.83    3.24    3.31  3
  87784     294.91  -40.78   10.11   10.73    0.16    0.25   44.30   45.71    3.37    3.35  3
  87852     288.98  -46.52    6.95    6.44    0.03    0.11   47.13   45.74    4.10    4.20  3
  87896     294.08  -47.73   -1.13   -0.12    0.60    1.16   42.24   42.75    3.11    3.11  3
  88963     303.02  -63.40  -23.61  -21.09    1.21    1.14   59.32   61.17    4.44    4.44  3
  89053     301.37  -62.23  -13.18  -14.71    2.52    2.51   37.18   38.88    3.25    3.33  3
  89055     303.28  -64.23    8.87    7.97    4.01    4.08   47.51   47.14    3.94    3.95  3
  89058     301.03  -62.22   -2.75   -3.17    8.04    8.11   34.87   35.19    6.21    6.24  3
  89061     295.92  -64.77   22.48   21.21    1.26    1.16   49.68   52.15    3.39    3.37  3
  91350     159.78    6.66    5.30    1.18    0.12    0.15   56.30   56.36    3.70    3.68  3
  91623     176.00   -1.35    3.17    1.39   -1.25   -1.17   45.39   45.51    3.79    3.76  3
  91762     188.22  -13.80   24.21   24.86   -2.46   -1.54   43.74   43.40    4.76    4.72  3
  92035     147.22   -9.38   23.44   23.00    0.73    0.72   45.61   45.65    4.25    4.22  3
  93498     176.21  -40.90    6.02    3.03    4.21    4.56   21.37   21.80    3.25    3.85  3
  94511     148.57  -25.85   29.38   30.33   -0.62   -0.60   59.64   61.95    3.14    3.31  3
  94962     146.27  -43.65    9.19    7.13    2.51    2.70   41.30   41.45    3.19    3.41  3
  95909     148.28  -36.50   10.40   12.51    6.19    6.31   44.02   50.50    4.49    4.50  3
  95952     145.53  -41.85   17.01   19.00    5.45    5.49   37.03   37.07    3.33    3.45  3
  96147     108.38    3.95   26.71   25.66    0.35    0.44   57.26   57.56    3.18    3.15  3
  14321      14.77   44.75   33.64   33.65   -3.16   -2.99   55.90   55.71    3.22    2.98  3
  22541      38.40   64.83   -0.61   -0.59   -1.83   -1.90   34.77   34.96    7.77    7.68  3
  42860      77.93   21.87   30.77   33.34   -3.35   -3.17   57.89   60.47    4.99    4.99  3
  43207      79.76   11.50    2.77    1.65   -2.24   -1.72   50.20   51.82    4.45    4.29  3
  43227      75.40   14.78  -21.90  -17.31   -2.95   -2.57   45.65   47.69    3.20    3.10  3
  43257      75.08   13.50   30.08   35.95   -0.90   -0.54   57.70   57.79    3.81    3.79  3
  63210      49.18   11.28    7.98    3.43    3.47    3.78   50.39   47.14    5.51    5.58  3
  67586      33.77  -13.78   13.93   14.50   -0.59   -0.56   33.11   32.76    3.26    3.31  3
  67853      27.00  -18.63   36.22   40.01    0.06    0.05   38.47   35.30    5.79    5.75  3
  67881      32.13  -18.53   24.64   26.03   -1.21   -1.16   45.06   44.15    4.61    4.56  3
  68396      31.30  -26.53   31.37   35.21    0.76    0.64   59.68   60.63    4.88    4.75  3
  68454      27.57  -29.45   35.24   38.28    0.01   -0.11   58.23   58.06    5.01    5.02  3
  BKR        73.50   28.00   -6.81   -3.42    1.31    2.21   42.64   44.09    5.68    5.58  3
  64390      29.32   -3.32   -9.43   -9.28    3.49    3.48   55.97   57.81    4.76    4.74  3
  80410     290.69   10.07  -24.22  -28.75    0.65    0.71   39.61   40.21    5.20    5.21  3
  01461       8.65   59.84    7.94    9.25    4.02    4.46   37.24   39.76    4.92    5.20  3
