   3ELP9         31  197.90   34.10   73.00  -12.45    1.45   35.98    3.06   83.00    1.00  3
      -7.46    1.30   24.24    2.42  -10.10    1.34   30.60    2.59
          5   -8.71   -1.57   25.68   16.29
   3EMT9         32  174.80  -36.70   67.00   -0.06   -5.04   51.88    3.15   73.00    1.00  3
      -1.85   -4.42   33.46    3.05    1.82   -4.74   53.57    3.19
          2    6.92   -7.58   34.38   36.74
   9HJF9        270  219.30   59.50  116.00    8.15    2.74   57.10    3.21  137.00    3.00  3
       7.55    2.09   44.60    2.52    2.42    2.66   50.79    3.01
          0    0.96   13.78   52.42   50.71
   D5KF6        436  163.50  -21.70  116.00    9.85    4.10   44.05    3.35  158.00   28.00  3
       8.28    4.70   40.27    2.96    9.53    3.79   41.06    3.12
          0   -4.40   -0.34   48.05   33.76
   HPUO         514  120.50   36.00  201.00    1.39    0.26   54.44    3.30  202.00    1.00  3
     -10.76   -0.18   31.82    2.84    3.04    0.78   52.45    2.96
          0  -22.66   -6.05   45.17   46.60
   IBNY         515  123.00   37.70  122.00   -8.75    2.45   34.15    3.13  144.00    7.00  3
      -9.53    2.29   23.60    2.64   -8.64    2.70   32.62    2.95
          1  -15.53  -11.03   18.30   14.45
   PINX         650  224.70   59.40  109.00   13.60    3.41   59.65    3.06  190.00    1.00  3
      12.42    3.19   49.80    3.23    8.44    3.22   58.82    2.83
          0   -0.44   12.89   51.77   41.91
   VRJT8        787   26.90   33.20  117.00    7.30    1.56   43.76    3.04  120.00    0.00  3
       7.45    1.20   23.51    2.68    6.26    1.57   34.12    2.70
          0    1.57    5.15   26.54   34.20
   VRRI4        807   58.90  -22.00  221.00   -5.69    1.78   56.33    3.66 1301.00   42.00  3
      -4.11    2.58   32.45    3.69   -2.08    1.68   48.31    3.08
          0  -15.84   -4.09    9.63   18.87
   WBP3210      829  289.10  -53.10  212.00   32.06   -3.10   45.51    3.88 1268.00    0.00  3
      18.29   -2.29   40.22    3.70   29.06   -2.32   40.40    3.41
          0   34.94    2.34   28.26   15.24
   WYT8569      887  174.30   52.80   92.00   -8.31    1.57   38.38    3.21  118.00    2.00  3
      -8.83    1.50   24.04    2.63   -7.29    1.61   37.55    2.82
          0  -13.38   -7.49   26.20   23.85
   ZCDF4        895  218.70   59.60   92.00    6.78    4.34   58.83    3.10  124.00    0.00  3
       8.23    4.24   34.50    3.68    6.01    4.23   53.62    2.85
          0    7.05    7.53   78.85   15.15
   ZCDU9        901  354.70   53.80   88.00   -2.69    1.73   50.24    3.39   94.00    3.00  3
      20.84    3.24   40.34    3.72   -3.66    1.71   47.94    3.15
          1   -9.21   -1.26   35.23   32.78
   ZCDW9        902   13.60   44.60   85.00   12.27    4.00   43.92    3.33  104.00    4.00  3
      14.00    4.23   21.94    3.58   10.77    3.93   40.48    3.34
          0   21.65    7.71   37.50   19.03
   2HFZ6        918  352.20   45.80   60.00    2.71    4.13   48.19    3.53   97.00   19.00  3
      -6.31    5.05   24.71    4.13    2.14    4.19   50.28    3.65
          3  -10.45    4.46   19.23   42.83
   2IWZ7        922  228.90   54.10   86.00   17.12    3.96   55.59    3.22  113.00    3.00  3
      10.62    4.16   37.53    2.92   15.36    3.92   45.37    3.15
          0   -0.41    9.44   53.07   30.89
   VRHE3       1042  151.30   46.70   68.00    0.32    1.07   38.56    3.55   85.00    8.00  3
      -3.66    0.95   22.00    2.61    1.59    1.15   36.49    3.33
          0   -3.49  -10.97   23.68   26.63
   WSM5364     1069  191.40   60.40   56.00    5.08    2.61   32.92    3.28   62.00    1.00  3
       6.85    2.55   23.88    3.48    7.20    2.81   31.15    3.22
          1    1.70   13.78   30.12   19.65
   C6BH8       1095  128.90   32.30   57.00   -3.68    3.52   34.02    3.29   78.00    5.00  3
       7.30    3.18   27.06    2.51   -3.34    3.42   28.84    3.08
          1   -1.19   -7.30   21.44   19.82
   DCQN        1106    6.90   53.40   74.00   -7.62    1.17   29.81    3.76   75.00    0.00  3
     -10.51    2.02   17.21    3.21   -2.36    1.62   28.40    3.58
          0   -6.07  -15.17   16.80   28.48
   VRBI3       1129  102.30    1.80   98.00   26.56   -1.05   56.01    3.69  102.00    2.00  3
      20.02   -0.78   30.73    2.63   24.84   -0.80   55.23    3.34
          0   17.62   19.31   61.91   28.55
   DIHC        1257  351.30   45.10   67.00   -0.86   -1.14   38.37    4.01   74.00    0.00  3
      -1.02   -0.64   17.38    2.73   -1.79   -0.96   33.50    3.83
          3   -2.88    0.63   19.34   19.36
   ZCDM6       1283   10.20   42.50   64.00   -4.38    2.43   44.73    3.02   78.00    0.00  3
      -0.51    1.58   21.73    2.10   -4.91    2.41   39.38    2.80
          2    1.75   -2.18   21.93   23.07
   C6BR3       1292  293.40   34.40  122.00    2.86    3.82   38.43    3.17  158.00    3.00  3
      -1.44    3.21   19.82    3.08    4.97    3.78   32.96    3.05
          2    4.50   -5.09   22.40   17.17
   TCZF2       1329   22.00   36.30   64.00  -21.89    1.71   54.84    3.77   68.00    3.00  3
      11.20    2.21   43.08    3.03  -20.42    1.69   52.10    3.76
         30  -12.75   -7.27   29.64   73.48
   VRUR7       1335  310.10   11.70  103.00    1.84    3.17   30.14    3.90  300.00    3.00  3
       2.33    4.08   14.43    4.12    0.13    2.98   28.52    3.46
          3    0.57    5.32   13.69   13.31
   ZDNC6       1484  125.40   35.90   65.00   10.50    0.73   32.05    4.15   66.00    0.00  3
      13.21    1.42   17.95    3.38    7.87    0.89   29.80    3.93
          1   13.69   13.44   11.54   43.45
   ZCEF6       1529    6.90   54.70   85.00   -2.87    4.30   34.97    3.15   98.00    2.00  3
      -2.66    4.41   22.02    3.23   -1.32    4.20   32.09    3.23
          0   -1.70   -6.43   17.09   19.09
   SLKQ        1615  356.20   49.90   68.00   -2.34    4.55   34.54    4.50   80.00   11.00  3
       1.04    3.20   23.63    5.05   -1.86    4.59   31.06    4.59
          0   -0.92    5.65   33.34   18.82
   VROG7       1640  230.50   40.20   79.00    0.36   -0.29   53.22    3.12  103.00    5.00  3
       3.86   -0.06   31.87    2.83    3.68   -0.01   49.07    2.84
          0    3.95   12.61   29.87   22.49
   VVFH        1682   72.00   18.90   59.00  -13.07    1.17   53.46    3.13   61.00    1.00  3
     -18.13    0.75   47.60    2.57  -14.71    1.28   48.11    2.91
          2  -28.87    1.51   46.89   54.35
   VRDU9       1748  359.80   50.40   91.00    4.43    5.19   32.11    4.01  241.00   10.00  3
      26.09    4.32   33.37    3.26    3.72    4.88   29.90    4.00
          5    5.24    6.20   16.59   31.96
   9V8839      1770  285.30   24.90   66.00  -11.11    0.03   32.78    3.45   67.00    0.00  3
     -13.67    1.30   24.28    1.60   -8.86    0.19   26.80    3.30
          2  -20.64   -0.01   23.39   14.99
