   ENLA         521    2.84   59.11  231.00    5.45    2.47   33.98    3.03 2577.00    0.00  3
       1.25    5.10   16.15    4.02    4.73    2.98   34.41    3.12
          0   15.69    1.48   17.08   25.22
   K0CO         775  254.23   39.79  227.00   31.65    5.13   36.65    3.01 4106.00    0.00  3
      29.06    4.59   28.05    3.15   34.55    4.94   40.21    2.98
          0   29.69   39.29   32.85   37.99
   KMKN        2089  261.40   31.92  101.00   -5.95    3.54   36.91   12.41 1079.00    0.00  3
      -9.59    0.02   25.11    1.20   -8.71    3.94   41.26   12.46
         11  -18.78    4.20   22.96   32.02
   LIVC        3089   10.70   44.20  194.00   22.37    3.94   41.86    3.47 1144.00    0.00  3
      22.26    2.85   30.39    2.84   15.96    3.96   44.84    3.55
          0   17.38   58.20   27.02   32.69
   NTAA        3356  210.38  -17.55  231.00   32.37   -3.40   53.91    3.53 2319.00    0.00  3
      30.00   -0.78   44.61    4.36   33.19   -2.98   51.50    3.41
          0  -15.90   33.25   56.61   49.19
   SERB        3912  281.34   -1.61  118.00    9.57   -0.90   55.12    3.48  354.00    0.00  3
     -12.10   -1.11   50.07    3.77    9.20   -1.27   54.86    3.38
          0  -17.43   -9.77   49.91   88.89
   OITZ        4649   48.37   36.77  176.00   36.45    1.60   46.41    3.05  766.00    0.00  3
      33.47    0.58   46.86    2.29   35.60    1.49   45.95    3.04
          0   19.24   39.61   41.82   64.86
