  3ELP9     197.90   34.10  -12.45  -10.10    1.45    1.34   35.98   30.60    3.06    2.59  3
  3EMT9     174.80  -36.70   -0.06    1.82   -5.04   -4.74   51.88   53.57    3.15    3.19  3
  9HJF9     219.30   59.50    8.15    2.42    2.74    2.66   57.10   50.79    3.21    3.01  3
  D5KF6     163.50  -21.70    9.85    9.53    4.10    3.79   44.05   41.06    3.35    3.12  3
  HPUO      120.50   36.00    1.39    3.04    0.26    0.78   54.44   52.45    3.30    2.96  3
  IBNY      123.00   37.70   -8.75   -8.64    2.45    2.70   34.15   32.62    3.13    2.95  3
  PINX      224.70   59.40   13.60    8.44    3.41    3.22   59.65   58.82    3.06    2.83  3
  VRJT8      26.90   33.20    7.30    6.26    1.56    1.57   43.76   34.12    3.04    2.70  3
  VRRI4      58.90  -22.00   -5.69   -2.08    1.78    1.68   56.33   48.31    3.66    3.08  3
  WBP3210   289.10  -53.10   32.06   29.06   -3.10   -2.32   45.51   40.40    3.88    3.41  3
  WYT8569   174.30   52.80   -8.31   -7.29    1.57    1.61   38.38   37.55    3.21    2.82  3
  ZCDF4     218.70   59.60    6.78    6.01    4.34    4.23   58.83   53.62    3.10    2.85  3
  ZCDU9     354.70   53.80   -2.69   -3.66    1.73    1.71   50.24   47.94    3.39    3.15  3
  ZCDW9      13.60   44.60   12.27   10.77    4.00    3.93   43.92   40.48    3.33    3.34  3
  2HFZ6     352.20   45.80    2.71    2.14    4.13    4.19   48.19   50.28    3.53    3.65  3
  2IWZ7     228.90   54.10   17.12   15.36    3.96    3.92   55.59   45.37    3.22    3.15  3
  VRHE3     151.30   46.70    0.32    1.59    1.07    1.15   38.56   36.49    3.55    3.33  3
  WSM5364   191.40   60.40    5.08    7.20    2.61    2.81   32.92   31.15    3.28    3.22  3
  C6BH8     128.90   32.30   -3.68   -3.34    3.52    3.42   34.02   28.84    3.29    3.08  3
  DCQN        6.90   53.40   -7.62   -2.36    1.17    1.62   29.81   28.40    3.76    3.58  3
  VRBI3     102.30    1.80   26.56   24.84   -1.05   -0.80   56.01   55.23    3.69    3.34  3
  DIHC      351.30   45.10   -0.86   -1.79   -1.14   -0.96   38.37   33.50    4.01    3.83  3
  ZCDM6      10.20   42.50   -4.38   -4.91    2.43    2.41   44.73   39.38    3.02    2.80  3
  C6BR3     293.40   34.40    2.86    4.97    3.82    3.78   38.43   32.96    3.17    3.05  3
  TCZF2      22.00   36.30  -21.89  -20.42    1.71    1.69   54.84   52.10    3.77    3.76  3
  VRUR7     310.10   11.70    1.84    0.13    3.17    2.98   30.14   28.52    3.90    3.46  3
  ZDNC6     125.40   35.90   10.50    7.87    0.73    0.89   32.05   29.80    4.15    3.93  3
  ZCEF6       6.90   54.70   -2.87   -1.32    4.30    4.20   34.97   32.09    3.15    3.23  3
  SLKQ      356.20   49.90   -2.34   -1.86    4.55    4.59   34.54   31.06    4.50    4.59  3
  VROG7     230.50   40.20    0.36    3.68   -0.29   -0.01   53.22   49.07    3.12    2.84  3
  VVFH       72.00   18.90  -13.07  -14.71    1.17    1.28   53.46   48.11    3.13    2.91  3
  VRDU9     359.80   50.40    4.43    3.72    5.19    4.88   32.11   29.90    4.01    4.00  3
  9V8839    285.30   24.90  -11.11   -8.86    0.03    0.19   32.78   26.80    3.45    3.30  3
