  AYNZ      146.72   -6.57  -14.17  -14.43    3.81    3.73   61.76   60.05    2.28    2.26  3
  CWAE      237.05   50.13   36.30   37.93   -0.43   -0.96   67.38   66.81    0.77    0.95  3
  CYCP      240.72   52.11   42.55   39.95   -0.51   -0.69   81.18   79.95    1.12    1.20  3
  CYDA      220.87   64.04   -4.00   -4.66    0.03   -0.03   66.21   66.29    1.08    1.06  3
  CYDB      220.95   61.36   32.15   31.58    0.89    0.85   67.86   65.81    1.36    1.41  3
  CYDC      239.49   49.46   36.75   34.09   -0.48   -0.79   71.97   67.14    0.96    1.07  3
  CYDL      230.00   58.42    2.74    1.11   -0.03   -0.21   61.43   60.64    1.09    1.18  3
  CYGE      243.02   51.30   58.85   52.60    0.32    0.03   62.40   61.44    0.96    1.09  3
  CYMU       56.00    6.00   -3.42   -3.47    0.36    0.42   68.65   68.95    4.19    4.19  3
  CYRV      241.82   50.96   46.03   43.40    0.39    0.16   57.60   57.87    1.33    1.41  3
  CYZW      227.26   60.17   -7.88  -11.03    0.56    0.43   72.48   70.99    0.98    1.02  3
  CZFA      226.63   62.20   10.59    8.87    0.19    0.05   63.27   64.09    1.17    1.15  3
  DAAE        5.07   36.72   41.60   39.48    1.50    1.42   64.17   66.01    1.27    1.30  3
  DAUL        2.93   33.77   28.22   28.88    0.08    0.03   60.47   58.02    2.34    2.30  3
  DNIL        4.48    8.47   18.70   16.61    0.12    0.08   65.78   63.75    1.66    1.60  3
  DNPO        7.02    4.84   57.59   60.14   -1.26   -1.34   60.67   60.42    1.27    1.29  3
  DXNG        1.10    9.77   10.95   10.32    0.30    0.31   63.96   63.62    0.90    0.92  3
  EBLB        6.18   50.47   40.49   38.78   -1.33   -1.07   62.81   60.40    0.87    0.87  3
  EDNY        9.52   47.67   -7.46   -9.05    0.45    0.36   64.66   63.55    0.92    0.99  3
  EPZG       15.80   52.13   14.13   15.69   -0.81   -0.50   63.10   63.06    1.01    1.10  3
  FDST       31.95  -26.43   59.59   58.62   -1.81   -1.78   61.20   63.38    1.65    1.61  3
  FEFF       18.52    4.40   23.21   29.39    0.45    0.53   67.19   59.68    1.19    1.23  3
  FKKD        9.73    4.00   45.15   45.34   -0.79   -0.73   81.89   81.48    1.32    1.33  3
  FTTA       18.38    9.15   58.89   56.91    0.35    0.36   58.85   57.99    1.36    1.32  3
  GAMB      355.91   14.52   50.14   48.39   -0.69   -0.60   72.42   71.82    1.91    1.93  3
  GCGM      342.78   28.03   85.51   77.63   -2.98   -2.88   63.42   72.52    2.33    2.40  3
  GCXO      343.68   28.47   65.41   62.35    1.33    1.49   42.42   48.06    1.80    1.91  3
  GLRB      349.65    6.23   50.90   52.30   -0.84   -0.87   63.49   63.15    1.32    1.30  3
  GMMZ      353.10   30.94   -0.33   -6.28    0.63    0.56   61.41   59.77    1.88    1.89  3
  GOGK      345.04   12.88   41.48   40.57   -0.42   -0.40   81.39   81.98    1.23    1.20  3
  GOOK      343.93   14.13   19.26   21.61   -1.18   -1.03   77.87   77.30    1.35    1.37  3
  GUCY      346.38    9.57   13.27   13.10   -0.25   -0.21   60.29   59.80    1.45    1.41  3
  HTIR       35.77   -7.63   63.27   63.09   -0.66   -0.60   40.49   40.92    1.66    1.61  3
  HTMG       37.65   -6.83   83.88   85.67   -0.77   -0.70   40.06   40.89    1.60    1.59  3
  HTZA       39.22   -6.22   51.18   49.44   -1.29   -1.21   51.79   52.88    1.86    1.91  3
  K04V      253.83   38.10   82.04   83.13   -0.84   -0.87   52.56   53.11    2.14    2.10  3
  K0A9      277.83   36.36   61.64   55.03   -0.38   -0.41   52.24   48.90    0.84    0.78  3
  K12N      285.27   41.02   55.04   52.36   -1.19   -0.91   54.23   51.32    0.82    0.80  3
  K1A5      276.58   35.22   69.81   62.69   -0.82   -0.90   49.27   50.43    0.66    0.68  3
  K1A6      276.26   36.61   72.15   64.64   -0.73   -0.84   56.18   56.36    0.75    0.78  3
  K1A9      273.49   32.43   56.08   53.46   -1.46   -1.40   49.94   48.54    0.74    0.72  3
  K1AM      249.20   47.28   14.72   11.06    0.26   -0.11   60.82   58.98    1.70    1.71  3
  K1P1      288.25   43.78   58.35   59.28   -1.01   -0.99   56.95   59.11    0.78    0.78  3
  K1YT      239.55   46.66   -1.66   -0.72   -0.39   -0.70   63.94   63.37    1.54    1.63  3
  K20V      253.63   40.04   69.06   70.17   -0.54   -0.78   54.17   54.29    1.20    1.52  3
  K24J      276.97   30.30   61.33   59.00   -1.59   -1.37   51.79   48.40    0.71    0.78  3
  K2J9      275.45   30.60   49.22   43.99   -0.54   -0.27   43.55   37.69    0.67    0.79  3
  K3J7      276.86   33.60   49.31   43.22   -1.12   -0.86   42.45   37.63    0.73    0.82  3
  K3T5      263.05   29.91   48.55   43.59   -1.43   -0.82   46.16   42.55    0.95    0.90  3
  K40B      290.47   46.62   62.63   58.98   -1.36   -1.41   68.82   65.82    1.15    1.26  3
  K4A6      274.00   34.68   62.07   62.82   -0.86   -0.67   49.12   47.40    0.90    0.98  3
  K4A9      274.28   34.47   52.83   54.54   -1.04   -0.81   47.13   46.41    0.82    0.91  3
  K4O4      265.14   33.90   87.83   83.74   -1.26   -1.28   46.24   43.30    0.87    0.94  3
  K5A6      270.27   33.46   62.87   61.07   -1.20   -1.15   49.62   47.36    0.76    0.81  3
  K5C1      261.31   29.72   52.63   48.94   -1.56   -0.86   47.00   45.44    1.08    1.02  3
  K5R8      266.53   30.43   53.60   52.19   -0.42   -0.57   49.24   47.51    0.74    0.74  3
  K65S      243.70   48.73   60.75   56.25   -0.14   -0.15   46.19   44.95    0.97    0.96  3
  K6A2      275.72   33.22   51.66   49.85   -0.77   -0.43   43.00   39.67    0.73    0.83  3
  K6L4      278.09   37.85   98.44   96.20   -1.33   -1.48   52.34   51.56    0.68    0.74  3
  K6R3      264.99   30.36   76.90   74.44   -1.18   -0.88   41.27   41.94    0.82    0.79  3
  K7W4      282.25   37.96   48.51   49.22   -0.89   -0.74   43.24   42.47    0.89    0.85  3
  K8B0      289.30   44.96   48.77   49.19   -0.36   -0.42   45.97   45.69    0.74    0.79  3
  K8W2      281.30   38.65   49.00   50.16   -0.74   -0.80   55.48   55.90    0.95    0.95  3
  KACB      274.80   44.99   47.52   49.07   -2.18   -1.84   55.66   54.56    1.06    0.97  3
  KACP      267.31   30.75   66.92   67.59   -1.16   -1.37   53.88   54.00    0.56    0.71  3
  KADF      266.94   34.10   56.14   55.60   -0.72   -0.68   59.78   56.38    0.89    0.97  3
  KADU      265.08   41.70   58.32   57.25   -2.26   -1.87   56.52   54.34    1.12    1.25  3
  KAFO      249.07   42.71   55.99   56.54   -0.92   -1.03   47.75   49.85    1.23    1.32  3
  KAHN      276.68   33.95   55.30   53.09   -0.63   -0.36   50.44   48.89    0.76    0.90  3
  KAJO      242.40   33.90   74.73   68.01    0.58    0.78   44.51   50.12    1.55    1.35  3
  KAKQ      282.99   36.97   51.60   47.70   -0.91   -0.66   51.65   51.98    0.79    0.83  3
  KAQO      261.34   30.78   62.68   61.60   -2.11   -1.66   56.26   53.57    1.15    1.13  3
  KAQR      263.85   34.40   49.50   49.49   -1.87   -1.50   48.17   46.17    0.95    0.95  3
  KAQV      266.72   31.40   69.51   67.45   -1.17   -1.39   59.95   58.32    0.90    0.93  3
  KAQX      278.74   32.97   84.31   82.57   -2.32   -2.06   42.01   42.68    1.00    0.94  3
  KASJ      282.83   36.29   47.07   42.93   -1.18   -0.87   48.91   48.70    0.70    0.76  3
  KASL      265.70   32.52   63.54   60.75   -0.86   -0.95   50.35   49.66    0.77    0.78  3
  KAVP      284.27   41.33   24.76   23.31   -0.26   -0.26   60.56   58.95    0.98    1.02  3
  KAXH      264.52   29.51   53.78   57.52   -1.33   -0.84   54.44   48.09    0.70    0.80  3
  KAZE      277.36   31.88   51.66   50.57   -1.33   -1.31   39.82   37.96    0.61    0.60  3
  KBAN      240.49   38.35   64.29   56.96   -0.60   -0.19   67.67   69.58    1.38    1.52  3
  KBBP      280.27   34.61   48.65   49.33   -1.09   -0.83   53.45   54.63    0.73    0.92  3
  KBCK      269.15   44.25   51.39   49.08   -1.44   -1.30   56.03   56.31    0.88    1.01  3
  KBGE      275.36   30.97   47.25   44.05   -1.15   -0.92   43.94   40.03    0.85    0.97  3
  KBHC      277.61   31.71   51.70   51.65   -1.32   -1.29   45.76   43.01    0.65    0.68  3
  KBIJ      275.11   31.40   62.12   58.87   -1.85   -1.72   44.68   42.97    0.70    0.70  3
  KBKB      267.03   31.00   92.13   92.01   -1.34   -1.54   53.40   51.76    0.64    0.73  3
  KBMC      247.94   41.55   57.40   54.79   -0.88   -1.21   40.00   44.37    1.05    1.33  3
  KBML      288.82   44.58   70.35   66.03   -0.63   -0.70   49.12   50.21    0.89    0.98  3
  KBQP      268.12   32.76   54.06   53.91   -1.22   -1.30   51.86   50.89    0.74    0.85  3
  KBXA      270.14   30.81   48.64   50.28   -0.35   -0.22   39.95   39.50    0.68    0.76  3
  KCBE      281.23   39.61   51.86   53.42   -0.70   -0.62   48.80   50.00    0.70    0.90  3
  KCCA      267.55   35.60   82.27   80.78   -1.38   -1.24   53.97   54.18    0.79    0.77  3
  KCCO      275.23   33.31   52.42   52.32   -0.67   -0.33   45.36   43.62    0.61    0.78  3
  KCDA      287.99   44.57   32.94   32.92   -0.45   -0.70   63.41   61.62    0.64    0.81  3
  KCDD      267.52   48.27   50.66   49.83   -1.82   -1.90   55.02   54.72    0.85    0.92  3
  KCDH      267.23   33.61   59.92   57.33   -0.80   -0.77   49.18   48.17    0.69    0.80  3
  KCDN      279.44   34.28   58.47   61.13   -1.16   -0.82   52.87   54.76    0.73    1.02  3
  KCEW      273.48   30.78   45.41   42.88   -0.76   -0.33   43.61   40.15    0.79    0.83  3
  KCGC      277.43   28.87   48.16   48.21   -1.39   -0.73   40.97   41.15    1.02    0.90  3
  KCGS      283.08   38.97   50.99   58.10   -1.55   -1.13   51.30   49.25    0.87    0.85  3
  KCJR      282.14   38.53   57.94   63.80   -1.41   -1.20   49.40   48.48    0.68    0.82  3
  KCKI      280.16   33.72   56.26   56.87   -1.63   -1.40   54.16   54.58    0.84    0.94  3
  KCLM      236.50   48.12   50.70   42.77    0.41    0.18   42.73   42.58    0.99    1.07  3
  KCMY      269.26   43.96   57.64   55.82   -1.64   -1.53   57.10   57.03    1.04    1.12  3
  KCNO      242.37   33.97   66.97   61.33    0.75    0.97   42.52   49.79    1.58    1.37  3
  KCQF      272.11   30.46   50.73   52.81   -2.45   -2.12   50.37   49.54    1.17    1.12  3
  KCQT      241.72   34.02  124.98  112.24   -1.42   -1.32   41.48   38.62    0.65    0.61  3
  KCRW      278.41   38.36   48.24   48.48   -0.25   -0.36   58.64   55.66    0.80    0.95  3
  KCSV      274.92   35.95   47.01   46.39   -0.27   -0.14   58.78   56.04    0.85    0.95  3
  KCTJ      274.85   33.63   60.28   61.42   -0.96   -0.66   51.80   51.25    0.69    0.75  3
  KCTZ      281.64   34.97   58.06   58.69   -1.74   -1.45   49.19   49.05    0.84    0.79  3
  KCUB      279.02   33.97   50.95   52.70   -1.12   -0.80   50.92   52.52    1.07    1.02  3
  KCVC      276.15   33.63   66.53   66.18   -0.92   -0.54   48.85   45.95    0.68    0.79  3
  KCVH      238.59   36.89   59.20   28.41    0.85    0.70   47.15   63.78    1.80    1.48  3
  KCWV      278.13   32.20   56.77   55.33   -1.74   -1.64   58.57   56.88    0.76    0.83  3
  KCXE      281.50   36.78   59.58   57.13   -1.41   -1.14   51.72   51.88    0.71    0.74  3
  KCZZ      243.53   32.61  -45.82  -36.49    1.20    1.08   57.76   61.53    1.66    1.56  3
  KDAA      282.82   38.72   46.28   50.62   -1.12   -0.77   54.12   54.22    1.03    1.00  3
  KDAW      289.07   43.28   48.07   48.74   -0.56   -0.32   46.62   45.51    1.17    1.06  3
  KDBN      277.01   32.57   54.34   51.91   -1.26   -1.16   41.85   40.30    0.68    0.69  3
  KDDH      286.75   42.89   46.96   46.93   -0.44   -0.40   52.87   54.96    0.90    1.22  3
  KDKR      264.60   31.31   48.19   43.75   -0.69   -0.52   48.41   48.74    0.84    0.92  3
  KDNN      275.13   34.72   56.30   58.08   -0.73   -0.58   45.39   47.01    0.66    0.83  3
  KDPG      247.07   40.20   16.58   10.08   -0.50   -0.72   65.02   63.88    1.73    1.85  3
  KDPL      282.02   35.00   49.16   50.02   -1.59   -1.35   45.08   45.99    0.87    0.95  3
  KDQH      277.15   31.47   45.58   45.56   -1.14   -1.11   43.01   41.71    0.70    0.72  3
  KDVO      237.44   38.14   46.24   41.85    0.45    0.40   53.99   57.85    1.19    1.26  3
  KDWU      277.27   38.54   51.45   51.89   -0.91   -0.88   47.35   45.30    0.95    0.98  3
  KDYB      279.72   33.07   50.00   50.26   -1.02   -0.77   50.66   50.76    0.61    0.79  3
  KDYT      267.96   46.72   -9.36   -8.61    0.47    0.42   60.13   60.10    2.07    1.88  3
  KEDN      274.10   31.30   49.09   46.62   -1.26   -1.00   39.20   35.12    0.66    0.78  3
  KEED      245.38   34.77   46.96   42.41    0.62    0.41   47.08   45.44    1.29    1.42  3
  KEEN      287.73   42.90   54.86   58.30   -0.77   -0.58   51.28   51.31    0.93    1.00  3
  KEKN      280.16   38.88   76.08   76.38   -0.79   -0.78   61.03   60.90    1.01    1.10  3
  KEMK      265.68   27.82   66.08   68.72    0.83    0.81   28.32   26.21    1.11    0.94  3
  KEMT      241.97   34.08   44.19   32.13    0.09    0.18   72.46   59.05    1.08    1.10  3
  KEMV      282.52   36.69   45.48   40.00   -0.86   -0.59   57.31   57.98    0.81    0.88  3
  KESF      267.70   31.40   54.66   54.93   -0.70   -0.89   52.64   52.05    0.90    1.00  3
  KEZM      276.87   32.21   48.33   46.73   -1.16   -1.09   40.39   39.42    0.74    0.78  3
  KF44      264.18   32.15   47.93   47.60   -1.67   -1.44   50.50   49.11    0.75    0.89  3
  KFFA      284.33   36.02   49.92   50.96   -3.23   -2.97   47.64   47.24    1.43    1.33  3
  KFFC      275.43   33.36   59.07   58.03   -0.72   -0.33   49.28   48.77    0.87    1.02  3
  KFIN      278.80   29.46   45.07   43.54   -0.21    0.23   46.63   44.20    1.05    1.16  3
  KFLP      267.41   36.28   48.64   47.77   -0.50   -0.42   55.40   55.97    0.84    0.89  3
  KFUL      242.02   33.86   44.10   45.10   -0.80   -0.48   62.05   64.73    0.73    0.67  3
  KFZG      276.73   31.68   49.72   48.07   -1.37   -1.36   42.00   41.27    0.68    0.71  3
  KGCN      247.85   35.95   21.99   23.15   -1.06   -1.20   61.63   61.51    1.42    1.65  3
  KGEU      247.70   33.53   -1.92    7.78   -0.27    0.02   67.44   62.19    1.09    1.41  3
  KGEV      278.58   36.43   54.37   52.23   -0.36   -0.33   53.75   55.61    0.96    1.15  3
  KGIC      243.89   45.95   43.49   45.03   -0.01   -0.13   64.67   63.08    0.90    0.98  3
  KGKT      276.47   35.85   87.83   80.11   -0.70   -0.77   53.80   53.81    0.67    0.70  3
  KGOP      262.20   31.42   49.88   44.36   -2.16   -1.53   51.55   48.28    1.02    1.21  3
  KGUP      251.22   35.52    5.98    7.47   -0.60   -0.72   61.25   61.94    1.66    1.82  3
  KGYR      247.62   33.42   -9.71    2.96    0.72    1.02   61.01   55.49    1.43    1.45  3
  KHBV      261.26   27.35   78.95   77.96   -3.26   -3.06   42.68   38.96    1.32    1.29  3
  KHCR      248.57   40.47   53.30   56.87   -0.93   -1.16   48.58   53.40    1.24    1.99  3
  KHHR      241.67   33.92   55.62   56.15   -0.02    0.22   46.96   43.02    0.86    0.79  3
  KHIE      288.45   44.35   69.66   66.88   -0.48   -0.61   56.87   57.02    0.87    1.09  3
  KHLN      248.00   46.60   35.07   32.68    0.49    0.28   64.54   62.67    1.31    1.39  3
  KHMZ      281.49   40.09   45.05   44.86   -0.80   -0.65   47.09   46.30    0.89    1.05  3
  KHQU      277.48   33.53   60.61   60.07   -0.48   -0.24   37.93   36.55    0.64    0.81  3
  KHSB      271.45   37.81   46.26   43.54   -1.33   -1.21   53.40   49.96    0.90    0.98  3
  KHUM      269.33   29.57   49.80   50.80   -0.84   -0.29   47.75   47.11    0.84    0.95  3
  KHWY      282.28   38.58   45.62   50.62   -0.97   -0.73   49.81   49.81    0.69    0.86  3
  KI35      276.64   36.86   82.65   75.35   -0.89   -1.02   53.98   52.41    0.60    0.68  3
  KIER      266.90   31.73   45.83   46.25   -0.70   -0.93   49.60   46.73    0.79    0.89  3
  KINF      277.69   28.82   63.25   62.14   -1.39   -0.87   41.01   41.62    0.86    0.81  3
  KINS      244.33   36.59   34.85   39.59    0.39   -0.27   68.21   64.31    1.76    1.91  3
  KIPJ      278.84   35.47   50.59   54.02   -1.05   -0.62   44.66   49.44    0.66    0.84  3
  KIXA      282.36   36.33   71.10   66.16   -1.78   -1.42   49.34   48.90    0.97    0.90  3
  KIYA      267.92   29.98   45.56   46.13   -1.02   -0.93   44.49   44.76    0.82    0.86  3
  KJAS      265.97   30.89   63.80   62.76   -0.79   -0.85   53.73   52.55    0.64    0.72  3
  KJES      278.13   31.55   77.92   76.09   -1.15   -1.08   49.24   49.40    0.92    0.99  3
  KJFX      272.69   33.90   86.11   86.44   -1.61   -1.47   54.09   53.66    0.60    0.63  3
  KJFZ      278.20   37.06   46.75   43.56   -0.03   -0.15   45.78   44.25    0.69    0.88  3
  KJGG      283.28   37.24   47.74   45.66   -1.25   -1.02   37.88   39.43    1.22    1.13  3
  KJKL      276.68   37.60   79.79   74.38   -1.39   -1.47   44.08   43.90    1.04    0.98  3
  KJNX      281.61   35.54   59.78   57.14   -1.87   -1.34   52.08   49.76    0.95    0.96  3
  KJQF      279.30   35.38   61.88   66.45   -1.15   -0.66   50.56   54.11    0.97    1.18  3
  KJVW      269.59   32.29   57.37   58.20   -1.13   -1.20   46.39   44.86    0.78    0.83  3
  KJYL      278.41   32.65   62.71   62.63   -1.59   -1.42   44.68   43.17    0.61    0.74  3
  KL18      242.75   33.35   47.13   50.03   -0.11   -0.15   62.22   65.58    0.65    0.65  3
  KL35      243.14   34.26   61.45   49.14   -0.45   -0.79   52.26   52.99    1.21    1.55  3
  KLGC      274.93   33.01   56.49   55.19   -0.96   -0.77   42.82   39.61    0.68    0.82  3
  KLGU      248.15   41.78   45.23   42.41   -0.79   -1.04   50.90   53.99    1.42    1.55  3
  KLKR      279.16   34.72   59.68   69.00   -0.68   -0.62   62.06   61.17    0.89    1.02  3
  KLLJ      245.78   44.52   21.19   21.82   -0.27   -0.26   63.57   61.80    1.36    1.36  3
  KLOR      274.25   31.35   48.88   45.75   -1.47   -1.22   46.98   43.65    0.96    0.86  3
  KLSV      244.97   36.22  -10.68   -3.30    0.05   -0.49   60.35   58.04    1.88    1.91  3
  KLVL      282.21   36.77   49.55   46.87   -1.15   -0.86   48.35   49.03    0.73    0.70  3
  KLWB      279.60   37.86   45.19   45.83   -0.79   -0.91   46.95   49.45    0.68    0.71  3
  KM30      271.25   37.19   45.50   43.42   -1.46   -1.34   50.36   49.47    0.73    0.79  3
  KM40      271.52   33.86   50.65   46.60   -0.87   -0.83   48.51   46.57    0.83    0.91  3
  KM63      253.85   32.04   32.79   30.89   -0.99   -0.77   63.63   57.59    1.54    1.53  3
  KMCJ      264.60   29.71   78.40   79.89   -1.74   -1.20   65.83   60.88    1.37    1.32  3
  KMEH      241.60   45.52   98.16   88.49   -1.50   -1.62   54.43   52.27    0.81    0.92  3
  KMEZ      265.80   34.54   66.51   62.05   -0.95   -0.97   56.43   52.36    0.82    0.84  3
  KMFR      237.13   42.37   44.22   51.85    0.30    0.32   62.08   56.48    1.09    1.28  3
  KMGR      276.20   31.08   54.02   51.84   -1.57   -1.47   43.32   41.16    0.85    0.90  3
  KMHS      237.68   41.32   69.86   78.09   -1.01   -1.17   65.60   65.37    0.90    1.10  3
  KMKJ      278.66   36.90   55.04   50.96   -0.49   -0.55   65.29   64.87    1.08    1.19  3
  KMLJ      276.76   33.14   61.70   60.97   -0.83   -0.62   43.56   42.45    0.66    0.77  3
  KMLP      244.36   47.46   61.28   57.98    0.15    0.14   41.05   39.96    1.39    1.35  3
  KMLT      291.32   45.65   51.29   49.05   -0.69   -0.84   56.00   55.47    1.11    1.20  3
  KMMI      275.43   35.40   86.65   84.36   -1.08   -1.04   51.36   52.57    0.74    0.78  3
  KMNI      279.78   33.58   53.69   55.11   -1.67   -1.39   45.03   46.58    0.97    0.94  3
  KMRC      272.82   35.54   47.26   49.54   -1.03   -0.51   52.96   47.99    1.00    1.16  3
  KMRN      278.39   35.82   47.79   50.37   -0.84   -0.72   43.55   46.33    0.58    0.64  3
  KMTV      279.98   36.63   56.67   59.69   -1.06   -0.84   47.43   46.79    0.63    0.69  3
  KMVL      287.39   44.53   49.91   50.38   -0.23   -0.53   50.44   48.01    0.92    1.07  3
  KMWT      266.42   34.54   84.97   79.07   -1.38   -1.39   52.41   50.88    0.83    0.79  3
  KMZG      263.81   27.73   77.12   81.64   -0.90   -0.73   27.40   27.93    1.59    1.48  3
  KMZZ      274.32   40.49   68.36   68.55   -2.13   -1.79   51.17   49.73    1.01    1.17  3
  KN03      283.80   42.60   45.76   42.27   -1.63   -1.74   51.61   48.12    1.14    1.11  3
  KNOW      236.60   48.13   48.08   38.14    0.96    0.74   40.82   36.49    1.37    1.25  3
  KNYC      286.02   40.77   55.47   57.03   -2.00   -1.43   60.54   58.78    1.15    1.11  3
  KO69      237.40   38.25   76.76   70.89    0.27    0.21   42.75   47.40    1.01    1.08  3
  KOLS      249.15   31.42   12.57    6.43   -0.14   -0.22   60.42   58.45    1.06    1.13  3
  KOQT      275.77   36.02   63.97   57.14   -0.71   -0.82   48.55   48.20    0.67    0.73  3
  KOVS      269.33   43.16   49.55   49.27   -1.54   -1.40   59.32   58.79    0.99    1.11  3
  KP59      272.12   47.47   46.78   49.18   -1.67   -1.32   35.72   36.18    1.66    1.56  3
  KP60      249.58   44.55   87.50   89.02   -1.82   -1.88   67.91   68.65    1.20    1.27  3
  KP68      243.99   39.60   -8.70   -8.16    0.13   -0.01   61.19   64.44    1.40    1.37  3
  KP69      244.40   46.15   89.82   90.30   -0.95   -1.02   44.56   48.93    0.60    0.67  3
  KP92      268.47   29.57   64.86   67.25   -2.90   -2.37   49.84   50.12    1.60    1.56  3
  KPAO      237.88   37.47   51.07   35.65    1.79    1.56   57.44   56.76    1.80    1.61  3
  KPLU      237.72   47.10   87.32   79.02   -1.28   -0.91   54.75   48.40    0.64    0.70  3
  KPNA      250.19   42.80   47.60   43.65    0.36    0.25   48.51   49.85    1.14    1.18  3
  KPOC      242.24   34.10   56.83   47.57    0.95    1.06   45.63   42.79    1.30    1.34  3
  KPOE      266.80   31.05   47.89   48.68    0.28    0.06   41.91   39.78    0.88    0.95  3
  KPUJ      275.06   33.90   60.87   61.11   -0.85   -0.51   54.59   53.85    0.86    0.89  3
  KPVE      271.80   35.65   50.59   47.06   -0.88   -0.46   53.62   49.45    0.96    1.16  3
  KRAL      242.55   33.95   67.48   60.74    0.50    0.65   38.99   47.15    1.47    1.23  3
  KRBW      279.38   32.90   58.61   57.72   -1.08   -0.83   45.40   44.89    0.81    0.98  3
  KRCX      269.00   45.50   25.23   23.97   -0.57   -0.31   62.36   61.66    1.28    1.32  3
  KRFI      265.15   32.14   48.01   45.86   -1.14   -1.13   50.79   49.35    0.68    0.80  3
  KRHV      238.18   37.33   64.50   32.77    1.49    1.04   47.92   42.90    1.28    1.31  3
  KRIL      252.28   39.53   50.28   53.23    0.20   -0.02   45.64   46.08    1.66    2.04  3
  KRIV      242.73   33.88   55.11   46.52    0.31    0.20   42.33   45.43    1.23    1.11  3
  KRKR      265.38   35.02   60.10   53.79   -0.59   -0.58   53.54   49.87    0.81    0.86  3
  KRNC      274.15   35.70   73.50   74.67   -1.19   -0.89   58.69   57.27    0.94    1.04  3
  KRSN      267.41   32.51   67.87   66.14   -0.86   -0.99   51.45   49.06    0.84    0.94  3
  KRUE      266.91   35.26   54.84   52.14   -0.54   -0.53   51.80   48.01    0.81    0.91  3
  KRYN      248.83   32.14   18.67    7.97    0.22    0.18   62.69   59.90    1.47    1.53  3
  KRZR      275.20   35.22   65.19   63.60   -0.52   -0.44   52.52   51.59    0.74    0.81  3
  KSBD      242.77   34.10   72.07   61.96    0.28    0.17   43.75   51.93    1.20    1.16  3
  KSBS      253.13   40.52   56.18   58.34   -1.05   -1.28   51.32   53.75    1.38    1.56  3
  KSCD      273.70   33.15   70.99   69.59   -1.12   -0.97   49.43   49.11    0.92    0.97  3
  KSEG      283.14   40.82   50.05   48.72   -0.77   -0.64   54.80   54.14    0.78    0.81  3
  KSEP      261.82   32.22   68.83   63.75   -2.74   -2.04   57.79   54.36    1.40    1.48  3
  KSFQ      283.41   36.68   46.27   42.57   -0.59   -0.34   49.45   49.51    0.79    0.97  3
  KSJC      238.08   37.36   58.63   38.57    1.53    1.19   49.31   42.62    1.31    0.89  3
  KSJS      277.37   37.75   49.83   46.88   -0.51   -0.65   46.13   41.41    0.57    0.66  3
  KSLR      264.38   33.15   64.48   64.78   -1.67   -1.42   58.28   54.29    1.34    1.46  3
  KSME      275.39   37.04   57.71   55.17   -0.85   -0.76   51.88   50.83    0.71    0.79  3
  KSMN      246.12   45.12   49.72   47.59   -0.69   -0.72   56.08   56.33    1.29    1.21  3
  KSMQ      285.33   40.63   57.10   56.98   -1.18   -0.77   52.53   50.46    0.85    0.88  3
  KSMS      279.64   34.00   64.73   65.98   -1.49   -1.18   47.61   48.25    1.02    1.13  3
  KSNS      238.40   36.67   52.56   32.86    1.61    1.45   46.34   47.22    1.09    1.00  3
  KSNT      245.07   44.17   50.58   49.42   -0.80   -0.71   55.24   57.00    1.16    1.12  3
  KSOA      259.35   30.59   46.80   45.10   -2.48   -2.41   49.88   49.40    1.24    1.31  3
  KSPA      278.05   34.90   45.89   44.31   -0.72   -0.41   43.88   40.76    0.63    0.89  3
  KSRB      274.47   36.06   57.61   59.75   -1.05   -0.79   48.24   47.40    0.76    0.89  3
  KSRE      263.32   35.27   96.90   95.33   -3.09   -2.45   64.59   62.34    1.84    1.84  3
  KSTF      271.16   33.43   49.27   46.89   -1.07   -1.10   47.04   45.78    0.71    0.84  3
  KSTS      237.18   38.50    1.29    4.88    0.45    0.48   67.75   67.55    1.05    1.15  3
  KSWF      285.91   41.50   46.50   47.71    0.12    0.32   51.87   53.13    1.15    1.30  3
  KT82      261.09   30.24   54.90   54.05   -1.96   -1.46   51.87   51.03    1.19    1.14  3
  KTBR      278.27   32.47   49.83   47.96   -1.44   -1.31   42.67   40.75    0.83    0.90  3
  KTKV      270.19   45.47   64.61   64.93   -1.72   -1.57   58.20   57.59    0.99    0.99  3
  KTNB      278.35   36.20   80.21   76.56   -0.79   -0.78   48.82   49.95    0.85    0.95  3
  KTOA      241.67   33.79   41.27   41.37    0.81    1.17   60.71   58.04    1.59    1.37  3
  KTRI      277.60   36.47   68.64   61.50   -0.33   -0.45   54.07   54.91    0.90    0.93  3
  KTRK      239.87   39.32   51.16   47.09   -0.36    0.11   52.27   57.30    1.07    1.25  3
  KTTA      280.91   35.58   52.40   51.44   -1.11   -0.59   49.48   47.66    0.93    1.02  3
  KTVI      276.12   30.90   51.91   49.70   -1.02   -0.88   43.89   40.52    0.77    0.85  3
  KTVK      267.10   40.68   65.09   64.30   -2.36   -2.01   62.84   60.97    1.08    1.19  3
  KUBE      268.01   45.50   68.31   65.69   -2.06   -1.69   56.59   54.86    1.41    1.43  3
  KUKT      284.62   40.44   49.38   48.14   -1.23   -0.83   48.67   46.89    0.66    0.85  3
  KVBS      266.36   29.48   25.86   27.03   -0.95   -0.89   67.34   67.04    1.88    1.94  3
  KVBW      281.05   38.36   48.89   50.62   -1.08   -1.20   48.11   48.44    0.70    0.77  3
  KVCV      242.62   34.59   28.25   24.65   -1.09   -1.11   73.76   76.25    1.91    1.79  3
  KVDF      277.65   28.01   59.54   58.56   -1.99   -1.21   42.33   40.60    1.06    0.78  3
  KVJI      277.97   36.68   61.45   57.78   -0.15   -0.25   48.33   47.25    0.85    1.05  3
  KVKS      269.07   32.22   57.31   57.87   -0.65   -0.74   46.66   45.09    0.75    0.79  3
  KVNY      241.52   34.22   16.26   14.24    0.28    0.15   64.33   64.24    0.85    1.06  3
  KVPC      275.15   34.11   50.59   50.78   -0.89   -0.57   47.24   48.40    0.89    0.99  3
  KVQT      267.74   28.27   45.67   43.79   -0.47   -0.40   50.27   52.08    1.75    1.74  3
  KVSF      287.48   43.35   48.77   52.27   -0.85   -0.81   59.62   59.50    0.77    0.80  3
  KW22      279.73   39.00   50.81   53.45   -0.38   -0.34   55.35   54.07    0.74    0.92  3
  KW31      281.82   36.95   55.59   54.90   -1.08   -0.84   49.71   50.55    0.66    0.78  3
  KW78      281.16   36.68   49.47   48.74   -1.03   -0.77   50.35   50.40    0.68    0.82  3
  KW81      281.91   37.18   54.63   54.38   -1.08   -0.89   48.77   49.37    0.68    0.70  3
  KW99      280.87   38.97   72.61   74.44   -0.98   -1.02   49.77   48.96    0.69    0.79  3
  KWDR      276.33   33.97   50.39   48.58   -0.66   -0.34   41.16   38.52    0.83    0.83  3
  KWHP      241.58   34.27   46.92   35.09   -0.67   -0.64   77.54   73.76    0.94    1.04  3
  KWYS      248.88   44.68   51.64   51.29   -0.34   -0.34   54.07   53.96    1.28    1.37  3
  KZPH      277.85   28.22   73.80   69.79   -1.92   -1.18   41.56   41.99    1.16    0.92  3
  LDRI       14.58   45.22   52.77   51.30   -0.48   -0.37   48.94   51.78    1.35    1.37  3
  LECH      358.70   40.86   18.75   18.58   -0.09   -0.08   78.55   81.77    1.51    1.53  3
  LEGR      356.22   37.18   63.47   61.68   -0.23   -0.22   63.94   64.64    1.14    1.21  3
  LEVX      351.37   42.22   29.64   30.82    0.77    0.76   61.77   59.62    0.96    0.96  3
  LGKR       19.92   39.61   25.96   28.32   -1.06   -1.00   61.08   59.07    1.21    1.34  3
  LGTS       22.97   40.52   -8.13    1.64    0.81    0.86   63.29   56.03    0.89    0.97  3
  LIMK        7.73   45.03   31.80   30.17    0.30    0.18   62.86   65.06    1.03    1.04  3
  LIRQ       11.20   43.80   24.70   20.59    0.52    0.54   60.40   62.82    0.92    0.93  3
  LIRT       15.23   41.05   50.53   49.83    1.39    1.29   42.95   43.02    1.50    1.57  3
  LIVE       10.50   46.83   -2.89   -8.37    1.01    0.80   64.03   63.08    1.00    1.10  3
  LIVP       11.03   46.15   16.59   21.27    1.87    1.70   63.57   63.68    2.25    2.26  3
  LJLJ       14.48   46.22   13.44   23.24    0.40    0.28   60.55   61.13    0.86    0.87  3
  LKLN       13.27   49.68   27.83   30.09   -0.77   -0.61   64.11   64.11    0.85    0.88  3
  LOWG       15.43   47.00  -27.23  -23.28    0.53    0.46   66.68   68.55    0.72    0.74  3
  LQMO       17.82   43.28   51.34   52.08    0.43    0.21   55.50   54.31    1.38    1.37  3
  LSGG        6.13   46.25   21.25   20.55    0.71    0.50   68.06   65.35    1.01    1.04  3
  LSMM        8.11   46.75    2.20   -0.68    0.72    0.50   69.23   68.57    1.72    1.79  3
  LSZB        7.50   46.92   13.35   14.42    0.54    0.35   62.33   60.36    0.88    0.98  3
  LSZC        8.38   46.97   27.53   21.15    0.74    0.56   74.19   77.55    0.85    1.00  3
  LSZG        7.42   47.18    9.32   11.03    0.45    0.34   61.87   61.55    1.09    1.22  3
  LSZH        8.52   47.48   44.27   43.69    0.53    0.45   61.39   58.10    0.80    0.89  3
  LSZR        9.55   47.48    4.04    1.43    0.52    0.35   64.83   64.62    0.89    1.01  3
  LSZS        9.88   46.53    4.21   -0.69    0.73    0.46   69.46   72.26    1.91    2.02  3
  LTAT       38.08   38.43  -12.35   -7.96    1.70    1.56   68.98   68.26    1.10    1.15  3
  LTAZ       34.53   38.77   30.51   25.86    0.66    0.59   60.69   63.52    1.18    1.24  3
  LTBQ       30.08   40.72   59.07   59.83   -0.67   -0.50   50.77   53.22    0.83    0.91  3
  LTCB       43.03   39.71   58.06   57.40    0.06    0.04   84.45   82.24    2.01    2.09  3
  LTCD       39.50   39.72    9.35    9.79    0.97    0.94   72.65   73.53    1.61    1.69  3
  LTCJ       41.12   37.93    2.38   -0.94    0.96    0.95   64.74   66.97    0.72    0.75  3
  LTCK       41.67   38.75   52.51   54.57   -1.08   -1.06   43.47   46.31    1.13    1.19  3
  LTCT       43.86   39.97   24.62   24.52    1.43    1.28   61.06   61.90    1.34    1.53  3
  LTCV       42.06   37.36   13.19    4.77    1.07    1.12   62.18   61.02    0.77    0.81  3
  LWOH       20.75   41.18   35.26   37.40    0.67    0.43   67.48   64.47    0.92    0.92  3
  LYKV       20.58   43.82   24.28   24.41   -0.51   -0.55   60.70   60.73    0.65    0.69  3
  MDPP      289.45   19.75   57.08   55.41   -1.10   -1.18   52.01   53.05    1.66    1.74  3
  MGMM      270.13   16.97   71.92   71.85   -0.32   -0.35   38.35   37.51    1.01    1.07  3
  MGPB      271.40   15.72   61.03   58.54   -0.61   -0.73   39.05   39.77    1.03    1.10  3
  MHLC      273.13   15.73   71.52   70.74   -1.67   -1.78   63.65   63.61    1.16    1.18  3
  MMBT      263.73   15.78   72.65   71.40    0.00   -0.02   58.24   58.24    1.84    1.84  3
  MMCB      260.73   18.82   54.60   48.55    0.16   -0.05   46.49   47.07    0.73    0.84  3
  MMEP      255.15   21.42   43.78   47.38   -0.01   -0.15   64.20   62.88    1.17    1.17  3
  MMGL      256.68   20.52   50.78   48.53    0.30    0.18   48.74   49.25    0.94    0.99  3
  MMIA      256.42   19.27   54.01   56.81    0.55    0.38   40.09   41.37    1.55    1.56  3
  MMLO      258.52   21.00   49.08   48.66   -0.69   -0.84   43.19   43.07    1.46    1.46  3
  MMMM      258.97   19.85   64.05   59.98    0.28    0.22   51.60   55.04    0.97    0.99  3
  MMPN      257.97   19.39   48.39   47.27    0.35    0.19   38.77   40.81    1.28    1.25  3
  MMSD      250.30   23.15   20.34   22.27    0.40    0.41   61.72   63.46    1.67    1.61  3
  MMTG      266.97   16.57   -8.84   -6.28    0.98    0.96   61.19   63.03    1.29    1.31  3
  MMTO      260.43   19.35   45.94   39.03    0.68    0.69   41.73   47.24    1.20    1.13  3
  MMZC      257.32   22.90   58.07   56.58   -0.91   -0.97   50.60   51.73    1.56    1.56  3
  MNJG      274.02   13.08   57.92   58.42   -0.44   -0.76   30.24   30.18    1.79    1.80  3
  MNRS      274.17   11.42   55.54   54.79   -4.26   -4.43   38.52   38.09    1.44    1.50  3
  MPDA      277.58    8.40  -21.11  -18.47    0.54    0.53   61.30   60.79    0.85    0.88  3
  MRPV      275.85    9.94   52.24   43.77    2.03    1.70   36.15   39.67    1.39    1.26  3
  NCMK      202.62  -20.14  -66.17  -66.22   -4.40   -4.48   50.67   50.46    2.37    2.35  3
  NVSC      167.55  -13.85  -29.55  -30.68   -2.50   -2.55   62.97   63.72    1.19    1.17  3
  NVVA      169.76  -20.25  -17.42  -16.96   -3.55   -3.58   70.28   71.32    2.39    2.40  3
  OAJL       70.45   34.40   -9.31   -9.15    0.39    0.29   66.20   66.39    1.25    1.23  3
  OAKN       65.83   31.50   12.21   13.27   -0.91   -0.95   60.27   60.45    0.93    0.93  3
  OIAH       50.83   30.33   49.75   49.27   -0.42   -0.39   33.96   35.19    0.74    0.79  3
  OIFS       50.85   32.33   47.37   46.52    0.21    0.15   56.20   55.75    1.39    1.37  3
  OIHH       48.55   34.86   36.59   35.55   -0.44   -0.57   66.34   65.70    1.23    1.28  3
  OIIK       50.00   36.25  -49.68  -49.21   -1.55   -1.54   42.40   40.86    1.96    1.98  3
  OIMD       58.68   34.35   53.42   51.73   -0.92   -0.85   55.22   55.97    1.91    1.91  3
  OING       54.40   36.90   22.40   22.10    0.69    0.78   61.98   63.32    1.48    1.53  3
  OINR       50.67   36.90   45.87   48.71   -0.60   -0.62   45.13   44.39    0.99    1.05  3
  OISF       53.72   28.90   49.69   47.81    0.00    0.03   51.13   50.91    1.13    1.17  3
  OISL       54.37   27.67   74.49   72.00   -0.30   -0.35   52.72   53.18    1.00    1.02  3
  OPPS       71.52   34.02   18.55   16.89    1.35    1.45   65.02   65.22    1.10    1.12  3
  OSLK       35.95   35.40  -56.97  -61.30    0.17    0.05   46.28   47.28    0.93    0.98  3
  PABV      210.48   61.42   54.72   57.24   -0.34   -0.68   54.61   55.07    1.30    1.60  3
  PAEC      210.09   62.83   76.68   79.19   -0.84   -1.03   64.99   68.57    1.14    1.23  3
  PAED      210.20   61.25   51.55   58.85    0.58    0.28   48.55   55.06    1.81    1.64  3
  PAEG      218.85   64.78   56.89   56.74   -0.51   -0.58   64.95   64.73    0.96    0.97  3
  PAEL      223.65   58.20   77.50   76.61   -1.65   -1.60   45.35   46.79    1.66    1.78  3
  PAFR      210.35   61.27   77.08   83.23   -0.67   -1.00   48.16   52.42    1.44    1.14  3
  PAGN      225.41   57.50   61.19   59.35   -1.27   -1.46   53.19   51.88    0.85    1.07  3
  PAHN      224.48   59.25   11.62   10.41    1.38    1.16   69.94   70.30    1.62    1.61  3
  PAJC      201.63   56.31   -3.47   -3.81    0.34    0.69   66.04   65.35    2.11    1.97  3
  PAJN      225.42   58.37    6.21   15.23    0.61    0.48   65.49   70.98    1.79    1.76  3
  PALJ      205.68   60.20   34.49   28.99    0.18   -0.19   75.24   74.96    2.30    2.21  3
  PAMR      210.15   61.22   53.79   60.10    0.27   -0.01   46.69   48.64    1.24    1.18  3
  PAOH      224.56   58.12   47.87   49.04   -0.46   -0.62   64.87   62.93    1.20    1.25  3
  PAPG      227.03   56.82   35.47   37.25   -0.01   -0.28   83.72   80.98    0.85    1.04  3
  PAPT      207.26   62.09   50.70   41.35    0.70    0.53   43.96   48.50    1.43    1.53  3
  PASL      202.85   61.72   61.76   59.51   -1.67   -1.77   50.66   50.00    1.00    1.11  3
  PASO      208.31   59.44   33.63   34.55   -1.81   -1.93   62.25   62.34    1.50    1.55  3
  PATL      204.03   62.90   59.34   57.55   -0.34   -0.37   56.78   56.81    1.15    1.23  3
  PAWS      210.46   61.57   48.56   47.42   -0.04   -0.37   57.38   73.42    1.33    1.72  3
  PHBK      200.21   22.04   54.55   54.44   -0.90   -0.80   54.97   53.52    1.68    1.60  3
  PHHI      201.97   21.48   45.31   43.87   -1.89   -1.16   41.56   38.70    2.13    1.68  3
  PHKO      203.95   19.73  -48.60  -55.25    1.13    0.97   63.50   60.32    1.34    1.34  3
  PHSF      204.45   19.78   28.66   10.24    0.90    0.90   69.86   71.17    1.42    1.44  3
  PHTO      204.93   19.72   63.31   55.75   -0.60   -0.44   54.34   56.75    1.21    1.35  3
  PTKK      151.85    7.47   21.64   17.62   -1.51   -1.44   61.55   59.20    2.20    1.93  3
  PTTP      158.22    6.97  -11.44  -10.67   -2.05   -1.90   65.08   62.21    1.94    1.82  3
  RJAF      137.94   36.17   30.32   27.10    2.26    1.94   68.55   73.29    1.52    1.48  3
  RJCB      143.22   42.73   14.35    7.88    0.36    0.63   63.84   56.97    1.17    1.10  3
  RJSC      140.37   38.42    0.56    1.64    1.08    0.75   65.39   65.96    1.91    2.04  3
  RPMR      122.26   12.56  -11.93  -12.44   -4.05   -4.38   82.45   82.49    3.86    4.09  3
  RPMZ      122.07    6.90   39.77   38.76   -0.60   -0.64   66.66   66.49    1.19    1.23  3
  RPVD      123.30    9.33   -7.79   -7.81   -0.32   -0.43   72.45   73.04    1.69    1.66  3
  RPVP      118.73    9.75   -8.69   -9.60    0.56    0.53   61.15   57.47    1.25    1.25  3
  SASJ      294.92  -24.38   51.15   48.91    1.31    1.27   38.85   40.08    1.15    1.22  3
  SBAF      316.63  -22.87   45.48   42.66    0.94    0.95   50.74   45.39    1.32    1.30  3
  SBAQ      311.87  -21.82   -4.82    1.75   -0.30   -0.15   63.00   63.14    1.14    1.16  3
  SBAT      303.90   -9.86   36.15   33.16    0.46    0.53   66.17   61.28    0.97    0.94  3
  SBAX      313.03  -19.57   35.96   33.08    0.20    0.39   63.39   63.47    1.22    1.27  3
  SBBT      311.40  -20.58   55.95   58.48   -1.62   -1.50   71.02   69.80    1.50    1.46  3
  SBEK      302.22   -6.23   77.03   77.67    0.11    0.05   43.19   42.14    0.81    0.78  3
  SBGW      314.80  -22.78   -2.84    0.71    0.19    0.28   65.82   66.29    0.85    0.84  3
  SBPJ      311.65  -10.28   23.18   24.23    0.66    0.63   61.79   61.16    0.89    0.89  3
  SBSY      309.33  -11.57   34.14   33.77    0.53    0.47   68.18   68.19    1.56    1.59  3
  SBTT      290.07   -4.25   41.19   39.54    0.54    0.53   61.14   49.60    0.74    0.76  3
  SCCY      287.91  -45.57  -51.94  -49.05    0.28    0.19   55.96   57.07    0.99    1.18  3
  SCEL      289.22  -33.38  -20.36  -24.69    1.40    1.25   60.44   62.13    1.11    1.12  3
  SCVM      288.52  -32.95   61.84   61.81   -1.06   -1.14   56.81   56.52    1.43    1.43  3
  SEAM      281.44   -1.20   66.83   66.88   -1.92   -2.32   31.22   31.36    1.19    1.47  3
  SELT      281.38   -0.92   60.87   60.70    0.53    0.38   23.96   23.84    1.78    1.75  3
  SENL      283.14    0.10    3.50    3.05    0.36    0.42   70.45   69.76    0.71    0.73  3
  SETU      282.30    0.82   12.75   13.09   -1.44   -1.68   61.92   62.73    1.78    1.85  3
  SKAR      284.28    4.50   77.86   77.15   -0.13   -0.20   43.14   44.13    0.83    0.86  3
  SKEJ      286.20    7.02   -3.05   -6.37    0.94    0.89   61.24   60.14    0.64    0.63  3
  SKIP      282.33    0.88   30.00   30.31   -1.58   -1.77   60.26   61.12    1.45    1.52  3
  SKLT      290.05   -4.17   53.80   53.17    0.28    0.27   52.64   50.28    0.81    0.81  3
  SKMD      284.41    6.22   17.98   18.95    2.82    2.71   70.82   69.87    1.86    1.85  3
  SKMR      284.16    8.82   79.83   81.91   -1.87   -1.85   48.90   49.60    0.96    0.97  3
  SKMZ      284.53    5.03   79.21   72.57    1.63    1.57   59.76   62.82    1.18    1.17  3
  SKPC      292.50    6.17   49.86   48.90   -0.67   -0.71   63.18   63.46    1.31    1.30  3
  SKSM      285.77   11.13   46.69   47.35   -0.23   -0.20   48.72   47.26    1.95    1.95  3
  SKUC      289.27    7.07   45.05   41.52    0.16    0.13   55.42   55.53    1.11    1.15  3
  SKUI      283.38    5.72   50.43   53.40    0.48    0.49   58.84   57.67    1.11    1.16  3
  SKVP      286.75   10.43   53.33   50.24    1.02    1.00   38.52   41.11    1.21    1.20  3
  SKVV      286.38    4.17   45.15   44.04    0.10    0.11   57.65   55.93    0.95    1.01  3
  SLCA      296.47  -20.00   66.96   68.99   -1.47   -1.46   40.57   41.79    1.02    1.02  3
  SLCB      293.82  -17.42    3.15    1.53    0.07    0.07   74.24   74.32    1.15    1.20  3
  SLRB      300.25  -18.32   50.49   53.26    0.46    0.33   54.62   55.34    2.30    2.40  3
  SLTJ      295.28  -21.53   56.73   57.32   -0.97   -0.95   32.86   34.45    1.26    1.31  3
  SOCA      307.63    4.83   52.94   53.01   -0.28   -0.01   48.57   48.23    1.30    1.36  3
  SPJL      289.85  -15.48   47.71   44.97    0.44    0.46   59.45   60.57    1.05    1.08  3
  SPST      283.63   -6.52   59.13   55.78    0.17    0.14   68.04   69.63    0.88    0.93  3
  TDCF      298.60   15.33   66.95   67.58   -3.90   -3.43   43.81   44.04    1.27    1.28  3
  TDPD      298.70   15.53   46.75   47.11   -1.64   -1.20   29.05   29.22    1.11    1.10  3
  TTPP      298.65   10.62   51.47   50.82   -0.47   -0.40   28.63   27.00    1.47    1.52  3
  UBBL       48.81   38.75   49.84   52.69   -0.81   -0.85   47.64   49.63    1.02    1.03  3
  UIUU      107.45   51.80    3.59    3.34    0.52    0.39   60.23   58.38    1.29    1.42  3
  UKLI       24.68   48.89   55.54   55.17   -0.77   -0.72   58.60   57.07    0.84    0.87  3
  UTDK       69.80   37.97  -45.84  -46.88    2.03    2.03   22.91   23.41    1.38    1.35  3
  UTFA       72.33   40.72   24.34   24.66   -0.25   -0.31   62.52   63.35    1.05    1.01  3
  UTFF       71.75   40.36  -12.69  -13.56    0.29    0.26   69.48   68.63    1.38    1.36  3
  VEAT       91.24   23.89   93.51   93.77   -2.31   -1.89   51.39   49.45    1.09    0.92  3
  VEGT       91.58   26.10   46.59   46.98    0.09    0.16   59.28   57.74    0.88    0.82  3
  VEJS       86.16   22.81   48.50   48.13   -1.43   -1.27   49.44   49.93    0.89    0.83  3
  VELR       94.10   27.30   12.00   12.48    0.44    0.37   76.01   79.61    0.88    0.85  3
  VGEG       91.82   22.27   57.78   58.98   -1.67   -1.19   59.02   59.39    1.37    1.46  3
  VIAR       74.80   31.70   60.36   59.71   -1.08   -0.70   58.91   59.54    1.42    1.42  3
  VLLB      102.16   19.89   19.32   14.06    0.41    0.30   62.35   60.96    0.58    0.64  3
  VLLN      101.40   20.96   13.56   11.55    0.56    0.43   70.50   70.61    0.66    0.69  3
  VTCH       97.98   19.30   46.23   43.48    0.42    0.37   76.12   74.90    0.79    0.78  3
  VTCL       99.52   18.28   47.86   48.29    0.00    0.07   58.45   56.76    0.81    0.81  3
  VTCN      100.78   18.78    0.07    0.92    1.08    1.09   71.66   73.76    0.73    0.76  3
  VTPB      101.20   16.67   11.52   13.98   -0.24   -0.08   69.53   66.59    0.89    0.93  3
  VTPO       99.82   17.23    3.07    4.23    0.26    0.43   63.77   62.86    0.87    0.87  3
  VTSF       99.95    8.52   12.65    9.23   -0.38   -0.17   69.91   69.04    1.28    1.22  3
  VTSK      101.15    6.78    8.98   10.16    0.22    0.35   65.45   64.75    1.30    1.24  3
  VTSR       98.58    9.77    6.53    4.88   -0.64   -0.31   68.43   67.89    1.45    1.39  3
  VTUD      102.80   17.38   13.68   12.27   -0.25   -0.19   62.23   61.18    1.02    1.04  3
  VTUL      101.73   17.45   21.10   24.09    0.05    0.13   69.44   71.64    0.91    0.94  3
  WAJJ      140.47   -2.57   68.03   62.76    0.40    0.43   57.02   59.22    1.03    1.03  3
  WAPP      128.08   -3.70   53.23   52.93   -1.37   -0.83   56.57   54.39    0.99    0.99  3
  WBGG      110.33    1.48   25.77   33.64    0.71    0.74   62.67   56.41    0.93    0.91  3
  WBGY      111.45    1.22   74.36   76.75   -0.15   -0.20   72.26   68.34    0.74    0.76  3
  WBKL      115.25    5.30   47.93   53.40   -2.15   -1.91   71.20   70.06    0.97    1.03  3
  WBKW      118.12    4.32   53.53   50.09   -0.25   -0.18   48.00   48.28    0.92    0.88  3
  WIBB      101.45    0.47   70.47   65.13    0.59    0.73   49.43   49.80    1.06    1.09  3
  WIOO      109.40   -0.15   16.81   19.15    0.49    0.51   61.78   58.67    0.88    0.88  3
  WMBA      100.70    4.22   45.13   48.00   -1.06   -1.04   53.19   52.34    0.91    0.95  3
  WMKD      103.22    3.77   55.29   50.17   -0.13   -0.06   55.92   57.11    0.95    0.93  3
  WMKE      103.43    4.53   73.38   71.78   -1.43   -1.37   62.61   63.86    1.17    1.09  3
  WMKJ      103.67    1.63   55.87   47.67   -0.50   -0.20   61.56   60.54    0.73    0.74  3
  WMKL       99.73    6.33   14.49   16.00   -0.79   -0.60   60.77   60.66    1.31    1.18  3
  WMKM      102.25    2.27   48.90   47.91   -0.98   -0.84   59.59   56.52    0.92    0.85  3
  ZMUB      106.78   47.83   23.55   22.54   -0.08   -0.07   60.30   58.45    1.47    1.40  3
  AYMH      144.30   -5.83  109.75  106.09    2.36    2.33   59.29   61.23    2.91    2.92  3
  BIHN      344.77   64.30    6.54    3.82    0.66    0.66   62.06   62.99    2.35    2.40  3
  DAAD        4.20   35.33  -11.06  -12.38    0.37    0.34   60.67   61.17    1.30    1.33  3
  DNEN        7.55    6.47   45.31   46.75   -0.30   -0.28   64.67   65.04    1.36    1.37  3
  DRZA        7.99   16.97   33.95   22.67    0.17   -0.02   60.65   56.21    1.90    1.73  3
  ENNO        9.22   59.57  -16.69  -13.79   -0.07    0.19   73.70   72.53    1.30    1.21  3
  ENOV        6.07   62.18    6.61    9.39    0.15    0.15   79.86   82.69    1.41    1.37  3
  ENSD        6.12   61.83  -33.40  -29.82    1.05    0.92   61.70   63.79    1.38    1.63  3
  FEFT       15.80    4.25   11.32   17.06    2.31    2.36   61.17   58.49    1.95    1.93  3
  FKKN       13.57    7.35   50.42   42.84    0.72    0.67   55.09   57.34    1.12    1.07  3
  FNKU       16.93  -12.36   66.29   64.54    0.80    0.64   48.67   49.99    1.83    1.82  3
  FNMA       16.30   -9.55   28.69   23.34    0.99    0.94   82.63   80.20    1.89    1.80  3
  FNSA       20.43   -9.69   67.59   64.65   -1.09   -1.11   55.38   56.59    1.33    1.34  3
  FNUB       13.56  -14.93   13.06   13.50    2.03    2.00   63.59   66.00    1.65    1.68  3
  FVKB       28.89  -16.52   51.35   46.06   -0.64   -0.64   50.41   53.40    1.62    1.61  3
  FZNA       29.23   -1.68   24.14   25.88    1.72    1.68   76.08   76.38    1.68    1.63  3
  FZWA       23.56   -6.11   25.37   15.36    1.68    1.67   77.70   77.47    1.49    1.43  3
  GOTK      347.79   12.56   13.99   13.89    0.28    0.28   76.60   74.10    1.16    1.18  3
  K1J0      274.40   30.84   45.71   42.06   -1.22   -0.83   48.83   44.01    0.74    0.83  3
  LEGA      356.38   37.11   27.22   31.40    1.52    1.55   69.73   64.70    1.49    1.57  3
  LGKZ       21.78   40.29   72.77   71.42   -0.70   -0.88   52.95   52.64    1.21    1.16  3
  LIMA        7.60   45.08   58.96   58.11   -0.41   -0.39   57.95   57.16    1.00    0.96  3
  LIPF       11.62   44.83   27.09   20.14   -1.20   -1.04   62.26   64.27    1.15    1.09  3
  LIQW        9.98   44.08   38.37   43.78    0.13    0.09   79.06   82.85    0.94    1.02  3
  LIRI       14.92   40.61  -13.69  -11.78    1.20    1.18   61.60   59.55    1.63    1.74  3
  LLIB       35.57   32.97  -48.96  -48.35    0.18    0.27   53.64   51.12    0.96    0.95  3
  LQTZ       18.73   44.47   23.86   25.08   -0.12   -0.18   69.05   68.17    0.93    0.98  3
  LTAL       33.79   41.31   16.32   15.48   -0.19   -0.28   61.78   59.30    1.35    1.36  3
  LTAW       36.36   40.28   19.99   20.66    0.02    0.02   83.94   81.92    1.22    1.39  3
  OISR       53.18   27.36   41.56   39.63    0.67    0.71   61.35   62.52    1.81    1.88  3
  RJNG      136.87   35.38    8.79   13.48   -0.24   -0.10   61.01   58.51    1.67    1.51  3
  RJTR      139.40   35.52   50.59   43.06   -1.68   -1.42   62.91   59.31    1.72    1.68  3
  DNJO        8.90    9.86   17.82   11.80    1.38    1.30   61.12   55.70    1.63    1.59  3
  GQPA      346.94   20.51    4.71    4.28   -0.17   -0.04   66.19   69.10    2.24    2.17  3
  KEUF      274.87   31.95   45.33   43.25   -0.79   -0.72   44.43   41.80    0.78    0.87  3
  LIQN       12.85   42.42   33.81   32.95    0.67    0.54   61.58   59.84    1.36    1.31  3
  LOXZ       14.75   47.20   -7.95   -6.69    0.31    0.25   62.71   66.15    1.12    1.18  3
  MMPE      246.48   31.35   -6.06   -9.58   -1.07   -1.25   61.99   67.82    1.80    1.83  3
  NVSG      167.96  -15.30   89.47   89.66   -4.45   -4.49   60.18   60.05    1.91    1.92  3
  SBPG      311.48  -25.52   27.38   28.94    1.32    1.18   85.40   86.76    1.75    1.85  3
  SBUA      293.02   -0.15   36.28   37.32    0.72    0.72   66.98   63.28    0.71    0.72  3
  SLVM      296.55  -21.25   73.72   74.47   -0.85   -0.90   41.39   42.60    1.35    1.29  3
  KAFP      279.92   35.02   45.91   48.74   -0.92   -0.52   50.74   55.46    0.68    0.96  3
  KFYE      270.61   35.21   49.28   46.13   -1.17   -0.59   49.55   48.62    1.08    1.23  3
  SBML      310.08  -22.18  -11.73  -11.16    1.41    1.51   62.24   56.74    1.40    1.43  3
  SPJI      283.28   -7.22   79.03   82.85   -0.85   -0.81   38.14   39.72    0.62    0.61  3
  SPTU      290.80  -12.63   11.53   15.29    0.63    0.61   61.04   58.65    0.74    0.77  3
  KLDJ      285.77   40.61   68.02   65.63   -1.58   -1.03   47.95   45.25    1.03    1.09  3
  DTTN        8.80   36.47   70.91   69.81   -1.32   -1.32   48.93   47.36    0.61    0.64  2
  KLOZ      275.92   37.08   45.51   42.83   -0.42   -0.45   56.22   52.40    0.87    0.89  3
  FTTC       20.85   13.85   41.78   37.84   -0.55   -0.47   69.55   69.96    1.72    1.72  3
  PAIN      211.09   63.73   71.28   71.09   -0.75   -0.70   64.76   64.10    1.35    1.42  3
  PAMH      207.73   63.90   50.93   52.87   -1.04   -1.04   59.60   59.53    1.08    1.07  3
  KRHP      276.14   35.19   79.34   73.05   -0.82   -0.80   49.60   53.39    0.70    0.72  3
  FDPP       31.25  -25.96   50.10   52.34    1.23    1.16   48.05   50.43    0.98    1.04  3
  KE16      238.40   37.08   -4.20  -17.25    1.43    1.15   72.92   75.95    1.38    1.30  3
  KHLB      274.74   39.35   53.82   57.03   -1.96   -1.39   53.96   52.44    1.00    1.08  3
  LSME        8.30   47.10   54.20   53.81   -0.26   -0.42   75.35   72.02    0.91    1.06  3
  KU68      251.55   44.91   36.24   35.47   -0.18   -0.50   61.07   60.25    1.85    1.76  3
  SBTU      310.28   -3.78   50.88   50.91    0.55    0.43   50.82   49.16    0.98    0.99  3
  KMOR      276.64   36.18   56.14   52.45   -0.25   -0.36   44.45   43.16    0.76    0.79  3
  FYRN       13.85  -20.01    1.76    1.20    0.38    0.46   77.14   76.40    1.96    1.92  3
  FYWB       14.65  -22.98   -4.71   -6.32   -0.23   -0.15   67.71   67.80    1.61    1.49  3
