   23093          2   87.99   16.46  194.00    9.43   -0.92   90.39    1.20  339.00   24.00  3
     -14.32   -0.87   28.19    1.03    9.94   -0.46   91.61    0.99
          0  -10.25  140.00   20.28   44.28
   23460          9   88.31    6.56  214.00  -63.78   -0.21   39.05    1.24  357.00    4.00  3
     -62.42    0.46   36.43    1.32  -59.80    0.09   37.89    1.16
          0  -16.92  -47.42   15.76   24.14
   41004         42  280.90   32.50  212.00    1.20   -0.33   25.68    0.98 7501.00    2.00  2
      -2.45   -0.25   10.91    0.86    1.77   -0.06   21.64    0.51
          0   -2.48   -8.12    7.95    6.77
   44009         85  285.30   38.50  129.00   32.81   -0.87   60.29    1.59  664.00    0.00  3
       6.04   -0.61   30.43    1.62   31.75   -0.28   59.75    1.43
         21   -9.95   -2.46   37.99   14.55
   45150        131  245.90   62.00  162.00  -59.27   -0.45  108.79    1.29  864.00  194.00  3
    -119.46   -0.49   40.64    1.08  -59.82   -0.55  108.84    1.34
          1 -126.87  -72.91   33.74  135.79
   46054        154  239.50   34.30   55.00  -18.11    1.30   66.38    2.19 1123.00   48.00  2
      -9.96    1.61   44.26    1.82  -19.76    1.27   62.39    2.01
          5 -999.00 -999.00 -999.00 -999.00
   53040        194   95.02   -8.00   64.00  172.57   -0.50    4.05    0.89 1092.00  869.00  3
     173.56   -0.38    3.49    0.67  172.60   -0.29    3.78    0.78
          0  173.28  174.02    4.07    3.41
   53056        195   94.94   -4.93  108.00  153.42    0.22   40.56    1.68 1036.00  610.00  3
     166.42    0.07   10.29    1.30  142.51    0.74   54.68    1.81
          0  166.42  167.90   10.33    7.90
   9HJD9        269  225.60   58.20  157.00    3.43    2.38   68.91    2.51  271.00    3.00  3
       1.93    2.46   54.30    2.65    2.78    2.30   68.36    2.30
          2   -7.56   -5.35   93.13   76.26
   9V5639       284  136.30   32.70  131.00    6.93    1.19   71.20    2.16  507.00   33.00  3
      -1.35    0.90   39.42    1.73    4.65    1.35   62.91    1.97
          0   -4.87  -20.20   18.47  105.60
   9V9040       290  347.70  -24.20  182.00    4.82    2.16   62.12    2.40 1360.00   77.00  3
       6.87    2.11   51.03    2.34    4.90    2.06   51.14    1.95
          0   16.25   21.25   52.21   57.47
   A8PQ8        307  285.10   38.50  190.00  -12.95    0.86   70.65    2.29  972.00   14.00  3
     -13.55    1.05   44.84    2.43  -13.62    1.53   68.83    2.23
          0    4.89   -8.62   39.06   14.35
   CHCM2        415  284.19   39.53   93.00   15.90   -0.94   60.43    0.95  140.00    0.00  3
       6.52   -0.97   31.74    0.79   23.39   -0.35   62.18    0.93
          0  -12.42   22.44   24.78   54.30
   CPXC1        425  239.26   35.17  231.00  -45.29   -0.75   46.82    1.3438364.00    0.00  3
     -42.35   -0.73   44.57    1.18  -41.41   -0.36   43.32    1.07
          0  -68.95    3.11   47.58   56.02
   DBLN6        454  280.65   42.49  231.00  104.30    4.17   47.02    2.12 1384.00    1.00  3
     113.24    4.19   59.23    2.25  104.30    4.17   47.02    2.12
          0   89.70  115.64   64.74   52.36
   DISW3        471  269.27   47.08  228.00  101.53    5.50   39.54    2.95 1385.00   38.00  3
      97.50    4.80   47.97    2.77  101.53    5.50   39.54    2.95
          0   93.31   91.65   52.87   50.76
   ICAC1        516  241.50   34.01  230.00    4.49    0.88   61.71    0.80 2619.00    0.00  3
      14.32    0.81   39.05    0.80   16.94    0.91   55.87    0.78
          0   23.20    5.53   38.34   76.17
   ILOH1        517  204.94   19.73  230.00   56.41   -0.56   55.53    1.3612935.00    6.00  3
      62.75   -0.48   59.16    1.05   47.89   -0.39   56.98    1.53
          0   61.32   85.51   50.17   38.33
   KWHH1        550  204.17   20.04  230.00   80.52   -1.05   53.92    1.49 2565.00    8.00  3
      85.48   -0.98   60.36    1.46   69.67   -0.60   61.14    1.50
          0  101.32   70.62   55.74   49.11
   MRNA2        594  225.74   58.20  231.00   -2.85    0.89   65.96    1.78 8133.00    0.00  3
       2.28    0.40   68.42    1.02    1.99    0.70   57.87    1.45
          0  -34.99   23.51   57.11   61.43
   PILM4        649  271.63   48.22  231.00  100.42    6.07   47.19    2.84 1385.00   18.00  3
     102.93    5.45   62.12    2.77  100.42    6.07   47.19    2.84
          0  145.91   75.12   39.41   55.70
   PTLA2        666  225.25   58.35  231.00   -9.00    0.66   60.38    1.47 8192.00    0.00  3
       6.43    0.42   62.94    1.29   -6.14    0.51   60.99    1.39
          0  -65.95   -1.51   41.43   46.12
   ROAM4        675  270.69   47.87  227.00   97.48    7.02   47.25    3.00 1371.00   34.00  3
     105.06    6.85   62.74    3.59   97.48    7.02   47.25    3.00
          0  123.50   79.05   49.28   57.91
   SBIO1        686  277.16   41.63  231.00   98.69    4.80   45.96    2.30 1385.00    4.00  3
      98.38    4.28   56.19    2.20   98.69    4.80   45.96    2.30
          0   99.52  130.94   44.08   42.12
   SGNW3        694  272.31   43.75  231.00   97.30    5.23   54.79    2.58 1382.00    3.00  3
      97.94    6.10   79.34    3.26   97.30    5.23   54.79    2.58
          0   78.85   96.59   60.07  106.27
   STDM4        708  272.78   47.18  229.00  101.52    7.30   51.81    3.08 1385.00   35.00  3
     109.69    7.30   69.41    3.74  101.52    7.30   51.81    3.08
          0  116.75   82.58   59.29   66.86
   TKEA2        724  224.78   57.78  231.00  -43.49    1.25   68.24    1.29 8178.00    0.00  3
     -46.34    1.24   88.86    1.06  -31.98    1.09   63.81    1.19
          0  -68.64  -37.52   65.79   48.47
   VDZA2        758  213.64   61.13  221.00   52.72   -0.62   42.16    1.05 2467.00    0.00  3
      53.67   -0.49   41.76    0.87   44.74   -0.80   44.81    1.13
          0   53.78   39.52   54.93   40.12
   VRQZ7        804   63.50   22.70   61.00  -22.14    1.43   61.07    2.16   89.00    4.00  3
     -25.49    1.11   58.28    2.25  -21.54    1.55   57.47    2.01
          1  -14.56  -39.17   50.45   71.94
   VTWS         816   83.30   17.70  220.00   14.40   -2.55   99.63    1.65  421.00    1.00  3
      36.71   -2.59  100.25    1.60   16.14   -2.08   96.66    1.46
          0 -102.41   68.04   73.21   47.69
   VTXB         817   83.00   12.70  187.00  -49.34   -1.29  112.36    4.51  426.00   78.00  3
     -57.40   -1.14  152.67    3.95  -50.81   -0.26  111.98    3.97
          0  -97.25  107.11  109.61   67.08
   ZCDG4        896  228.70   54.40   68.00   -2.83    2.98   67.73    3.67   74.00    0.00  3
      -0.64    2.54   44.68    2.78    1.54    3.02   67.32    3.39
          7   -0.64   -3.09   59.21   56.75
   ZMCT         909  177.90  -37.30  225.00   47.62    0.13   47.83    2.22 1133.00   28.00  3
      33.99    0.08   34.95    2.17   45.25    0.42   46.05    1.82
          0   42.70   36.20   47.21   23.26
   3FRT8        934  121.70   38.90  181.00   -7.00   -0.25   77.44    2.23  188.00    6.00  3
      -8.75   -0.20   46.11    2.19   -6.00    0.22   76.41    1.96
          0   -4.39   -6.91   38.08   42.64
   C6CG4        966   13.60   40.50  189.00    9.98    1.15   61.55    2.83  288.00    2.00  3
       9.50    0.99   41.05    2.51    4.67    1.15   56.19    2.63
          1   13.03   23.80   74.06   67.16
   PSBM1       1018  293.01   44.90   66.00    5.13   -0.36   68.00    1.42  138.00    0.00  3
     -17.76   -0.40   43.49    1.42    6.61   -0.08   63.08    1.31
          1  -14.32  -21.30   52.69   66.39
   VTFG        1057   92.80   11.00  137.00   22.62   -1.27   91.10    4.31  298.00   79.00  3
      51.29   -1.13   82.22    4.01   19.48   -0.31   89.04    3.81
          2   74.41   52.78   45.80   79.35
   46125       1081  237.40   47.90   50.00  108.11   -1.49   55.27    0.71  142.00    0.00  2
     126.47   -1.46   58.57    0.63   97.76   -1.26   55.34    0.64
          0 -999.00 -999.00 -999.00 -999.00
   9V2911      1086  277.70   18.40   96.00  -18.46    1.97   62.40    3.51  120.00   10.00  3
     -15.57    1.62   53.41    3.68  -18.06    2.03   59.19    3.48
          0  -34.35  -32.57   61.74   66.96
   C6YA5       1100  227.70   55.60  145.00   15.06    2.43   65.31    2.63  379.00    3.00  3
      10.48    1.83   50.21    1.55   15.64    2.32   59.39    2.45
          0    7.93   14.50   55.77   43.85
   MGRX2       1262    7.40   54.00   56.00   -5.64    1.52   65.30    3.21   66.00    2.00  3
      -9.01    1.93   70.12    3.39   -7.94    1.68   60.29    3.07
          5  -15.35   19.75   35.85   87.82
   C6FM9       1293  296.60   17.80   82.00   21.68    2.72   66.29    2.96  156.00   43.00  3
       2.63    2.77   45.42    3.37   19.58    3.40   63.81    2.92
          0   -4.01   18.23   84.84   56.22
   C6SE5       1295  121.00   21.90   59.00   -4.58    1.11   69.31    2.59   68.00    0.00  3
      -5.42    1.34   72.72    2.27    1.54    1.22   60.42    2.51
          1   -1.71   -3.08   54.50   97.98
   ELZU2       1424  318.60  -22.50   79.00   25.57    0.90   61.25    3.67  107.00   24.00  3
      16.34    0.65   43.31    3.16   24.72    1.10   61.52    3.56
          5    9.07   15.53   38.68   48.01
   9V2732      1634  275.40   20.60   72.00   -2.98    1.45   63.72    2.55   87.00    2.00  3
      10.42    1.60   50.25    2.48    0.67    1.55   61.81    2.41
         25   -4.27   18.36   42.50   47.81
   PSBC1       1765  238.11   38.04  196.00   51.59    2.32   25.05    1.45 2227.00    0.00  3
      56.89    2.22   13.74    1.38   41.53    2.54   24.26    1.53
          0   60.49   45.04   11.11   18.12
   VRMW7       1926  259.30   16.50   56.00   38.49    2.35   68.36    3.92   72.00   13.00  3
      23.50    1.26   78.19    3.92   37.52    2.44   62.67    3.68
         30   91.62    9.65   81.99   35.54
