   01362        105    8.36   61.67  110.00   -6.12    4.51   37.02    3.97  568.00    0.00  3
      -1.83    3.38   24.92    3.56   -6.66    4.04   36.65    3.89
         18  -12.52   18.47   16.66   19.46
   01431        128    6.90   58.92  230.00  -15.41   -3.87   42.71    3.01 1151.00    0.00  3
     -18.24   -3.14   44.58    2.94  -15.09   -3.37   43.66    2.60
          0   -4.73  -21.06   41.43   53.88
   07560        917    3.58   44.12  225.00    8.51    6.28   50.84    4.12 1215.00    0.00  3
      14.74    5.61   23.29    4.35   13.26    6.35   47.27    4.25
          0   16.37   16.00    9.97   42.12
   11916       1164   19.57   48.93  232.00   34.02    5.60   47.11    3.59 1391.00    0.00  3
      30.15    4.73   48.42    3.24   36.72    5.63   47.67    3.76
          0   21.13   22.52   44.58   40.87
   12510       1233   15.73   50.73  224.00   35.87    6.35   39.53    4.44 1201.00    0.00  3
      29.83    5.12   33.16    3.71   38.87    6.70   39.00    4.68
          0   41.76   28.86   38.09   18.79
   14652       1367   18.27   43.72  220.00   16.15    6.75   43.78    6.42  905.00    0.00  3
       8.35   24.36   33.77   28.97   17.01    6.58   44.84    6.39
          0   19.03    5.19   31.95   34.89
   15317       1462   22.53   45.28  194.00    4.78    4.87   44.77    3.90 1122.00    0.00  3
       4.08    3.70   37.27    3.04    3.02    4.60   45.78    3.87
          0  -18.54   21.95   28.85   52.58
   15640       1530   26.32   42.67  230.00   27.89    0.15   35.34    3.60  440.00    0.00  3
      22.23   -0.51   25.90    1.78   28.53    0.05   35.34    3.57
          0   20.28   28.41   22.95   50.29
   16134       1558   10.70   44.20  232.00   22.24    4.12   41.81    3.71 1390.00    0.00  3
      22.21    2.89   35.98    3.00   16.84    4.16   45.30    3.81
          0   14.07   59.55   28.00   33.49
   22529       1787   35.88   64.23  231.00   -2.21   -1.18   53.20    7.85  231.00    0.00  3
     -11.65   -2.00   21.18    1.28   -1.94   -1.25   52.77    7.89
          0  -13.27  -14.90   61.21   11.33
   22805       1814   30.95   61.38  231.00  -11.66   -3.11   37.88    6.17  231.00    0.00  3
     -11.53   -3.19   23.80    2.34  -10.86   -2.99   36.94    6.15
          0   -9.28  -10.32   26.47   20.50
   22917       1827   32.32   60.12  232.00   -3.06   -1.65   33.80    3.08  463.00    0.00  3
      -7.16   -2.19   15.19    1.20   -2.82   -1.49   32.94    3.08
          0   -7.94   -9.19   22.50   14.39
   23606       1871   53.80   63.57  232.00   21.99   -0.29   52.71    3.34  464.00    0.00  3
       1.62   -0.63   29.18    0.66   22.39   -0.37   52.48    3.34
          0   -6.97   -4.65   28.07   15.26
   23711       1882   56.20   62.70  232.00   -3.61   -0.29   32.66    4.68  462.00    0.00  3
      -8.80   -0.77   19.80    0.64   -3.73   -0.37   31.61    4.68
          0  -17.77  -14.11   29.94   12.27
   23758       1887   77.31   62.15  232.00   -5.14   -1.91   26.72    3.23  464.00    0.00  3
      -9.55   -1.96   16.07    1.06   -4.25   -1.83   26.20    3.23
          0  -13.50  -15.23   15.08    8.44
   23884       1899   90.00   61.60  232.00   16.96   -0.73   59.18    3.73  464.00    0.00  3
       0.41   -1.01   44.15    0.66   18.22   -0.76   59.46    3.74
          0   10.64   -7.96   80.16   31.83
   24725       1957  111.23   62.53  232.00   24.99   -1.54   49.74    3.17  463.00    0.00  3
      23.48   -1.12   43.48    1.08   25.07   -1.49   48.76    3.19
          0   11.56   36.30   47.22   37.43
   24807       1968  100.47   61.32  230.00   23.68   -1.42   53.61    4.51  454.00    0.00  3
      15.55   -1.77   47.55    0.97   22.90   -1.43   53.25    4.51
          0   13.63   -7.17   21.67   35.59
   25745       2021  166.21   62.46  232.00   21.43   -0.29   50.00    3.52  464.00    0.00  3
      17.50   -0.65   41.10    1.55   24.37   -0.31   48.87    3.53
          0   25.08   12.81   42.89   10.79
   25919       2027  153.33   59.10  232.00   14.07    0.00   57.11    3.45  464.00    0.00  3
      12.42   -0.35   43.81    1.39   14.92   -0.02   57.00    3.46
          0   48.66   -3.23   53.73   23.05
   25956       2031  169.58   60.45  232.00   -2.14    1.50   47.51    4.37  463.00    0.00  3
      20.19    1.22   41.80    1.50   -0.29    1.56   47.31    4.36
          0    0.18    6.30   41.38   41.43
   26069       2039   30.13   59.35  232.00   -6.46   -0.04   35.49    3.91  464.00    0.00  3
     -12.31   -0.45   14.52    0.78   -5.29    0.16   34.44    3.92
          0   -8.40  -13.82   23.98   11.76
   26072       2040   31.05   59.93  232.00    4.13   -2.11   52.40    3.42  464.00    0.00  3
     -14.92   -2.41   25.64    1.04    4.42   -1.90   52.00    3.39
          0   -9.46  -24.44   44.01   16.14
   26258       2066   28.42   57.80  232.00    6.31   -0.74   46.33    5.25  462.00    0.00  3
      -7.40   -1.17   22.05    0.97    5.59   -0.69   47.07    5.27
          0   -7.21  -16.62   26.43   13.98
   26359       2079   28.90   57.02  232.00  -11.90   -0.70   33.52    3.18  462.00    0.00  3
     -11.67   -0.89   21.12    0.89  -12.95   -0.60   32.75    3.18
          0  -13.28  -11.22   26.42   16.58
   26393       2083   34.57   57.58  232.00    4.21   -0.85   53.76    3.17  464.00    0.00  3
     -14.25   -1.09   19.74    0.61    3.96   -0.73   53.31    3.18
          0   -9.85  -16.30   34.15    9.90
   27252       2145   43.38   58.35  232.00   -2.25   -0.44   27.42    4.08  463.00    0.00  3
      -4.39    6.86   15.65   11.33   -2.16   -0.37   26.98    4.09
          0    0.60  -16.04   11.48   17.24
   27675       2182   46.33   55.18  232.00  -12.66    0.77   44.96    5.25  464.00    0.00  3
     -15.08    0.02   39.04    0.86  -11.71    0.97   44.36    5.31
          0  -19.12  -15.67   27.32   34.08
   27857       2200   42.62   53.50  232.00   14.01   -1.47   44.61    3.29  464.00    0.00  3
       4.40   -1.61   25.23    0.92   13.39   -1.34   45.33    3.30
          0    7.60   -1.98   30.29   12.52
   27858       2201   43.32   53.33  232.00   -1.56   -0.95   23.49    3.32  464.00    0.00  3
      -2.17   -1.00   19.01    0.88   -2.03   -0.84   23.40    3.33
          0   -4.52   -3.95   26.06   17.71
   27906       2204   36.03   53.00  232.00    2.25   -1.98   34.74    3.40  463.00    0.00  3
      -1.78   -1.79   25.94    0.97    0.77   -1.78   35.81    3.37
          0    1.26   -7.37   48.15   17.97
   28044       2218   60.53   59.60  232.00    0.10   -0.39   40.87    3.03  461.00    0.00  3
      -1.46   -0.58   27.90    1.09   -0.04   -0.28   41.37    3.05
          0   -9.51  -11.24   19.70   23.50
   28275       2231   68.18   58.15  232.00   -9.23   -0.89   30.30    3.17  458.00    0.00  3
      -9.75   -1.02   20.98    0.77   -9.24   -0.78   28.31    3.18
          0  -10.63  -11.94   27.36   20.14
   28481       2243   70.62   56.82  232.00   -9.50   -1.04   28.38    3.02  464.00    0.00  3
      -9.61   -1.24   16.75    0.76   -8.37   -0.97   27.84    3.04
          0  -17.21  -15.67   24.79   12.00
   28886       2279   72.37   53.63  232.00  -25.61   -0.58   43.38    6.27  232.00    0.00  3
     -32.10   -1.07   29.93    1.36  -26.09   -0.48   43.50    6.26
          0   35.45  -26.82  100.27   46.78
   29467       2318   90.51   56.28  232.00   -7.42   -0.89   40.60    3.22  464.00    0.00  3
      -9.15   -0.78   25.01    0.78   -7.80   -0.92   39.86    3.26
          0   10.72   -7.41   28.18   16.98
   29471       2319   93.13   56.92  232.00    1.63   -0.37   58.23    3.65  464.00    0.00  3
     -11.90   -0.75   44.49    0.52    3.33   -0.43   57.78    3.66
          0   -6.31  -24.07   40.57   48.07
   30627       2410  105.53   53.10  232.00  -17.59   -0.37   49.42    3.31  464.00    0.00  3
      -8.18   -0.45   41.61    1.32  -20.04   -0.51   50.10    3.35
          0   -6.20    8.11   54.58   19.41
   31168       2461  138.15   56.45  232.00  -16.97    0.26   58.83    8.45  463.00    0.00  3
     -16.11   -0.90   61.68    1.42  -16.48    0.27   54.70    8.44
          0   -0.11  -17.91   58.53   78.04
   31439       2474  140.47   52.38  232.00  -19.01    0.14   53.28    3.37  464.00    0.00  3
     -13.92   -0.11   45.81    0.96  -19.78    0.09   54.34    3.36
          0  -13.95  -16.03   38.39   51.12
   31707       2495  130.97   47.73  232.00    6.85   -0.28   45.48    4.37  464.00    0.00  3
      16.39   -0.64   40.18    0.92    5.11   -0.22   45.15    4.40
          0   -5.13    0.83   34.62   29.20
   31733       2498  135.88   48.81  232.00   -1.03   -0.03   38.52    3.31  464.00    0.00  3
      -7.96   -0.23   32.49    0.90   -2.40    0.10   35.88    3.32
          0  -11.54  -14.42   19.97   37.77
   32099       2526  144.73   48.65  229.00  -27.85    0.29   46.47    4.58  457.00    0.00  3
     -23.84   -0.09   33.11    1.38  -28.03    0.61   45.53    4.62
          0   -3.18  -14.00   36.97   31.24
   32389       2534  160.83   56.32  232.00    2.93    0.99   52.15    5.48  462.00    0.00  3
       2.83    0.40   39.27    1.09    0.84    0.79   50.99    5.56
          0   -5.57    5.42   45.06   17.48
   32509       2538  159.94   54.08  232.00  -16.29    0.98   48.11    3.67  461.00    0.00  3
     -18.40    2.04   34.69    2.52  -16.93    1.06   48.89    3.68
          0   -1.17  -37.37   30.80   16.76
   34555       2641   43.10   48.37  232.00   -9.57   -0.86   40.48    3.16  463.00    0.00  3
     -11.10   -1.05   26.99    1.45   -9.60   -0.76   41.81    3.18
          0   -6.36  -13.56   66.42   22.11
   34646       2648   42.11   47.63  232.00  -11.95   -1.98   28.56    3.17  464.00    0.00  3
     -12.23   -2.28   21.87    1.30  -11.29   -1.76   29.93    3.16
          0  -15.83   -7.95   44.98   15.35
   36003       2746   76.95   52.28  232.00   10.31   -1.91   35.13    3.25  464.00    0.00  3
       2.76   -2.17   21.77    1.06    8.72   -1.85   35.76    3.26
          0    7.72   -0.70   23.10   14.41
   36859       2805   80.06   44.17  232.00   44.36   -1.47   49.98    3.46  463.00    0.00  3
      43.84   -1.10   44.52    1.53   43.32   -1.67   50.98    3.49
          0   61.78   61.80   39.87   73.03
   37036       2821   41.97   44.63  232.00   -0.38   -1.16   46.39    4.07  460.00    0.00  3
      -2.34   -1.54   33.22    1.82   -0.75   -1.02   48.12    4.12
          0  -17.18    4.55   25.94   41.35
   37085       2825   46.55   44.39  231.00   -6.18   -0.90   30.76    3.17  459.00    0.00  3
      17.79   -1.04   50.48    1.22   -7.02   -0.84   30.05    3.10
          0   -8.06  -18.79   32.58   23.97
   37545       2845   44.76   41.75  232.00   27.63    3.04   40.83    6.33  462.00    0.00  3
      23.75    2.16   33.49    3.07   32.31    2.87   40.57    6.30
          0   30.86   11.62   28.08   34.63
   38396       2902   60.57   41.57  232.00    1.79   -1.07   35.87    3.05  463.00    0.00  3
      -8.18   -1.24   23.43    1.15    2.26   -1.10   36.30    3.02
          0   16.13   -1.39   33.18   32.90
   38599       2913   69.73   40.22  232.00  -10.90    1.78   44.32    3.08  460.00    0.00  3
     -14.56    1.45   27.45    1.69   -9.43    1.73   45.18    3.08
          0   -1.36   -4.50   28.45   51.88
   38806       2935   64.36   38.46  232.00   -1.67   -2.22   39.10    3.22  455.00    0.00  3
      14.25   -2.50   30.92    1.06   -4.19   -2.24   37.94    3.20
          0    5.27   11.47   13.30   46.67
   38838       2938   68.34   38.04  232.00    8.97    1.51   57.82    5.00  461.00    0.00  3
       7.56    0.86   53.19    1.27    7.96    1.49   58.03    5.01
          0   -1.54   22.21   49.65   69.24
   38957       2952   71.65   36.72  114.00   30.78    0.72   54.88    7.63  115.00    0.00  3
      12.00   -0.25   48.36    1.29   35.24    0.85   52.28    7.63
          1   12.00    7.41   47.78   50.56
   40080       2957   36.52   33.42  224.00   25.33    0.28   57.99    3.58  413.00    0.00  3
       3.04   -0.03   33.31    1.95   24.27    0.30   58.20    3.62
          0  -12.55  119.45   16.73  116.81
   41749       3151   68.37   26.25  229.00  -26.10   -0.87   54.78    3.29  281.00    0.00  3
       2.96   -1.10  134.04    1.48  -12.97   -0.12   48.83    3.20
          0  -40.58   -6.40   31.96   93.45
   43226       3242   74.45   14.28  232.00    1.23   -1.74   44.74    3.13  456.00    0.00  3
      -8.26   -1.70   24.90    1.66    6.41   -1.38   45.00    2.95
          0  -13.67    7.00    6.73   47.93
   43353       3263   76.27    9.94  231.00   18.88   -0.44   38.83    3.40  452.00    0.00  3
      20.20   -0.68   32.07    1.67   17.44   -0.37   37.47    3.46
          0   -3.55   42.00   35.67   51.60
   44287       3324  100.68   46.13  232.00   -0.51    0.69   57.97    3.41  463.00    0.00  3
       1.55    0.52   52.66    1.78   -2.10    0.69   56.58    3.40
          0   11.68    5.92   66.74   76.57
   47162       3431  128.43   34.83  228.00    8.55   -2.52   47.52    3.30  452.00    0.00  3
      10.62   -2.47   43.74    3.03    9.44   -1.95   46.81    2.84
          0    3.37   11.46   79.35   48.30
   47185       3442  126.17   33.28  232.00   27.03    2.25   44.27    3.50  464.00    0.00  3
      61.55    2.31   45.78    3.10   30.20    2.99   41.38    3.72
          0   50.08   27.36   19.85   50.16
   47909       3587  129.50   28.38  232.00   13.42   -3.48   50.73    3.00 1350.00    0.00  3
      12.44   -2.81   34.41    2.56   13.38   -2.94   51.82    2.92
          0   14.51    8.18   17.80   47.51
   48826       3749  106.63   20.80  230.00   32.04   -0.94   57.58    3.52  450.00    0.00  3
      25.58   -1.20   53.60    1.35   30.89   -0.89   57.72    3.50
          0   -3.76   22.26   38.35   48.21
   48839       3753  107.72   20.13  230.00   -5.15   -0.53   32.38    3.29  450.00    0.00  3
      -7.01   -1.00   22.87    1.45   -4.41   -0.51   32.18    3.25
          0    2.76   -4.66   22.04   10.16
   54826       3920  117.10   36.25  232.00   21.30    3.52   56.80    3.21  404.00    0.00  3
      20.82    3.29   52.59    3.52   22.98    3.82   62.11    3.26
          0   29.83   23.67   36.19   52.49
   58931       4050  118.10   25.72  232.00   10.40    5.12   49.72    3.59  405.00    0.00  3
      41.62    4.35   50.78    3.69    4.96    5.14   53.64    3.64
          0    4.42   -0.34   39.00   36.37
   59997       4082  114.38   10.38  213.00   17.45   -0.38   39.35    4.28  388.00    0.00  3
      20.58   -0.96   13.71    1.08   16.81   -0.35   39.42    4.29
          0   25.40   31.99    6.75   20.68
   61986       4171   59.62  -16.45  187.00   -1.44   -2.86   11.04    3.34  333.00    0.00  3
      -1.23   -1.97    7.44    1.68   -1.84   -2.76   10.90    3.42
          2   -3.73   -0.77    4.72    7.39
   63729       4190   31.82   -1.33  229.00   39.88   -0.58   50.66    4.08  437.00    0.00  3
      43.03   -1.51   50.87    1.27   39.39   -0.62   50.43    4.08
          0   17.58   58.31   49.30   43.99
   63733       4191   33.79   -1.50  228.00   34.14   -0.49   43.28    3.66  425.00    2.00  3
      33.52   -0.94   45.47    2.07   33.44   -0.44   42.48    3.70
          0   34.38   27.02   50.37   46.95
   63801       4194   29.63   -4.88  230.00    7.51    0.44   46.76    3.15  444.00    0.00  3
      17.23   -0.24   34.87    2.39    9.06    0.54   47.86    3.18
          0   21.69   14.19   52.72   68.26
   63962       4203   35.58  -10.68  229.00   27.47    3.47   40.19    6.23  426.00    0.00  3
      25.97    2.45   35.82    1.83   27.79    3.46   40.35    6.22
          0   26.44   37.46   33.50   64.72
   65599       4261  353.92    4.95  185.00   30.23   -1.63   50.89    3.59  273.00    0.00  3
      30.32   -1.98   45.18    0.83   30.67   -1.54   49.86    3.56
          7    2.31   20.55   38.90   34.73
   68649       4377   26.80  -31.12  224.00   29.63    1.14   58.72    3.97  430.00    0.00  3
      21.86    2.37   45.27    4.13   27.40    1.03   56.93    3.96
          0    7.54   91.23   43.90   70.07
   71482       4736  232.54   52.18  228.00   -5.93    4.19   51.49    3.48  453.00    0.00  3
      -0.09    3.26   39.55    2.86   -7.49    4.00   51.03    3.37
          0   12.13  -21.37   52.90   43.73
   71641       4830  284.33   62.17  228.00   18.83   -0.92   52.75    4.67  452.00    0.00  3
       0.43    0.09   29.92    4.05   19.53   -0.74   52.91    4.64
          0  119.78   -6.42   57.51   11.89
   72201       5034  278.25   24.55  227.00   15.26   -0.04   33.23    5.43  439.00    0.00  3
      11.04   -0.65   21.09    1.45   13.94    0.39   33.63    5.32
          0   23.31   -3.46   37.74    9.71
   72383       5102  241.27   34.75  213.00  -28.35    3.43   47.57    3.84  213.00    0.00  3
     -19.90    3.01   55.43    1.68  -33.92    3.29   60.64    3.88
          0  -44.87   -5.12   41.27   40.57
   76243       5251  259.48   28.70  193.00   -2.96   -2.22   33.10    3.60  343.00    0.00  3
      -3.58   -2.49   20.40    1.24   -1.95   -2.08   28.91    3.58
          0  -10.23    6.42   28.59   11.07
   78384       5316  278.66   19.28  165.00   -4.99   -1.43   34.07    3.73  165.00    0.00  3
      -8.03   -1.66   21.42    1.76   -3.69   -1.27   29.85    3.70
          0   -9.77   -6.37   22.92    8.55
   78482       5320  288.91   18.20  170.00    6.26    1.57   52.05    3.52  258.00    0.00  3
      14.63    1.56   19.19    1.66   23.71    1.49   48.97    3.50
          0   10.54   14.67   12.62   32.68
   80001       5356  278.28   12.58  223.00    0.91   -1.48   32.98    3.40  396.00    0.00  3
      -0.63   -1.88   12.39    1.36    2.35   -1.35   31.84    3.33
          0   -3.51  -11.31   10.13   58.74
   80022       5359  284.49   10.45  226.00   11.98    0.32   44.87    5.48  407.00    0.00  3
      11.63   -0.12   34.41    1.35   14.92    0.33   46.19    5.43
          0    9.39  -12.60   29.71   54.54
   85140       5525  292.62  -14.31  167.00   43.83    0.74   59.66    3.63  225.00    0.00  3
      32.01    0.14   59.49    1.68   45.56    0.77   59.05    3.65
          0   73.46   19.97   87.39   55.95
   87774       5652  291.27  -41.25  229.00   15.65   -2.78   50.03    3.24  229.00    0.00  3
      19.78   -2.64   37.33    1.86   17.39   -2.87   50.83    3.31
          0   14.97   -2.50   50.12   39.13
   87784       5653  294.91  -40.78  175.00   10.11    0.16   44.30    3.37  335.00    0.00  3
       7.24   -0.09   23.58    2.00   10.73    0.25   45.71    3.35
          0   12.78    5.80   26.13   18.86
   87852       5658  288.98  -46.52  157.00    6.95    0.03   47.13    4.10  157.00    0.00  3
       4.60   -0.11   26.13    2.80    6.44    0.11   45.74    4.20
          0    7.76   -2.81   30.81   16.21
   87896       5660  294.08  -47.73  169.00   -1.13    0.60   42.24    3.11  169.00    0.00  3
       4.57    0.54   24.25    2.80   -0.12    1.16   42.75    3.11
          0    3.24   12.29   21.49   24.22
   88963       5672  303.02  -63.40  232.00  -23.61    1.21   59.32    4.44  437.00    0.00  3
     -28.03    0.50   56.94    3.02  -21.09    1.14   61.17    4.44
          0  -15.07  -22.90   54.22   67.04
   89053       5681  301.37  -62.23  225.00  -13.18    2.52   37.18    3.25  385.00    0.00  3
     -16.10    2.25   21.54    3.07  -14.71    2.51   38.88    3.33
          0    1.75  -21.45   34.26   33.69
   89055       5682  303.28  -64.23  231.00    8.87    4.01   47.51    3.94  450.00    0.00  3
       3.09    3.06   30.38    2.88    7.97    4.08   47.14    3.95
          0    3.66   20.72   26.02   33.63
   89058       5685  301.03  -62.22  232.00   -2.75    8.04   34.87    6.21  232.00    0.00  3
       1.25    7.80   17.77    6.98   -3.17    8.11   35.19    6.24
          0    7.41   -2.34   23.35   21.92
   89061       5687  295.92  -64.77  184.00   22.48    1.26   49.68    3.39  363.00    0.00  3
      16.80    0.76   40.75    3.03   21.21    1.16   52.15    3.37
          0   38.29   36.39   30.60   40.45
   91350       5721  159.78    6.66  134.00    5.30    0.12   56.30    3.70  134.00    0.00  3
      13.17   -0.09   35.94    1.25    1.18    0.15   56.36    3.68
          1    1.03   13.87   34.98   32.02
   91623       5739  176.00   -1.35  113.00    3.17   -1.25   45.39    3.79  113.00    0.00  3
      -8.45   -1.74   31.72    1.32    1.39   -1.17   45.51    3.76
          0   -8.37   11.81   35.76   56.69
   91762       5753  188.22  -13.80  164.00   24.21   -2.46   43.74    4.76  164.00    0.00  3
      15.29   -2.85   36.52    2.88   24.86   -1.54   43.40    4.72
          0   25.29   20.28   44.75   56.27
   92035       5768  147.22   -9.38  184.00   23.44    0.73   45.61    4.25  280.00    0.00  3
      17.73    0.30   28.16    1.73   23.00    0.72   45.65    4.22
          0   19.80   16.59   26.99   48.21
   93498       5786  176.21  -40.90  232.00    6.02    4.21   21.37    3.25  461.00    0.00  3
       8.40    3.43   13.01    2.65    3.03    4.56   21.80    3.85
          0    4.58    6.19    6.89   16.86
   94511       5953  148.57  -25.85   57.00   29.38   -0.62   59.64    3.14   57.00    0.00  3
      24.21   -0.80   38.15    3.68   30.33   -0.60   61.95    3.31
          1   42.62   16.51   60.26   27.02
   94962       6126  146.27  -43.65  113.00    9.19    2.51   41.30    3.19  161.00    0.00  3
      10.42    1.79   29.46    3.20    7.13    2.70   41.45    3.41
         26    9.55   96.90   25.24  111.62
   95909       6262  148.28  -36.50  179.00   10.40    6.19   44.02    4.49 1002.00    0.00  3
       5.34    4.93   31.45    4.65   12.51    6.31   50.50    4.50
          0   18.20   -2.94   37.22   43.71
   95952       6269  145.53  -41.85  231.00   17.01    5.45   37.03    3.33  924.00    0.00  3
      81.26    5.60  107.01    3.47   19.00    5.49   37.07    3.45
          0    7.86   11.63   10.88   45.28
   96147       6294  108.38    3.95  170.00   26.71    0.35   57.26    3.18  273.00    0.00  3
      45.29    0.06   58.59    2.11   25.66    0.44   57.56    3.15
          1   11.35   48.47   32.38  100.67
   14321       6744   14.77   44.75  173.00   33.64   -3.16   55.90    3.22  802.00    0.00  3
      29.59   -2.37   50.73    2.51   33.65   -2.99   55.71    2.98
          0   20.60   39.82   36.80   64.96
   22541       6847   38.40   64.83  100.00   -0.61   -1.83   34.77    7.77  101.00    0.00  3
      -0.42   -3.20   14.71    2.32   -0.59   -1.90   34.96    7.68
          0    2.24   -2.83   20.72   16.65
   42860       6905   77.93   21.87  114.00   30.77   -3.35   57.89    4.99  115.00    0.00  3
      44.04   -3.61   37.82    2.12   33.34   -3.17   60.47    4.99
          2   57.28   30.95   31.56   49.28
   43207       6929   79.76   11.50  112.00    2.77   -2.24   50.20    4.45  113.00    0.00  3
       1.55   -2.75   33.37    1.17    1.65   -1.72   51.82    4.29
          2   -9.94   21.11   29.13   48.40
   43227       6932   75.40   14.78   84.00  -21.90   -2.95   45.65    3.20   85.00    0.00  3
     -37.45   -3.25    9.15    2.09  -17.31   -2.57   47.69    3.10
          2  -37.74  -19.72    5.34   58.66
   43257       6936   75.08   13.50  104.00   30.08   -0.90   57.70    3.81  108.00    0.00  3
       1.10   -1.41   17.05    0.58   35.95   -0.54   57.79    3.79
          2   -2.00   91.91    3.39   69.98
   63210       7008   49.18   11.28   69.00    7.98    3.47   50.39    5.51   88.00    0.00  3
      11.49    2.87   33.34    3.96    3.43    3.78   47.14    5.58
         10   -4.22   10.23   23.76   22.11
   67586       7041   33.77  -13.78   94.00   13.93   -0.59   33.11    3.26   95.00    0.00  3
      17.28   -1.32   22.04    1.21   14.50   -0.56   32.76    3.31
          3   19.41   16.38   18.85   30.20
   67853       7050   27.00  -18.63   66.00   36.22    0.06   38.47    5.79   80.00    0.00  3
      31.90   -1.25   44.36    2.51   40.01    0.05   35.30    5.75
          2   46.21   25.46   43.87   49.07
   67881       7054   32.13  -18.53  104.00   24.64   -1.21   45.06    4.61  143.00    0.00  3
      24.77   -1.06   35.15    1.17   26.03   -1.16   44.15    4.56
          0   25.96    9.92   34.63   60.16
   68396       7067   31.30  -26.53   60.00   31.37    0.76   59.68    4.88   76.00    0.00  3
      36.07   -0.11   37.78    1.61   35.21    0.64   60.63    4.75
          2   38.02   34.46   50.71   35.38
   68454       7068   27.57  -29.45   90.00   35.24    0.01   58.23    5.01  110.00    0.00  3
      36.57   -0.63   56.31    1.91   38.28   -0.11   58.06    5.02
          0   24.10   42.68   50.50   64.99
   BKR         7094   73.50   28.00  115.00   -6.81    1.31   42.64    5.68  191.00    0.00  3
     -14.25    1.27   23.08    4.56   -3.42    2.21   44.09    5.58
          0  -10.12  -14.90   26.63   27.43
   64390       7228   29.32   -3.32   72.00   -9.43    3.49   55.97    4.76   90.00    0.00  3
     -14.39    2.79   37.24    4.58   -9.28    3.48   57.81    4.74
          0  -10.66  -14.99   31.81   39.11
   80410       7568  290.69   10.07   71.00  -24.22    0.65   39.61    5.20  106.00    0.00  3
     -39.81    0.23   19.76    1.27  -28.75    0.71   40.21    5.21
          6  -41.11  -22.35   22.57   38.35
   01461       7640    8.65   59.84   72.00    7.94    4.02   37.24    4.92  342.00    0.00  3
      19.59    3.57   30.70    5.38    9.25    4.46   39.76    5.20
          0   15.90   26.13   48.92   24.40
