  23093      87.99   16.46    9.43    9.94   -0.92   -0.46   90.39   91.61    1.20    0.99  3
  23460      88.31    6.56  -63.78  -59.80   -0.21    0.09   39.05   37.89    1.24    1.16  3
  41004     280.90   32.50    1.20    1.77   -0.33   -0.06   25.68   21.64    0.98    0.51  2
  44009     285.30   38.50   32.81   31.75   -0.87   -0.28   60.29   59.75    1.59    1.43  3
  45150     245.90   62.00  -59.27  -59.82   -0.45   -0.55  108.79  108.84    1.29    1.34  3
  46054     239.50   34.30  -18.11  -19.76    1.30    1.27   66.38   62.39    2.19    2.01  2
  53040      95.02   -8.00  172.57  172.60   -0.50   -0.29    4.05    3.78    0.89    0.78  3
  53056      94.94   -4.93  153.42  142.51    0.22    0.74   40.56   54.68    1.68    1.81  3
  9HJD9     225.60   58.20    3.43    2.78    2.38    2.30   68.91   68.36    2.51    2.30  3
  9V5639    136.30   32.70    6.93    4.65    1.19    1.35   71.20   62.91    2.16    1.97  3
  9V9040    347.70  -24.20    4.82    4.90    2.16    2.06   62.12   51.14    2.40    1.95  3
  A8PQ8     285.10   38.50  -12.95  -13.62    0.86    1.53   70.65   68.83    2.29    2.23  3
  CHCM2     284.19   39.53   15.90   23.39   -0.94   -0.35   60.43   62.18    0.95    0.93  3
  CPXC1     239.26   35.17  -45.29  -41.41   -0.75   -0.36   46.82   43.32    1.34    1.07  3
  DBLN6     280.65   42.49  104.30  104.30    4.17    4.17   47.02   47.02    2.12    2.12  3
  DISW3     269.27   47.08  101.53  101.53    5.50    5.50   39.54   39.54    2.95    2.95  3
  ICAC1     241.50   34.01    4.49   16.94    0.88    0.91   61.71   55.87    0.80    0.78  3
  ILOH1     204.94   19.73   56.41   47.89   -0.56   -0.39   55.53   56.98    1.36    1.53  3
  KWHH1     204.17   20.04   80.52   69.67   -1.05   -0.60   53.92   61.14    1.49    1.50  3
  MRNA2     225.74   58.20   -2.85    1.99    0.89    0.70   65.96   57.87    1.78    1.45  3
  PILM4     271.63   48.22  100.42  100.42    6.07    6.07   47.19   47.19    2.84    2.84  3
  PTLA2     225.25   58.35   -9.00   -6.14    0.66    0.51   60.38   60.99    1.47    1.39  3
  ROAM4     270.69   47.87   97.48   97.48    7.02    7.02   47.25   47.25    3.00    3.00  3
  SBIO1     277.16   41.63   98.69   98.69    4.80    4.80   45.96   45.96    2.30    2.30  3
  SGNW3     272.31   43.75   97.30   97.30    5.23    5.23   54.79   54.79    2.58    2.58  3
  STDM4     272.78   47.18  101.52  101.52    7.30    7.30   51.81   51.81    3.08    3.08  3
  TKEA2     224.78   57.78  -43.49  -31.98    1.25    1.09   68.24   63.81    1.29    1.19  3
  VDZA2     213.64   61.13   52.72   44.74   -0.62   -0.80   42.16   44.81    1.05    1.13  3
  VRQZ7      63.50   22.70  -22.14  -21.54    1.43    1.55   61.07   57.47    2.16    2.01  3
  VTWS       83.30   17.70   14.40   16.14   -2.55   -2.08   99.63   96.66    1.65    1.46  3
  VTXB       83.00   12.70  -49.34  -50.81   -1.29   -0.26  112.36  111.98    4.51    3.97  3
  ZCDG4     228.70   54.40   -2.83    1.54    2.98    3.02   67.73   67.32    3.67    3.39  3
  ZMCT      177.90  -37.30   47.62   45.25    0.13    0.42   47.83   46.05    2.22    1.82  3
  3FRT8     121.70   38.90   -7.00   -6.00   -0.25    0.22   77.44   76.41    2.23    1.96  3
  C6CG4      13.60   40.50    9.98    4.67    1.15    1.15   61.55   56.19    2.83    2.63  3
  PSBM1     293.01   44.90    5.13    6.61   -0.36   -0.08   68.00   63.08    1.42    1.31  3
  VTFG       92.80   11.00   22.62   19.48   -1.27   -0.31   91.10   89.04    4.31    3.81  3
  46125     237.40   47.90  108.11   97.76   -1.49   -1.26   55.27   55.34    0.71    0.64  2
  9V2911    277.70   18.40  -18.46  -18.06    1.97    2.03   62.40   59.19    3.51    3.48  3
  C6YA5     227.70   55.60   15.06   15.64    2.43    2.32   65.31   59.39    2.63    2.45  3
  MGRX2       7.40   54.00   -5.64   -7.94    1.52    1.68   65.30   60.29    3.21    3.07  3
  C6FM9     296.60   17.80   21.68   19.58    2.72    3.40   66.29   63.81    2.96    2.92  3
  C6SE5     121.00   21.90   -4.58    1.54    1.11    1.22   69.31   60.42    2.59    2.51  3
  ELZU2     318.60  -22.50   25.57   24.72    0.90    1.10   61.25   61.52    3.67    3.56  3
  9V2732    275.40   20.60   -2.98    0.67    1.45    1.55   63.72   61.81    2.55    2.41  3
  PSBC1     238.11   38.04   51.59   41.53    2.32    2.54   25.05   24.26    1.45    1.53  3
  VRMW7     259.30   16.50   38.49   37.52    2.35    2.44   68.36   62.67    3.92    3.68  3
