dtype=   uv220 mean,std,direction,speed
     8     5     5     3     4     4     3     3     3     3     3     3
     2     3     3     2     3     2     3     3     2     3     3     2
     2     2     2     2     2     2     1     2     1     2     2     2
     2     2     2     2     3     3     4
    14    13    13    12    12    12    11    11    11    11    10    10
    10    10    10    10    10    10    10    10     9    10     9     9
     8     9     8     8     8     7     7     7     6     6     6     6
     7     6     7     7     8     8    10
    11    11     9     7     8     8     6     8     7     8     8     8
     6     8     7     7     7     7     7     7     5     7     7     7
     5     7     8     8     5     9     6    10     7    12    10    10
     8     8     8     9     9    11    14
    12    15    15    14    15    15    14    15    14    15    15    15
    14    16    16    16    15    16    16    17    14    16    17    17
    15    18    20    19    17    20    17    20    18    21    19    19
    15    12    11    12    14    16    21
 40.00 25.00 25.00 15.00 20.00 20.00 15.00 15.00 15.00 15.00 15.00 15.00
 10.00 15.00 15.00 10.00 15.00 10.00 15.00 15.00 10.00 15.00 15.00 10.00
 10.00 10.00 10.00 10.00 10.00 10.00  5.00 10.00  5.00 10.00 10.00 10.00
 10.00 10.00 10.00 10.00 15.00 15.00 20.00
 70.00 65.00 65.00 60.00 60.00 60.00 55.00 55.00 55.00 55.00 50.00 50.00
 50.00 50.00 50.00 50.00 50.00 50.00 50.00 50.00 45.00 50.00 45.00 45.00
 40.00 45.00 40.00 40.00 40.00 35.00 35.00 35.00 30.00 30.00 30.00 30.00
 35.00 30.00 35.00 35.00 40.00 40.00 50.00
  2.20  2.20  1.80  1.40  1.60  1.60  1.20  1.60  1.40  1.60  1.60  1.60
  1.20  1.60  1.40  1.40  1.40  1.40  1.40  1.40  1.00  1.40  1.40  1.40
  1.00  1.40  1.60  1.60  1.00  1.80  1.20  2.00  1.40  2.40  2.00  2.00
  1.60  1.60  1.60  1.80  1.80  2.20  2.80
  2.40  3.00  3.00  2.80  3.00  3.00  2.80  3.00  2.80  3.00  3.00  3.00
  2.80  3.20  3.20  3.20  3.00  3.20  3.20  3.40  2.80  3.20  3.40  3.40
  3.00  3.60  4.00  3.80  3.40  4.00  3.40  4.00  3.60  4.20  3.80  3.80
  3.00  2.40  2.20  2.40  2.80  3.20  4.20
dtype=   uv221 mean,std,direction,speed
    16     8     8     6     6     8     6     7     7     8     9    12
     7    11    11    12    11    14    12    11     9     9     7    12
    10     6    12    12     8     9     4     4     4     5     4     3
     3     3     3     4     3    11    12
    16    14    16    15    15    15    16    15    17    16    15    15
    16    16    17    16    15    14    14    14    15    14     9    11
    11     8    12     9     8    10     7     8     7     7     6     6
     5     7     6     6     3     3    16
    14    13     9    12    12    12     9    12     9    13    12    15
    13    13    18    12    17    15    17    19    17    21    20    31
    21    19    18    25    20    26    19    27    23    18    20    33
    20    12    12    14    34    50    34
    12    16    16    16    17    20    19    20    20    19    21    20
    19    19    17    18    19    19    20    17    21    20    18    21
    19    18    20    20    19    25    20    23    20    31    28    28
    19    18    15    14    25    34    39
 80.00 40.00 40.00 30.00 30.00 40.00 30.00 35.00 35.00 40.00 45.00 60.00
 35.00 55.00 55.00 60.00 55.00 70.00 60.00 55.00 45.00 45.00 35.00 60.00
 50.00 30.00 60.00 60.00 40.00 45.00 20.00 20.00 20.00 25.00 20.00 15.00
 15.00 15.00 15.00 20.00 15.00 55.00 60.00
 80.00 70.00 80.00 75.00 75.00 75.00 80.00 75.00 85.00 80.00 75.00 75.00
 80.00 80.00 85.00 80.00 75.00 70.00 70.00 70.00 75.00 70.00 45.00 55.00
 55.00 40.00 60.00 45.00 40.00 50.00 35.00 40.00 35.00 35.00 30.00 30.00
 25.00 35.00 30.00 30.00 15.00 15.00 80.00
  2.80  2.60  1.80  2.40  2.40  2.40  1.80  2.40  1.80  2.60  2.40  3.00
  2.60  2.60  3.60  2.40  3.40  3.00  3.40  3.80  3.40  4.20  4.00  6.20
  4.20  3.80  3.60  5.00  4.00  5.20  3.80  5.40  4.60  3.60  4.00  6.60
  4.00  2.40  2.40  2.80  6.80 10.00  6.80
  2.40  3.20  3.20  3.20  3.40  4.00  3.80  4.00  4.00  3.80  4.20  4.00
  3.80  3.80  3.40  3.60  3.80  3.80  4.00  3.40  4.20  4.00  3.60  4.20
  3.80  3.60  4.00  4.00  3.80  5.00  4.00  4.60  4.00  6.20  5.60  5.60
  3.80  3.60  3.00  2.80  5.00  6.80  7.80
dtype=   uv224 mean,std,direction,speed
     6     4     3     3     3     3     4     4     4     4     5     5
     5     6     4     4     3     3     3     3     4     3     6    29
     2     3    11     3     8     5     4    34     0     0     0     0
     0     0     0     0     0     0     0
     9     9     8     9     9     9     9    10    10    10    10    10
    10    12    10    11     8    10     6     9     9     8     5     7
     8     6    18     7    12    10     9    15     0     0     0     0
     0     0     0     0     0     0     0
    13    14    13    13    13    15    15    16    16    16    16    17
    16    20    17    22    17    19    20    15    16    16    30    50
    14    31    50    20    50    24    50    50    37    37    37     0
     0    37    37     0    37    37     0
    13    14    14    15    16    15    15    16    16    18    18    18
    18    18    20    20    23    24    27    25    24    23    20    21
    25    39    26    27    50    22    50    40     0     0     0     0
     0     0    33    15    35     0    10
 30.00 20.00 15.00 15.00 15.00 15.00 20.00 20.00 20.00 20.00 25.00 25.00
 25.00 30.00 20.00 20.00 15.00 15.00 15.00 15.00 20.00 15.00 30.00145.00
 10.00 15.00 55.00 15.00 40.00 25.00 20.00170.00  0.00  0.00  0.00  0.00
  0.00  0.00  0.00  0.00  0.00  0.00  0.00
 45.00 45.00 40.00 45.00 45.00 45.00 45.00 50.00 50.00 50.00 50.00 50.00
 50.00 60.00 50.00 55.00 40.00 50.00 30.00 45.00 45.00 40.00 25.00 35.00
 40.00 30.00 90.00 35.00 60.00 50.00 45.00 75.00  0.00  0.00  0.00  0.00
  0.00  0.00  0.00  0.00  0.00  0.00  0.00
  2.60  2.80  2.60  2.60  2.60  3.00  3.00  3.20  3.20  3.20  3.20  3.40
  3.20  4.00  3.40  4.40  3.40  3.80  4.00  3.00  3.20  3.20  6.00 10.00
  2.80  6.20 10.00  4.00 10.00  4.80 10.00 10.00  7.40  7.40  7.40  0.00
  0.00  7.40  7.40  0.00  7.40  7.40  0.00
  2.60  2.80  2.80  3.00  3.20  3.00  3.00  3.20  3.20  3.60  3.60  3.60
  3.60  3.60  4.00  4.00  4.60  4.80  5.40  5.00  4.80  4.60  4.00  4.20
  5.00  7.80  5.20  5.40 10.00  4.40 10.00  8.00  0.00  0.00  0.00  0.00
  0.00  0.00  6.60  3.00  7.00  0.00  2.00
dtype=   uv280  mean,std,direction,speed
     5    12    14    15
 25.00 60.00  2.80  3.00
dtype=   uv281  mean,std,direction,speed
    10    14    12    11
 50.00 70.00  2.40  2.20
dtype=   uv287  mean,std,direction,speed
     9    12     8     9
 45.00 60.00  1.60  1.80
