17600   ;   34.72;   32.48;  norm
17609   ;   34.88;   33.63;  norm
41718   ;   28.65;   70.68;  reje
41768   ;   25.52;   69.78;  reje
42410   ;   26.10;   91.58;  reje
43413   ;    8.98;   79.92;  norm
43466   ;    6.90;   79.87;  norm
43497   ;    6.12;   81.13;  norm
48354   ;   17.38;  102.80;  reje
48378   ;   16.82;  100.27;  reje
48431   ;   14.97;  102.08;  reje
48477   ;   12.68;  100.98;  reje
48480   ;   12.60;  102.12;  reje
48500   ;   11.80;   99.80;  reje
48551   ;    9.12;   99.35;  norm
48565   ;    8.10;   98.30;  norm
48615   ;    6.17;  102.28;  norm
48620   ;    4.22;  100.70;  norm
48650   ;    2.73;  101.70;  norm
48870   ;   13.77;  109.22;  reje
48877   ;   12.25;  109.20;  reje
48887   ;   10.93;  108.10;  norm
48914   ;    9.18;  105.15;  norm
51156   ;   46.78;   85.72;  reje
57067   ;   34.00;  111.02;  norm
61265   ;   14.52;  355.90;  norm
65387   ;    6.17;    1.25;  norm
65503   ;   12.35;  358.48;  norm
65510   ;   11.17;  355.70;  norm
93614   ;  -42.72;  170.98;  norm
94212   ;  -18.23;  127.67;  norm
94287   ;  -16.88;  145.75;  norm
94300   ;  -24.88;  113.67;  norm
94346   ;  -23.47;  144.25;  norm
94367   ;  -21.12;  149.22;  norm
94653   ;  -32.13;  133.70;  norm
94693   ;  -34.23;  142.08;  norm
94750   ;  -34.95;  150.53;  norm
94767   ;  -33.95;  151.18;  norm
94791   ;  -30.32;  153.12;  norm
96009   ;    5.13;   97.17;  norm
96011   ;    5.52;   95.42;  norm
96015   ;    4.25;   96.12;  norm
96073   ;    1.55;   98.88;  norm
96075   ;    1.50;   97.63;  norm
96091   ;    0.92;  104.53;  norm
96171   ;   -0.43;  102.45;  norm
96179   ;   -0.48;  104.58;  norm
96253   ;   -3.87;  102.33;  norm
96295   ;   -5.27;  105.18;  norm
96315   ;    4.93;  114.93;  norm
96441   ;    3.20;  113.03;  norm
96491   ;    5.90;  118.07;  norm
96535   ;   -1.70;  109.30;  norm
96581   ;   -0.15;  109.40;  norm
96685   ;   -3.45;  114.75;  norm
96791   ;   -6.75;  108.27;  norm
96805   ;   -7.73;  109.02;  norm
96839   ;   -6.98;  110.38;  norm
96973   ;   -7.05;  113.97;  norm
97120   ;   -2.50;  119.00;  norm
97192   ;   -5.47;  122.62;  norm
97270   ;   -8.55;  118.70;  norm
97300   ;   -8.50;  122.23;  norm
97430   ;    0.78;  127.38;  norm
97502   ;   -0.93;  131.12;  norm
97530   ;   -0.88;  134.05;  norm
97686   ;   -4.07;  138.95;  reje
97690   ;   -2.57;  140.48;  norm
97748   ;   -3.88;  130.90;  norm
97760   ;   -3.67;  133.75;  norm
97900   ;   -7.98;  131.30;  norm
10954   ;   47.83;   10.87;  norm
11035   ;   48.23;   16.37;  norm
15120   ;   46.78;   23.57;  norm
40179   ;   32.00;   34.82;  reje
41598   ;   32.93;   73.72;  reje
41640   ;   31.55;   74.33;  reje
41715   ;   28.30;   68.47;  reje
41749   ;   26.25;   68.37;  reje
41780   ;   24.90;   67.13;  norm
41859   ;   25.73;   89.23;  norm
41883   ;   24.85;   89.37;  norm
41891   ;   24.90;   91.88;  reje
41907   ;   24.13;   89.05;  reje
41936   ;   23.18;   89.17;  reje
41943   ;   23.03;   91.42;  reje
41950   ;   22.75;   90.37;  norm
41977   ;   22.35;   91.82;  norm
41992   ;   21.43;   91.93;  norm
42182   ;   28.58;   77.20;  reje
42867   ;   21.10;   79.05;  reje
42971   ;   20.25;   85.83;  norm
43003   ;   19.12;   72.85;  norm
43014   ;   19.85;   75.40;  norm
43185   ;   16.20;   81.15;  norm
43279   ;   13.00;   80.18;  norm
43311   ;   11.12;   72.73;  norm
43346   ;   10.92;   79.83;  norm
48327   ;   18.78;   98.98;  norm
48407   ;   15.25;  104.87;  reje
48453   ;   13.67;  100.62;  reje
48568   ;    7.20;  100.60;  norm
48601   ;    5.30;  100.27;  norm
48657   ;    3.78;  103.22;  norm
48698   ;    1.37;  103.98;  norm
61024   ;   16.97;    7.98;  norm
61052   ;   13.48;    2.17;  norm
61291   ;   12.53;  352.05;  norm
61641   ;   14.73;  342.50;  norm
64700   ;   12.13;   15.03;  norm
67027   ;  -15.67;   46.35;  reje
67083   ;  -18.80;   47.48;  reje
67197   ;  -25.03;   46.95;  norm
94120   ;  -12.42;  130.88;  reje
94150   ;  -12.28;  136.82;  norm
94203   ;  -17.95;  122.23;  norm
94294   ;  -19.25;  146.77;  norm
94326   ;  -23.80;  133.90;  norm
94374   ;  -23.38;  150.48;  norm
94403   ;  -28.80;  114.70;  norm
94461   ;  -25.03;  128.28;  norm
94578   ;  -27.43;  153.08;  norm
94610   ;  -31.93;  115.97;  norm
94637   ;  -30.78;  121.45;  norm
94638   ;  -33.83;  121.88;  norm
94672   ;  -34.95;  138.53;  norm
94802   ;  -34.95;  117.80;  norm
94866   ;  -37.67;  144.85;  norm
94910   ;  -35.17;  147.47;  norm
94975   ;  -42.83;  147.50;  norm
94996   ;  -29.03;  167.93;  norm
96035   ;    3.57;   98.68;  norm
96109   ;    0.47;  101.45;  norm
96145   ;    3.20;  106.25;  norm
96147   ;    3.95;  108.38;  norm
96163   ;   -0.88;  100.35;  norm
96207   ;   -2.77;  101.37;  norm
96221   ;   -2.90;  104.70;  norm
96237   ;   -2.17;  106.13;  norm
96413   ;    1.48;  110.33;  norm
96471   ;    5.93;  116.05;  norm
96749   ;   -6.12;  106.65;  norm
96935   ;   -7.37;  112.77;  norm
97014   ;    1.53;  122.92;  norm
97724   ;   -3.70;  128.08;  norm
97980   ;   -8.47;  140.38;  norm
41624   ;   31.82;   70.92;  reje
41923   ;   23.77;   90.38;  norm
91680   ;  -17.75;  177.45;  norm
96195   ;   -1.63;  103.65;  reje
96249   ;   -2.75;  107.75;  norm
96529   ;    2.12;  117.45;  norm
96645   ;   -2.70;  110.70;  norm
96797   ;   -6.85;  109.15;  norm
96925   ;   -5.85;  112.63;  norm
97086   ;   -0.90;  122.78;  norm
97372   ;  -10.17;  123.67;  norm
97600   ;   -2.08;  126.00;  norm
41756   ;   25.07;   61.80;  norm
54857   ;   36.07;  120.33;  norm
57083   ;   34.72;  113.65;  norm
57494   ;   30.62;  114.13;  norm
58457   ;   30.23;  120.17;  norm
58847   ;   26.08;  119.28;  norm
59316   ;   23.35;  116.68;  norm
59758   ;   20.00;  110.25;  norm
61090   ;   13.78;    8.98;  reje
61223   ;   16.72;  357.00;  norm
61442   ;   18.10;  344.05;  norm
93844   ;  -46.42;  168.32;  norm
82281   ;   -2.60;  315.77;  norm
93997   ;  -29.25;  182.08;  norm
96987   ;   -8.22;  114.38;  norm
97008   ;    3.58;  125.47;  norm
97096   ;   -1.38;  120.73;  norm
97460   ;   -1.62;  124.55;  norm
97810   ;   -5.68;  132.75;  norm
15420   ;   44.50;   26.13;  norm
41739   ;   26.97;   64.10;  reje
67095   ;  -18.12;   49.40;  norm
97560   ;   -1.18;  136.12;  norm
64450   ;   -4.25;   15.25;  norm
84378   ;   -3.73;  286.75;  norm
96633   ;   -1.27;  116.90;  norm
97240   ;   -8.57;  116.07;  norm
41515   ;   35.40;   71.78;  reje
96607   ;   -0.62;  117.15;  norm
96655   ;   -1.00;  114.00;  norm
96739   ;   -6.23;  106.65;  norm
97028   ;    1.02;  120.80;  norm
97340   ;   -9.67;  120.33;  norm
97180   ;   -5.07;  119.55;  norm
97230   ;   -8.75;  115.17;  norm
41529   ;   34.03;   71.93;  reje
41661   ;   30.27;   66.92;  norm
42623   ;   24.67;   93.90;  norm
96509   ;    3.33;  117.57;  norm
61687   ;   13.77;  346.32;  norm
96737   ;   -6.12;  106.13;  norm
61075   ;   13.80;    5.25;  reje
87155   ;  -27.45;  300.95;  norm
96595   ;   -0.95;  114.90;  norm
98444   ;   13.13;  123.73;  norm
98646   ;   10.30;  123.97;  norm
42591   ;   24.75;   84.95;  norm
41024   ;   21.70;   39.18;  norm
87860   ;  -45.78;  292.55;  norm
97260   ;   -8.52;  117.42;  norm
41506   ;   35.85;   71.83;  reje
43295   ;   12.97;   77.58;  norm
68442   ;  -29.10;   26.30;  norm
68816   ;  -33.97;   18.60;  norm
98433   ;   14.57;  121.37;  norm
82965   ;   -9.87;  303.90;  norm
42647   ;   23.07;   72.63;  reje
94821   ;  -37.73;  140.78;  norm
41712   ;   28.88;   64.40;  reje
97048   ;    0.52;  123.07;  norm
65344   ;    6.35;    2.38;  norm
83650   ;  -20.50;  330.68;  norm
40394   ;   27.43;   41.68;  norm
40437   ;   24.93;   46.72;  norm
71906   ;   58.10;  291.58;  norm
82107   ;   -1.30;  292.95;  norm
44385   ;   43.20;  107.17;  reje
87576   ;  -34.82;  301.47;  norm
94776   ;  -32.82;  151.83;  norm
83208   ;  -12.70;  299.90;  norm
69110   ;   42.13;   20.45;  reje
64650   ;    4.40;   18.52;  norm
98618   ;    9.75;  118.73;  reje
40430   ;   24.55;   39.72;  norm
96323   ;    4.58;  114.20;  reje
40417   ;   26.44;   49.81;  norm
68263   ;  -25.92;   28.22;  reje
67774   ;  -17.83;   31.02;  reje
40375   ;   28.37;   36.58;  norm
82244   ;   -2.43;  305.28;  norm
82983   ;   -9.38;  319.50;  reje
97072   ;   -0.68;  119.73;  norm
41600   ;   32.50;   74.53;  norm
41678   ;   29.97;   73.25;  norm
41764   ;   25.38;   68.42;  norm
62721   ;   15.60;   32.55;  norm
83566   ;  -19.63;  316.42;  norm
40373   ;   28.33;   46.12;  norm
42339   ;   26.30;   73.02;  norm
42379   ;   26.75;   83.37;  reje
45004   ;   22.32;  114.17;  norm
64500   ;    0.47;    9.42;  norm
42809   ;   22.65;   88.45;  reje
42667   ;   23.28;   77.35;  norm
42314   ;   27.48;   95.02;  norm
42361   ;   26.23;   78.25;  reje
42369   ;   26.75;   80.88;  norm
43371   ;    8.48;   76.95;  reje
94510   ;  -26.42;  146.28;  norm
94332   ;  -20.68;  139.48;  norm
41112   ;   18.23;   42.65;  norm
42724   ;   23.88;   91.25;  norm
43369   ;    8.30;   73.15;  reje
43150   ;   17.72;   83.30;  norm
94995   ;  -31.53;  159.07;  norm
94430   ;  -26.62;  118.55;  norm
94647   ;  -31.67;  128.88;  norm
97876   ;   -6.10;  140.30;  reje
91843   ;  -21.20;  200.18;  norm
42874   ;   21.23;   81.65;  reje
98223   ;   18.18;  120.53;  norm
82900   ;   -8.05;  325.08;  norm
42895   ;   21.50;   86.93;  norm
82705   ;   -7.58;  287.23;  norm
